4.999000000000000000e+03
5.802000000000000000e+03
5.800000000000000000e+03
5.799000000000000000e+03
5.798000000000000000e+03
5.797000000000000000e+03
5.796000000000000000e+03
5.793000000000000000e+03
5.792000000000000000e+03
5.791000000000000000e+03
5.790000000000000000e+03
5.789000000000000000e+03
5.788000000000000000e+03
5.786000000000000000e+03
5.785000000000000000e+03
5.784000000000000000e+03
5.783000000000000000e+03
5.779000000000000000e+03
5.777000000000000000e+03
5.776000000000000000e+03
5.775000000000000000e+03
5.773000000000000000e+03
5.772000000000000000e+03
5.771000000000000000e+03
5.770000000000000000e+03
5.769000000000000000e+03
5.803000000000000000e+03
5.768000000000000000e+03
5.804000000000000000e+03
5.807000000000000000e+03
5.855000000000000000e+03
5.854000000000000000e+03
5.853000000000000000e+03
5.851000000000000000e+03
5.850000000000000000e+03
5.847000000000000000e+03
5.846000000000000000e+03
5.845000000000000000e+03
5.842000000000000000e+03
5.841000000000000000e+03
5.839000000000000000e+03
5.835000000000000000e+03
5.834000000000000000e+03
5.831000000000000000e+03
5.829000000000000000e+03
5.828000000000000000e+03
5.825000000000000000e+03
5.824000000000000000e+03
5.822000000000000000e+03
5.818000000000000000e+03
5.816000000000000000e+03
5.815000000000000000e+03
5.813000000000000000e+03
5.812000000000000000e+03
5.810000000000000000e+03
5.806000000000000000e+03
5.766000000000000000e+03
5.762000000000000000e+03
5.760000000000000000e+03
5.712000000000000000e+03
5.711000000000000000e+03
5.710000000000000000e+03
5.709000000000000000e+03
5.707000000000000000e+03
5.705000000000000000e+03
5.704000000000000000e+03
5.703000000000000000e+03
5.702000000000000000e+03
5.700000000000000000e+03
5.697000000000000000e+03
5.695000000000000000e+03
5.694000000000000000e+03
5.693000000000000000e+03
5.692000000000000000e+03
5.691000000000000000e+03
5.689000000000000000e+03
5.688000000000000000e+03
5.687000000000000000e+03
5.685000000000000000e+03
5.683000000000000000e+03
5.682000000000000000e+03
5.680000000000000000e+03
5.679000000000000000e+03
5.674000000000000000e+03
5.713000000000000000e+03
5.715000000000000000e+03
5.716000000000000000e+03
5.722000000000000000e+03
5.757000000000000000e+03
5.756000000000000000e+03
5.755000000000000000e+03
5.752000000000000000e+03
5.751000000000000000e+03
5.749000000000000000e+03
5.748000000000000000e+03
5.747000000000000000e+03
5.746000000000000000e+03
5.745000000000000000e+03
5.744000000000000000e+03
5.742000000000000000e+03
5.856000000000000000e+03
5.741000000000000000e+03
5.739000000000000000e+03
5.738000000000000000e+03
5.737000000000000000e+03
5.736000000000000000e+03
5.734000000000000000e+03
5.733000000000000000e+03
5.731000000000000000e+03
5.730000000000000000e+03
5.728000000000000000e+03
5.727000000000000000e+03
5.725000000000000000e+03
5.723000000000000000e+03
5.740000000000000000e+03
5.670000000000000000e+03
5.857000000000000000e+03
5.859000000000000000e+03
6.014000000000000000e+03
6.012000000000000000e+03
6.011000000000000000e+03
6.010000000000000000e+03
6.009000000000000000e+03
6.003000000000000000e+03
5.999000000000000000e+03
5.997000000000000000e+03
5.996000000000000000e+03
5.994000000000000000e+03
5.992000000000000000e+03
5.988000000000000000e+03
5.987000000000000000e+03
5.985000000000000000e+03
5.984000000000000000e+03
5.983000000000000000e+03
5.981000000000000000e+03
5.980000000000000000e+03
5.978000000000000000e+03
5.977000000000000000e+03
5.976000000000000000e+03
5.975000000000000000e+03
5.974000000000000000e+03
5.972000000000000000e+03
5.971000000000000000e+03
6.015000000000000000e+03
5.970000000000000000e+03
6.016000000000000000e+03
6.019000000000000000e+03
6.053000000000000000e+03
6.052000000000000000e+03
6.051000000000000000e+03
6.050000000000000000e+03
6.049000000000000000e+03
6.048000000000000000e+03
6.047000000000000000e+03
6.046000000000000000e+03
6.044000000000000000e+03
6.043000000000000000e+03
6.041000000000000000e+03
6.039000000000000000e+03
6.038000000000000000e+03
6.035000000000000000e+03
6.034000000000000000e+03
6.033000000000000000e+03
6.032000000000000000e+03
6.029000000000000000e+03
6.028000000000000000e+03
6.027000000000000000e+03
6.026000000000000000e+03
6.025000000000000000e+03
6.024000000000000000e+03
6.022000000000000000e+03
6.020000000000000000e+03
6.018000000000000000e+03
5.968000000000000000e+03
5.965000000000000000e+03
5.964000000000000000e+03
5.902000000000000000e+03
5.898000000000000000e+03
5.897000000000000000e+03
5.896000000000000000e+03
5.895000000000000000e+03
5.893000000000000000e+03
5.890000000000000000e+03
5.889000000000000000e+03
5.885000000000000000e+03
5.884000000000000000e+03
5.883000000000000000e+03
5.881000000000000000e+03
5.880000000000000000e+03
5.879000000000000000e+03
5.878000000000000000e+03
5.873000000000000000e+03
5.872000000000000000e+03
5.871000000000000000e+03
5.870000000000000000e+03
5.869000000000000000e+03
5.868000000000000000e+03
5.867000000000000000e+03
5.866000000000000000e+03
5.863000000000000000e+03
5.860000000000000000e+03
5.904000000000000000e+03
5.905000000000000000e+03
5.906000000000000000e+03
5.910000000000000000e+03
5.962000000000000000e+03
5.960000000000000000e+03
5.958000000000000000e+03
5.957000000000000000e+03
5.956000000000000000e+03
5.955000000000000000e+03
5.954000000000000000e+03
5.948000000000000000e+03
5.945000000000000000e+03
5.944000000000000000e+03
5.943000000000000000e+03
5.942000000000000000e+03
5.858000000000000000e+03
5.939000000000000000e+03
5.934000000000000000e+03
5.933000000000000000e+03
5.932000000000000000e+03
5.927000000000000000e+03
5.926000000000000000e+03
5.925000000000000000e+03
5.924000000000000000e+03
5.923000000000000000e+03
5.922000000000000000e+03
5.918000000000000000e+03
5.916000000000000000e+03
5.915000000000000000e+03
5.935000000000000000e+03
5.669000000000000000e+03
5.665000000000000000e+03
5.664000000000000000e+03
5.421000000000000000e+03
5.420000000000000000e+03
5.419000000000000000e+03
5.417000000000000000e+03
5.414000000000000000e+03
5.412000000000000000e+03
5.411000000000000000e+03
5.410000000000000000e+03
5.408000000000000000e+03
5.405000000000000000e+03
5.404000000000000000e+03
5.403000000000000000e+03
5.402000000000000000e+03
5.401000000000000000e+03
5.400000000000000000e+03
5.398000000000000000e+03
5.396000000000000000e+03
5.395000000000000000e+03
5.394000000000000000e+03
5.392000000000000000e+03
5.389000000000000000e+03
5.388000000000000000e+03
5.387000000000000000e+03
5.384000000000000000e+03
5.378000000000000000e+03
5.422000000000000000e+03
5.376000000000000000e+03
5.423000000000000000e+03
5.426000000000000000e+03
5.479000000000000000e+03
5.478000000000000000e+03
5.477000000000000000e+03
5.476000000000000000e+03
5.474000000000000000e+03
5.473000000000000000e+03
5.472000000000000000e+03
5.469000000000000000e+03
5.468000000000000000e+03
5.467000000000000000e+03
5.464000000000000000e+03
5.463000000000000000e+03
5.462000000000000000e+03
5.460000000000000000e+03
5.458000000000000000e+03
5.457000000000000000e+03
5.454000000000000000e+03
5.452000000000000000e+03
5.451000000000000000e+03
5.449000000000000000e+03
5.448000000000000000e+03
5.443000000000000000e+03
5.441000000000000000e+03
5.438000000000000000e+03
5.436000000000000000e+03
5.425000000000000000e+03
5.375000000000000000e+03
5.374000000000000000e+03
5.373000000000000000e+03
5.331000000000000000e+03
5.329000000000000000e+03
5.328000000000000000e+03
5.327000000000000000e+03
5.326000000000000000e+03
5.325000000000000000e+03
5.324000000000000000e+03
5.322000000000000000e+03
5.319000000000000000e+03
5.318000000000000000e+03
5.317000000000000000e+03
5.314000000000000000e+03
5.312000000000000000e+03
5.311000000000000000e+03
5.310000000000000000e+03
5.307000000000000000e+03
5.306000000000000000e+03
5.302000000000000000e+03
5.301000000000000000e+03
5.299000000000000000e+03
5.297000000000000000e+03
5.295000000000000000e+03
5.294000000000000000e+03
5.289000000000000000e+03
5.287000000000000000e+03
5.333000000000000000e+03
5.334000000000000000e+03
5.336000000000000000e+03
5.337000000000000000e+03
5.372000000000000000e+03
5.371000000000000000e+03
5.370000000000000000e+03
5.369000000000000000e+03
5.368000000000000000e+03
5.367000000000000000e+03
5.365000000000000000e+03
5.363000000000000000e+03
5.361000000000000000e+03
5.359000000000000000e+03
5.358000000000000000e+03
5.356000000000000000e+03
5.480000000000000000e+03
5.355000000000000000e+03
5.352000000000000000e+03
5.349000000000000000e+03
5.348000000000000000e+03
5.347000000000000000e+03
5.346000000000000000e+03
5.345000000000000000e+03
5.344000000000000000e+03
5.343000000000000000e+03
5.342000000000000000e+03
5.341000000000000000e+03
5.340000000000000000e+03
5.339000000000000000e+03
5.354000000000000000e+03
5.481000000000000000e+03
5.482000000000000000e+03
5.484000000000000000e+03
5.616000000000000000e+03
5.614000000000000000e+03
5.610000000000000000e+03
5.605000000000000000e+03
5.604000000000000000e+03
5.603000000000000000e+03
5.602000000000000000e+03
5.600000000000000000e+03
5.599000000000000000e+03
5.596000000000000000e+03
5.595000000000000000e+03
5.591000000000000000e+03
5.590000000000000000e+03
5.589000000000000000e+03
5.587000000000000000e+03
5.585000000000000000e+03
5.584000000000000000e+03
5.583000000000000000e+03
5.581000000000000000e+03
5.579000000000000000e+03
5.577000000000000000e+03
5.576000000000000000e+03
5.574000000000000000e+03
5.572000000000000000e+03
5.569000000000000000e+03
5.618000000000000000e+03
5.619000000000000000e+03
5.620000000000000000e+03
5.624000000000000000e+03
5.663000000000000000e+03
5.662000000000000000e+03
5.661000000000000000e+03
5.658000000000000000e+03
5.655000000000000000e+03
5.654000000000000000e+03
5.653000000000000000e+03
5.652000000000000000e+03
5.651000000000000000e+03
5.650000000000000000e+03
5.649000000000000000e+03
5.648000000000000000e+03
5.568000000000000000e+03
5.646000000000000000e+03
5.642000000000000000e+03
5.641000000000000000e+03
5.640000000000000000e+03
5.638000000000000000e+03
5.637000000000000000e+03
5.635000000000000000e+03
5.634000000000000000e+03
5.633000000000000000e+03
5.630000000000000000e+03
5.629000000000000000e+03
5.628000000000000000e+03
5.626000000000000000e+03
5.645000000000000000e+03
6.054000000000000000e+03
5.566000000000000000e+03
5.563000000000000000e+03
5.518000000000000000e+03
5.517000000000000000e+03
5.515000000000000000e+03
5.513000000000000000e+03
5.512000000000000000e+03
5.511000000000000000e+03
5.510000000000000000e+03
5.509000000000000000e+03
5.508000000000000000e+03
5.507000000000000000e+03
5.505000000000000000e+03
5.504000000000000000e+03
5.502000000000000000e+03
5.501000000000000000e+03
5.500000000000000000e+03
5.499000000000000000e+03
5.498000000000000000e+03
5.495000000000000000e+03
5.494000000000000000e+03
5.493000000000000000e+03
5.492000000000000000e+03
5.489000000000000000e+03
5.488000000000000000e+03
5.486000000000000000e+03
5.485000000000000000e+03
5.519000000000000000e+03
5.520000000000000000e+03
5.522000000000000000e+03
5.523000000000000000e+03
5.561000000000000000e+03
5.560000000000000000e+03
5.559000000000000000e+03
5.557000000000000000e+03
5.556000000000000000e+03
5.554000000000000000e+03
5.553000000000000000e+03
5.552000000000000000e+03
5.551000000000000000e+03
5.550000000000000000e+03
5.549000000000000000e+03
5.548000000000000000e+03
5.565000000000000000e+03
5.547000000000000000e+03
5.542000000000000000e+03
5.541000000000000000e+03
5.538000000000000000e+03
5.536000000000000000e+03
5.534000000000000000e+03
5.531000000000000000e+03
5.530000000000000000e+03
5.529000000000000000e+03
5.528000000000000000e+03
5.527000000000000000e+03
5.525000000000000000e+03
5.524000000000000000e+03
5.545000000000000000e+03
6.055000000000000000e+03
6.059000000000000000e+03
6.060000000000000000e+03
6.571000000000000000e+03
6.570000000000000000e+03
6.568000000000000000e+03
6.567000000000000000e+03
6.566000000000000000e+03
6.565000000000000000e+03
6.563000000000000000e+03
6.562000000000000000e+03
6.561000000000000000e+03
6.560000000000000000e+03
6.558000000000000000e+03
6.555000000000000000e+03
6.554000000000000000e+03
6.553000000000000000e+03
6.551000000000000000e+03
6.549000000000000000e+03
6.548000000000000000e+03
6.547000000000000000e+03
6.545000000000000000e+03
6.544000000000000000e+03
6.543000000000000000e+03
6.542000000000000000e+03
6.540000000000000000e+03
6.539000000000000000e+03
6.538000000000000000e+03
6.572000000000000000e+03
6.537000000000000000e+03
6.573000000000000000e+03
6.575000000000000000e+03
6.617000000000000000e+03
6.616000000000000000e+03
6.614000000000000000e+03
6.613000000000000000e+03
6.611000000000000000e+03
6.610000000000000000e+03
6.609000000000000000e+03
6.608000000000000000e+03
6.606000000000000000e+03
6.604000000000000000e+03
6.603000000000000000e+03
6.602000000000000000e+03
6.601000000000000000e+03
6.599000000000000000e+03
6.598000000000000000e+03
6.594000000000000000e+03
6.592000000000000000e+03
6.591000000000000000e+03
6.589000000000000000e+03
6.586000000000000000e+03
6.585000000000000000e+03
6.584000000000000000e+03
6.583000000000000000e+03
6.579000000000000000e+03
6.578000000000000000e+03
6.574000000000000000e+03
6.535000000000000000e+03
6.533000000000000000e+03
6.532000000000000000e+03
6.473000000000000000e+03
6.472000000000000000e+03
6.468000000000000000e+03
6.467000000000000000e+03
6.466000000000000000e+03
6.464000000000000000e+03
6.463000000000000000e+03
6.462000000000000000e+03
6.461000000000000000e+03
6.458000000000000000e+03
6.456000000000000000e+03
6.452000000000000000e+03
6.451000000000000000e+03
6.450000000000000000e+03
6.448000000000000000e+03
6.447000000000000000e+03
6.446000000000000000e+03
6.445000000000000000e+03
6.442000000000000000e+03
6.441000000000000000e+03
6.440000000000000000e+03
6.439000000000000000e+03
6.438000000000000000e+03
6.437000000000000000e+03
6.436000000000000000e+03
6.474000000000000000e+03
6.475000000000000000e+03
6.476000000000000000e+03
6.477000000000000000e+03
6.530000000000000000e+03
6.528000000000000000e+03
6.527000000000000000e+03
6.525000000000000000e+03
6.524000000000000000e+03
6.522000000000000000e+03
6.521000000000000000e+03
6.520000000000000000e+03
6.519000000000000000e+03
6.516000000000000000e+03
6.515000000000000000e+03
6.514000000000000000e+03
6.618000000000000000e+03
6.513000000000000000e+03
6.505000000000000000e+03
6.500000000000000000e+03
6.498000000000000000e+03
6.497000000000000000e+03
6.495000000000000000e+03
6.494000000000000000e+03
6.493000000000000000e+03
6.491000000000000000e+03
6.490000000000000000e+03
6.488000000000000000e+03
6.482000000000000000e+03
6.478000000000000000e+03
6.512000000000000000e+03
6.619000000000000000e+03
6.620000000000000000e+03
6.622000000000000000e+03
6.752000000000000000e+03
6.751000000000000000e+03
6.747000000000000000e+03
6.746000000000000000e+03
6.745000000000000000e+03
6.743000000000000000e+03
6.740000000000000000e+03
6.737000000000000000e+03
6.736000000000000000e+03
6.734000000000000000e+03
6.733000000000000000e+03
6.732000000000000000e+03
6.731000000000000000e+03
6.730000000000000000e+03
6.729000000000000000e+03
6.728000000000000000e+03
6.724000000000000000e+03
6.723000000000000000e+03
6.722000000000000000e+03
6.720000000000000000e+03
6.718000000000000000e+03
6.717000000000000000e+03
6.716000000000000000e+03
6.715000000000000000e+03
6.714000000000000000e+03
6.753000000000000000e+03
6.754000000000000000e+03
6.757000000000000000e+03
6.760000000000000000e+03
6.808000000000000000e+03
6.807000000000000000e+03
6.805000000000000000e+03
6.804000000000000000e+03
6.802000000000000000e+03
6.798000000000000000e+03
6.796000000000000000e+03
6.795000000000000000e+03
6.793000000000000000e+03
6.792000000000000000e+03
6.789000000000000000e+03
6.786000000000000000e+03
6.713000000000000000e+03
6.781000000000000000e+03
6.778000000000000000e+03
6.777000000000000000e+03
6.776000000000000000e+03
6.775000000000000000e+03
6.774000000000000000e+03
6.772000000000000000e+03
6.770000000000000000e+03
6.768000000000000000e+03
6.767000000000000000e+03
6.766000000000000000e+03
6.762000000000000000e+03
6.761000000000000000e+03
6.779000000000000000e+03
6.435000000000000000e+03
6.710000000000000000e+03
6.707000000000000000e+03
6.662000000000000000e+03
6.661000000000000000e+03
6.660000000000000000e+03
6.657000000000000000e+03
6.654000000000000000e+03
6.653000000000000000e+03
6.652000000000000000e+03
6.651000000000000000e+03
6.650000000000000000e+03
6.649000000000000000e+03
6.645000000000000000e+03
6.644000000000000000e+03
6.643000000000000000e+03
6.640000000000000000e+03
6.639000000000000000e+03
6.636000000000000000e+03
6.633000000000000000e+03
6.632000000000000000e+03
6.631000000000000000e+03
6.630000000000000000e+03
6.629000000000000000e+03
6.628000000000000000e+03
6.627000000000000000e+03
6.626000000000000000e+03
6.624000000000000000e+03
6.663000000000000000e+03
6.665000000000000000e+03
6.666000000000000000e+03
6.667000000000000000e+03
6.705000000000000000e+03
6.704000000000000000e+03
6.703000000000000000e+03
6.702000000000000000e+03
6.701000000000000000e+03
6.700000000000000000e+03
6.696000000000000000e+03
6.695000000000000000e+03
6.694000000000000000e+03
6.693000000000000000e+03
6.692000000000000000e+03
6.691000000000000000e+03
6.708000000000000000e+03
6.689000000000000000e+03
6.686000000000000000e+03
6.685000000000000000e+03
6.682000000000000000e+03
6.680000000000000000e+03
6.679000000000000000e+03
6.676000000000000000e+03
6.675000000000000000e+03
6.674000000000000000e+03
6.673000000000000000e+03
6.671000000000000000e+03
6.669000000000000000e+03
6.668000000000000000e+03
6.688000000000000000e+03
5.286000000000000000e+03
6.434000000000000000e+03
6.432000000000000000e+03
6.180000000000000000e+03
6.179000000000000000e+03
6.178000000000000000e+03
6.177000000000000000e+03
6.175000000000000000e+03
6.174000000000000000e+03
6.170000000000000000e+03
6.169000000000000000e+03
6.168000000000000000e+03
6.167000000000000000e+03
6.166000000000000000e+03
6.165000000000000000e+03
6.164000000000000000e+03
6.163000000000000000e+03
6.162000000000000000e+03
6.161000000000000000e+03
6.157000000000000000e+03
6.155000000000000000e+03
6.154000000000000000e+03
6.153000000000000000e+03
6.151000000000000000e+03
6.150000000000000000e+03
6.149000000000000000e+03
6.148000000000000000e+03
6.147000000000000000e+03
6.181000000000000000e+03
6.143000000000000000e+03
6.182000000000000000e+03
6.186000000000000000e+03
6.228000000000000000e+03
6.226000000000000000e+03
6.225000000000000000e+03
6.223000000000000000e+03
6.220000000000000000e+03
6.218000000000000000e+03
6.217000000000000000e+03
6.216000000000000000e+03
6.215000000000000000e+03
6.212000000000000000e+03
6.210000000000000000e+03
6.209000000000000000e+03
6.208000000000000000e+03
6.207000000000000000e+03
6.206000000000000000e+03
6.205000000000000000e+03
6.203000000000000000e+03
6.202000000000000000e+03
6.198000000000000000e+03
6.196000000000000000e+03
6.195000000000000000e+03
6.194000000000000000e+03
6.192000000000000000e+03
6.191000000000000000e+03
6.189000000000000000e+03
6.183000000000000000e+03
6.142000000000000000e+03
6.141000000000000000e+03
6.140000000000000000e+03
6.096000000000000000e+03
6.095000000000000000e+03
6.094000000000000000e+03
6.093000000000000000e+03
6.091000000000000000e+03
6.089000000000000000e+03
6.088000000000000000e+03
6.083000000000000000e+03
6.081000000000000000e+03
6.079000000000000000e+03
6.077000000000000000e+03
6.075000000000000000e+03
6.074000000000000000e+03
6.073000000000000000e+03
6.072000000000000000e+03
6.071000000000000000e+03
6.070000000000000000e+03
6.069000000000000000e+03
6.068000000000000000e+03
6.067000000000000000e+03
6.066000000000000000e+03
6.065000000000000000e+03
6.064000000000000000e+03
6.063000000000000000e+03
6.062000000000000000e+03
6.097000000000000000e+03
6.098000000000000000e+03
6.099000000000000000e+03
6.100000000000000000e+03
6.137000000000000000e+03
6.136000000000000000e+03
6.135000000000000000e+03
6.134000000000000000e+03
6.131000000000000000e+03
6.129000000000000000e+03
6.128000000000000000e+03
6.127000000000000000e+03
6.126000000000000000e+03
6.123000000000000000e+03
6.122000000000000000e+03
6.120000000000000000e+03
6.229000000000000000e+03
6.118000000000000000e+03
6.116000000000000000e+03
6.115000000000000000e+03
6.114000000000000000e+03
6.113000000000000000e+03
6.112000000000000000e+03
6.111000000000000000e+03
6.110000000000000000e+03
6.109000000000000000e+03
6.108000000000000000e+03
6.107000000000000000e+03
6.104000000000000000e+03
6.103000000000000000e+03
6.117000000000000000e+03
6.231000000000000000e+03
6.232000000000000000e+03
6.233000000000000000e+03
6.376000000000000000e+03
6.374000000000000000e+03
6.372000000000000000e+03
6.370000000000000000e+03
6.369000000000000000e+03
6.368000000000000000e+03
6.363000000000000000e+03
6.361000000000000000e+03
6.360000000000000000e+03
6.359000000000000000e+03
6.357000000000000000e+03
6.354000000000000000e+03
6.352000000000000000e+03
6.351000000000000000e+03
6.348000000000000000e+03
6.346000000000000000e+03
6.343000000000000000e+03
6.342000000000000000e+03
6.340000000000000000e+03
6.338000000000000000e+03
6.337000000000000000e+03
6.336000000000000000e+03
6.335000000000000000e+03
6.334000000000000000e+03
6.333000000000000000e+03
6.377000000000000000e+03
6.381000000000000000e+03
6.384000000000000000e+03
6.387000000000000000e+03
6.431000000000000000e+03
6.430000000000000000e+03
6.429000000000000000e+03
6.426000000000000000e+03
6.422000000000000000e+03
6.421000000000000000e+03
6.420000000000000000e+03
6.419000000000000000e+03
6.414000000000000000e+03
6.413000000000000000e+03
6.412000000000000000e+03
6.410000000000000000e+03
6.331000000000000000e+03
6.409000000000000000e+03
6.407000000000000000e+03
6.406000000000000000e+03
6.405000000000000000e+03
6.403000000000000000e+03
6.400000000000000000e+03
6.399000000000000000e+03
6.398000000000000000e+03
6.396000000000000000e+03
6.395000000000000000e+03
6.394000000000000000e+03
6.393000000000000000e+03
6.390000000000000000e+03
6.408000000000000000e+03
6.433000000000000000e+03
6.330000000000000000e+03
6.327000000000000000e+03
6.275000000000000000e+03
6.274000000000000000e+03
6.273000000000000000e+03
6.272000000000000000e+03
6.269000000000000000e+03
6.267000000000000000e+03
6.264000000000000000e+03
6.263000000000000000e+03
6.262000000000000000e+03
6.255000000000000000e+03
6.254000000000000000e+03
6.252000000000000000e+03
6.251000000000000000e+03
6.249000000000000000e+03
6.248000000000000000e+03
6.247000000000000000e+03
6.245000000000000000e+03
6.244000000000000000e+03
6.243000000000000000e+03
6.242000000000000000e+03
6.240000000000000000e+03
6.238000000000000000e+03
6.237000000000000000e+03
6.236000000000000000e+03
6.234000000000000000e+03
6.277000000000000000e+03
6.278000000000000000e+03
6.282000000000000000e+03
6.283000000000000000e+03
6.325000000000000000e+03
6.324000000000000000e+03
6.322000000000000000e+03
6.321000000000000000e+03
6.319000000000000000e+03
6.318000000000000000e+03
6.317000000000000000e+03
6.314000000000000000e+03
6.312000000000000000e+03
6.311000000000000000e+03
6.309000000000000000e+03
6.308000000000000000e+03
6.328000000000000000e+03
6.306000000000000000e+03
6.304000000000000000e+03
6.303000000000000000e+03
6.302000000000000000e+03
6.299000000000000000e+03
6.296000000000000000e+03
6.294000000000000000e+03
6.293000000000000000e+03
6.292000000000000000e+03
6.291000000000000000e+03
6.286000000000000000e+03
6.285000000000000000e+03
6.284000000000000000e+03
6.305000000000000000e+03
5.283000000000000000e+03
5.281000000000000000e+03
5.280000000000000000e+03
4.278000000000000000e+03
4.276000000000000000e+03
4.275000000000000000e+03
4.274000000000000000e+03
4.272000000000000000e+03
4.271000000000000000e+03
4.270000000000000000e+03
4.269000000000000000e+03
4.267000000000000000e+03
4.266000000000000000e+03
4.265000000000000000e+03
4.262000000000000000e+03
4.256000000000000000e+03
4.255000000000000000e+03
4.251000000000000000e+03
4.249000000000000000e+03
4.247000000000000000e+03
4.245000000000000000e+03
4.242000000000000000e+03
4.240000000000000000e+03
4.239000000000000000e+03
4.234000000000000000e+03
4.233000000000000000e+03
4.232000000000000000e+03
4.231000000000000000e+03
4.279000000000000000e+03
4.230000000000000000e+03
4.281000000000000000e+03
4.286000000000000000e+03
4.319000000000000000e+03
4.318000000000000000e+03
4.317000000000000000e+03
4.316000000000000000e+03
4.315000000000000000e+03
4.314000000000000000e+03
4.312000000000000000e+03
4.311000000000000000e+03
4.309000000000000000e+03
4.308000000000000000e+03
4.307000000000000000e+03
4.305000000000000000e+03
4.304000000000000000e+03
4.303000000000000000e+03
4.302000000000000000e+03
4.301000000000000000e+03
4.300000000000000000e+03
4.299000000000000000e+03
4.298000000000000000e+03
4.297000000000000000e+03
4.294000000000000000e+03
4.293000000000000000e+03
4.291000000000000000e+03
4.289000000000000000e+03
4.287000000000000000e+03
4.285000000000000000e+03
4.229000000000000000e+03
4.228000000000000000e+03
4.227000000000000000e+03
4.184000000000000000e+03
4.182000000000000000e+03
4.180000000000000000e+03
4.179000000000000000e+03
4.178000000000000000e+03
4.177000000000000000e+03
4.175000000000000000e+03
4.174000000000000000e+03
4.171000000000000000e+03
4.170000000000000000e+03
4.167000000000000000e+03
4.165000000000000000e+03
4.163000000000000000e+03
4.162000000000000000e+03
4.161000000000000000e+03
4.159000000000000000e+03
4.158000000000000000e+03
4.156000000000000000e+03
4.155000000000000000e+03
4.154000000000000000e+03
4.152000000000000000e+03
4.150000000000000000e+03
4.149000000000000000e+03
4.146000000000000000e+03
4.145000000000000000e+03
4.185000000000000000e+03
4.189000000000000000e+03
4.191000000000000000e+03
4.192000000000000000e+03
4.226000000000000000e+03
4.225000000000000000e+03
4.224000000000000000e+03
4.222000000000000000e+03
4.221000000000000000e+03
4.220000000000000000e+03
4.218000000000000000e+03
4.217000000000000000e+03
4.216000000000000000e+03
4.215000000000000000e+03
4.214000000000000000e+03
4.213000000000000000e+03
4.320000000000000000e+03
4.210000000000000000e+03
4.207000000000000000e+03
4.206000000000000000e+03
4.204000000000000000e+03
4.203000000000000000e+03
4.202000000000000000e+03
4.201000000000000000e+03
4.200000000000000000e+03
4.199000000000000000e+03
4.198000000000000000e+03
4.197000000000000000e+03
4.195000000000000000e+03
4.194000000000000000e+03
4.209000000000000000e+03
4.321000000000000000e+03
4.323000000000000000e+03
4.325000000000000000e+03
4.459000000000000000e+03
4.457000000000000000e+03
4.456000000000000000e+03
4.455000000000000000e+03
4.454000000000000000e+03
4.451000000000000000e+03
4.449000000000000000e+03
4.448000000000000000e+03
4.447000000000000000e+03
4.446000000000000000e+03
4.444000000000000000e+03
4.443000000000000000e+03
4.440000000000000000e+03
4.438000000000000000e+03
4.437000000000000000e+03
4.436000000000000000e+03
4.433000000000000000e+03
4.431000000000000000e+03
4.430000000000000000e+03
4.429000000000000000e+03
4.427000000000000000e+03
4.426000000000000000e+03
4.425000000000000000e+03
4.424000000000000000e+03
4.423000000000000000e+03
4.461000000000000000e+03
4.462000000000000000e+03
4.463000000000000000e+03
4.465000000000000000e+03
4.512000000000000000e+03
4.511000000000000000e+03
4.507000000000000000e+03
4.505000000000000000e+03
4.504000000000000000e+03
4.503000000000000000e+03
4.501000000000000000e+03
4.499000000000000000e+03
4.498000000000000000e+03
4.495000000000000000e+03
4.494000000000000000e+03
4.493000000000000000e+03
4.422000000000000000e+03
4.492000000000000000e+03
4.488000000000000000e+03
4.484000000000000000e+03
4.483000000000000000e+03
4.481000000000000000e+03
4.478000000000000000e+03
4.477000000000000000e+03
4.476000000000000000e+03
4.475000000000000000e+03
4.474000000000000000e+03
4.473000000000000000e+03
4.470000000000000000e+03
4.469000000000000000e+03
4.491000000000000000e+03
4.142000000000000000e+03
4.421000000000000000e+03
4.416000000000000000e+03
4.366000000000000000e+03
4.365000000000000000e+03
4.364000000000000000e+03
4.363000000000000000e+03
4.362000000000000000e+03
4.359000000000000000e+03
4.357000000000000000e+03
4.355000000000000000e+03
4.353000000000000000e+03
4.352000000000000000e+03
4.351000000000000000e+03
4.349000000000000000e+03
4.348000000000000000e+03
4.347000000000000000e+03
4.346000000000000000e+03
4.345000000000000000e+03
4.344000000000000000e+03
4.343000000000000000e+03
4.337000000000000000e+03
4.335000000000000000e+03
4.334000000000000000e+03
4.332000000000000000e+03
4.331000000000000000e+03
4.330000000000000000e+03
4.328000000000000000e+03
4.367000000000000000e+03
4.368000000000000000e+03
4.370000000000000000e+03
4.373000000000000000e+03
4.413000000000000000e+03
4.410000000000000000e+03
4.406000000000000000e+03
4.405000000000000000e+03
4.404000000000000000e+03
4.403000000000000000e+03
4.402000000000000000e+03
4.400000000000000000e+03
4.399000000000000000e+03
4.398000000000000000e+03
4.397000000000000000e+03
4.395000000000000000e+03
4.419000000000000000e+03
4.392000000000000000e+03
4.390000000000000000e+03
4.389000000000000000e+03
4.388000000000000000e+03
4.386000000000000000e+03
4.385000000000000000e+03
4.383000000000000000e+03
4.382000000000000000e+03
4.380000000000000000e+03
4.379000000000000000e+03
4.378000000000000000e+03
4.377000000000000000e+03
4.376000000000000000e+03
4.391000000000000000e+03
4.513000000000000000e+03
4.139000000000000000e+03
4.136000000000000000e+03
3.901000000000000000e+03
3.900000000000000000e+03
3.899000000000000000e+03
3.897000000000000000e+03
3.895000000000000000e+03
3.888000000000000000e+03
3.887000000000000000e+03
3.886000000000000000e+03
3.884000000000000000e+03
3.883000000000000000e+03
3.882000000000000000e+03
3.881000000000000000e+03
3.880000000000000000e+03
3.875000000000000000e+03
3.874000000000000000e+03
3.870000000000000000e+03
3.869000000000000000e+03
3.868000000000000000e+03
3.867000000000000000e+03
3.865000000000000000e+03
3.864000000000000000e+03
3.861000000000000000e+03
3.860000000000000000e+03
3.859000000000000000e+03
3.857000000000000000e+03
3.902000000000000000e+03
3.855000000000000000e+03
3.903000000000000000e+03
3.907000000000000000e+03
3.941000000000000000e+03
3.940000000000000000e+03
3.939000000000000000e+03
3.938000000000000000e+03
3.937000000000000000e+03
3.936000000000000000e+03
3.935000000000000000e+03
3.934000000000000000e+03
3.932000000000000000e+03
3.931000000000000000e+03
3.929000000000000000e+03
3.928000000000000000e+03
3.925000000000000000e+03
3.924000000000000000e+03
3.923000000000000000e+03
3.922000000000000000e+03
3.921000000000000000e+03
3.920000000000000000e+03
3.916000000000000000e+03
3.915000000000000000e+03
3.914000000000000000e+03
3.912000000000000000e+03
3.911000000000000000e+03
3.910000000000000000e+03
3.909000000000000000e+03
3.906000000000000000e+03
3.854000000000000000e+03
3.853000000000000000e+03
3.851000000000000000e+03
3.801000000000000000e+03
3.799000000000000000e+03
3.797000000000000000e+03
3.796000000000000000e+03
3.795000000000000000e+03
3.794000000000000000e+03
3.792000000000000000e+03
3.791000000000000000e+03
3.790000000000000000e+03
3.788000000000000000e+03
3.787000000000000000e+03
3.784000000000000000e+03
3.783000000000000000e+03
3.781000000000000000e+03
3.780000000000000000e+03
3.778000000000000000e+03
3.777000000000000000e+03
3.776000000000000000e+03
3.772000000000000000e+03
3.771000000000000000e+03
3.770000000000000000e+03
3.768000000000000000e+03
3.766000000000000000e+03
3.765000000000000000e+03
3.761000000000000000e+03
3.802000000000000000e+03
3.803000000000000000e+03
3.804000000000000000e+03
3.805000000000000000e+03
3.850000000000000000e+03
3.849000000000000000e+03
3.843000000000000000e+03
3.842000000000000000e+03
3.841000000000000000e+03
3.840000000000000000e+03
3.839000000000000000e+03
3.838000000000000000e+03
3.836000000000000000e+03
3.835000000000000000e+03
3.832000000000000000e+03
3.829000000000000000e+03
3.943000000000000000e+03
3.828000000000000000e+03
3.825000000000000000e+03
3.824000000000000000e+03
3.823000000000000000e+03
3.820000000000000000e+03
3.819000000000000000e+03
3.817000000000000000e+03
3.816000000000000000e+03
3.814000000000000000e+03
3.813000000000000000e+03
3.812000000000000000e+03
3.808000000000000000e+03
3.807000000000000000e+03
3.827000000000000000e+03
3.945000000000000000e+03
3.947000000000000000e+03
3.948000000000000000e+03
4.085000000000000000e+03
4.080000000000000000e+03
4.079000000000000000e+03
4.076000000000000000e+03
4.074000000000000000e+03
4.073000000000000000e+03
4.071000000000000000e+03
4.069000000000000000e+03
4.066000000000000000e+03
4.065000000000000000e+03
4.062000000000000000e+03
4.061000000000000000e+03
4.057000000000000000e+03
4.056000000000000000e+03
4.055000000000000000e+03
4.054000000000000000e+03
4.053000000000000000e+03
4.050000000000000000e+03
4.049000000000000000e+03
4.047000000000000000e+03
4.046000000000000000e+03
4.045000000000000000e+03
4.044000000000000000e+03
4.040000000000000000e+03
4.038000000000000000e+03
4.086000000000000000e+03
4.087000000000000000e+03
4.088000000000000000e+03
4.089000000000000000e+03
4.134000000000000000e+03
4.133000000000000000e+03
4.130000000000000000e+03
4.128000000000000000e+03
4.127000000000000000e+03
4.126000000000000000e+03
4.125000000000000000e+03
4.124000000000000000e+03
4.122000000000000000e+03
4.120000000000000000e+03
4.119000000000000000e+03
4.117000000000000000e+03
4.036000000000000000e+03
4.116000000000000000e+03
4.114000000000000000e+03
4.113000000000000000e+03
4.108000000000000000e+03
4.107000000000000000e+03
4.104000000000000000e+03
4.103000000000000000e+03
4.101000000000000000e+03
4.097000000000000000e+03
4.096000000000000000e+03
4.095000000000000000e+03
4.091000000000000000e+03
4.090000000000000000e+03
4.115000000000000000e+03
4.137000000000000000e+03
4.035000000000000000e+03
4.033000000000000000e+03
3.987000000000000000e+03
3.984000000000000000e+03
3.983000000000000000e+03
3.982000000000000000e+03
3.979000000000000000e+03
3.978000000000000000e+03
3.977000000000000000e+03
3.974000000000000000e+03
3.973000000000000000e+03
3.972000000000000000e+03
3.970000000000000000e+03
3.969000000000000000e+03
3.968000000000000000e+03
3.967000000000000000e+03
3.966000000000000000e+03
3.965000000000000000e+03
3.964000000000000000e+03
3.962000000000000000e+03
3.960000000000000000e+03
3.959000000000000000e+03
3.957000000000000000e+03
3.956000000000000000e+03
3.953000000000000000e+03
3.952000000000000000e+03
3.950000000000000000e+03
3.988000000000000000e+03
3.989000000000000000e+03
3.990000000000000000e+03
3.991000000000000000e+03
4.029000000000000000e+03
4.028000000000000000e+03
4.027000000000000000e+03
4.025000000000000000e+03
4.023000000000000000e+03
4.022000000000000000e+03
4.020000000000000000e+03
4.017000000000000000e+03
4.016000000000000000e+03
4.015000000000000000e+03
4.014000000000000000e+03
4.013000000000000000e+03
4.034000000000000000e+03
4.011000000000000000e+03
4.009000000000000000e+03
4.006000000000000000e+03
4.005000000000000000e+03
4.002000000000000000e+03
4.001000000000000000e+03
4.000000000000000000e+03
3.999000000000000000e+03
3.997000000000000000e+03
3.995000000000000000e+03
3.994000000000000000e+03
3.993000000000000000e+03
3.992000000000000000e+03
4.010000000000000000e+03
6.809000000000000000e+03
4.514000000000000000e+03
4.516000000000000000e+03
5.035000000000000000e+03
5.032000000000000000e+03
5.031000000000000000e+03
5.029000000000000000e+03
5.027000000000000000e+03
5.026000000000000000e+03
5.025000000000000000e+03
5.023000000000000000e+03
5.022000000000000000e+03
5.021000000000000000e+03
5.019000000000000000e+03
5.017000000000000000e+03
5.016000000000000000e+03
5.013000000000000000e+03
5.012000000000000000e+03
5.008000000000000000e+03
5.007000000000000000e+03
5.006000000000000000e+03
5.005000000000000000e+03
5.003000000000000000e+03
5.001000000000000000e+03
5.000000000000000000e+03
9.998000000000000000e+03
4.996000000000000000e+03
4.995000000000000000e+03
5.036000000000000000e+03
4.994000000000000000e+03
5.037000000000000000e+03
5.040000000000000000e+03
5.080000000000000000e+03
5.078000000000000000e+03
5.076000000000000000e+03
5.075000000000000000e+03
5.074000000000000000e+03
5.073000000000000000e+03
5.072000000000000000e+03
5.070000000000000000e+03
5.069000000000000000e+03
5.068000000000000000e+03
5.066000000000000000e+03
5.065000000000000000e+03
5.063000000000000000e+03
5.062000000000000000e+03
5.057000000000000000e+03
5.056000000000000000e+03
5.053000000000000000e+03
5.052000000000000000e+03
5.051000000000000000e+03
5.050000000000000000e+03
5.047000000000000000e+03
5.046000000000000000e+03
5.045000000000000000e+03
5.043000000000000000e+03
5.042000000000000000e+03
5.039000000000000000e+03
4.993000000000000000e+03
4.991000000000000000e+03
4.988000000000000000e+03
4.934000000000000000e+03
4.932000000000000000e+03
4.930000000000000000e+03
4.929000000000000000e+03
4.928000000000000000e+03
4.924000000000000000e+03
4.923000000000000000e+03
4.922000000000000000e+03
4.917000000000000000e+03
4.915000000000000000e+03
4.912000000000000000e+03
4.911000000000000000e+03
4.910000000000000000e+03
4.909000000000000000e+03
4.907000000000000000e+03
4.906000000000000000e+03
4.905000000000000000e+03
4.904000000000000000e+03
4.903000000000000000e+03
4.899000000000000000e+03
4.897000000000000000e+03
4.896000000000000000e+03
4.894000000000000000e+03
4.889000000000000000e+03
4.888000000000000000e+03
4.938000000000000000e+03
4.940000000000000000e+03
4.942000000000000000e+03
4.943000000000000000e+03
4.987000000000000000e+03
4.986000000000000000e+03
4.985000000000000000e+03
4.980000000000000000e+03
4.977000000000000000e+03
4.976000000000000000e+03
4.975000000000000000e+03
4.974000000000000000e+03
4.972000000000000000e+03
4.971000000000000000e+03
4.969000000000000000e+03
4.968000000000000000e+03
5.082000000000000000e+03
4.967000000000000000e+03
4.965000000000000000e+03
4.961000000000000000e+03
4.960000000000000000e+03
4.959000000000000000e+03
4.958000000000000000e+03
4.957000000000000000e+03
4.955000000000000000e+03
4.953000000000000000e+03
4.951000000000000000e+03
4.950000000000000000e+03
4.945000000000000000e+03
4.944000000000000000e+03
4.966000000000000000e+03
5.083000000000000000e+03
5.084000000000000000e+03
5.085000000000000000e+03
5.235000000000000000e+03
5.233000000000000000e+03
5.231000000000000000e+03
5.225000000000000000e+03
5.223000000000000000e+03
5.220000000000000000e+03
5.218000000000000000e+03
5.217000000000000000e+03
5.216000000000000000e+03
5.215000000000000000e+03
5.213000000000000000e+03
5.212000000000000000e+03
5.211000000000000000e+03
5.208000000000000000e+03
5.207000000000000000e+03
5.204000000000000000e+03
5.203000000000000000e+03
5.202000000000000000e+03
5.201000000000000000e+03
5.198000000000000000e+03
5.193000000000000000e+03
5.189000000000000000e+03
5.188000000000000000e+03
5.184000000000000000e+03
5.183000000000000000e+03
5.236000000000000000e+03
5.237000000000000000e+03
5.239000000000000000e+03
5.241000000000000000e+03
5.279000000000000000e+03
5.278000000000000000e+03
5.277000000000000000e+03
5.275000000000000000e+03
5.274000000000000000e+03
5.273000000000000000e+03
5.268000000000000000e+03
5.267000000000000000e+03
5.264000000000000000e+03
5.263000000000000000e+03
5.262000000000000000e+03
5.261000000000000000e+03
5.182000000000000000e+03
5.260000000000000000e+03
5.255000000000000000e+03
5.254000000000000000e+03
5.253000000000000000e+03
5.252000000000000000e+03
5.251000000000000000e+03
5.250000000000000000e+03
5.248000000000000000e+03
5.246000000000000000e+03
5.245000000000000000e+03
5.244000000000000000e+03
5.243000000000000000e+03
5.242000000000000000e+03
5.259000000000000000e+03
4.887000000000000000e+03
5.181000000000000000e+03
5.174000000000000000e+03
5.127000000000000000e+03
5.125000000000000000e+03
5.123000000000000000e+03
5.121000000000000000e+03
5.120000000000000000e+03
5.119000000000000000e+03
5.118000000000000000e+03
5.117000000000000000e+03
5.111000000000000000e+03
5.110000000000000000e+03
5.107000000000000000e+03
5.105000000000000000e+03
5.104000000000000000e+03
5.102000000000000000e+03
5.101000000000000000e+03
5.100000000000000000e+03
5.098000000000000000e+03
5.097000000000000000e+03
5.095000000000000000e+03
5.094000000000000000e+03
5.093000000000000000e+03
5.092000000000000000e+03
5.090000000000000000e+03
5.088000000000000000e+03
5.086000000000000000e+03
5.128000000000000000e+03
5.129000000000000000e+03
5.130000000000000000e+03
5.131000000000000000e+03
5.173000000000000000e+03
5.172000000000000000e+03
5.171000000000000000e+03
5.169000000000000000e+03
5.168000000000000000e+03
5.166000000000000000e+03
5.161000000000000000e+03
5.160000000000000000e+03
5.159000000000000000e+03
5.158000000000000000e+03
5.157000000000000000e+03
5.155000000000000000e+03
5.180000000000000000e+03
5.152000000000000000e+03
5.150000000000000000e+03
5.149000000000000000e+03
5.146000000000000000e+03
5.145000000000000000e+03
5.144000000000000000e+03
5.142000000000000000e+03
5.141000000000000000e+03
5.140000000000000000e+03
5.138000000000000000e+03
5.137000000000000000e+03
5.136000000000000000e+03
5.133000000000000000e+03
5.151000000000000000e+03
4.515000000000000000e+03
4.886000000000000000e+03
4.883000000000000000e+03
4.649000000000000000e+03
4.648000000000000000e+03
4.645000000000000000e+03
4.644000000000000000e+03
4.643000000000000000e+03
4.642000000000000000e+03
4.641000000000000000e+03
4.640000000000000000e+03
4.638000000000000000e+03
4.633000000000000000e+03
4.632000000000000000e+03
4.631000000000000000e+03
4.629000000000000000e+03
4.628000000000000000e+03
4.627000000000000000e+03
4.624000000000000000e+03
4.622000000000000000e+03
4.621000000000000000e+03
4.620000000000000000e+03
4.618000000000000000e+03
4.617000000000000000e+03
4.615000000000000000e+03
4.614000000000000000e+03
4.613000000000000000e+03
4.611000000000000000e+03
4.650000000000000000e+03
4.604000000000000000e+03
4.651000000000000000e+03
4.653000000000000000e+03
4.690000000000000000e+03
4.689000000000000000e+03
4.688000000000000000e+03
4.687000000000000000e+03
4.686000000000000000e+03
4.685000000000000000e+03
4.684000000000000000e+03
4.683000000000000000e+03
4.682000000000000000e+03
4.679000000000000000e+03
4.678000000000000000e+03
4.677000000000000000e+03
4.675000000000000000e+03
4.674000000000000000e+03
4.673000000000000000e+03
4.672000000000000000e+03
4.669000000000000000e+03
4.668000000000000000e+03
4.666000000000000000e+03
4.664000000000000000e+03
4.663000000000000000e+03
4.660000000000000000e+03
4.657000000000000000e+03
4.655000000000000000e+03
4.654000000000000000e+03
4.652000000000000000e+03
4.601000000000000000e+03
4.600000000000000000e+03
4.595000000000000000e+03
4.550000000000000000e+03
4.547000000000000000e+03
4.546000000000000000e+03
4.545000000000000000e+03
4.544000000000000000e+03
4.542000000000000000e+03
4.541000000000000000e+03
4.540000000000000000e+03
4.539000000000000000e+03
4.538000000000000000e+03
4.536000000000000000e+03
4.535000000000000000e+03
4.534000000000000000e+03
4.529000000000000000e+03
4.528000000000000000e+03
4.527000000000000000e+03
4.526000000000000000e+03
4.525000000000000000e+03
4.524000000000000000e+03
4.523000000000000000e+03
4.521000000000000000e+03
4.520000000000000000e+03
4.519000000000000000e+03
4.518000000000000000e+03
4.517000000000000000e+03
4.553000000000000000e+03
4.557000000000000000e+03
4.559000000000000000e+03
4.560000000000000000e+03
4.594000000000000000e+03
4.593000000000000000e+03
4.592000000000000000e+03
4.591000000000000000e+03
4.590000000000000000e+03
4.589000000000000000e+03
4.588000000000000000e+03
4.587000000000000000e+03
4.586000000000000000e+03
4.584000000000000000e+03
4.582000000000000000e+03
4.580000000000000000e+03
4.692000000000000000e+03
4.578000000000000000e+03
4.574000000000000000e+03
4.573000000000000000e+03
4.572000000000000000e+03
4.571000000000000000e+03
4.569000000000000000e+03
4.568000000000000000e+03
4.567000000000000000e+03
4.566000000000000000e+03
4.564000000000000000e+03
4.563000000000000000e+03
4.562000000000000000e+03
4.561000000000000000e+03
4.576000000000000000e+03
4.693000000000000000e+03
4.695000000000000000e+03
4.696000000000000000e+03
4.833000000000000000e+03
4.832000000000000000e+03
4.829000000000000000e+03
4.828000000000000000e+03
4.827000000000000000e+03
4.826000000000000000e+03
4.825000000000000000e+03
4.824000000000000000e+03
4.823000000000000000e+03
4.820000000000000000e+03
4.819000000000000000e+03
4.818000000000000000e+03
4.817000000000000000e+03
4.816000000000000000e+03
4.815000000000000000e+03
4.814000000000000000e+03
4.812000000000000000e+03
4.809000000000000000e+03
4.808000000000000000e+03
4.807000000000000000e+03
4.806000000000000000e+03
4.805000000000000000e+03
4.803000000000000000e+03
4.801000000000000000e+03
4.800000000000000000e+03
4.834000000000000000e+03
4.835000000000000000e+03
4.837000000000000000e+03
4.839000000000000000e+03
4.881000000000000000e+03
4.876000000000000000e+03
4.873000000000000000e+03
4.872000000000000000e+03
4.871000000000000000e+03
4.869000000000000000e+03
4.868000000000000000e+03
4.865000000000000000e+03
4.864000000000000000e+03
4.863000000000000000e+03
4.862000000000000000e+03
4.861000000000000000e+03
4.799000000000000000e+03
4.860000000000000000e+03
4.858000000000000000e+03
4.857000000000000000e+03
4.856000000000000000e+03
4.855000000000000000e+03
4.854000000000000000e+03
4.853000000000000000e+03
4.852000000000000000e+03
4.851000000000000000e+03
4.849000000000000000e+03
4.847000000000000000e+03
4.846000000000000000e+03
4.840000000000000000e+03
4.859000000000000000e+03
4.884000000000000000e+03
4.798000000000000000e+03
4.794000000000000000e+03
4.739000000000000000e+03
4.738000000000000000e+03
4.737000000000000000e+03
4.735000000000000000e+03
4.732000000000000000e+03
4.729000000000000000e+03
4.727000000000000000e+03
4.726000000000000000e+03
4.725000000000000000e+03
4.723000000000000000e+03
4.720000000000000000e+03
4.718000000000000000e+03
4.716000000000000000e+03
4.715000000000000000e+03
4.713000000000000000e+03
4.711000000000000000e+03
4.710000000000000000e+03
4.706000000000000000e+03
4.705000000000000000e+03
4.704000000000000000e+03
4.701000000000000000e+03
4.700000000000000000e+03
4.699000000000000000e+03
4.698000000000000000e+03
4.697000000000000000e+03
4.741000000000000000e+03
4.742000000000000000e+03
4.744000000000000000e+03
4.746000000000000000e+03
4.793000000000000000e+03
4.792000000000000000e+03
4.789000000000000000e+03
4.788000000000000000e+03
4.787000000000000000e+03
4.784000000000000000e+03
4.782000000000000000e+03
4.780000000000000000e+03
4.776000000000000000e+03
4.775000000000000000e+03
4.772000000000000000e+03
4.771000000000000000e+03
4.796000000000000000e+03
4.770000000000000000e+03
4.768000000000000000e+03
4.767000000000000000e+03
4.766000000000000000e+03
4.764000000000000000e+03
4.761000000000000000e+03
4.758000000000000000e+03
4.757000000000000000e+03
4.756000000000000000e+03
4.754000000000000000e+03
4.752000000000000000e+03
4.750000000000000000e+03
4.749000000000000000e+03
4.769000000000000000e+03
6.816000000000000000e+03
6.817000000000000000e+03
6.823000000000000000e+03
8.938000000000000000e+03
8.934000000000000000e+03
8.932000000000000000e+03
8.931000000000000000e+03
8.930000000000000000e+03
8.929000000000000000e+03
8.928000000000000000e+03
8.926000000000000000e+03
8.924000000000000000e+03
8.923000000000000000e+03
8.919000000000000000e+03
8.918000000000000000e+03
8.917000000000000000e+03
8.916000000000000000e+03
8.915000000000000000e+03
8.914000000000000000e+03
8.912000000000000000e+03
8.911000000000000000e+03
8.908000000000000000e+03
8.907000000000000000e+03
8.906000000000000000e+03
8.904000000000000000e+03
8.903000000000000000e+03
8.901000000000000000e+03
8.900000000000000000e+03
8.942000000000000000e+03
8.899000000000000000e+03
8.943000000000000000e+03
8.946000000000000000e+03
8.986000000000000000e+03
8.985000000000000000e+03
8.984000000000000000e+03
8.983000000000000000e+03
8.980000000000000000e+03
8.979000000000000000e+03
8.978000000000000000e+03
8.976000000000000000e+03
8.975000000000000000e+03
8.974000000000000000e+03
8.973000000000000000e+03
8.971000000000000000e+03
8.970000000000000000e+03
8.969000000000000000e+03
8.966000000000000000e+03
8.965000000000000000e+03
8.963000000000000000e+03
8.961000000000000000e+03
8.960000000000000000e+03
8.957000000000000000e+03
8.956000000000000000e+03
8.954000000000000000e+03
8.950000000000000000e+03
8.949000000000000000e+03
8.948000000000000000e+03
8.944000000000000000e+03
8.898000000000000000e+03
8.897000000000000000e+03
8.896000000000000000e+03
8.838000000000000000e+03
8.836000000000000000e+03
8.833000000000000000e+03
8.832000000000000000e+03
8.830000000000000000e+03
8.827000000000000000e+03
8.826000000000000000e+03
8.825000000000000000e+03
8.823000000000000000e+03
8.822000000000000000e+03
8.821000000000000000e+03
8.820000000000000000e+03
8.819000000000000000e+03
8.818000000000000000e+03
8.817000000000000000e+03
8.815000000000000000e+03
8.814000000000000000e+03
8.813000000000000000e+03
8.811000000000000000e+03
8.809000000000000000e+03
8.807000000000000000e+03
8.806000000000000000e+03
8.803000000000000000e+03
8.801000000000000000e+03
8.800000000000000000e+03
8.840000000000000000e+03
8.841000000000000000e+03
8.843000000000000000e+03
8.845000000000000000e+03
8.894000000000000000e+03
8.892000000000000000e+03
8.890000000000000000e+03
8.887000000000000000e+03
8.886000000000000000e+03
8.884000000000000000e+03
8.881000000000000000e+03
8.880000000000000000e+03
8.879000000000000000e+03
8.876000000000000000e+03
8.875000000000000000e+03
8.870000000000000000e+03
8.987000000000000000e+03
8.869000000000000000e+03
8.867000000000000000e+03
8.865000000000000000e+03
8.864000000000000000e+03
8.863000000000000000e+03
8.862000000000000000e+03
8.859000000000000000e+03
8.858000000000000000e+03
8.857000000000000000e+03
8.856000000000000000e+03
8.848000000000000000e+03
8.847000000000000000e+03
8.846000000000000000e+03
8.868000000000000000e+03
8.989000000000000000e+03
8.990000000000000000e+03
8.991000000000000000e+03
9.130000000000000000e+03
9.126000000000000000e+03
9.125000000000000000e+03
9.121000000000000000e+03
9.119000000000000000e+03
9.118000000000000000e+03
9.117000000000000000e+03
9.116000000000000000e+03
9.114000000000000000e+03
9.113000000000000000e+03
9.112000000000000000e+03
9.111000000000000000e+03
9.108000000000000000e+03
9.107000000000000000e+03
9.106000000000000000e+03
9.105000000000000000e+03
9.101000000000000000e+03
9.100000000000000000e+03
9.098000000000000000e+03
9.097000000000000000e+03
9.094000000000000000e+03
9.092000000000000000e+03
9.091000000000000000e+03
9.090000000000000000e+03
9.086000000000000000e+03
9.131000000000000000e+03
9.137000000000000000e+03
9.139000000000000000e+03
9.142000000000000000e+03
9.192000000000000000e+03
9.190000000000000000e+03
9.189000000000000000e+03
9.187000000000000000e+03
9.185000000000000000e+03
9.182000000000000000e+03
9.180000000000000000e+03
9.177000000000000000e+03
9.176000000000000000e+03
9.174000000000000000e+03
9.173000000000000000e+03
9.171000000000000000e+03
9.085000000000000000e+03
9.169000000000000000e+03
9.167000000000000000e+03
9.166000000000000000e+03
9.164000000000000000e+03
9.163000000000000000e+03
9.158000000000000000e+03
9.157000000000000000e+03
9.156000000000000000e+03
9.154000000000000000e+03
9.150000000000000000e+03
9.146000000000000000e+03
9.144000000000000000e+03
9.143000000000000000e+03
9.168000000000000000e+03
8.798000000000000000e+03
9.084000000000000000e+03
9.080000000000000000e+03
9.031000000000000000e+03
9.030000000000000000e+03
9.028000000000000000e+03
9.026000000000000000e+03
9.025000000000000000e+03
9.024000000000000000e+03
9.021000000000000000e+03
9.020000000000000000e+03
9.018000000000000000e+03
9.017000000000000000e+03
9.015000000000000000e+03
9.014000000000000000e+03
9.011000000000000000e+03
9.010000000000000000e+03
9.006000000000000000e+03
9.005000000000000000e+03
9.004000000000000000e+03
9.003000000000000000e+03
9.002000000000000000e+03
8.999000000000000000e+03
8.998000000000000000e+03
8.997000000000000000e+03
8.994000000000000000e+03
8.993000000000000000e+03
8.992000000000000000e+03
9.033000000000000000e+03
9.034000000000000000e+03
9.035000000000000000e+03
9.036000000000000000e+03
9.079000000000000000e+03
9.078000000000000000e+03
9.077000000000000000e+03
9.076000000000000000e+03
9.075000000000000000e+03
9.074000000000000000e+03
9.073000000000000000e+03
9.072000000000000000e+03
9.070000000000000000e+03
9.068000000000000000e+03
9.067000000000000000e+03
9.063000000000000000e+03
9.082000000000000000e+03
9.062000000000000000e+03
9.059000000000000000e+03
9.055000000000000000e+03
9.054000000000000000e+03
9.053000000000000000e+03
9.052000000000000000e+03
9.051000000000000000e+03
9.050000000000000000e+03
9.048000000000000000e+03
9.044000000000000000e+03
9.041000000000000000e+03
9.040000000000000000e+03
9.038000000000000000e+03
9.060000000000000000e+03
9.193000000000000000e+03
8.797000000000000000e+03
8.795000000000000000e+03
8.551000000000000000e+03
8.550000000000000000e+03
8.543000000000000000e+03
8.542000000000000000e+03
8.540000000000000000e+03
8.539000000000000000e+03
8.538000000000000000e+03
8.536000000000000000e+03
8.535000000000000000e+03
8.534000000000000000e+03
8.531000000000000000e+03
8.530000000000000000e+03
8.529000000000000000e+03
8.528000000000000000e+03
8.527000000000000000e+03
8.525000000000000000e+03
8.524000000000000000e+03
8.523000000000000000e+03
8.522000000000000000e+03
8.518000000000000000e+03
8.516000000000000000e+03
8.514000000000000000e+03
8.512000000000000000e+03
8.507000000000000000e+03
8.506000000000000000e+03
8.553000000000000000e+03
8.505000000000000000e+03
8.555000000000000000e+03
8.561000000000000000e+03
8.605000000000000000e+03
8.604000000000000000e+03
8.603000000000000000e+03
8.602000000000000000e+03
8.601000000000000000e+03
8.600000000000000000e+03
8.599000000000000000e+03
8.594000000000000000e+03
8.592000000000000000e+03
8.591000000000000000e+03
8.588000000000000000e+03
8.586000000000000000e+03
8.584000000000000000e+03
8.583000000000000000e+03
8.582000000000000000e+03
8.581000000000000000e+03
8.579000000000000000e+03
8.577000000000000000e+03
8.574000000000000000e+03
8.573000000000000000e+03
8.569000000000000000e+03
8.568000000000000000e+03
8.567000000000000000e+03
8.566000000000000000e+03
8.564000000000000000e+03
8.558000000000000000e+03
8.504000000000000000e+03
8.503000000000000000e+03
8.500000000000000000e+03
8.440000000000000000e+03
8.439000000000000000e+03
8.438000000000000000e+03
8.437000000000000000e+03
8.433000000000000000e+03
8.429000000000000000e+03
8.426000000000000000e+03
8.425000000000000000e+03
8.423000000000000000e+03
8.422000000000000000e+03
8.420000000000000000e+03
8.419000000000000000e+03
8.418000000000000000e+03
8.417000000000000000e+03
8.416000000000000000e+03
8.415000000000000000e+03
8.412000000000000000e+03
8.411000000000000000e+03
8.406000000000000000e+03
8.405000000000000000e+03
8.404000000000000000e+03
8.401000000000000000e+03
8.400000000000000000e+03
8.398000000000000000e+03
8.397000000000000000e+03
8.441000000000000000e+03
8.443000000000000000e+03
8.447000000000000000e+03
8.449000000000000000e+03
8.499000000000000000e+03
8.497000000000000000e+03
8.496000000000000000e+03
8.494000000000000000e+03
8.489000000000000000e+03
8.488000000000000000e+03
8.487000000000000000e+03
8.481000000000000000e+03
8.480000000000000000e+03
8.479000000000000000e+03
8.478000000000000000e+03
8.477000000000000000e+03
8.606000000000000000e+03
8.475000000000000000e+03
8.473000000000000000e+03
8.471000000000000000e+03
8.470000000000000000e+03
8.466000000000000000e+03
8.465000000000000000e+03
8.463000000000000000e+03
8.460000000000000000e+03
8.459000000000000000e+03
8.457000000000000000e+03
8.455000000000000000e+03
8.452000000000000000e+03
8.450000000000000000e+03
8.474000000000000000e+03
8.607000000000000000e+03
8.608000000000000000e+03
8.609000000000000000e+03
8.746000000000000000e+03
8.744000000000000000e+03
8.742000000000000000e+03
8.741000000000000000e+03
8.739000000000000000e+03
8.738000000000000000e+03
8.737000000000000000e+03
8.736000000000000000e+03
8.734000000000000000e+03
8.732000000000000000e+03
8.730000000000000000e+03
8.729000000000000000e+03
8.727000000000000000e+03
8.725000000000000000e+03
8.724000000000000000e+03
8.723000000000000000e+03
8.720000000000000000e+03
8.719000000000000000e+03
8.718000000000000000e+03
8.716000000000000000e+03
8.715000000000000000e+03
8.714000000000000000e+03
8.713000000000000000e+03
8.711000000000000000e+03
8.710000000000000000e+03
8.747000000000000000e+03
8.748000000000000000e+03
8.749000000000000000e+03
8.750000000000000000e+03
8.794000000000000000e+03
8.793000000000000000e+03
8.792000000000000000e+03
8.789000000000000000e+03
8.788000000000000000e+03
8.787000000000000000e+03
8.786000000000000000e+03
8.785000000000000000e+03
8.784000000000000000e+03
8.783000000000000000e+03
8.782000000000000000e+03
8.777000000000000000e+03
8.708000000000000000e+03
8.776000000000000000e+03
8.774000000000000000e+03
8.773000000000000000e+03
8.771000000000000000e+03
8.770000000000000000e+03
8.769000000000000000e+03
8.768000000000000000e+03
8.764000000000000000e+03
8.761000000000000000e+03
8.759000000000000000e+03
8.756000000000000000e+03
8.754000000000000000e+03
8.752000000000000000e+03
8.775000000000000000e+03
8.796000000000000000e+03
8.703000000000000000e+03
8.701000000000000000e+03
8.644000000000000000e+03
8.643000000000000000e+03
8.642000000000000000e+03
8.641000000000000000e+03
8.640000000000000000e+03
8.639000000000000000e+03
8.638000000000000000e+03
8.637000000000000000e+03
8.636000000000000000e+03
8.633000000000000000e+03
8.630000000000000000e+03
8.629000000000000000e+03
8.625000000000000000e+03
8.624000000000000000e+03
8.622000000000000000e+03
8.621000000000000000e+03
8.619000000000000000e+03
8.618000000000000000e+03
8.617000000000000000e+03
8.615000000000000000e+03
8.614000000000000000e+03
8.613000000000000000e+03
8.612000000000000000e+03
8.611000000000000000e+03
8.610000000000000000e+03
8.647000000000000000e+03
8.649000000000000000e+03
8.650000000000000000e+03
8.652000000000000000e+03
8.700000000000000000e+03
8.699000000000000000e+03
8.698000000000000000e+03
8.695000000000000000e+03
8.694000000000000000e+03
8.692000000000000000e+03
8.691000000000000000e+03
8.689000000000000000e+03
8.688000000000000000e+03
8.686000000000000000e+03
8.685000000000000000e+03
8.681000000000000000e+03
8.702000000000000000e+03
8.679000000000000000e+03
8.676000000000000000e+03
8.675000000000000000e+03
8.673000000000000000e+03
8.672000000000000000e+03
8.669000000000000000e+03
8.668000000000000000e+03
8.667000000000000000e+03
8.662000000000000000e+03
8.661000000000000000e+03
8.660000000000000000e+03
8.659000000000000000e+03
8.653000000000000000e+03
8.678000000000000000e+03
8.394000000000000000e+03
9.195000000000000000e+03
9.200000000000000000e+03
9.730000000000000000e+03
9.728000000000000000e+03
9.726000000000000000e+03
9.725000000000000000e+03
9.724000000000000000e+03
9.722000000000000000e+03
9.718000000000000000e+03
9.716000000000000000e+03
9.715000000000000000e+03
9.711000000000000000e+03
9.709000000000000000e+03
9.707000000000000000e+03
9.705000000000000000e+03
9.704000000000000000e+03
9.702000000000000000e+03
9.701000000000000000e+03
9.700000000000000000e+03
9.699000000000000000e+03
9.697000000000000000e+03
9.693000000000000000e+03
9.692000000000000000e+03
9.690000000000000000e+03
9.686000000000000000e+03
9.685000000000000000e+03
9.684000000000000000e+03
9.731000000000000000e+03
9.683000000000000000e+03
9.732000000000000000e+03
9.736000000000000000e+03
9.790000000000000000e+03
9.788000000000000000e+03
9.779000000000000000e+03
9.778000000000000000e+03
9.776000000000000000e+03
9.773000000000000000e+03
9.771000000000000000e+03
9.767000000000000000e+03
9.765000000000000000e+03
9.761000000000000000e+03
9.760000000000000000e+03
9.759000000000000000e+03
9.758000000000000000e+03
9.755000000000000000e+03
9.754000000000000000e+03
9.753000000000000000e+03
9.750000000000000000e+03
9.749000000000000000e+03
9.747000000000000000e+03
9.745000000000000000e+03
9.743000000000000000e+03
9.741000000000000000e+03
9.739000000000000000e+03
9.738000000000000000e+03
9.737000000000000000e+03
9.733000000000000000e+03
9.681000000000000000e+03
9.679000000000000000e+03
9.678000000000000000e+03
9.624000000000000000e+03
9.623000000000000000e+03
9.622000000000000000e+03
9.619000000000000000e+03
9.618000000000000000e+03
9.615000000000000000e+03
9.614000000000000000e+03
9.613000000000000000e+03
9.611000000000000000e+03
9.609000000000000000e+03
9.605000000000000000e+03
9.604000000000000000e+03
9.603000000000000000e+03
9.600000000000000000e+03
9.598000000000000000e+03
9.595000000000000000e+03
9.594000000000000000e+03
9.593000000000000000e+03
9.592000000000000000e+03
9.591000000000000000e+03
9.589000000000000000e+03
9.587000000000000000e+03
9.586000000000000000e+03
9.584000000000000000e+03
9.583000000000000000e+03
9.625000000000000000e+03
9.627000000000000000e+03
9.628000000000000000e+03
9.629000000000000000e+03
9.674000000000000000e+03
9.670000000000000000e+03
9.669000000000000000e+03
9.667000000000000000e+03
9.666000000000000000e+03
9.664000000000000000e+03
9.663000000000000000e+03
9.658000000000000000e+03
9.657000000000000000e+03
9.656000000000000000e+03
9.654000000000000000e+03
9.653000000000000000e+03
9.793000000000000000e+03
9.650000000000000000e+03
9.647000000000000000e+03
9.646000000000000000e+03
9.644000000000000000e+03
9.643000000000000000e+03
9.640000000000000000e+03
9.639000000000000000e+03
9.638000000000000000e+03
9.637000000000000000e+03
9.636000000000000000e+03
9.632000000000000000e+03
9.631000000000000000e+03
9.630000000000000000e+03
9.648000000000000000e+03
9.795000000000000000e+03
9.796000000000000000e+03
9.797000000000000000e+03
9.935000000000000000e+03
9.933000000000000000e+03
9.932000000000000000e+03
9.931000000000000000e+03
9.930000000000000000e+03
9.929000000000000000e+03
9.928000000000000000e+03
9.927000000000000000e+03
9.926000000000000000e+03
9.922000000000000000e+03
9.921000000000000000e+03
9.917000000000000000e+03
9.916000000000000000e+03
9.915000000000000000e+03
9.913000000000000000e+03
9.912000000000000000e+03
9.910000000000000000e+03
9.909000000000000000e+03
9.906000000000000000e+03
9.905000000000000000e+03
9.904000000000000000e+03
9.903000000000000000e+03
9.899000000000000000e+03
9.897000000000000000e+03
9.896000000000000000e+03
9.936000000000000000e+03
9.937000000000000000e+03
9.938000000000000000e+03
9.941000000000000000e+03
9.994000000000000000e+03
9.993000000000000000e+03
9.991000000000000000e+03
9.990000000000000000e+03
9.988000000000000000e+03
9.987000000000000000e+03
9.986000000000000000e+03
9.981000000000000000e+03
9.978000000000000000e+03
9.976000000000000000e+03
9.973000000000000000e+03
9.972000000000000000e+03
9.893000000000000000e+03
9.971000000000000000e+03
9.969000000000000000e+03
9.967000000000000000e+03
9.965000000000000000e+03
9.962000000000000000e+03
9.957000000000000000e+03
9.955000000000000000e+03
9.953000000000000000e+03
9.952000000000000000e+03
9.948000000000000000e+03
9.947000000000000000e+03
9.945000000000000000e+03
9.942000000000000000e+03
9.970000000000000000e+03
9.582000000000000000e+03
9.892000000000000000e+03
9.890000000000000000e+03
9.841000000000000000e+03
9.840000000000000000e+03
9.838000000000000000e+03
9.837000000000000000e+03
9.836000000000000000e+03
9.835000000000000000e+03
9.834000000000000000e+03
9.830000000000000000e+03
9.829000000000000000e+03
9.828000000000000000e+03
9.827000000000000000e+03
9.826000000000000000e+03
9.825000000000000000e+03
9.823000000000000000e+03
9.821000000000000000e+03
9.816000000000000000e+03
9.815000000000000000e+03
9.813000000000000000e+03
9.812000000000000000e+03
9.808000000000000000e+03
9.805000000000000000e+03
9.802000000000000000e+03
9.801000000000000000e+03
9.799000000000000000e+03
9.798000000000000000e+03
9.843000000000000000e+03
9.844000000000000000e+03
9.845000000000000000e+03
9.847000000000000000e+03
9.889000000000000000e+03
9.887000000000000000e+03
9.886000000000000000e+03
9.885000000000000000e+03
9.884000000000000000e+03
9.879000000000000000e+03
9.878000000000000000e+03
9.877000000000000000e+03
9.875000000000000000e+03
9.874000000000000000e+03
9.873000000000000000e+03
9.872000000000000000e+03
9.891000000000000000e+03
9.871000000000000000e+03
9.868000000000000000e+03
9.867000000000000000e+03
9.866000000000000000e+03
9.865000000000000000e+03
9.864000000000000000e+03
9.862000000000000000e+03
9.861000000000000000e+03
9.860000000000000000e+03
9.859000000000000000e+03
9.858000000000000000e+03
9.857000000000000000e+03
9.853000000000000000e+03
9.869000000000000000e+03
9.197000000000000000e+03
9.581000000000000000e+03
9.579000000000000000e+03
9.338000000000000000e+03
9.334000000000000000e+03
9.333000000000000000e+03
9.331000000000000000e+03
9.330000000000000000e+03
9.328000000000000000e+03
9.326000000000000000e+03
9.325000000000000000e+03
9.324000000000000000e+03
9.323000000000000000e+03
9.322000000000000000e+03
9.321000000000000000e+03
9.320000000000000000e+03
9.318000000000000000e+03
9.314000000000000000e+03
9.313000000000000000e+03
9.311000000000000000e+03
9.310000000000000000e+03
9.309000000000000000e+03
9.308000000000000000e+03
9.305000000000000000e+03
9.304000000000000000e+03
9.302000000000000000e+03
9.300000000000000000e+03
9.298000000000000000e+03
9.339000000000000000e+03
9.297000000000000000e+03
9.340000000000000000e+03
9.342000000000000000e+03
9.394000000000000000e+03
9.391000000000000000e+03
9.386000000000000000e+03
9.385000000000000000e+03
9.384000000000000000e+03
9.382000000000000000e+03
9.379000000000000000e+03
9.374000000000000000e+03
9.373000000000000000e+03
9.372000000000000000e+03
9.371000000000000000e+03
9.367000000000000000e+03
9.364000000000000000e+03
9.359000000000000000e+03
9.358000000000000000e+03
9.355000000000000000e+03
9.354000000000000000e+03
9.352000000000000000e+03
9.351000000000000000e+03
9.350000000000000000e+03
9.349000000000000000e+03
9.348000000000000000e+03
9.347000000000000000e+03
9.344000000000000000e+03
9.343000000000000000e+03
9.341000000000000000e+03
9.296000000000000000e+03
9.294000000000000000e+03
9.293000000000000000e+03
9.244000000000000000e+03
9.243000000000000000e+03
9.241000000000000000e+03
9.240000000000000000e+03
9.239000000000000000e+03
9.238000000000000000e+03
9.235000000000000000e+03
9.233000000000000000e+03
9.231000000000000000e+03
9.230000000000000000e+03
9.229000000000000000e+03
9.227000000000000000e+03
9.225000000000000000e+03
9.224000000000000000e+03
9.222000000000000000e+03
9.220000000000000000e+03
9.219000000000000000e+03
9.218000000000000000e+03
9.217000000000000000e+03
9.208000000000000000e+03
9.206000000000000000e+03
9.205000000000000000e+03
9.204000000000000000e+03
9.203000000000000000e+03
9.201000000000000000e+03
9.247000000000000000e+03
9.248000000000000000e+03
9.249000000000000000e+03
9.251000000000000000e+03
9.291000000000000000e+03
9.290000000000000000e+03
9.289000000000000000e+03
9.286000000000000000e+03
9.284000000000000000e+03
9.283000000000000000e+03
9.282000000000000000e+03
9.279000000000000000e+03
9.277000000000000000e+03
9.275000000000000000e+03
9.274000000000000000e+03
9.273000000000000000e+03
9.399000000000000000e+03
9.270000000000000000e+03
9.268000000000000000e+03
9.267000000000000000e+03
9.265000000000000000e+03
9.264000000000000000e+03
9.262000000000000000e+03
9.261000000000000000e+03
9.260000000000000000e+03
9.258000000000000000e+03
9.257000000000000000e+03
9.256000000000000000e+03
9.255000000000000000e+03
9.252000000000000000e+03
9.269000000000000000e+03
9.400000000000000000e+03
9.401000000000000000e+03
9.404000000000000000e+03
9.540000000000000000e+03
9.539000000000000000e+03
9.537000000000000000e+03
9.536000000000000000e+03
9.534000000000000000e+03
9.529000000000000000e+03
9.527000000000000000e+03
9.526000000000000000e+03
9.525000000000000000e+03
9.524000000000000000e+03
9.523000000000000000e+03
9.522000000000000000e+03
9.521000000000000000e+03
9.520000000000000000e+03
9.519000000000000000e+03
9.518000000000000000e+03
9.517000000000000000e+03
9.516000000000000000e+03
9.515000000000000000e+03
9.514000000000000000e+03
9.512000000000000000e+03
9.510000000000000000e+03
9.509000000000000000e+03
9.508000000000000000e+03
9.506000000000000000e+03
9.541000000000000000e+03
9.542000000000000000e+03
9.543000000000000000e+03
9.544000000000000000e+03
9.578000000000000000e+03
9.577000000000000000e+03
9.576000000000000000e+03
9.574000000000000000e+03
9.573000000000000000e+03
9.572000000000000000e+03
9.571000000000000000e+03
9.569000000000000000e+03
9.568000000000000000e+03
9.566000000000000000e+03
9.565000000000000000e+03
9.564000000000000000e+03
9.503000000000000000e+03
9.563000000000000000e+03
9.559000000000000000e+03
9.557000000000000000e+03
9.555000000000000000e+03
9.554000000000000000e+03
9.553000000000000000e+03
9.552000000000000000e+03
9.551000000000000000e+03
9.550000000000000000e+03
9.548000000000000000e+03
9.547000000000000000e+03
9.546000000000000000e+03
9.545000000000000000e+03
9.561000000000000000e+03
9.580000000000000000e+03
9.499000000000000000e+03
9.494000000000000000e+03
9.445000000000000000e+03
9.444000000000000000e+03
9.443000000000000000e+03
9.442000000000000000e+03
9.441000000000000000e+03
9.439000000000000000e+03
9.438000000000000000e+03
9.437000000000000000e+03
9.428000000000000000e+03
9.427000000000000000e+03
9.424000000000000000e+03
9.423000000000000000e+03
9.422000000000000000e+03
9.420000000000000000e+03
9.419000000000000000e+03
9.418000000000000000e+03
9.416000000000000000e+03
9.414000000000000000e+03
9.412000000000000000e+03
9.411000000000000000e+03
9.410000000000000000e+03
9.409000000000000000e+03
9.407000000000000000e+03
9.406000000000000000e+03
9.405000000000000000e+03
9.446000000000000000e+03
9.448000000000000000e+03
9.449000000000000000e+03
9.451000000000000000e+03
9.493000000000000000e+03
9.492000000000000000e+03
9.490000000000000000e+03
9.489000000000000000e+03
9.487000000000000000e+03
9.485000000000000000e+03
9.484000000000000000e+03
9.483000000000000000e+03
9.481000000000000000e+03
9.480000000000000000e+03
9.479000000000000000e+03
9.477000000000000000e+03
9.496000000000000000e+03
9.475000000000000000e+03
9.472000000000000000e+03
9.470000000000000000e+03
9.469000000000000000e+03
9.468000000000000000e+03
9.466000000000000000e+03
9.465000000000000000e+03
9.464000000000000000e+03
9.463000000000000000e+03
9.462000000000000000e+03
9.458000000000000000e+03
9.456000000000000000e+03
9.454000000000000000e+03
9.474000000000000000e+03
3.760000000000000000e+03
8.392000000000000000e+03
8.387000000000000000e+03
7.334000000000000000e+03
7.333000000000000000e+03
7.332000000000000000e+03
7.330000000000000000e+03
7.329000000000000000e+03
7.326000000000000000e+03
7.325000000000000000e+03
7.323000000000000000e+03
7.322000000000000000e+03
7.321000000000000000e+03
7.320000000000000000e+03
7.318000000000000000e+03
7.316000000000000000e+03
7.315000000000000000e+03
7.314000000000000000e+03
7.313000000000000000e+03
7.311000000000000000e+03
7.310000000000000000e+03
7.309000000000000000e+03
7.305000000000000000e+03
7.304000000000000000e+03
7.303000000000000000e+03
7.302000000000000000e+03
7.299000000000000000e+03
7.298000000000000000e+03
7.336000000000000000e+03
7.294000000000000000e+03
7.337000000000000000e+03
7.339000000000000000e+03
7.393000000000000000e+03
7.392000000000000000e+03
7.391000000000000000e+03
7.389000000000000000e+03
7.388000000000000000e+03
7.384000000000000000e+03
7.383000000000000000e+03
7.381000000000000000e+03
7.380000000000000000e+03
7.379000000000000000e+03
7.373000000000000000e+03
7.369000000000000000e+03
7.366000000000000000e+03
7.365000000000000000e+03
7.364000000000000000e+03
7.361000000000000000e+03
7.358000000000000000e+03
7.357000000000000000e+03
7.356000000000000000e+03
7.354000000000000000e+03
7.352000000000000000e+03
7.349000000000000000e+03
7.347000000000000000e+03
7.341000000000000000e+03
7.340000000000000000e+03
7.338000000000000000e+03
7.293000000000000000e+03
7.292000000000000000e+03
7.290000000000000000e+03
7.246000000000000000e+03
7.245000000000000000e+03
7.244000000000000000e+03
7.242000000000000000e+03
7.239000000000000000e+03
7.237000000000000000e+03
7.236000000000000000e+03
7.233000000000000000e+03
7.231000000000000000e+03
7.229000000000000000e+03
7.228000000000000000e+03
7.227000000000000000e+03
7.226000000000000000e+03
7.225000000000000000e+03
7.223000000000000000e+03
7.221000000000000000e+03
7.216000000000000000e+03
7.215000000000000000e+03
7.214000000000000000e+03
7.213000000000000000e+03
7.212000000000000000e+03
7.211000000000000000e+03
7.210000000000000000e+03
7.208000000000000000e+03
7.203000000000000000e+03
7.247000000000000000e+03
7.248000000000000000e+03
7.249000000000000000e+03
7.250000000000000000e+03
7.289000000000000000e+03
7.288000000000000000e+03
7.287000000000000000e+03
7.286000000000000000e+03
7.284000000000000000e+03
7.281000000000000000e+03
7.280000000000000000e+03
7.279000000000000000e+03
7.277000000000000000e+03
7.275000000000000000e+03
7.274000000000000000e+03
7.273000000000000000e+03
7.394000000000000000e+03
7.272000000000000000e+03
7.269000000000000000e+03
7.268000000000000000e+03
7.266000000000000000e+03
7.265000000000000000e+03
7.264000000000000000e+03
7.260000000000000000e+03
7.259000000000000000e+03
7.258000000000000000e+03
7.256000000000000000e+03
7.255000000000000000e+03
7.254000000000000000e+03
7.251000000000000000e+03
7.271000000000000000e+03
7.395000000000000000e+03
7.396000000000000000e+03
7.400000000000000000e+03
7.538000000000000000e+03
7.537000000000000000e+03
7.536000000000000000e+03
7.535000000000000000e+03
7.534000000000000000e+03
7.533000000000000000e+03
7.530000000000000000e+03
7.527000000000000000e+03
7.526000000000000000e+03
7.525000000000000000e+03
7.524000000000000000e+03
7.522000000000000000e+03
7.521000000000000000e+03
7.520000000000000000e+03
7.519000000000000000e+03
7.518000000000000000e+03
7.515000000000000000e+03
7.514000000000000000e+03
7.509000000000000000e+03
7.508000000000000000e+03
7.506000000000000000e+03
7.503000000000000000e+03
7.501000000000000000e+03
7.499000000000000000e+03
7.496000000000000000e+03
7.539000000000000000e+03
7.540000000000000000e+03
7.543000000000000000e+03
7.545000000000000000e+03
7.587000000000000000e+03
7.586000000000000000e+03
7.585000000000000000e+03
7.582000000000000000e+03
7.581000000000000000e+03
7.580000000000000000e+03
7.578000000000000000e+03
7.577000000000000000e+03
7.576000000000000000e+03
7.575000000000000000e+03
7.574000000000000000e+03
7.573000000000000000e+03
7.494000000000000000e+03
7.570000000000000000e+03
7.564000000000000000e+03
7.563000000000000000e+03
7.561000000000000000e+03
7.560000000000000000e+03
7.558000000000000000e+03
7.557000000000000000e+03
7.556000000000000000e+03
7.552000000000000000e+03
7.551000000000000000e+03
7.548000000000000000e+03
7.547000000000000000e+03
7.546000000000000000e+03
7.566000000000000000e+03
7.202000000000000000e+03
7.493000000000000000e+03
7.491000000000000000e+03
7.436000000000000000e+03
7.435000000000000000e+03
7.434000000000000000e+03
7.432000000000000000e+03
7.431000000000000000e+03
7.430000000000000000e+03
7.428000000000000000e+03
7.427000000000000000e+03
7.426000000000000000e+03
7.425000000000000000e+03
7.424000000000000000e+03
7.419000000000000000e+03
7.418000000000000000e+03
7.417000000000000000e+03
7.416000000000000000e+03
7.415000000000000000e+03
7.414000000000000000e+03
7.413000000000000000e+03
7.409000000000000000e+03
7.408000000000000000e+03
7.407000000000000000e+03
7.406000000000000000e+03
7.404000000000000000e+03
7.403000000000000000e+03
7.402000000000000000e+03
7.439000000000000000e+03
7.440000000000000000e+03
7.442000000000000000e+03
7.443000000000000000e+03
7.488000000000000000e+03
7.487000000000000000e+03
7.485000000000000000e+03
7.483000000000000000e+03
7.482000000000000000e+03
7.480000000000000000e+03
7.479000000000000000e+03
7.477000000000000000e+03
7.475000000000000000e+03
7.474000000000000000e+03
7.473000000000000000e+03
7.471000000000000000e+03
7.492000000000000000e+03
7.468000000000000000e+03
7.460000000000000000e+03
7.459000000000000000e+03
7.458000000000000000e+03
7.457000000000000000e+03
7.456000000000000000e+03
7.453000000000000000e+03
7.450000000000000000e+03
7.448000000000000000e+03
7.447000000000000000e+03
7.446000000000000000e+03
7.445000000000000000e+03
7.444000000000000000e+03
7.464000000000000000e+03
7.588000000000000000e+03
7.201000000000000000e+03
7.199000000000000000e+03
6.951000000000000000e+03
6.950000000000000000e+03
6.948000000000000000e+03
6.945000000000000000e+03
6.944000000000000000e+03
6.943000000000000000e+03
6.938000000000000000e+03
6.937000000000000000e+03
6.936000000000000000e+03
6.933000000000000000e+03
6.932000000000000000e+03
6.931000000000000000e+03
6.930000000000000000e+03
6.928000000000000000e+03
6.926000000000000000e+03
6.925000000000000000e+03
6.924000000000000000e+03
6.923000000000000000e+03
6.922000000000000000e+03
6.921000000000000000e+03
6.920000000000000000e+03
6.917000000000000000e+03
6.915000000000000000e+03
6.914000000000000000e+03
6.912000000000000000e+03
6.952000000000000000e+03
6.911000000000000000e+03
6.953000000000000000e+03
6.955000000000000000e+03
6.990000000000000000e+03
6.989000000000000000e+03
6.988000000000000000e+03
6.987000000000000000e+03
6.986000000000000000e+03
6.985000000000000000e+03
6.983000000000000000e+03
6.982000000000000000e+03
6.981000000000000000e+03
6.980000000000000000e+03
6.978000000000000000e+03
6.976000000000000000e+03
6.973000000000000000e+03
6.971000000000000000e+03
6.970000000000000000e+03
6.968000000000000000e+03
6.966000000000000000e+03
6.964000000000000000e+03
6.963000000000000000e+03
6.962000000000000000e+03
6.961000000000000000e+03
6.960000000000000000e+03
6.959000000000000000e+03
6.958000000000000000e+03
6.956000000000000000e+03
6.954000000000000000e+03
6.909000000000000000e+03
6.908000000000000000e+03
6.907000000000000000e+03
6.866000000000000000e+03
6.865000000000000000e+03
6.862000000000000000e+03
6.861000000000000000e+03
6.860000000000000000e+03
6.859000000000000000e+03
6.858000000000000000e+03
6.857000000000000000e+03
6.856000000000000000e+03
6.855000000000000000e+03
6.853000000000000000e+03
6.850000000000000000e+03
6.846000000000000000e+03
6.845000000000000000e+03
6.844000000000000000e+03
6.842000000000000000e+03
6.841000000000000000e+03
6.839000000000000000e+03
6.838000000000000000e+03
6.836000000000000000e+03
6.832000000000000000e+03
6.829000000000000000e+03
6.828000000000000000e+03
6.826000000000000000e+03
6.824000000000000000e+03
6.867000000000000000e+03
6.868000000000000000e+03
6.869000000000000000e+03
6.872000000000000000e+03
6.905000000000000000e+03
6.904000000000000000e+03
6.903000000000000000e+03
6.902000000000000000e+03
6.901000000000000000e+03
6.899000000000000000e+03
6.897000000000000000e+03
6.896000000000000000e+03
6.895000000000000000e+03
6.894000000000000000e+03
6.891000000000000000e+03
6.890000000000000000e+03
6.991000000000000000e+03
6.889000000000000000e+03
6.887000000000000000e+03
6.886000000000000000e+03
6.885000000000000000e+03
6.884000000000000000e+03
6.883000000000000000e+03
6.882000000000000000e+03
6.881000000000000000e+03
6.879000000000000000e+03
6.877000000000000000e+03
6.876000000000000000e+03
6.875000000000000000e+03
6.874000000000000000e+03
6.888000000000000000e+03
6.992000000000000000e+03
6.995000000000000000e+03
6.997000000000000000e+03
7.144000000000000000e+03
7.143000000000000000e+03
7.142000000000000000e+03
7.141000000000000000e+03
7.140000000000000000e+03
7.139000000000000000e+03
7.138000000000000000e+03
7.137000000000000000e+03
7.134000000000000000e+03
7.131000000000000000e+03
7.130000000000000000e+03
7.129000000000000000e+03
7.128000000000000000e+03
7.125000000000000000e+03
7.124000000000000000e+03
7.117000000000000000e+03
7.114000000000000000e+03
7.112000000000000000e+03
7.110000000000000000e+03
7.108000000000000000e+03
7.107000000000000000e+03
7.105000000000000000e+03
7.103000000000000000e+03
7.101000000000000000e+03
7.100000000000000000e+03
7.146000000000000000e+03
7.148000000000000000e+03
7.150000000000000000e+03
7.151000000000000000e+03
7.197000000000000000e+03
7.196000000000000000e+03
7.195000000000000000e+03
7.194000000000000000e+03
7.193000000000000000e+03
7.191000000000000000e+03
7.190000000000000000e+03
7.189000000000000000e+03
7.188000000000000000e+03
7.186000000000000000e+03
7.185000000000000000e+03
7.184000000000000000e+03
7.099000000000000000e+03
7.180000000000000000e+03
7.178000000000000000e+03
7.177000000000000000e+03
7.172000000000000000e+03
7.171000000000000000e+03
7.170000000000000000e+03
7.167000000000000000e+03
7.165000000000000000e+03
7.164000000000000000e+03
7.160000000000000000e+03
7.156000000000000000e+03
7.154000000000000000e+03
7.153000000000000000e+03
7.179000000000000000e+03
7.200000000000000000e+03
7.098000000000000000e+03
7.095000000000000000e+03
7.037000000000000000e+03
7.036000000000000000e+03
7.035000000000000000e+03
7.034000000000000000e+03
7.032000000000000000e+03
7.031000000000000000e+03
7.030000000000000000e+03
7.029000000000000000e+03
7.028000000000000000e+03
7.027000000000000000e+03
7.026000000000000000e+03
7.025000000000000000e+03
7.024000000000000000e+03
7.020000000000000000e+03
7.019000000000000000e+03
7.016000000000000000e+03
7.012000000000000000e+03
7.011000000000000000e+03
7.008000000000000000e+03
7.006000000000000000e+03
7.005000000000000000e+03
7.004000000000000000e+03
7.002000000000000000e+03
7.001000000000000000e+03
6.998000000000000000e+03
7.038000000000000000e+03
7.040000000000000000e+03
7.041000000000000000e+03
7.042000000000000000e+03
7.094000000000000000e+03
7.092000000000000000e+03
7.091000000000000000e+03
7.088000000000000000e+03
7.087000000000000000e+03
7.086000000000000000e+03
7.083000000000000000e+03
7.082000000000000000e+03
7.081000000000000000e+03
7.080000000000000000e+03
7.073000000000000000e+03
7.072000000000000000e+03
7.096000000000000000e+03
7.071000000000000000e+03
7.069000000000000000e+03
7.068000000000000000e+03
7.067000000000000000e+03
7.062000000000000000e+03
7.059000000000000000e+03
7.054000000000000000e+03
7.053000000000000000e+03
7.052000000000000000e+03
7.051000000000000000e+03
7.049000000000000000e+03
7.048000000000000000e+03
7.047000000000000000e+03
7.070000000000000000e+03
8.391000000000000000e+03
7.590000000000000000e+03
7.593000000000000000e+03
8.144000000000000000e+03
8.140000000000000000e+03
8.139000000000000000e+03
8.138000000000000000e+03
8.136000000000000000e+03
8.134000000000000000e+03
8.132000000000000000e+03
8.130000000000000000e+03
8.129000000000000000e+03
8.127000000000000000e+03
8.126000000000000000e+03
8.124000000000000000e+03
8.123000000000000000e+03
8.121000000000000000e+03
8.119000000000000000e+03
8.111000000000000000e+03
8.109000000000000000e+03
8.106000000000000000e+03
8.103000000000000000e+03
8.102000000000000000e+03
8.101000000000000000e+03
8.100000000000000000e+03
8.099000000000000000e+03
8.098000000000000000e+03
8.096000000000000000e+03
8.145000000000000000e+03
8.095000000000000000e+03
8.147000000000000000e+03
8.150000000000000000e+03
8.195000000000000000e+03
8.194000000000000000e+03
8.191000000000000000e+03
8.190000000000000000e+03
8.189000000000000000e+03
8.187000000000000000e+03
8.186000000000000000e+03
8.184000000000000000e+03
8.182000000000000000e+03
8.181000000000000000e+03
8.180000000000000000e+03
8.179000000000000000e+03
8.177000000000000000e+03
8.175000000000000000e+03
8.174000000000000000e+03
8.173000000000000000e+03
8.171000000000000000e+03
8.170000000000000000e+03
8.168000000000000000e+03
8.158000000000000000e+03
8.157000000000000000e+03
8.156000000000000000e+03
8.153000000000000000e+03
8.152000000000000000e+03
8.151000000000000000e+03
8.148000000000000000e+03
8.094000000000000000e+03
8.093000000000000000e+03
8.092000000000000000e+03
8.041000000000000000e+03
8.040000000000000000e+03
8.037000000000000000e+03
8.036000000000000000e+03
8.033000000000000000e+03
8.029000000000000000e+03
8.027000000000000000e+03
8.026000000000000000e+03
8.025000000000000000e+03
8.023000000000000000e+03
8.021000000000000000e+03
8.020000000000000000e+03
8.017000000000000000e+03
8.016000000000000000e+03
8.015000000000000000e+03
8.014000000000000000e+03
8.012000000000000000e+03
8.008000000000000000e+03
8.004000000000000000e+03
8.003000000000000000e+03
8.002000000000000000e+03
7.999000000000000000e+03
7.997000000000000000e+03
7.996000000000000000e+03
7.995000000000000000e+03
8.043000000000000000e+03
8.044000000000000000e+03
8.045000000000000000e+03
8.047000000000000000e+03
8.091000000000000000e+03
8.089000000000000000e+03
8.085000000000000000e+03
8.084000000000000000e+03
8.082000000000000000e+03
8.081000000000000000e+03
8.080000000000000000e+03
8.079000000000000000e+03
8.078000000000000000e+03
8.075000000000000000e+03
8.074000000000000000e+03
8.073000000000000000e+03
8.196000000000000000e+03
8.071000000000000000e+03
8.068000000000000000e+03
8.067000000000000000e+03
8.066000000000000000e+03
8.064000000000000000e+03
8.062000000000000000e+03
8.061000000000000000e+03
8.058000000000000000e+03
8.057000000000000000e+03
8.056000000000000000e+03
8.055000000000000000e+03
8.053000000000000000e+03
8.051000000000000000e+03
8.069000000000000000e+03
8.198000000000000000e+03
8.199000000000000000e+03
8.201000000000000000e+03
8.337000000000000000e+03
8.335000000000000000e+03
8.334000000000000000e+03
8.333000000000000000e+03
8.332000000000000000e+03
8.331000000000000000e+03
8.330000000000000000e+03
8.329000000000000000e+03
8.328000000000000000e+03
8.326000000000000000e+03
8.325000000000000000e+03
8.324000000000000000e+03
8.322000000000000000e+03
8.321000000000000000e+03
8.318000000000000000e+03
8.317000000000000000e+03
8.316000000000000000e+03
8.315000000000000000e+03
8.312000000000000000e+03
8.310000000000000000e+03
8.309000000000000000e+03
8.306000000000000000e+03
8.304000000000000000e+03
8.303000000000000000e+03
8.300000000000000000e+03
8.338000000000000000e+03
8.339000000000000000e+03
8.340000000000000000e+03
8.342000000000000000e+03
8.384000000000000000e+03
8.383000000000000000e+03
8.382000000000000000e+03
8.380000000000000000e+03
8.379000000000000000e+03
8.377000000000000000e+03
8.376000000000000000e+03
8.375000000000000000e+03
8.373000000000000000e+03
8.372000000000000000e+03
8.371000000000000000e+03
8.369000000000000000e+03
8.298000000000000000e+03
8.368000000000000000e+03
8.366000000000000000e+03
8.365000000000000000e+03
8.364000000000000000e+03
8.363000000000000000e+03
8.362000000000000000e+03
8.360000000000000000e+03
8.359000000000000000e+03
8.358000000000000000e+03
8.357000000000000000e+03
8.351000000000000000e+03
8.345000000000000000e+03
8.343000000000000000e+03
8.367000000000000000e+03
7.994000000000000000e+03
8.296000000000000000e+03
8.294000000000000000e+03
8.250000000000000000e+03
8.249000000000000000e+03
8.247000000000000000e+03
8.246000000000000000e+03
8.241000000000000000e+03
8.240000000000000000e+03
8.237000000000000000e+03
8.232000000000000000e+03
8.230000000000000000e+03
8.229000000000000000e+03
8.226000000000000000e+03
8.224000000000000000e+03
8.223000000000000000e+03
8.222000000000000000e+03
8.221000000000000000e+03
8.220000000000000000e+03
8.218000000000000000e+03
8.216000000000000000e+03
8.215000000000000000e+03
8.214000000000000000e+03
8.212000000000000000e+03
8.208000000000000000e+03
8.206000000000000000e+03
8.204000000000000000e+03
8.202000000000000000e+03
8.251000000000000000e+03
8.253000000000000000e+03
8.254000000000000000e+03
8.256000000000000000e+03
8.290000000000000000e+03
8.289000000000000000e+03
8.288000000000000000e+03
8.287000000000000000e+03
8.286000000000000000e+03
8.285000000000000000e+03
8.284000000000000000e+03
8.283000000000000000e+03
8.282000000000000000e+03
8.281000000000000000e+03
8.280000000000000000e+03
8.279000000000000000e+03
8.295000000000000000e+03
8.278000000000000000e+03
8.276000000000000000e+03
8.275000000000000000e+03
8.274000000000000000e+03
8.273000000000000000e+03
8.272000000000000000e+03
8.271000000000000000e+03
8.269000000000000000e+03
8.265000000000000000e+03
8.264000000000000000e+03
8.263000000000000000e+03
8.261000000000000000e+03
8.260000000000000000e+03
8.277000000000000000e+03
7.591000000000000000e+03
7.992000000000000000e+03
7.990000000000000000e+03
7.745000000000000000e+03
7.743000000000000000e+03
7.742000000000000000e+03
7.739000000000000000e+03
7.737000000000000000e+03
7.735000000000000000e+03
7.734000000000000000e+03
7.731000000000000000e+03
7.730000000000000000e+03
7.728000000000000000e+03
7.727000000000000000e+03
7.726000000000000000e+03
7.724000000000000000e+03
7.721000000000000000e+03
7.718000000000000000e+03
7.715000000000000000e+03
7.714000000000000000e+03
7.712000000000000000e+03
7.711000000000000000e+03
7.709000000000000000e+03
7.708000000000000000e+03
7.706000000000000000e+03
7.703000000000000000e+03
7.701000000000000000e+03
7.700000000000000000e+03
7.746000000000000000e+03
7.699000000000000000e+03
7.748000000000000000e+03
7.750000000000000000e+03
7.785000000000000000e+03
7.784000000000000000e+03
7.783000000000000000e+03
7.782000000000000000e+03
7.779000000000000000e+03
7.778000000000000000e+03
7.777000000000000000e+03
7.775000000000000000e+03
7.773000000000000000e+03
7.771000000000000000e+03
7.770000000000000000e+03
7.768000000000000000e+03
7.766000000000000000e+03
7.765000000000000000e+03
7.764000000000000000e+03
7.762000000000000000e+03
7.761000000000000000e+03
7.759000000000000000e+03
7.758000000000000000e+03
7.757000000000000000e+03
7.756000000000000000e+03
7.755000000000000000e+03
7.754000000000000000e+03
7.752000000000000000e+03
7.751000000000000000e+03
7.749000000000000000e+03
7.698000000000000000e+03
7.696000000000000000e+03
7.695000000000000000e+03
7.649000000000000000e+03
7.646000000000000000e+03
7.644000000000000000e+03
7.642000000000000000e+03
7.640000000000000000e+03
7.638000000000000000e+03
7.631000000000000000e+03
7.630000000000000000e+03
7.629000000000000000e+03
7.628000000000000000e+03
7.625000000000000000e+03
7.620000000000000000e+03
7.619000000000000000e+03
7.616000000000000000e+03
7.614000000000000000e+03
7.613000000000000000e+03
7.612000000000000000e+03
7.608000000000000000e+03
7.607000000000000000e+03
7.605000000000000000e+03
7.603000000000000000e+03
7.602000000000000000e+03
7.601000000000000000e+03
7.595000000000000000e+03
7.594000000000000000e+03
7.651000000000000000e+03
7.652000000000000000e+03
7.654000000000000000e+03
7.655000000000000000e+03
7.694000000000000000e+03
7.693000000000000000e+03
7.688000000000000000e+03
7.687000000000000000e+03
7.686000000000000000e+03
7.682000000000000000e+03
7.681000000000000000e+03
7.680000000000000000e+03
7.675000000000000000e+03
7.674000000000000000e+03
7.673000000000000000e+03
7.671000000000000000e+03
7.786000000000000000e+03
7.670000000000000000e+03
7.668000000000000000e+03
7.666000000000000000e+03
7.665000000000000000e+03
7.664000000000000000e+03
7.663000000000000000e+03
7.662000000000000000e+03
7.661000000000000000e+03
7.660000000000000000e+03
7.659000000000000000e+03
7.658000000000000000e+03
7.657000000000000000e+03
7.656000000000000000e+03
7.669000000000000000e+03
7.787000000000000000e+03
7.789000000000000000e+03
7.790000000000000000e+03
7.938000000000000000e+03
7.937000000000000000e+03
7.936000000000000000e+03
7.935000000000000000e+03
7.933000000000000000e+03
7.932000000000000000e+03
7.928000000000000000e+03
7.927000000000000000e+03
7.925000000000000000e+03
7.924000000000000000e+03
7.923000000000000000e+03
7.922000000000000000e+03
7.919000000000000000e+03
7.918000000000000000e+03
7.917000000000000000e+03
7.916000000000000000e+03
7.912000000000000000e+03
7.911000000000000000e+03
7.910000000000000000e+03
7.906000000000000000e+03
7.905000000000000000e+03
7.902000000000000000e+03
7.900000000000000000e+03
7.898000000000000000e+03
7.897000000000000000e+03
7.939000000000000000e+03
7.940000000000000000e+03
7.941000000000000000e+03
7.944000000000000000e+03
7.986000000000000000e+03
7.983000000000000000e+03
7.981000000000000000e+03
7.979000000000000000e+03
7.978000000000000000e+03
7.977000000000000000e+03
7.976000000000000000e+03
7.975000000000000000e+03
7.973000000000000000e+03
7.970000000000000000e+03
7.968000000000000000e+03
7.967000000000000000e+03
7.896000000000000000e+03
7.966000000000000000e+03
7.961000000000000000e+03
7.960000000000000000e+03
7.959000000000000000e+03
7.958000000000000000e+03
7.957000000000000000e+03
7.955000000000000000e+03
7.953000000000000000e+03
7.952000000000000000e+03
7.951000000000000000e+03
7.949000000000000000e+03
7.948000000000000000e+03
7.947000000000000000e+03
7.963000000000000000e+03
7.991000000000000000e+03
7.893000000000000000e+03
7.888000000000000000e+03
7.839000000000000000e+03
7.836000000000000000e+03
7.833000000000000000e+03
7.832000000000000000e+03
7.831000000000000000e+03
7.830000000000000000e+03
7.829000000000000000e+03
7.828000000000000000e+03
7.827000000000000000e+03
7.826000000000000000e+03
7.820000000000000000e+03
7.819000000000000000e+03
7.818000000000000000e+03
7.816000000000000000e+03
7.815000000000000000e+03
7.814000000000000000e+03
7.809000000000000000e+03
7.808000000000000000e+03
7.802000000000000000e+03
7.801000000000000000e+03
7.799000000000000000e+03
7.796000000000000000e+03
7.795000000000000000e+03
7.792000000000000000e+03
7.791000000000000000e+03
7.840000000000000000e+03
7.841000000000000000e+03
7.844000000000000000e+03
7.845000000000000000e+03
7.887000000000000000e+03
7.886000000000000000e+03
7.885000000000000000e+03
7.884000000000000000e+03
7.883000000000000000e+03
7.882000000000000000e+03
7.881000000000000000e+03
7.880000000000000000e+03
7.878000000000000000e+03
7.877000000000000000e+03
7.874000000000000000e+03
7.873000000000000000e+03
7.889000000000000000e+03
7.872000000000000000e+03
7.869000000000000000e+03
7.868000000000000000e+03
7.867000000000000000e+03
7.865000000000000000e+03
7.860000000000000000e+03
7.858000000000000000e+03
7.855000000000000000e+03
7.853000000000000000e+03
7.851000000000000000e+03
7.850000000000000000e+03
7.848000000000000000e+03
7.847000000000000000e+03
7.870000000000000000e+03
3.759000000000000000e+03
9.999000000000000000e+03
2.778000000000000000e+03
1.120000000000000000e+03
2.573000000000000000e+03
1.121000000000000000e+03
2.571000000000000000e+03
1.122000000000000000e+03
1.123000000000000000e+03
2.568000000000000000e+03
1.119000000000000000e+03
2.567000000000000000e+03
2.566000000000000000e+03
1.125000000000000000e+03
1.126000000000000000e+03
2.564000000000000000e+03
2.563000000000000000e+03
2.562000000000000000e+03
2.561000000000000000e+03
1.124000000000000000e+03
2.575000000000000000e+03
1.118000000000000000e+03
1.117000000000000000e+03
1.105000000000000000e+03
1.106000000000000000e+03
2.587000000000000000e+03
2.586000000000000000e+03
2.585000000000000000e+03
2.584000000000000000e+03
2.583000000000000000e+03
1.107000000000000000e+03
2.582000000000000000e+03
1.110000000000000000e+03
1.111000000000000000e+03
2.580000000000000000e+03
1.113000000000000000e+03
1.114000000000000000e+03
1.115000000000000000e+03
1.116000000000000000e+03
2.579000000000000000e+03
1.129000000000000000e+03
2.588000000000000000e+03
2.559000000000000000e+03
2.557000000000000000e+03
1.143000000000000000e+03
1.144000000000000000e+03
2.539000000000000000e+03
2.538000000000000000e+03
1.146000000000000000e+03
2.536000000000000000e+03
2.535000000000000000e+03
2.542000000000000000e+03
2.534000000000000000e+03
1.148000000000000000e+03
2.531000000000000000e+03
1.150000000000000000e+03
1.151000000000000000e+03
1.152000000000000000e+03
2.526000000000000000e+03
1.153000000000000000e+03
1.147000000000000000e+03
2.543000000000000000e+03
2.544000000000000000e+03
2.545000000000000000e+03
2.556000000000000000e+03
1.131000000000000000e+03
1.132000000000000000e+03
2.554000000000000000e+03
2.553000000000000000e+03
1.134000000000000000e+03
1.135000000000000000e+03
1.136000000000000000e+03
2.552000000000000000e+03
1.137000000000000000e+03
1.138000000000000000e+03
1.139000000000000000e+03
1.142000000000000000e+03
2.549000000000000000e+03
2.548000000000000000e+03
2.547000000000000000e+03
2.546000000000000000e+03
2.558000000000000000e+03
1.154000000000000000e+03
1.104000000000000000e+03
1.103000000000000000e+03
2.638000000000000000e+03
1.063000000000000000e+03
2.637000000000000000e+03
1.064000000000000000e+03
2.636000000000000000e+03
2.635000000000000000e+03
1.065000000000000000e+03
2.639000000000000000e+03
1.066000000000000000e+03
2.632000000000000000e+03
1.068000000000000000e+03
1.069000000000000000e+03
2.629000000000000000e+03
1.070000000000000000e+03
2.628000000000000000e+03
2.627000000000000000e+03
2.633000000000000000e+03
2.640000000000000000e+03
2.641000000000000000e+03
2.642000000000000000e+03
1.046000000000000000e+03
1.047000000000000000e+03
1.052000000000000000e+03
2.654000000000000000e+03
2.653000000000000000e+03
1.053000000000000000e+03
2.651000000000000000e+03
2.650000000000000000e+03
2.649000000000000000e+03
1.056000000000000000e+03
2.647000000000000000e+03
1.057000000000000000e+03
1.058000000000000000e+03
2.644000000000000000e+03
1.059000000000000000e+03
2.643000000000000000e+03
1.060000000000000000e+03
2.626000000000000000e+03
2.592000000000000000e+03
1.072000000000000000e+03
1.075000000000000000e+03
1.095000000000000000e+03
1.096000000000000000e+03
2.606000000000000000e+03
2.605000000000000000e+03
1.098000000000000000e+03
1.099000000000000000e+03
2.602000000000000000e+03
2.607000000000000000e+03
1.100000000000000000e+03
2.600000000000000000e+03
2.599000000000000000e+03
1.101000000000000000e+03
1.102000000000000000e+03
2.597000000000000000e+03
2.595000000000000000e+03
2.594000000000000000e+03
2.601000000000000000e+03
2.608000000000000000e+03
2.610000000000000000e+03
2.611000000000000000e+03
1.076000000000000000e+03
1.077000000000000000e+03
2.623000000000000000e+03
2.622000000000000000e+03
2.620000000000000000e+03
2.619000000000000000e+03
2.618000000000000000e+03
1.078000000000000000e+03
1.080000000000000000e+03
1.081000000000000000e+03
2.617000000000000000e+03
1.082000000000000000e+03
1.085000000000000000e+03
2.613000000000000000e+03
1.089000000000000000e+03
1.090000000000000000e+03
1.091000000000000000e+03
1.074000000000000000e+03
1.045000000000000000e+03
2.525000000000000000e+03
2.524000000000000000e+03
2.432000000000000000e+03
1.248000000000000000e+03
1.249000000000000000e+03
2.431000000000000000e+03
2.430000000000000000e+03
2.429000000000000000e+03
1.250000000000000000e+03
1.247000000000000000e+03
2.427000000000000000e+03
1.252000000000000000e+03
2.425000000000000000e+03
2.424000000000000000e+03
2.423000000000000000e+03
2.422000000000000000e+03
1.255000000000000000e+03
1.256000000000000000e+03
2.426000000000000000e+03
2.433000000000000000e+03
2.434000000000000000e+03
1.242000000000000000e+03
1.221000000000000000e+03
2.445000000000000000e+03
1.223000000000000000e+03
1.224000000000000000e+03
2.444000000000000000e+03
1.227000000000000000e+03
2.441000000000000000e+03
1.228000000000000000e+03
1.233000000000000000e+03
2.438000000000000000e+03
2.437000000000000000e+03
1.234000000000000000e+03
1.235000000000000000e+03
1.239000000000000000e+03
2.435000000000000000e+03
1.240000000000000000e+03
1.241000000000000000e+03
1.257000000000000000e+03
1.220000000000000000e+03
2.421000000000000000e+03
2.420000000000000000e+03
2.403000000000000000e+03
2.402000000000000000e+03
2.398000000000000000e+03
1.276000000000000000e+03
2.396000000000000000e+03
1.277000000000000000e+03
2.395000000000000000e+03
1.274000000000000000e+03
2.394000000000000000e+03
1.281000000000000000e+03
1.286000000000000000e+03
2.389000000000000000e+03
2.387000000000000000e+03
2.386000000000000000e+03
1.288000000000000000e+03
1.289000000000000000e+03
1.279000000000000000e+03
1.273000000000000000e+03
2.406000000000000000e+03
1.271000000000000000e+03
