0.000000000000000000e+00
5.788000000000000000e+03
5.784000000000000000e+03
5.783000000000000000e+03
5.781000000000000000e+03
5.778000000000000000e+03
5.777000000000000000e+03
5.776000000000000000e+03
5.773000000000000000e+03
5.771000000000000000e+03
5.770000000000000000e+03
5.769000000000000000e+03
5.768000000000000000e+03
5.767000000000000000e+03
5.766000000000000000e+03
5.765000000000000000e+03
5.763000000000000000e+03
5.762000000000000000e+03
5.760000000000000000e+03
5.758000000000000000e+03
5.757000000000000000e+03
5.756000000000000000e+03
5.755000000000000000e+03
5.752000000000000000e+03
5.751000000000000000e+03
5.749000000000000000e+03
5.789000000000000000e+03
5.747000000000000000e+03
5.790000000000000000e+03
5.793000000000000000e+03
5.837000000000000000e+03
5.836000000000000000e+03
5.835000000000000000e+03
5.834000000000000000e+03
5.832000000000000000e+03
5.830000000000000000e+03
5.829000000000000000e+03
5.828000000000000000e+03
5.826000000000000000e+03
5.825000000000000000e+03
5.824000000000000000e+03
5.818000000000000000e+03
5.817000000000000000e+03
5.816000000000000000e+03
5.814000000000000000e+03
5.813000000000000000e+03
5.812000000000000000e+03
5.810000000000000000e+03
5.806000000000000000e+03
5.804000000000000000e+03
5.803000000000000000e+03
5.800000000000000000e+03
5.799000000000000000e+03
5.796000000000000000e+03
5.794000000000000000e+03
5.791000000000000000e+03
5.840000000000000000e+03
5.746000000000000000e+03
5.743000000000000000e+03
5.702000000000000000e+03
5.701000000000000000e+03
5.699000000000000000e+03
5.698000000000000000e+03
5.695000000000000000e+03
5.694000000000000000e+03
5.692000000000000000e+03
5.691000000000000000e+03
5.689000000000000000e+03
5.685000000000000000e+03
5.684000000000000000e+03
5.683000000000000000e+03
5.682000000000000000e+03
5.681000000000000000e+03
5.680000000000000000e+03
5.679000000000000000e+03
5.677000000000000000e+03
5.676000000000000000e+03
5.675000000000000000e+03
5.673000000000000000e+03
5.672000000000000000e+03
5.671000000000000000e+03
5.669000000000000000e+03
5.666000000000000000e+03
5.665000000000000000e+03
5.704000000000000000e+03
5.745000000000000000e+03
5.705000000000000000e+03
5.707000000000000000e+03
5.741000000000000000e+03
5.740000000000000000e+03
5.739000000000000000e+03
5.738000000000000000e+03
5.737000000000000000e+03
5.736000000000000000e+03
5.735000000000000000e+03
5.732000000000000000e+03
5.730000000000000000e+03
5.728000000000000000e+03
5.727000000000000000e+03
5.726000000000000000e+03
5.725000000000000000e+03
5.724000000000000000e+03
5.723000000000000000e+03
5.721000000000000000e+03
5.720000000000000000e+03
5.719000000000000000e+03
5.718000000000000000e+03
5.716000000000000000e+03
5.714000000000000000e+03
5.713000000000000000e+03
5.712000000000000000e+03
5.711000000000000000e+03
5.709000000000000000e+03
5.706000000000000000e+03
5.841000000000000000e+03
5.842000000000000000e+03
5.845000000000000000e+03
5.986000000000000000e+03
5.985000000000000000e+03
5.981000000000000000e+03
5.980000000000000000e+03
5.978000000000000000e+03
5.976000000000000000e+03
5.975000000000000000e+03
5.973000000000000000e+03
5.972000000000000000e+03
5.970000000000000000e+03
5.967000000000000000e+03
5.965000000000000000e+03
5.964000000000000000e+03
5.962000000000000000e+03
5.961000000000000000e+03
5.960000000000000000e+03
5.956000000000000000e+03
5.955000000000000000e+03
5.950000000000000000e+03
5.948000000000000000e+03
5.946000000000000000e+03
5.945000000000000000e+03
5.942000000000000000e+03
5.941000000000000000e+03
5.940000000000000000e+03
5.987000000000000000e+03
5.938000000000000000e+03
5.988000000000000000e+03
5.992000000000000000e+03
6.027000000000000000e+03
6.026000000000000000e+03
6.025000000000000000e+03
6.024000000000000000e+03
6.023000000000000000e+03
6.022000000000000000e+03
6.021000000000000000e+03
6.019000000000000000e+03
6.017000000000000000e+03
6.015000000000000000e+03
6.014000000000000000e+03
6.013000000000000000e+03
6.012000000000000000e+03
6.011000000000000000e+03
6.010000000000000000e+03
6.007000000000000000e+03
6.006000000000000000e+03
6.005000000000000000e+03
6.004000000000000000e+03
5.999000000000000000e+03
5.997000000000000000e+03
5.996000000000000000e+03
5.995000000000000000e+03
5.994000000000000000e+03
5.993000000000000000e+03
5.989000000000000000e+03
5.937000000000000000e+03
5.935000000000000000e+03
5.934000000000000000e+03
5.879000000000000000e+03
5.878000000000000000e+03
5.877000000000000000e+03
5.875000000000000000e+03
5.874000000000000000e+03
5.873000000000000000e+03
5.870000000000000000e+03
5.868000000000000000e+03
5.866000000000000000e+03
5.865000000000000000e+03
5.863000000000000000e+03
5.861000000000000000e+03
5.860000000000000000e+03
5.859000000000000000e+03
5.858000000000000000e+03
5.857000000000000000e+03
5.856000000000000000e+03
5.855000000000000000e+03
5.854000000000000000e+03
5.853000000000000000e+03
5.852000000000000000e+03
5.851000000000000000e+03
5.850000000000000000e+03
5.849000000000000000e+03
5.846000000000000000e+03
5.881000000000000000e+03
5.882000000000000000e+03
5.883000000000000000e+03
5.884000000000000000e+03
5.933000000000000000e+03
5.932000000000000000e+03
5.929000000000000000e+03
5.928000000000000000e+03
5.927000000000000000e+03
5.926000000000000000e+03
5.925000000000000000e+03
5.923000000000000000e+03
5.922000000000000000e+03
5.921000000000000000e+03
5.917000000000000000e+03
5.915000000000000000e+03
5.664000000000000000e+03
5.913000000000000000e+03
5.906000000000000000e+03
5.904000000000000000e+03
5.902000000000000000e+03
5.898000000000000000e+03
5.897000000000000000e+03
5.894000000000000000e+03
5.893000000000000000e+03
5.892000000000000000e+03
5.891000000000000000e+03
5.890000000000000000e+03
5.886000000000000000e+03
5.885000000000000000e+03
5.909000000000000000e+03
6.028000000000000000e+03
5.663000000000000000e+03
5.661000000000000000e+03
5.405000000000000000e+03
5.404000000000000000e+03
5.403000000000000000e+03
5.402000000000000000e+03
5.401000000000000000e+03
5.400000000000000000e+03
5.396000000000000000e+03
5.395000000000000000e+03
5.394000000000000000e+03
5.393000000000000000e+03
5.392000000000000000e+03
5.390000000000000000e+03
5.389000000000000000e+03
5.387000000000000000e+03
5.385000000000000000e+03
5.384000000000000000e+03
5.381000000000000000e+03
5.379000000000000000e+03
5.378000000000000000e+03
5.376000000000000000e+03
5.373000000000000000e+03
5.371000000000000000e+03
5.370000000000000000e+03
5.369000000000000000e+03
5.368000000000000000e+03
5.407000000000000000e+03
5.367000000000000000e+03
5.408000000000000000e+03
5.411000000000000000e+03
5.453000000000000000e+03
5.452000000000000000e+03
5.448000000000000000e+03
5.445000000000000000e+03
5.443000000000000000e+03
5.442000000000000000e+03
5.441000000000000000e+03
5.440000000000000000e+03
5.439000000000000000e+03
5.438000000000000000e+03
5.436000000000000000e+03
5.435000000000000000e+03
5.434000000000000000e+03
5.432000000000000000e+03
5.430000000000000000e+03
5.427000000000000000e+03
5.426000000000000000e+03
5.425000000000000000e+03
5.423000000000000000e+03
5.422000000000000000e+03
5.418000000000000000e+03
5.417000000000000000e+03
5.415000000000000000e+03
5.414000000000000000e+03
5.412000000000000000e+03
5.409000000000000000e+03
5.456000000000000000e+03
5.363000000000000000e+03
5.359000000000000000e+03
5.312000000000000000e+03
5.311000000000000000e+03
5.310000000000000000e+03
5.308000000000000000e+03
5.307000000000000000e+03
5.306000000000000000e+03
5.302000000000000000e+03
5.301000000000000000e+03
5.300000000000000000e+03
5.299000000000000000e+03
5.297000000000000000e+03
5.295000000000000000e+03
5.294000000000000000e+03
5.293000000000000000e+03
5.289000000000000000e+03
5.286000000000000000e+03
5.285000000000000000e+03
5.284000000000000000e+03
5.282000000000000000e+03
5.281000000000000000e+03
5.280000000000000000e+03
5.279000000000000000e+03
5.277000000000000000e+03
5.276000000000000000e+03
5.275000000000000000e+03
5.315000000000000000e+03
5.360000000000000000e+03
5.317000000000000000e+03
5.322000000000000000e+03
5.358000000000000000e+03
5.356000000000000000e+03
5.355000000000000000e+03
5.353000000000000000e+03
5.352000000000000000e+03
5.350000000000000000e+03
5.348000000000000000e+03
5.346000000000000000e+03
5.345000000000000000e+03
5.343000000000000000e+03
5.342000000000000000e+03
5.341000000000000000e+03
5.340000000000000000e+03
5.339000000000000000e+03
5.337000000000000000e+03
5.334000000000000000e+03
5.333000000000000000e+03
5.331000000000000000e+03
5.330000000000000000e+03
5.329000000000000000e+03
5.328000000000000000e+03
5.327000000000000000e+03
5.326000000000000000e+03
5.324000000000000000e+03
5.323000000000000000e+03
5.318000000000000000e+03
5.457000000000000000e+03
5.458000000000000000e+03
5.462000000000000000e+03
5.607000000000000000e+03
5.606000000000000000e+03
5.605000000000000000e+03
5.604000000000000000e+03
5.602000000000000000e+03
5.601000000000000000e+03
5.600000000000000000e+03
5.599000000000000000e+03
5.598000000000000000e+03
5.596000000000000000e+03
5.594000000000000000e+03
5.593000000000000000e+03
5.590000000000000000e+03
5.589000000000000000e+03
5.588000000000000000e+03
5.587000000000000000e+03
5.584000000000000000e+03
5.583000000000000000e+03
5.582000000000000000e+03
5.581000000000000000e+03
5.580000000000000000e+03
5.577000000000000000e+03
5.576000000000000000e+03
5.573000000000000000e+03
5.572000000000000000e+03
5.610000000000000000e+03
5.571000000000000000e+03
5.611000000000000000e+03
5.615000000000000000e+03
5.660000000000000000e+03
5.659000000000000000e+03
5.657000000000000000e+03
5.656000000000000000e+03
5.655000000000000000e+03
5.654000000000000000e+03
5.652000000000000000e+03
5.651000000000000000e+03
5.648000000000000000e+03
5.646000000000000000e+03
5.645000000000000000e+03
5.641000000000000000e+03
5.638000000000000000e+03
5.635000000000000000e+03
5.634000000000000000e+03
5.633000000000000000e+03
5.631000000000000000e+03
5.630000000000000000e+03
5.629000000000000000e+03
5.628000000000000000e+03
5.625000000000000000e+03
5.623000000000000000e+03
5.622000000000000000e+03
5.620000000000000000e+03
5.616000000000000000e+03
5.614000000000000000e+03
5.569000000000000000e+03
5.568000000000000000e+03
5.565000000000000000e+03
5.513000000000000000e+03
5.512000000000000000e+03
5.510000000000000000e+03
5.508000000000000000e+03
5.504000000000000000e+03
5.503000000000000000e+03
5.502000000000000000e+03
5.501000000000000000e+03
5.500000000000000000e+03
5.498000000000000000e+03
5.495000000000000000e+03
5.493000000000000000e+03
5.492000000000000000e+03
5.491000000000000000e+03
5.488000000000000000e+03
5.486000000000000000e+03
5.483000000000000000e+03
5.480000000000000000e+03
5.476000000000000000e+03
5.473000000000000000e+03
5.472000000000000000e+03
5.471000000000000000e+03
5.468000000000000000e+03
5.466000000000000000e+03
5.465000000000000000e+03
5.515000000000000000e+03
5.517000000000000000e+03
5.518000000000000000e+03
5.524000000000000000e+03
5.564000000000000000e+03
5.563000000000000000e+03
5.560000000000000000e+03
5.559000000000000000e+03
5.557000000000000000e+03
5.555000000000000000e+03
5.554000000000000000e+03
5.553000000000000000e+03
5.552000000000000000e+03
5.550000000000000000e+03
5.548000000000000000e+03
5.547000000000000000e+03
5.662000000000000000e+03
5.545000000000000000e+03
5.542000000000000000e+03
5.541000000000000000e+03
5.538000000000000000e+03
5.536000000000000000e+03
5.535000000000000000e+03
5.533000000000000000e+03
5.531000000000000000e+03
5.530000000000000000e+03
5.529000000000000000e+03
5.527000000000000000e+03
5.526000000000000000e+03
5.525000000000000000e+03
5.544000000000000000e+03
6.031000000000000000e+03
6.032000000000000000e+03
6.033000000000000000e+03
6.552000000000000000e+03
6.551000000000000000e+03
6.549000000000000000e+03
6.548000000000000000e+03
6.547000000000000000e+03
6.544000000000000000e+03
6.542000000000000000e+03
6.541000000000000000e+03
6.540000000000000000e+03
6.539000000000000000e+03
6.538000000000000000e+03
6.535000000000000000e+03
6.534000000000000000e+03
6.533000000000000000e+03
6.531000000000000000e+03
6.529000000000000000e+03
6.528000000000000000e+03
6.526000000000000000e+03
6.525000000000000000e+03
6.524000000000000000e+03
6.523000000000000000e+03
6.521000000000000000e+03
6.520000000000000000e+03
6.519000000000000000e+03
6.515000000000000000e+03
6.553000000000000000e+03
6.513000000000000000e+03
6.554000000000000000e+03
6.558000000000000000e+03
6.605000000000000000e+03
6.603000000000000000e+03
6.602000000000000000e+03
6.600000000000000000e+03
6.599000000000000000e+03
6.598000000000000000e+03
6.594000000000000000e+03
6.589000000000000000e+03
6.586000000000000000e+03
6.585000000000000000e+03
6.583000000000000000e+03
6.582000000000000000e+03
6.579000000000000000e+03
6.575000000000000000e+03
6.573000000000000000e+03
6.572000000000000000e+03
6.571000000000000000e+03
6.570000000000000000e+03
6.569000000000000000e+03
6.568000000000000000e+03
6.567000000000000000e+03
6.563000000000000000e+03
6.562000000000000000e+03
6.561000000000000000e+03
6.559000000000000000e+03
6.557000000000000000e+03
6.608000000000000000e+03
6.512000000000000000e+03
6.505000000000000000e+03
6.458000000000000000e+03
6.456000000000000000e+03
6.452000000000000000e+03
6.451000000000000000e+03
6.450000000000000000e+03
6.448000000000000000e+03
6.447000000000000000e+03
6.446000000000000000e+03
6.445000000000000000e+03
6.443000000000000000e+03
6.442000000000000000e+03
6.441000000000000000e+03
6.440000000000000000e+03
6.439000000000000000e+03
6.438000000000000000e+03
6.436000000000000000e+03
6.434000000000000000e+03
6.433000000000000000e+03
6.432000000000000000e+03
6.431000000000000000e+03
6.430000000000000000e+03
6.429000000000000000e+03
6.428000000000000000e+03
6.426000000000000000e+03
6.424000000000000000e+03
6.460000000000000000e+03
6.507000000000000000e+03
6.461000000000000000e+03
6.466000000000000000e+03
6.504000000000000000e+03
6.503000000000000000e+03
6.501000000000000000e+03
6.500000000000000000e+03
6.499000000000000000e+03
6.498000000000000000e+03
6.497000000000000000e+03
6.496000000000000000e+03
6.495000000000000000e+03
6.494000000000000000e+03
6.491000000000000000e+03
6.490000000000000000e+03
6.488000000000000000e+03
6.487000000000000000e+03
6.485000000000000000e+03
6.484000000000000000e+03
6.483000000000000000e+03
6.482000000000000000e+03
6.476000000000000000e+03
6.475000000000000000e+03
6.474000000000000000e+03
6.473000000000000000e+03
6.472000000000000000e+03
6.468000000000000000e+03
6.467000000000000000e+03
6.464000000000000000e+03
6.609000000000000000e+03
6.611000000000000000e+03
6.613000000000000000e+03
6.749000000000000000e+03
6.748000000000000000e+03
6.746000000000000000e+03
6.745000000000000000e+03
6.744000000000000000e+03
6.743000000000000000e+03
6.742000000000000000e+03
6.741000000000000000e+03
6.740000000000000000e+03
6.736000000000000000e+03
6.733000000000000000e+03
6.732000000000000000e+03
6.730000000000000000e+03
6.729000000000000000e+03
6.728000000000000000e+03
6.725000000000000000e+03
6.724000000000000000e+03
6.723000000000000000e+03
6.720000000000000000e+03
6.718000000000000000e+03
6.717000000000000000e+03
6.716000000000000000e+03
6.714000000000000000e+03
6.713000000000000000e+03
6.712000000000000000e+03
6.750000000000000000e+03
6.710000000000000000e+03
6.751000000000000000e+03
6.756000000000000000e+03
6.795000000000000000e+03
6.793000000000000000e+03
6.792000000000000000e+03
6.791000000000000000e+03
6.790000000000000000e+03
6.789000000000000000e+03
6.785000000000000000e+03
6.783000000000000000e+03
6.782000000000000000e+03
6.781000000000000000e+03
6.780000000000000000e+03
6.779000000000000000e+03
6.778000000000000000e+03
6.777000000000000000e+03
6.776000000000000000e+03
6.775000000000000000e+03
6.773000000000000000e+03
6.772000000000000000e+03
6.765000000000000000e+03
6.764000000000000000e+03
6.761000000000000000e+03
6.760000000000000000e+03
6.759000000000000000e+03
6.758000000000000000e+03
6.757000000000000000e+03
6.752000000000000000e+03
6.709000000000000000e+03
6.707000000000000000e+03
6.705000000000000000e+03
6.653000000000000000e+03
6.651000000000000000e+03
6.649000000000000000e+03
6.646000000000000000e+03
6.644000000000000000e+03
6.641000000000000000e+03
6.638000000000000000e+03
6.636000000000000000e+03
6.635000000000000000e+03
6.634000000000000000e+03
6.632000000000000000e+03
6.631000000000000000e+03
6.629000000000000000e+03
6.628000000000000000e+03
6.627000000000000000e+03
6.625000000000000000e+03
6.624000000000000000e+03
6.623000000000000000e+03
6.622000000000000000e+03
6.619000000000000000e+03
6.618000000000000000e+03
6.617000000000000000e+03
6.616000000000000000e+03
6.615000000000000000e+03
6.614000000000000000e+03
6.654000000000000000e+03
6.657000000000000000e+03
6.659000000000000000e+03
6.662000000000000000e+03
6.704000000000000000e+03
6.703000000000000000e+03
6.702000000000000000e+03
6.700000000000000000e+03
6.699000000000000000e+03
6.695000000000000000e+03
6.693000000000000000e+03
6.692000000000000000e+03
6.690000000000000000e+03
6.689000000000000000e+03
6.685000000000000000e+03
6.682000000000000000e+03
6.423000000000000000e+03
6.680000000000000000e+03
6.677000000000000000e+03
6.676000000000000000e+03
6.674000000000000000e+03
6.673000000000000000e+03
6.671000000000000000e+03
6.670000000000000000e+03
6.669000000000000000e+03
6.668000000000000000e+03
6.666000000000000000e+03
6.665000000000000000e+03
6.664000000000000000e+03
6.663000000000000000e+03
6.679000000000000000e+03
6.421000000000000000e+03
6.420000000000000000e+03
6.419000000000000000e+03
6.189000000000000000e+03
6.187000000000000000e+03
6.186000000000000000e+03
6.184000000000000000e+03
6.183000000000000000e+03
6.182000000000000000e+03
6.180000000000000000e+03
6.179000000000000000e+03
6.178000000000000000e+03
6.174000000000000000e+03
6.172000000000000000e+03
6.162000000000000000e+03
6.161000000000000000e+03
6.158000000000000000e+03
6.157000000000000000e+03
6.156000000000000000e+03
6.155000000000000000e+03
6.154000000000000000e+03
6.153000000000000000e+03
6.151000000000000000e+03
6.149000000000000000e+03
6.147000000000000000e+03
6.146000000000000000e+03
6.142000000000000000e+03
6.141000000000000000e+03
6.191000000000000000e+03
6.140000000000000000e+03
6.192000000000000000e+03
6.195000000000000000e+03
6.233000000000000000e+03
6.231000000000000000e+03
6.230000000000000000e+03
6.229000000000000000e+03
6.228000000000000000e+03
6.226000000000000000e+03
6.225000000000000000e+03
6.224000000000000000e+03
6.223000000000000000e+03
6.221000000000000000e+03
6.220000000000000000e+03
6.219000000000000000e+03
6.218000000000000000e+03
6.217000000000000000e+03
6.214000000000000000e+03
6.213000000000000000e+03
6.212000000000000000e+03
6.208000000000000000e+03
6.207000000000000000e+03
6.206000000000000000e+03
6.205000000000000000e+03
6.202000000000000000e+03
6.201000000000000000e+03
6.199000000000000000e+03
6.198000000000000000e+03
6.194000000000000000e+03
6.131000000000000000e+03
6.129000000000000000e+03
6.128000000000000000e+03
6.074000000000000000e+03
6.073000000000000000e+03
6.070000000000000000e+03
6.069000000000000000e+03
6.065000000000000000e+03
6.062000000000000000e+03
6.061000000000000000e+03
6.059000000000000000e+03
6.058000000000000000e+03
6.057000000000000000e+03
6.056000000000000000e+03
6.055000000000000000e+03
6.053000000000000000e+03
6.052000000000000000e+03
6.051000000000000000e+03
6.049000000000000000e+03
6.048000000000000000e+03
6.046000000000000000e+03
6.045000000000000000e+03
6.043000000000000000e+03
6.040000000000000000e+03
6.038000000000000000e+03
6.036000000000000000e+03
6.035000000000000000e+03
6.034000000000000000e+03
6.075000000000000000e+03
6.078000000000000000e+03
6.079000000000000000e+03
6.081000000000000000e+03
6.126000000000000000e+03
6.123000000000000000e+03
6.122000000000000000e+03
6.121000000000000000e+03
6.120000000000000000e+03
6.119000000000000000e+03
6.118000000000000000e+03
6.117000000000000000e+03
6.116000000000000000e+03
6.115000000000000000e+03
6.114000000000000000e+03
6.109000000000000000e+03
6.235000000000000000e+03
6.108000000000000000e+03
6.104000000000000000e+03
6.101000000000000000e+03
6.100000000000000000e+03
6.096000000000000000e+03
6.095000000000000000e+03
6.094000000000000000e+03
6.089000000000000000e+03
6.088000000000000000e+03
6.087000000000000000e+03
6.086000000000000000e+03
6.084000000000000000e+03
6.083000000000000000e+03
6.107000000000000000e+03
5.274000000000000000e+03
6.236000000000000000e+03
6.238000000000000000e+03
6.370000000000000000e+03
6.369000000000000000e+03
6.368000000000000000e+03
6.366000000000000000e+03
6.361000000000000000e+03
6.360000000000000000e+03
6.359000000000000000e+03
6.353000000000000000e+03
6.351000000000000000e+03
6.350000000000000000e+03
6.349000000000000000e+03
6.348000000000000000e+03
6.346000000000000000e+03
6.343000000000000000e+03
6.342000000000000000e+03
6.340000000000000000e+03
6.338000000000000000e+03
6.337000000000000000e+03
6.335000000000000000e+03
6.334000000000000000e+03
6.332000000000000000e+03
6.331000000000000000e+03
6.330000000000000000e+03
6.329000000000000000e+03
6.328000000000000000e+03
6.372000000000000000e+03
6.327000000000000000e+03
6.373000000000000000e+03
6.375000000000000000e+03
6.417000000000000000e+03
6.416000000000000000e+03
6.415000000000000000e+03
6.413000000000000000e+03
6.412000000000000000e+03
6.411000000000000000e+03
6.407000000000000000e+03
6.405000000000000000e+03
6.404000000000000000e+03
6.402000000000000000e+03
6.399000000000000000e+03
6.398000000000000000e+03
6.397000000000000000e+03
6.395000000000000000e+03
6.394000000000000000e+03
6.393000000000000000e+03
6.389000000000000000e+03
6.385000000000000000e+03
6.384000000000000000e+03
6.383000000000000000e+03
6.382000000000000000e+03
6.381000000000000000e+03
6.380000000000000000e+03
6.378000000000000000e+03
6.376000000000000000e+03
6.374000000000000000e+03
6.325000000000000000e+03
6.324000000000000000e+03
6.323000000000000000e+03
6.282000000000000000e+03
6.280000000000000000e+03
6.279000000000000000e+03
6.277000000000000000e+03
6.275000000000000000e+03
6.273000000000000000e+03
6.272000000000000000e+03
6.271000000000000000e+03
6.270000000000000000e+03
6.269000000000000000e+03
6.264000000000000000e+03
6.263000000000000000e+03
6.262000000000000000e+03
6.259000000000000000e+03
6.258000000000000000e+03
6.256000000000000000e+03
6.254000000000000000e+03
6.253000000000000000e+03
6.252000000000000000e+03
6.251000000000000000e+03
6.249000000000000000e+03
6.247000000000000000e+03
6.245000000000000000e+03
6.244000000000000000e+03
6.243000000000000000e+03
6.283000000000000000e+03
6.284000000000000000e+03
6.285000000000000000e+03
6.286000000000000000e+03
6.322000000000000000e+03
6.321000000000000000e+03
6.320000000000000000e+03
6.319000000000000000e+03
6.318000000000000000e+03
6.317000000000000000e+03
6.314000000000000000e+03
6.312000000000000000e+03
6.310000000000000000e+03
6.309000000000000000e+03
6.308000000000000000e+03
6.307000000000000000e+03
6.237000000000000000e+03
6.306000000000000000e+03
6.304000000000000000e+03
6.303000000000000000e+03
6.302000000000000000e+03
6.300000000000000000e+03
6.299000000000000000e+03
6.298000000000000000e+03
6.297000000000000000e+03
6.295000000000000000e+03
6.294000000000000000e+03
6.293000000000000000e+03
6.288000000000000000e+03
6.287000000000000000e+03
6.305000000000000000e+03
5.273000000000000000e+03
5.270000000000000000e+03
5.269000000000000000e+03
4.242000000000000000e+03
4.240000000000000000e+03
4.239000000000000000e+03
4.237000000000000000e+03
4.236000000000000000e+03
4.234000000000000000e+03
4.233000000000000000e+03
4.232000000000000000e+03
4.231000000000000000e+03
4.230000000000000000e+03
4.229000000000000000e+03
4.228000000000000000e+03
4.227000000000000000e+03
4.226000000000000000e+03
4.225000000000000000e+03
4.224000000000000000e+03
4.223000000000000000e+03
4.221000000000000000e+03
4.220000000000000000e+03
4.218000000000000000e+03
4.217000000000000000e+03
4.216000000000000000e+03
4.214000000000000000e+03
4.213000000000000000e+03
4.212000000000000000e+03
4.243000000000000000e+03
4.209000000000000000e+03
4.245000000000000000e+03
4.251000000000000000e+03
4.296000000000000000e+03
4.294000000000000000e+03
4.292000000000000000e+03
4.291000000000000000e+03
4.289000000000000000e+03
4.288000000000000000e+03
4.285000000000000000e+03
4.283000000000000000e+03
4.279000000000000000e+03
4.278000000000000000e+03
4.277000000000000000e+03
4.275000000000000000e+03
4.273000000000000000e+03
4.272000000000000000e+03
4.271000000000000000e+03
4.270000000000000000e+03
4.269000000000000000e+03
4.267000000000000000e+03
4.266000000000000000e+03
4.263000000000000000e+03
4.261000000000000000e+03
4.260000000000000000e+03
4.256000000000000000e+03
4.255000000000000000e+03
4.254000000000000000e+03
4.249000000000000000e+03
4.298000000000000000e+03
4.208000000000000000e+03
4.205000000000000000e+03
4.162000000000000000e+03
4.159000000000000000e+03
4.156000000000000000e+03
4.155000000000000000e+03
4.154000000000000000e+03
4.152000000000000000e+03
4.151000000000000000e+03
4.149000000000000000e+03
4.148000000000000000e+03
4.147000000000000000e+03
4.146000000000000000e+03
4.145000000000000000e+03
4.144000000000000000e+03
4.141000000000000000e+03
4.138000000000000000e+03
4.137000000000000000e+03
4.136000000000000000e+03
4.135000000000000000e+03
4.133000000000000000e+03
4.130000000000000000e+03
4.129000000000000000e+03
4.128000000000000000e+03
4.127000000000000000e+03
4.126000000000000000e+03
4.125000000000000000e+03
4.163000000000000000e+03
4.206000000000000000e+03
4.165000000000000000e+03
4.168000000000000000e+03
4.204000000000000000e+03
4.203000000000000000e+03
4.202000000000000000e+03
4.200000000000000000e+03
4.199000000000000000e+03
4.197000000000000000e+03
4.194000000000000000e+03
4.192000000000000000e+03
4.191000000000000000e+03
4.190000000000000000e+03
4.189000000000000000e+03
4.188000000000000000e+03
4.185000000000000000e+03
4.184000000000000000e+03
4.183000000000000000e+03
4.182000000000000000e+03
4.181000000000000000e+03
4.180000000000000000e+03
4.179000000000000000e+03
4.178000000000000000e+03
4.177000000000000000e+03
4.175000000000000000e+03
4.174000000000000000e+03
4.173000000000000000e+03
4.171000000000000000e+03
4.167000000000000000e+03
4.299000000000000000e+03
4.300000000000000000e+03
4.301000000000000000e+03
4.444000000000000000e+03
4.443000000000000000e+03
4.438000000000000000e+03
4.437000000000000000e+03
4.433000000000000000e+03
4.430000000000000000e+03
4.429000000000000000e+03
4.428000000000000000e+03
4.427000000000000000e+03
4.426000000000000000e+03
4.425000000000000000e+03
4.424000000000000000e+03
4.422000000000000000e+03
4.421000000000000000e+03
4.420000000000000000e+03
4.419000000000000000e+03
4.416000000000000000e+03
4.415000000000000000e+03
4.414000000000000000e+03
4.413000000000000000e+03
4.412000000000000000e+03
4.410000000000000000e+03
4.409000000000000000e+03
4.407000000000000000e+03
4.405000000000000000e+03
4.446000000000000000e+03
4.402000000000000000e+03
4.447000000000000000e+03
4.452000000000000000e+03
4.491000000000000000e+03
4.489000000000000000e+03
4.488000000000000000e+03
4.485000000000000000e+03
4.484000000000000000e+03
4.483000000000000000e+03
4.482000000000000000e+03
4.480000000000000000e+03
4.477000000000000000e+03
4.476000000000000000e+03
4.475000000000000000e+03
4.474000000000000000e+03
4.473000000000000000e+03
4.472000000000000000e+03
4.470000000000000000e+03
4.469000000000000000e+03
4.468000000000000000e+03
4.465000000000000000e+03
4.464000000000000000e+03
4.463000000000000000e+03
4.462000000000000000e+03
4.460000000000000000e+03
4.459000000000000000e+03
4.456000000000000000e+03
4.455000000000000000e+03
4.451000000000000000e+03
4.400000000000000000e+03
4.398000000000000000e+03
4.397000000000000000e+03
4.337000000000000000e+03
4.336000000000000000e+03
4.334000000000000000e+03
4.333000000000000000e+03
4.331000000000000000e+03
4.330000000000000000e+03
4.329000000000000000e+03
4.328000000000000000e+03
4.327000000000000000e+03
4.325000000000000000e+03
4.324000000000000000e+03
4.323000000000000000e+03
4.321000000000000000e+03
4.320000000000000000e+03
4.319000000000000000e+03
4.317000000000000000e+03
4.316000000000000000e+03
4.315000000000000000e+03
4.314000000000000000e+03
4.312000000000000000e+03
4.309000000000000000e+03
4.308000000000000000e+03
4.305000000000000000e+03
4.304000000000000000e+03
4.302000000000000000e+03
4.339000000000000000e+03
4.340000000000000000e+03
4.343000000000000000e+03
4.345000000000000000e+03
4.396000000000000000e+03
4.395000000000000000e+03
4.394000000000000000e+03
4.389000000000000000e+03
4.388000000000000000e+03
4.386000000000000000e+03
4.385000000000000000e+03
4.384000000000000000e+03
4.383000000000000000e+03
4.380000000000000000e+03
4.377000000000000000e+03
4.376000000000000000e+03
4.124000000000000000e+03
4.372000000000000000e+03
4.364000000000000000e+03
4.363000000000000000e+03
4.362000000000000000e+03
4.358000000000000000e+03
4.357000000000000000e+03
4.354000000000000000e+03
4.352000000000000000e+03
4.351000000000000000e+03
4.349000000000000000e+03
4.348000000000000000e+03
4.347000000000000000e+03
4.346000000000000000e+03
4.370000000000000000e+03
4.120000000000000000e+03
4.119000000000000000e+03
4.117000000000000000e+03
3.870000000000000000e+03
3.869000000000000000e+03
3.867000000000000000e+03
3.863000000000000000e+03
3.862000000000000000e+03
3.861000000000000000e+03
3.860000000000000000e+03
3.859000000000000000e+03
3.858000000000000000e+03
3.857000000000000000e+03
3.856000000000000000e+03
3.855000000000000000e+03
3.854000000000000000e+03
3.851000000000000000e+03
3.849000000000000000e+03
3.848000000000000000e+03
3.847000000000000000e+03
3.843000000000000000e+03
3.842000000000000000e+03
3.840000000000000000e+03
3.839000000000000000e+03
3.836000000000000000e+03
3.835000000000000000e+03
3.832000000000000000e+03
3.831000000000000000e+03
3.872000000000000000e+03
3.830000000000000000e+03
3.873000000000000000e+03
3.877000000000000000e+03
3.919000000000000000e+03
3.918000000000000000e+03
3.915000000000000000e+03
3.914000000000000000e+03
3.912000000000000000e+03
3.910000000000000000e+03
3.909000000000000000e+03
3.907000000000000000e+03
3.906000000000000000e+03
3.904000000000000000e+03
3.903000000000000000e+03
3.902000000000000000e+03
3.900000000000000000e+03
3.899000000000000000e+03
3.897000000000000000e+03
3.895000000000000000e+03
3.893000000000000000e+03
3.890000000000000000e+03
3.889000000000000000e+03
3.884000000000000000e+03
3.883000000000000000e+03
3.882000000000000000e+03
3.880000000000000000e+03
3.879000000000000000e+03
3.878000000000000000e+03
3.874000000000000000e+03
3.829000000000000000e+03
3.828000000000000000e+03
3.825000000000000000e+03
3.773000000000000000e+03
3.770000000000000000e+03
3.769000000000000000e+03
3.767000000000000000e+03
3.766000000000000000e+03
3.765000000000000000e+03
3.764000000000000000e+03
3.763000000000000000e+03
3.761000000000000000e+03
3.760000000000000000e+03
3.759000000000000000e+03
3.758000000000000000e+03
3.756000000000000000e+03
3.752000000000000000e+03
3.750000000000000000e+03
3.748000000000000000e+03
3.747000000000000000e+03
3.745000000000000000e+03
3.744000000000000000e+03
3.743000000000000000e+03
3.742000000000000000e+03
3.741000000000000000e+03
3.738000000000000000e+03
3.737000000000000000e+03
3.736000000000000000e+03
3.774000000000000000e+03
3.775000000000000000e+03
3.777000000000000000e+03
3.778000000000000000e+03
3.824000000000000000e+03
3.820000000000000000e+03
3.817000000000000000e+03
3.816000000000000000e+03
3.815000000000000000e+03
3.814000000000000000e+03
3.813000000000000000e+03
3.808000000000000000e+03
3.807000000000000000e+03
3.806000000000000000e+03
3.803000000000000000e+03
3.802000000000000000e+03
3.920000000000000000e+03
3.799000000000000000e+03
3.796000000000000000e+03
3.795000000000000000e+03
3.793000000000000000e+03
3.792000000000000000e+03
3.791000000000000000e+03
3.790000000000000000e+03
3.789000000000000000e+03
3.785000000000000000e+03
3.784000000000000000e+03
3.783000000000000000e+03
3.780000000000000000e+03
3.779000000000000000e+03
3.797000000000000000e+03
4.492000000000000000e+03
3.922000000000000000e+03
3.925000000000000000e+03
4.066000000000000000e+03
4.065000000000000000e+03
4.064000000000000000e+03
4.063000000000000000e+03
4.062000000000000000e+03
4.060000000000000000e+03
4.058000000000000000e+03
4.057000000000000000e+03
4.056000000000000000e+03
4.054000000000000000e+03
4.053000000000000000e+03
4.052000000000000000e+03
4.049000000000000000e+03
4.045000000000000000e+03
4.043000000000000000e+03
4.041000000000000000e+03
4.040000000000000000e+03
4.038000000000000000e+03
4.036000000000000000e+03
4.034000000000000000e+03
4.033000000000000000e+03
4.032000000000000000e+03
4.030000000000000000e+03
4.028000000000000000e+03
4.027000000000000000e+03
4.067000000000000000e+03
4.024000000000000000e+03
4.071000000000000000e+03
4.073000000000000000e+03
4.116000000000000000e+03
4.115000000000000000e+03
4.114000000000000000e+03
4.111000000000000000e+03
4.110000000000000000e+03
4.108000000000000000e+03
4.105000000000000000e+03
4.102000000000000000e+03
4.101000000000000000e+03
4.098000000000000000e+03
4.096000000000000000e+03
4.095000000000000000e+03
4.093000000000000000e+03
4.091000000000000000e+03
4.090000000000000000e+03
4.089000000000000000e+03
4.088000000000000000e+03
4.087000000000000000e+03
4.086000000000000000e+03
4.085000000000000000e+03
4.084000000000000000e+03
4.081000000000000000e+03
4.079000000000000000e+03
4.078000000000000000e+03
4.076000000000000000e+03
4.072000000000000000e+03
4.023000000000000000e+03
4.021000000000000000e+03
4.019000000000000000e+03
3.964000000000000000e+03
3.963000000000000000e+03
3.961000000000000000e+03
3.960000000000000000e+03
3.957000000000000000e+03
3.956000000000000000e+03
3.952000000000000000e+03
3.951000000000000000e+03
3.950000000000000000e+03
3.948000000000000000e+03
3.947000000000000000e+03
3.943000000000000000e+03
3.942000000000000000e+03
3.941000000000000000e+03
3.940000000000000000e+03
3.939000000000000000e+03
3.938000000000000000e+03
3.936000000000000000e+03
3.935000000000000000e+03
3.934000000000000000e+03
3.933000000000000000e+03
3.932000000000000000e+03
3.931000000000000000e+03
3.930000000000000000e+03
3.929000000000000000e+03
3.965000000000000000e+03
3.966000000000000000e+03
3.968000000000000000e+03
3.969000000000000000e+03
4.015000000000000000e+03
4.014000000000000000e+03
4.011000000000000000e+03
4.010000000000000000e+03
4.009000000000000000e+03
4.008000000000000000e+03
4.006000000000000000e+03
4.002000000000000000e+03
3.999000000000000000e+03
3.997000000000000000e+03
3.996000000000000000e+03
3.994000000000000000e+03
3.924000000000000000e+03
3.993000000000000000e+03
3.991000000000000000e+03
3.990000000000000000e+03
3.989000000000000000e+03
3.983000000000000000e+03
3.981000000000000000e+03
3.979000000000000000e+03
3.977000000000000000e+03
3.976000000000000000e+03
3.974000000000000000e+03
3.972000000000000000e+03
3.971000000000000000e+03
3.970000000000000000e+03
3.992000000000000000e+03
6.796000000000000000e+03
4.493000000000000000e+03
4.498000000000000000e+03
5.017000000000000000e+03
5.016000000000000000e+03
5.015000000000000000e+03
5.013000000000000000e+03
5.012000000000000000e+03
5.011000000000000000e+03
5.009000000000000000e+03
5.008000000000000000e+03
5.005000000000000000e+03
5.004000000000000000e+03
5.003000000000000000e+03
5.001000000000000000e+03
5.000000000000000000e+03
4.994000000000000000e+03
4.993000000000000000e+03
4.990000000000000000e+03
4.986000000000000000e+03
4.985000000000000000e+03
4.984000000000000000e+03
4.980000000000000000e+03
4.978000000000000000e+03
4.976000000000000000e+03
4.974000000000000000e+03
4.973000000000000000e+03
4.972000000000000000e+03
5.018000000000000000e+03
4.971000000000000000e+03
5.019000000000000000e+03
5.023000000000000000e+03
5.068000000000000000e+03
5.066000000000000000e+03
5.065000000000000000e+03
5.063000000000000000e+03
5.059000000000000000e+03
5.058000000000000000e+03
5.057000000000000000e+03
5.053000000000000000e+03
5.051000000000000000e+03
5.050000000000000000e+03
5.047000000000000000e+03
5.046000000000000000e+03
5.045000000000000000e+03
5.044000000000000000e+03
5.043000000000000000e+03
5.042000000000000000e+03
5.037000000000000000e+03
5.036000000000000000e+03
5.035000000000000000e+03
5.034000000000000000e+03
5.031000000000000000e+03
5.029000000000000000e+03
5.026000000000000000e+03
5.025000000000000000e+03
5.024000000000000000e+03
5.022000000000000000e+03
5.069000000000000000e+03
4.968000000000000000e+03
4.965000000000000000e+03
4.912000000000000000e+03
4.911000000000000000e+03
4.909000000000000000e+03
4.908000000000000000e+03
4.906000000000000000e+03
4.905000000000000000e+03
4.903000000000000000e+03
4.902000000000000000e+03
4.899000000000000000e+03
4.898000000000000000e+03
4.896000000000000000e+03
4.895000000000000000e+03
4.894000000000000000e+03
4.892000000000000000e+03
4.890000000000000000e+03
4.889000000000000000e+03
4.885000000000000000e+03
4.883000000000000000e+03
4.880000000000000000e+03
4.876000000000000000e+03
4.875000000000000000e+03
4.874000000000000000e+03
4.873000000000000000e+03
4.872000000000000000e+03
4.871000000000000000e+03
4.913000000000000000e+03
4.967000000000000000e+03
4.917000000000000000e+03
4.923000000000000000e+03
4.962000000000000000e+03
4.961000000000000000e+03
4.960000000000000000e+03
4.959000000000000000e+03
4.958000000000000000e+03
4.957000000000000000e+03
4.956000000000000000e+03
4.955000000000000000e+03
4.953000000000000000e+03
4.951000000000000000e+03
4.950000000000000000e+03
4.949000000000000000e+03
4.946000000000000000e+03
4.944000000000000000e+03
4.943000000000000000e+03
4.942000000000000000e+03
4.940000000000000000e+03
4.939000000000000000e+03
4.938000000000000000e+03
4.937000000000000000e+03
4.935000000000000000e+03
4.934000000000000000e+03
4.931000000000000000e+03
4.927000000000000000e+03
4.924000000000000000e+03
4.922000000000000000e+03
5.071000000000000000e+03
5.074000000000000000e+03
5.076000000000000000e+03
5.220000000000000000e+03
5.219000000000000000e+03
5.218000000000000000e+03
5.215000000000000000e+03
5.214000000000000000e+03
5.213000000000000000e+03
5.211000000000000000e+03
5.210000000000000000e+03
5.208000000000000000e+03
5.207000000000000000e+03
5.204000000000000000e+03
5.201000000000000000e+03
5.197000000000000000e+03
5.196000000000000000e+03
5.193000000000000000e+03
5.190000000000000000e+03
5.189000000000000000e+03
5.187000000000000000e+03
5.185000000000000000e+03
5.182000000000000000e+03
5.181000000000000000e+03
5.180000000000000000e+03
5.178000000000000000e+03
5.177000000000000000e+03
5.175000000000000000e+03
5.222000000000000000e+03
5.174000000000000000e+03
5.227000000000000000e+03
5.230000000000000000e+03
5.267000000000000000e+03
5.266000000000000000e+03
5.263000000000000000e+03
5.262000000000000000e+03
5.260000000000000000e+03
5.259000000000000000e+03
5.255000000000000000e+03
5.254000000000000000e+03
5.253000000000000000e+03
5.252000000000000000e+03
5.251000000000000000e+03
5.250000000000000000e+03
5.249000000000000000e+03
5.248000000000000000e+03
5.247000000000000000e+03
5.244000000000000000e+03
5.243000000000000000e+03
5.242000000000000000e+03
5.240000000000000000e+03
5.237000000000000000e+03
5.236000000000000000e+03
5.235000000000000000e+03
5.234000000000000000e+03
5.232000000000000000e+03
5.231000000000000000e+03
5.229000000000000000e+03
5.173000000000000000e+03
5.171000000000000000e+03
5.169000000000000000e+03
5.124000000000000000e+03
5.123000000000000000e+03
5.122000000000000000e+03
5.118000000000000000e+03
5.115000000000000000e+03
5.113000000000000000e+03
5.111000000000000000e+03
5.110000000000000000e+03
5.109000000000000000e+03
5.107000000000000000e+03
5.104000000000000000e+03
5.103000000000000000e+03
5.102000000000000000e+03
5.099000000000000000e+03
5.098000000000000000e+03
5.096000000000000000e+03
5.095000000000000000e+03
5.093000000000000000e+03
5.092000000000000000e+03
5.090000000000000000e+03
5.088000000000000000e+03
5.086000000000000000e+03
5.083000000000000000e+03
5.080000000000000000e+03
5.078000000000000000e+03
5.125000000000000000e+03
5.126000000000000000e+03
5.128000000000000000e+03
5.129000000000000000e+03
5.168000000000000000e+03
5.167000000000000000e+03
5.166000000000000000e+03
5.164000000000000000e+03
5.161000000000000000e+03
5.159000000000000000e+03
5.158000000000000000e+03
5.157000000000000000e+03
5.155000000000000000e+03
5.154000000000000000e+03
5.153000000000000000e+03
5.151000000000000000e+03
4.870000000000000000e+03
5.150000000000000000e+03
5.148000000000000000e+03
5.146000000000000000e+03
5.145000000000000000e+03
5.143000000000000000e+03
5.142000000000000000e+03
5.141000000000000000e+03
5.140000000000000000e+03
5.139000000000000000e+03
5.138000000000000000e+03
5.137000000000000000e+03
5.134000000000000000e+03
5.130000000000000000e+03
5.149000000000000000e+03
4.869000000000000000e+03
4.868000000000000000e+03
4.866000000000000000e+03
4.618000000000000000e+03
4.617000000000000000e+03
4.616000000000000000e+03
4.615000000000000000e+03
4.612000000000000000e+03
4.609000000000000000e+03
4.608000000000000000e+03
4.607000000000000000e+03
4.605000000000000000e+03
4.604000000000000000e+03
4.601000000000000000e+03
4.600000000000000000e+03
4.599000000000000000e+03
4.598000000000000000e+03
4.596000000000000000e+03
4.594000000000000000e+03
4.593000000000000000e+03
4.592000000000000000e+03
4.591000000000000000e+03
4.590000000000000000e+03
4.589000000000000000e+03
4.588000000000000000e+03
4.586000000000000000e+03
4.585000000000000000e+03
4.584000000000000000e+03
4.622000000000000000e+03
4.583000000000000000e+03
4.623000000000000000e+03
4.628000000000000000e+03
4.668000000000000000e+03
4.667000000000000000e+03
4.666000000000000000e+03
4.664000000000000000e+03
4.663000000000000000e+03
4.657000000000000000e+03
4.655000000000000000e+03
4.654000000000000000e+03
4.653000000000000000e+03
4.651000000000000000e+03
4.650000000000000000e+03
4.648000000000000000e+03
4.647000000000000000e+03
4.646000000000000000e+03
4.645000000000000000e+03
4.642000000000000000e+03
4.641000000000000000e+03
4.640000000000000000e+03
4.639000000000000000e+03
4.638000000000000000e+03
4.635000000000000000e+03
4.634000000000000000e+03
4.632000000000000000e+03
4.631000000000000000e+03
4.630000000000000000e+03
4.627000000000000000e+03
4.582000000000000000e+03
4.581000000000000000e+03
4.580000000000000000e+03
4.536000000000000000e+03
4.535000000000000000e+03
4.534000000000000000e+03
4.533000000000000000e+03
4.531000000000000000e+03
4.530000000000000000e+03
4.528000000000000000e+03
4.526000000000000000e+03
4.525000000000000000e+03
4.524000000000000000e+03
4.523000000000000000e+03
4.522000000000000000e+03
4.521000000000000000e+03
4.520000000000000000e+03
4.519000000000000000e+03
4.516000000000000000e+03
4.515000000000000000e+03
4.513000000000000000e+03
4.511000000000000000e+03
4.508000000000000000e+03
4.506000000000000000e+03
4.505000000000000000e+03
4.503000000000000000e+03
4.501000000000000000e+03
4.499000000000000000e+03
4.537000000000000000e+03
4.538000000000000000e+03
4.539000000000000000e+03
4.540000000000000000e+03
4.576000000000000000e+03
4.575000000000000000e+03
4.574000000000000000e+03
4.573000000000000000e+03
4.571000000000000000e+03
4.569000000000000000e+03
4.568000000000000000e+03
4.567000000000000000e+03
4.566000000000000000e+03
4.565000000000000000e+03
4.564000000000000000e+03
4.562000000000000000e+03
4.669000000000000000e+03
4.561000000000000000e+03
4.558000000000000000e+03
4.557000000000000000e+03
4.556000000000000000e+03
4.555000000000000000e+03
4.554000000000000000e+03
4.551000000000000000e+03
4.550000000000000000e+03
4.549000000000000000e+03
4.547000000000000000e+03
4.546000000000000000e+03
4.545000000000000000e+03
4.544000000000000000e+03
4.559000000000000000e+03
4.494000000000000000e+03
4.672000000000000000e+03
4.674000000000000000e+03
4.819000000000000000e+03
4.818000000000000000e+03
4.816000000000000000e+03
4.815000000000000000e+03
4.813000000000000000e+03
4.811000000000000000e+03
4.809000000000000000e+03
4.808000000000000000e+03
4.807000000000000000e+03
4.806000000000000000e+03
4.803000000000000000e+03
4.800000000000000000e+03
4.798000000000000000e+03
4.795000000000000000e+03
4.794000000000000000e+03
4.793000000000000000e+03
4.785000000000000000e+03
4.784000000000000000e+03
4.783000000000000000e+03
4.782000000000000000e+03
4.779000000000000000e+03
4.778000000000000000e+03
4.775000000000000000e+03
4.773000000000000000e+03
4.771000000000000000e+03
4.820000000000000000e+03
4.769000000000000000e+03
4.821000000000000000e+03
4.823000000000000000e+03
4.865000000000000000e+03
4.863000000000000000e+03
4.861000000000000000e+03
4.860000000000000000e+03
4.859000000000000000e+03
4.858000000000000000e+03
4.856000000000000000e+03
4.853000000000000000e+03
4.852000000000000000e+03
4.851000000000000000e+03
4.850000000000000000e+03
4.844000000000000000e+03
4.843000000000000000e+03
4.840000000000000000e+03
4.839000000000000000e+03
4.837000000000000000e+03
4.835000000000000000e+03
4.834000000000000000e+03
4.833000000000000000e+03
4.832000000000000000e+03
4.829000000000000000e+03
4.828000000000000000e+03
4.827000000000000000e+03
4.825000000000000000e+03
4.824000000000000000e+03
4.822000000000000000e+03
4.767000000000000000e+03
4.766000000000000000e+03
4.764000000000000000e+03
4.711000000000000000e+03
4.710000000000000000e+03
4.707000000000000000e+03
4.706000000000000000e+03
4.705000000000000000e+03
4.704000000000000000e+03
4.703000000000000000e+03
4.702000000000000000e+03
4.701000000000000000e+03
4.700000000000000000e+03
4.698000000000000000e+03
4.696000000000000000e+03
4.695000000000000000e+03
4.694000000000000000e+03
4.693000000000000000e+03
4.691000000000000000e+03
4.690000000000000000e+03
4.689000000000000000e+03
4.686000000000000000e+03
4.685000000000000000e+03
4.683000000000000000e+03
4.679000000000000000e+03
4.678000000000000000e+03
4.677000000000000000e+03
4.675000000000000000e+03
4.712000000000000000e+03
4.715000000000000000e+03
4.716000000000000000e+03
4.717000000000000000e+03
4.763000000000000000e+03
4.761000000000000000e+03
4.759000000000000000e+03
4.758000000000000000e+03
4.757000000000000000e+03
4.756000000000000000e+03
4.755000000000000000e+03
4.750000000000000000e+03
4.746000000000000000e+03
4.745000000000000000e+03
4.744000000000000000e+03
4.743000000000000000e+03
4.673000000000000000e+03
4.742000000000000000e+03
4.739000000000000000e+03
4.738000000000000000e+03
4.736000000000000000e+03
4.735000000000000000e+03
4.733000000000000000e+03
4.731000000000000000e+03
4.730000000000000000e+03
4.723000000000000000e+03
4.722000000000000000e+03
4.720000000000000000e+03
4.719000000000000000e+03
4.718000000000000000e+03
4.740000000000000000e+03
6.798000000000000000e+03
6.799000000000000000e+03
6.801000000000000000e+03
8.955000000000000000e+03
8.954000000000000000e+03
8.953000000000000000e+03
8.952000000000000000e+03
8.951000000000000000e+03
8.948000000000000000e+03
8.947000000000000000e+03
8.946000000000000000e+03
8.944000000000000000e+03
8.942000000000000000e+03
8.939000000000000000e+03
8.936000000000000000e+03
8.935000000000000000e+03
8.934000000000000000e+03
8.932000000000000000e+03
8.931000000000000000e+03
8.930000000000000000e+03
8.929000000000000000e+03
8.926000000000000000e+03
8.925000000000000000e+03
8.924000000000000000e+03
8.923000000000000000e+03
8.922000000000000000e+03
8.919000000000000000e+03
8.918000000000000000e+03
8.957000000000000000e+03
8.915000000000000000e+03
8.958000000000000000e+03
8.960000000000000000e+03
8.997000000000000000e+03
8.996000000000000000e+03
8.994000000000000000e+03
8.993000000000000000e+03
8.992000000000000000e+03
8.991000000000000000e+03
8.990000000000000000e+03
8.989000000000000000e+03
8.986000000000000000e+03
8.985000000000000000e+03
8.984000000000000000e+03
8.983000000000000000e+03
8.982000000000000000e+03
8.981000000000000000e+03
8.980000000000000000e+03
8.978000000000000000e+03
8.976000000000000000e+03
8.974000000000000000e+03
8.970000000000000000e+03
8.969000000000000000e+03
8.968000000000000000e+03
8.965000000000000000e+03
8.963000000000000000e+03
8.962000000000000000e+03
8.961000000000000000e+03
8.959000000000000000e+03
8.998000000000000000e+03
8.914000000000000000e+03
8.910000000000000000e+03
8.857000000000000000e+03
8.856000000000000000e+03
8.855000000000000000e+03
8.853000000000000000e+03
8.852000000000000000e+03
8.850000000000000000e+03
8.849000000000000000e+03
8.847000000000000000e+03
8.846000000000000000e+03
8.845000000000000000e+03
8.843000000000000000e+03
8.842000000000000000e+03
8.841000000000000000e+03
8.840000000000000000e+03
8.839000000000000000e+03
8.837000000000000000e+03
8.836000000000000000e+03
8.834000000000000000e+03
8.830000000000000000e+03
8.829000000000000000e+03
8.826000000000000000e+03
8.825000000000000000e+03
8.824000000000000000e+03
8.823000000000000000e+03
8.821000000000000000e+03
8.858000000000000000e+03
8.912000000000000000e+03
8.860000000000000000e+03
8.864000000000000000e+03
8.907000000000000000e+03
8.906000000000000000e+03
8.904000000000000000e+03
8.903000000000000000e+03
8.899000000000000000e+03
8.898000000000000000e+03
8.897000000000000000e+03
8.896000000000000000e+03
8.892000000000000000e+03
8.890000000000000000e+03
8.889000000000000000e+03
8.887000000000000000e+03
8.886000000000000000e+03
8.884000000000000000e+03
8.883000000000000000e+03
8.881000000000000000e+03
8.879000000000000000e+03
8.878000000000000000e+03
8.877000000000000000e+03
8.876000000000000000e+03
8.873000000000000000e+03
8.872000000000000000e+03
8.870000000000000000e+03
8.869000000000000000e+03
8.867000000000000000e+03
8.863000000000000000e+03
9.002000000000000000e+03
9.003000000000000000e+03
9.004000000000000000e+03
9.153000000000000000e+03
9.152000000000000000e+03
9.147000000000000000e+03
9.144000000000000000e+03
9.143000000000000000e+03
9.142000000000000000e+03
9.141000000000000000e+03
9.139000000000000000e+03
9.137000000000000000e+03
9.130000000000000000e+03
9.129000000000000000e+03
9.128000000000000000e+03
9.124000000000000000e+03
9.121000000000000000e+03
9.119000000000000000e+03
9.118000000000000000e+03
9.116000000000000000e+03
9.114000000000000000e+03
9.113000000000000000e+03
9.108000000000000000e+03
9.107000000000000000e+03
9.106000000000000000e+03
9.105000000000000000e+03
9.102000000000000000e+03
9.101000000000000000e+03
9.155000000000000000e+03
9.100000000000000000e+03
9.156000000000000000e+03
9.161000000000000000e+03
9.209000000000000000e+03
9.208000000000000000e+03
9.206000000000000000e+03
9.205000000000000000e+03
9.203000000000000000e+03
9.201000000000000000e+03
9.200000000000000000e+03
9.198000000000000000e+03
9.197000000000000000e+03
9.195000000000000000e+03
9.193000000000000000e+03
9.192000000000000000e+03
9.189000000000000000e+03
9.182000000000000000e+03
9.176000000000000000e+03
9.174000000000000000e+03
9.173000000000000000e+03
9.172000000000000000e+03
9.171000000000000000e+03
9.170000000000000000e+03
9.169000000000000000e+03
9.168000000000000000e+03
9.167000000000000000e+03
9.165000000000000000e+03
9.163000000000000000e+03
9.157000000000000000e+03
9.098000000000000000e+03
9.097000000000000000e+03
9.095000000000000000e+03
9.038000000000000000e+03
9.034000000000000000e+03
9.033000000000000000e+03
9.032000000000000000e+03
9.031000000000000000e+03
9.030000000000000000e+03
9.028000000000000000e+03
9.025000000000000000e+03
9.024000000000000000e+03
9.023000000000000000e+03
9.022000000000000000e+03
9.021000000000000000e+03
9.020000000000000000e+03
9.019000000000000000e+03
9.018000000000000000e+03
9.017000000000000000e+03
9.016000000000000000e+03
9.015000000000000000e+03
9.014000000000000000e+03
9.013000000000000000e+03
9.012000000000000000e+03
9.010000000000000000e+03
9.008000000000000000e+03
9.007000000000000000e+03
9.006000000000000000e+03
9.044000000000000000e+03
9.048000000000000000e+03
9.049000000000000000e+03
9.051000000000000000e+03
9.094000000000000000e+03
9.093000000000000000e+03
9.092000000000000000e+03
9.091000000000000000e+03
9.090000000000000000e+03
9.089000000000000000e+03
9.087000000000000000e+03
9.086000000000000000e+03
9.083000000000000000e+03
9.082000000000000000e+03
9.081000000000000000e+03
9.080000000000000000e+03
8.820000000000000000e+03
9.079000000000000000e+03
9.075000000000000000e+03
9.074000000000000000e+03
9.073000000000000000e+03
9.072000000000000000e+03
9.068000000000000000e+03
9.065000000000000000e+03
9.062000000000000000e+03
9.060000000000000000e+03
9.059000000000000000e+03
9.056000000000000000e+03
9.055000000000000000e+03
9.052000000000000000e+03
9.076000000000000000e+03
8.819000000000000000e+03
8.818000000000000000e+03
8.816000000000000000e+03
8.567000000000000000e+03
8.566000000000000000e+03
8.564000000000000000e+03
8.563000000000000000e+03
8.561000000000000000e+03
8.560000000000000000e+03
8.558000000000000000e+03
8.555000000000000000e+03
8.551000000000000000e+03
8.550000000000000000e+03
8.541000000000000000e+03
8.540000000000000000e+03
8.539000000000000000e+03
8.538000000000000000e+03
8.534000000000000000e+03
8.532000000000000000e+03
8.531000000000000000e+03
8.529000000000000000e+03
8.528000000000000000e+03
8.527000000000000000e+03
8.525000000000000000e+03
8.524000000000000000e+03
8.523000000000000000e+03
8.520000000000000000e+03
8.519000000000000000e+03
8.571000000000000000e+03
8.518000000000000000e+03
8.573000000000000000e+03
8.578000000000000000e+03
8.612000000000000000e+03
8.611000000000000000e+03
8.610000000000000000e+03
8.609000000000000000e+03
8.608000000000000000e+03
8.607000000000000000e+03
8.605000000000000000e+03
8.602000000000000000e+03
8.601000000000000000e+03
8.600000000000000000e+03
8.599000000000000000e+03
8.598000000000000000e+03
8.597000000000000000e+03
8.595000000000000000e+03
8.593000000000000000e+03
8.591000000000000000e+03
8.588000000000000000e+03
8.587000000000000000e+03
8.585000000000000000e+03
8.584000000000000000e+03
8.583000000000000000e+03
8.582000000000000000e+03
8.581000000000000000e+03
8.580000000000000000e+03
8.579000000000000000e+03
8.574000000000000000e+03
8.516000000000000000e+03
8.512000000000000000e+03
8.510000000000000000e+03
8.462000000000000000e+03
8.459000000000000000e+03
8.456000000000000000e+03
8.454000000000000000e+03
8.453000000000000000e+03
8.452000000000000000e+03
8.451000000000000000e+03
8.450000000000000000e+03
8.444000000000000000e+03
8.443000000000000000e+03
8.441000000000000000e+03
8.438000000000000000e+03
8.437000000000000000e+03
8.435000000000000000e+03
8.433000000000000000e+03
8.432000000000000000e+03
8.429000000000000000e+03
8.428000000000000000e+03
8.426000000000000000e+03
8.425000000000000000e+03
8.422000000000000000e+03
8.421000000000000000e+03
8.419000000000000000e+03
8.418000000000000000e+03
8.417000000000000000e+03
8.467000000000000000e+03
8.468000000000000000e+03
8.471000000000000000e+03
8.472000000000000000e+03
8.508000000000000000e+03
8.507000000000000000e+03
8.506000000000000000e+03
8.505000000000000000e+03
8.503000000000000000e+03
8.502000000000000000e+03
8.501000000000000000e+03
8.500000000000000000e+03
8.499000000000000000e+03
8.498000000000000000e+03
8.497000000000000000e+03
8.496000000000000000e+03
8.613000000000000000e+03
8.492000000000000000e+03
8.489000000000000000e+03
8.486000000000000000e+03
8.485000000000000000e+03
8.484000000000000000e+03
8.482000000000000000e+03
8.481000000000000000e+03
8.480000000000000000e+03
8.479000000000000000e+03
8.478000000000000000e+03
8.477000000000000000e+03
8.476000000000000000e+03
8.474000000000000000e+03
8.491000000000000000e+03
9.210000000000000000e+03
8.614000000000000000e+03
8.616000000000000000e+03
8.759000000000000000e+03
8.758000000000000000e+03
8.757000000000000000e+03
8.756000000000000000e+03
8.753000000000000000e+03
8.752000000000000000e+03
8.749000000000000000e+03
8.748000000000000000e+03
8.747000000000000000e+03
8.746000000000000000e+03
8.741000000000000000e+03
8.740000000000000000e+03
8.739000000000000000e+03
8.738000000000000000e+03
8.736000000000000000e+03
8.732000000000000000e+03
8.731000000000000000e+03
8.728000000000000000e+03
8.727000000000000000e+03
8.725000000000000000e+03
8.723000000000000000e+03
8.721000000000000000e+03
8.719000000000000000e+03
8.716000000000000000e+03
8.715000000000000000e+03
8.761000000000000000e+03
8.713000000000000000e+03
8.764000000000000000e+03
8.768000000000000000e+03
8.813000000000000000e+03
8.811000000000000000e+03
8.807000000000000000e+03
8.806000000000000000e+03
8.801000000000000000e+03
8.797000000000000000e+03
8.796000000000000000e+03
8.795000000000000000e+03
8.794000000000000000e+03
8.792000000000000000e+03
8.791000000000000000e+03
8.790000000000000000e+03
8.789000000000000000e+03
8.787000000000000000e+03
8.786000000000000000e+03
8.785000000000000000e+03
8.784000000000000000e+03
8.782000000000000000e+03
8.781000000000000000e+03
8.780000000000000000e+03
8.778000000000000000e+03
8.776000000000000000e+03
8.774000000000000000e+03
8.773000000000000000e+03
8.769000000000000000e+03
8.767000000000000000e+03
8.711000000000000000e+03
8.710000000000000000e+03
8.708000000000000000e+03
8.655000000000000000e+03
8.653000000000000000e+03
8.652000000000000000e+03
8.651000000000000000e+03
8.650000000000000000e+03
8.648000000000000000e+03
8.647000000000000000e+03
8.646000000000000000e+03
8.645000000000000000e+03
8.644000000000000000e+03
8.642000000000000000e+03
8.641000000000000000e+03
8.640000000000000000e+03
8.639000000000000000e+03
8.638000000000000000e+03
8.637000000000000000e+03
8.636000000000000000e+03
8.632000000000000000e+03
8.626000000000000000e+03
8.625000000000000000e+03
8.624000000000000000e+03
8.622000000000000000e+03
8.621000000000000000e+03
8.618000000000000000e+03
8.617000000000000000e+03
8.656000000000000000e+03
8.660000000000000000e+03
8.661000000000000000e+03
8.668000000000000000e+03
8.706000000000000000e+03
8.705000000000000000e+03
8.704000000000000000e+03
8.703000000000000000e+03
8.702000000000000000e+03
8.701000000000000000e+03
8.700000000000000000e+03
8.699000000000000000e+03
8.698000000000000000e+03
8.695000000000000000e+03
8.690000000000000000e+03
8.689000000000000000e+03
8.615000000000000000e+03
8.688000000000000000e+03
8.686000000000000000e+03
8.685000000000000000e+03
8.682000000000000000e+03
8.681000000000000000e+03
8.680000000000000000e+03
8.678000000000000000e+03
8.677000000000000000e+03
8.675000000000000000e+03
8.674000000000000000e+03
8.672000000000000000e+03
8.671000000000000000e+03
8.669000000000000000e+03
8.687000000000000000e+03
8.416000000000000000e+03
9.213000000000000000e+03
9.219000000000000000e+03
9.749000000000000000e+03
9.748000000000000000e+03
9.747000000000000000e+03
9.745000000000000000e+03
9.743000000000000000e+03
9.742000000000000000e+03
9.738000000000000000e+03
9.737000000000000000e+03
9.736000000000000000e+03
9.735000000000000000e+03
9.733000000000000000e+03
9.732000000000000000e+03
9.729000000000000000e+03
9.728000000000000000e+03
9.727000000000000000e+03
9.726000000000000000e+03
9.725000000000000000e+03
9.724000000000000000e+03
9.722000000000000000e+03
9.720000000000000000e+03
9.719000000000000000e+03
9.718000000000000000e+03
9.717000000000000000e+03
9.716000000000000000e+03
9.711000000000000000e+03
9.750000000000000000e+03
9.710000000000000000e+03
9.752000000000000000e+03
9.755000000000000000e+03
9.798000000000000000e+03
9.797000000000000000e+03
9.796000000000000000e+03
9.795000000000000000e+03
9.792000000000000000e+03
9.790000000000000000e+03
9.789000000000000000e+03
9.788000000000000000e+03
9.786000000000000000e+03
9.785000000000000000e+03
9.782000000000000000e+03
9.780000000000000000e+03
9.779000000000000000e+03
9.776000000000000000e+03
9.773000000000000000e+03
9.772000000000000000e+03
9.770000000000000000e+03
9.768000000000000000e+03
9.767000000000000000e+03
9.765000000000000000e+03
9.762000000000000000e+03
9.760000000000000000e+03
9.759000000000000000e+03
9.758000000000000000e+03
9.756000000000000000e+03
9.753000000000000000e+03
9.799000000000000000e+03
9.708000000000000000e+03
9.705000000000000000e+03
9.647000000000000000e+03
9.646000000000000000e+03
9.645000000000000000e+03
9.643000000000000000e+03
9.640000000000000000e+03
9.639000000000000000e+03
9.638000000000000000e+03
9.637000000000000000e+03
9.635000000000000000e+03
9.634000000000000000e+03
9.633000000000000000e+03
9.630000000000000000e+03
9.629000000000000000e+03
9.627000000000000000e+03
9.625000000000000000e+03
9.624000000000000000e+03
9.623000000000000000e+03
9.622000000000000000e+03
9.619000000000000000e+03
9.613000000000000000e+03
9.611000000000000000e+03
9.610000000000000000e+03
9.609000000000000000e+03
9.607000000000000000e+03
9.605000000000000000e+03
9.648000000000000000e+03
9.706000000000000000e+03
9.650000000000000000e+03
9.653000000000000000e+03
9.704000000000000000e+03
9.701000000000000000e+03
9.700000000000000000e+03
9.699000000000000000e+03
9.698000000000000000e+03
9.697000000000000000e+03
9.696000000000000000e+03
9.693000000000000000e+03
9.690000000000000000e+03
9.688000000000000000e+03
9.687000000000000000e+03
9.683000000000000000e+03
9.682000000000000000e+03
9.681000000000000000e+03
9.680000000000000000e+03
9.675000000000000000e+03
9.674000000000000000e+03
9.669000000000000000e+03
9.667000000000000000e+03
9.666000000000000000e+03
9.663000000000000000e+03
9.661000000000000000e+03
9.660000000000000000e+03
9.659000000000000000e+03
9.656000000000000000e+03
9.651000000000000000e+03
9.801000000000000000e+03
9.802000000000000000e+03
9.803000000000000000e+03
9.943000000000000000e+03
9.941000000000000000e+03
9.938000000000000000e+03
9.934000000000000000e+03
9.933000000000000000e+03
9.932000000000000000e+03
9.931000000000000000e+03
9.930000000000000000e+03
9.929000000000000000e+03
9.926000000000000000e+03
9.925000000000000000e+03
9.923000000000000000e+03
9.921000000000000000e+03
9.920000000000000000e+03
9.919000000000000000e+03
9.918000000000000000e+03
9.917000000000000000e+03
9.916000000000000000e+03
9.915000000000000000e+03
9.914000000000000000e+03
9.913000000000000000e+03
9.912000000000000000e+03
9.909000000000000000e+03
9.907000000000000000e+03
9.906000000000000000e+03
9.944000000000000000e+03
9.904000000000000000e+03
9.947000000000000000e+03
9.952000000000000000e+03
9.996000000000000000e+03
9.995000000000000000e+03
9.991000000000000000e+03
9.989000000000000000e+03
9.988000000000000000e+03
9.987000000000000000e+03
9.986000000000000000e+03
9.983000000000000000e+03
9.982000000000000000e+03
9.981000000000000000e+03
9.979000000000000000e+03
9.978000000000000000e+03
9.977000000000000000e+03
9.976000000000000000e+03
9.975000000000000000e+03
9.973000000000000000e+03
9.972000000000000000e+03
9.970000000000000000e+03
9.969000000000000000e+03
9.965000000000000000e+03
9.962000000000000000e+03
9.960000000000000000e+03
9.958000000000000000e+03
9.956000000000000000e+03
9.955000000000000000e+03
9.950000000000000000e+03
9.902000000000000000e+03
9.900000000000000000e+03
9.899000000000000000e+03
9.848000000000000000e+03
9.846000000000000000e+03
9.842000000000000000e+03
9.841000000000000000e+03
9.839000000000000000e+03
9.837000000000000000e+03
9.836000000000000000e+03
9.832000000000000000e+03
9.830000000000000000e+03
9.829000000000000000e+03
9.828000000000000000e+03
9.827000000000000000e+03
9.825000000000000000e+03
9.824000000000000000e+03
9.823000000000000000e+03
9.821000000000000000e+03
9.818000000000000000e+03
9.815000000000000000e+03
9.813000000000000000e+03
9.811000000000000000e+03
9.810000000000000000e+03
9.808000000000000000e+03
9.807000000000000000e+03
9.806000000000000000e+03
9.805000000000000000e+03
9.849000000000000000e+03
9.850000000000000000e+03
9.852000000000000000e+03
9.855000000000000000e+03
9.894000000000000000e+03
9.893000000000000000e+03
9.892000000000000000e+03
9.890000000000000000e+03
9.889000000000000000e+03
9.888000000000000000e+03
9.887000000000000000e+03
9.886000000000000000e+03
9.885000000000000000e+03
9.884000000000000000e+03
9.883000000000000000e+03
9.882000000000000000e+03
9.604000000000000000e+03
9.878000000000000000e+03
9.875000000000000000e+03
9.874000000000000000e+03
9.873000000000000000e+03
9.871000000000000000e+03
9.870000000000000000e+03
9.868000000000000000e+03
9.867000000000000000e+03
9.866000000000000000e+03
9.864000000000000000e+03
9.860000000000000000e+03
9.857000000000000000e+03
9.856000000000000000e+03
9.877000000000000000e+03
9.602000000000000000e+03
9.601000000000000000e+03
9.600000000000000000e+03
9.355000000000000000e+03
9.353000000000000000e+03
9.351000000000000000e+03
9.350000000000000000e+03
9.349000000000000000e+03
9.348000000000000000e+03
9.347000000000000000e+03
9.345000000000000000e+03
9.343000000000000000e+03
9.342000000000000000e+03
9.339000000000000000e+03
9.338000000000000000e+03
9.336000000000000000e+03
9.334000000000000000e+03
9.333000000000000000e+03
9.332000000000000000e+03
9.331000000000000000e+03
9.330000000000000000e+03
9.328000000000000000e+03
9.327000000000000000e+03
9.326000000000000000e+03
9.325000000000000000e+03
9.322000000000000000e+03
9.321000000000000000e+03
9.320000000000000000e+03
9.356000000000000000e+03
9.318000000000000000e+03
9.357000000000000000e+03
9.362000000000000000e+03
9.414000000000000000e+03
9.413000000000000000e+03
9.412000000000000000e+03
9.409000000000000000e+03
9.408000000000000000e+03
9.406000000000000000e+03
9.405000000000000000e+03
9.402000000000000000e+03
9.400000000000000000e+03
9.399000000000000000e+03
9.397000000000000000e+03
9.396000000000000000e+03
9.391000000000000000e+03
9.389000000000000000e+03
9.386000000000000000e+03
9.384000000000000000e+03
9.381000000000000000e+03
9.379000000000000000e+03
9.377000000000000000e+03
9.374000000000000000e+03
9.373000000000000000e+03
9.372000000000000000e+03
9.369000000000000000e+03
9.367000000000000000e+03
9.364000000000000000e+03
9.359000000000000000e+03
9.317000000000000000e+03
9.316000000000000000e+03
9.314000000000000000e+03
9.259000000000000000e+03
9.258000000000000000e+03
9.256000000000000000e+03
9.255000000000000000e+03
9.254000000000000000e+03
9.252000000000000000e+03
9.251000000000000000e+03
9.248000000000000000e+03
9.247000000000000000e+03
9.246000000000000000e+03
9.243000000000000000e+03
9.242000000000000000e+03
9.239000000000000000e+03
9.238000000000000000e+03
9.236000000000000000e+03
9.234000000000000000e+03
9.233000000000000000e+03
9.231000000000000000e+03
9.230000000000000000e+03
9.229000000000000000e+03
9.224000000000000000e+03
9.223000000000000000e+03
9.222000000000000000e+03
9.221000000000000000e+03
9.220000000000000000e+03
9.262000000000000000e+03
9.265000000000000000e+03
9.267000000000000000e+03
9.270000000000000000e+03
9.313000000000000000e+03
9.312000000000000000e+03
9.310000000000000000e+03
9.307000000000000000e+03
9.305000000000000000e+03
9.304000000000000000e+03
9.300000000000000000e+03
9.298000000000000000e+03
9.297000000000000000e+03
9.296000000000000000e+03
9.294000000000000000e+03
9.293000000000000000e+03
9.416000000000000000e+03
9.292000000000000000e+03
9.289000000000000000e+03
9.288000000000000000e+03
9.287000000000000000e+03
9.286000000000000000e+03
9.285000000000000000e+03
9.284000000000000000e+03
9.280000000000000000e+03
9.279000000000000000e+03
9.277000000000000000e+03
9.275000000000000000e+03
9.274000000000000000e+03
9.273000000000000000e+03
9.290000000000000000e+03
9.218000000000000000e+03
9.419000000000000000e+03
9.421000000000000000e+03
9.555000000000000000e+03
9.553000000000000000e+03
9.552000000000000000e+03
9.551000000000000000e+03
9.550000000000000000e+03
9.549000000000000000e+03
9.547000000000000000e+03
9.546000000000000000e+03
9.545000000000000000e+03
9.544000000000000000e+03
9.543000000000000000e+03
9.539000000000000000e+03
9.537000000000000000e+03
9.536000000000000000e+03
9.534000000000000000e+03
9.533000000000000000e+03
9.528000000000000000e+03
9.527000000000000000e+03
9.526000000000000000e+03
9.525000000000000000e+03
9.520000000000000000e+03
9.518000000000000000e+03
9.516000000000000000e+03
9.515000000000000000e+03
9.514000000000000000e+03
9.557000000000000000e+03
9.513000000000000000e+03
9.558000000000000000e+03
9.561000000000000000e+03
9.598000000000000000e+03
9.596000000000000000e+03
9.595000000000000000e+03
9.593000000000000000e+03
9.592000000000000000e+03
9.591000000000000000e+03
9.587000000000000000e+03
9.586000000000000000e+03
9.584000000000000000e+03
9.583000000000000000e+03
9.582000000000000000e+03
9.581000000000000000e+03
9.579000000000000000e+03
9.578000000000000000e+03
9.577000000000000000e+03
9.576000000000000000e+03
9.575000000000000000e+03
9.574000000000000000e+03
9.573000000000000000e+03
9.571000000000000000e+03
9.570000000000000000e+03
9.569000000000000000e+03
9.567000000000000000e+03
9.565000000000000000e+03
9.564000000000000000e+03
9.560000000000000000e+03
9.512000000000000000e+03
9.510000000000000000e+03
9.508000000000000000e+03
9.463000000000000000e+03
9.462000000000000000e+03
9.460000000000000000e+03
9.459000000000000000e+03
9.457000000000000000e+03
9.456000000000000000e+03
9.454000000000000000e+03
9.452000000000000000e+03
9.450000000000000000e+03
9.449000000000000000e+03
9.448000000000000000e+03
9.446000000000000000e+03
9.444000000000000000e+03
9.443000000000000000e+03
9.442000000000000000e+03
9.440000000000000000e+03
9.439000000000000000e+03
9.438000000000000000e+03
9.437000000000000000e+03
9.436000000000000000e+03
9.435000000000000000e+03
9.428000000000000000e+03
9.426000000000000000e+03
9.425000000000000000e+03
9.424000000000000000e+03
9.465000000000000000e+03
9.466000000000000000e+03
9.468000000000000000e+03
9.469000000000000000e+03
9.507000000000000000e+03
9.506000000000000000e+03
9.505000000000000000e+03
9.504000000000000000e+03
9.503000000000000000e+03
9.502000000000000000e+03
9.501000000000000000e+03
9.500000000000000000e+03
9.495000000000000000e+03
9.494000000000000000e+03
9.493000000000000000e+03
9.492000000000000000e+03
9.420000000000000000e+03
9.491000000000000000e+03
9.488000000000000000e+03
9.487000000000000000e+03
9.485000000000000000e+03
9.483000000000000000e+03
9.481000000000000000e+03
9.479000000000000000e+03
9.478000000000000000e+03
9.476000000000000000e+03
9.475000000000000000e+03
9.474000000000000000e+03
9.472000000000000000e+03
9.471000000000000000e+03
9.490000000000000000e+03
3.735000000000000000e+03
8.415000000000000000e+03
8.412000000000000000e+03
7.337000000000000000e+03
7.336000000000000000e+03
7.335000000000000000e+03
7.332000000000000000e+03
7.330000000000000000e+03
7.329000000000000000e+03
7.327000000000000000e+03
7.326000000000000000e+03
7.325000000000000000e+03
7.323000000000000000e+03
7.321000000000000000e+03
7.319000000000000000e+03
7.318000000000000000e+03
7.315000000000000000e+03
7.314000000000000000e+03
7.313000000000000000e+03
7.311000000000000000e+03
7.309000000000000000e+03
7.308000000000000000e+03
7.307000000000000000e+03
7.306000000000000000e+03
7.304000000000000000e+03
7.303000000000000000e+03
7.302000000000000000e+03
7.301000000000000000e+03
7.338000000000000000e+03
7.300000000000000000e+03
7.340000000000000000e+03
7.342000000000000000e+03
7.374000000000000000e+03
7.371000000000000000e+03
7.370000000000000000e+03
7.369000000000000000e+03
7.367000000000000000e+03
7.366000000000000000e+03
7.364000000000000000e+03
7.362000000000000000e+03
7.361000000000000000e+03
7.360000000000000000e+03
7.358000000000000000e+03
7.357000000000000000e+03
7.355000000000000000e+03
7.354000000000000000e+03
7.353000000000000000e+03
7.352000000000000000e+03
7.351000000000000000e+03
7.350000000000000000e+03
7.349000000000000000e+03
7.348000000000000000e+03
7.347000000000000000e+03
7.346000000000000000e+03
7.345000000000000000e+03
7.344000000000000000e+03
7.343000000000000000e+03
7.341000000000000000e+03
7.375000000000000000e+03
7.298000000000000000e+03
7.296000000000000000e+03
7.245000000000000000e+03
7.239000000000000000e+03
7.238000000000000000e+03
7.237000000000000000e+03
7.236000000000000000e+03
7.235000000000000000e+03
7.234000000000000000e+03
7.233000000000000000e+03
7.232000000000000000e+03
7.231000000000000000e+03
7.230000000000000000e+03
7.229000000000000000e+03
7.228000000000000000e+03
7.227000000000000000e+03
7.225000000000000000e+03
7.222000000000000000e+03
7.219000000000000000e+03
7.217000000000000000e+03
7.216000000000000000e+03
7.215000000000000000e+03
7.213000000000000000e+03
7.212000000000000000e+03
7.209000000000000000e+03
7.206000000000000000e+03
7.204000000000000000e+03
7.246000000000000000e+03
7.297000000000000000e+03
7.248000000000000000e+03
7.250000000000000000e+03
7.295000000000000000e+03
7.294000000000000000e+03
7.290000000000000000e+03
7.289000000000000000e+03
7.288000000000000000e+03
7.286000000000000000e+03
7.285000000000000000e+03
7.281000000000000000e+03
7.280000000000000000e+03
7.274000000000000000e+03
7.273000000000000000e+03
7.272000000000000000e+03
7.271000000000000000e+03
7.267000000000000000e+03
7.266000000000000000e+03
7.264000000000000000e+03
7.263000000000000000e+03
7.261000000000000000e+03
7.260000000000000000e+03
7.259000000000000000e+03
7.256000000000000000e+03
7.255000000000000000e+03
7.253000000000000000e+03
7.252000000000000000e+03
7.251000000000000000e+03
7.249000000000000000e+03
7.376000000000000000e+03
7.377000000000000000e+03
7.378000000000000000e+03
7.545000000000000000e+03
7.540000000000000000e+03
7.539000000000000000e+03
7.538000000000000000e+03
7.537000000000000000e+03
7.536000000000000000e+03
7.533000000000000000e+03
7.532000000000000000e+03
7.531000000000000000e+03
7.530000000000000000e+03
7.529000000000000000e+03
7.528000000000000000e+03
7.526000000000000000e+03
7.524000000000000000e+03
7.522000000000000000e+03
7.521000000000000000e+03
7.520000000000000000e+03
7.519000000000000000e+03
7.518000000000000000e+03
7.517000000000000000e+03
7.514000000000000000e+03
7.513000000000000000e+03
7.512000000000000000e+03
7.510000000000000000e+03
7.509000000000000000e+03
7.546000000000000000e+03
7.508000000000000000e+03
7.547000000000000000e+03
7.550000000000000000e+03
7.591000000000000000e+03
7.588000000000000000e+03
7.587000000000000000e+03
7.584000000000000000e+03
7.583000000000000000e+03
7.582000000000000000e+03
7.581000000000000000e+03
7.580000000000000000e+03
7.578000000000000000e+03
7.577000000000000000e+03
7.576000000000000000e+03
7.575000000000000000e+03
7.574000000000000000e+03
7.573000000000000000e+03
7.572000000000000000e+03
7.570000000000000000e+03
7.567000000000000000e+03
7.566000000000000000e+03
7.565000000000000000e+03
7.563000000000000000e+03
7.561000000000000000e+03
7.558000000000000000e+03
7.557000000000000000e+03
7.554000000000000000e+03
7.551000000000000000e+03
7.548000000000000000e+03
7.503000000000000000e+03
7.500000000000000000e+03
7.497000000000000000e+03
7.431000000000000000e+03
7.428000000000000000e+03
7.425000000000000000e+03
7.419000000000000000e+03
7.418000000000000000e+03
7.417000000000000000e+03
7.416000000000000000e+03
7.414000000000000000e+03
7.412000000000000000e+03
7.410000000000000000e+03
7.409000000000000000e+03
7.408000000000000000e+03
7.406000000000000000e+03
7.404000000000000000e+03
7.402000000000000000e+03
7.400000000000000000e+03
7.398000000000000000e+03
7.396000000000000000e+03
7.391000000000000000e+03
7.390000000000000000e+03
7.385000000000000000e+03
7.383000000000000000e+03
7.382000000000000000e+03
7.380000000000000000e+03
7.379000000000000000e+03
7.434000000000000000e+03
7.436000000000000000e+03
7.437000000000000000e+03
7.440000000000000000e+03
7.495000000000000000e+03
7.494000000000000000e+03
7.493000000000000000e+03
7.488000000000000000e+03
7.487000000000000000e+03
7.485000000000000000e+03
7.483000000000000000e+03
7.482000000000000000e+03
7.480000000000000000e+03
7.479000000000000000e+03
7.477000000000000000e+03
7.475000000000000000e+03
7.203000000000000000e+03
7.468000000000000000e+03
7.465000000000000000e+03
7.464000000000000000e+03
7.460000000000000000e+03
7.459000000000000000e+03
7.456000000000000000e+03
7.453000000000000000e+03
7.452000000000000000e+03
7.448000000000000000e+03
7.447000000000000000e+03
7.446000000000000000e+03
7.445000000000000000e+03
7.442000000000000000e+03
7.467000000000000000e+03
7.202000000000000000e+03
7.200000000000000000e+03
7.199000000000000000e+03
6.946000000000000000e+03
6.943000000000000000e+03
6.936000000000000000e+03
6.935000000000000000e+03
6.934000000000000000e+03
6.933000000000000000e+03
6.931000000000000000e+03
6.930000000000000000e+03
6.929000000000000000e+03
6.928000000000000000e+03
6.924000000000000000e+03
6.922000000000000000e+03
6.921000000000000000e+03
6.920000000000000000e+03
6.919000000000000000e+03
6.918000000000000000e+03
6.916000000000000000e+03
6.915000000000000000e+03
6.911000000000000000e+03
6.910000000000000000e+03
6.908000000000000000e+03
6.907000000000000000e+03
6.906000000000000000e+03
6.905000000000000000e+03
6.904000000000000000e+03
6.947000000000000000e+03
6.903000000000000000e+03
6.948000000000000000e+03
6.950000000000000000e+03
6.997000000000000000e+03
6.994000000000000000e+03
6.991000000000000000e+03
6.989000000000000000e+03
6.988000000000000000e+03
6.987000000000000000e+03
6.985000000000000000e+03
6.983000000000000000e+03
6.978000000000000000e+03
6.977000000000000000e+03
6.976000000000000000e+03
6.973000000000000000e+03
6.970000000000000000e+03
6.968000000000000000e+03
6.966000000000000000e+03
6.961000000000000000e+03
6.960000000000000000e+03
6.959000000000000000e+03
6.958000000000000000e+03
6.956000000000000000e+03
6.955000000000000000e+03
6.954000000000000000e+03
6.953000000000000000e+03
6.952000000000000000e+03
6.951000000000000000e+03
6.949000000000000000e+03
6.902000000000000000e+03
6.900000000000000000e+03
6.899000000000000000e+03
6.842000000000000000e+03
6.841000000000000000e+03
6.840000000000000000e+03
6.839000000000000000e+03
6.836000000000000000e+03
6.835000000000000000e+03
6.834000000000000000e+03
6.831000000000000000e+03
6.829000000000000000e+03
6.828000000000000000e+03
6.827000000000000000e+03
6.826000000000000000e+03
6.824000000000000000e+03
6.823000000000000000e+03
6.822000000000000000e+03
6.820000000000000000e+03
6.816000000000000000e+03
6.813000000000000000e+03
6.812000000000000000e+03
6.810000000000000000e+03
6.806000000000000000e+03
6.805000000000000000e+03
6.804000000000000000e+03
6.803000000000000000e+03
6.802000000000000000e+03
6.843000000000000000e+03
6.844000000000000000e+03
6.848000000000000000e+03
6.849000000000000000e+03
6.898000000000000000e+03
6.897000000000000000e+03
6.894000000000000000e+03
6.889000000000000000e+03
6.888000000000000000e+03
6.885000000000000000e+03
6.884000000000000000e+03
6.883000000000000000e+03
6.882000000000000000e+03
6.880000000000000000e+03
6.878000000000000000e+03
6.877000000000000000e+03
6.998000000000000000e+03
6.874000000000000000e+03
6.871000000000000000e+03
6.866000000000000000e+03
6.865000000000000000e+03
6.860000000000000000e+03
6.858000000000000000e+03
6.857000000000000000e+03
6.856000000000000000e+03
6.855000000000000000e+03
6.853000000000000000e+03
6.852000000000000000e+03
6.851000000000000000e+03
6.850000000000000000e+03
6.872000000000000000e+03
7.593000000000000000e+03
6.999000000000000000e+03
7.004000000000000000e+03
7.152000000000000000e+03
7.151000000000000000e+03
7.150000000000000000e+03
7.149000000000000000e+03
7.146000000000000000e+03
7.144000000000000000e+03
7.143000000000000000e+03
7.142000000000000000e+03
7.140000000000000000e+03
7.139000000000000000e+03
7.138000000000000000e+03
7.134000000000000000e+03
7.132000000000000000e+03
7.131000000000000000e+03
7.130000000000000000e+03
7.129000000000000000e+03
7.127000000000000000e+03
7.124000000000000000e+03
7.115000000000000000e+03
7.114000000000000000e+03
7.112000000000000000e+03
7.107000000000000000e+03
7.106000000000000000e+03
7.103000000000000000e+03
7.099000000000000000e+03
7.153000000000000000e+03
7.098000000000000000e+03
7.154000000000000000e+03
7.156000000000000000e+03
7.197000000000000000e+03
7.195000000000000000e+03
7.194000000000000000e+03
7.193000000000000000e+03
7.191000000000000000e+03
7.190000000000000000e+03
7.189000000000000000e+03
7.186000000000000000e+03
7.184000000000000000e+03
7.181000000000000000e+03
7.178000000000000000e+03
7.177000000000000000e+03
7.175000000000000000e+03
7.173000000000000000e+03
7.171000000000000000e+03
7.170000000000000000e+03
7.169000000000000000e+03
7.167000000000000000e+03
7.165000000000000000e+03
7.164000000000000000e+03
7.163000000000000000e+03
7.162000000000000000e+03
7.161000000000000000e+03
7.160000000000000000e+03
7.159000000000000000e+03
7.155000000000000000e+03
7.096000000000000000e+03
7.095000000000000000e+03
7.094000000000000000e+03
7.040000000000000000e+03
7.039000000000000000e+03
7.038000000000000000e+03
7.037000000000000000e+03
7.036000000000000000e+03
7.035000000000000000e+03
7.034000000000000000e+03
7.031000000000000000e+03
7.030000000000000000e+03
7.029000000000000000e+03
7.027000000000000000e+03
7.026000000000000000e+03
7.024000000000000000e+03
7.023000000000000000e+03
7.021000000000000000e+03
7.020000000000000000e+03
7.019000000000000000e+03
7.018000000000000000e+03
7.016000000000000000e+03
7.014000000000000000e+03
7.013000000000000000e+03
7.012000000000000000e+03
7.009000000000000000e+03
7.008000000000000000e+03
7.005000000000000000e+03
7.041000000000000000e+03
7.046000000000000000e+03
7.047000000000000000e+03
7.051000000000000000e+03
7.092000000000000000e+03
7.091000000000000000e+03
7.090000000000000000e+03
7.089000000000000000e+03
7.088000000000000000e+03
7.085000000000000000e+03
7.084000000000000000e+03
7.082000000000000000e+03
7.081000000000000000e+03
7.078000000000000000e+03
7.077000000000000000e+03
7.076000000000000000e+03
7.001000000000000000e+03
7.074000000000000000e+03
7.070000000000000000e+03
7.069000000000000000e+03
7.068000000000000000e+03
7.067000000000000000e+03
7.066000000000000000e+03
7.065000000000000000e+03
7.063000000000000000e+03
7.062000000000000000e+03
7.060000000000000000e+03
7.059000000000000000e+03
7.053000000000000000e+03
7.052000000000000000e+03
7.073000000000000000e+03
8.413000000000000000e+03
7.597000000000000000e+03
7.602000000000000000e+03
8.157000000000000000e+03
8.156000000000000000e+03
8.154000000000000000e+03
8.153000000000000000e+03
8.151000000000000000e+03
8.150000000000000000e+03
8.146000000000000000e+03
8.145000000000000000e+03
8.144000000000000000e+03
8.142000000000000000e+03
8.141000000000000000e+03
8.139000000000000000e+03
8.138000000000000000e+03
8.136000000000000000e+03
8.134000000000000000e+03
8.132000000000000000e+03
8.131000000000000000e+03
8.129000000000000000e+03
8.128000000000000000e+03
8.127000000000000000e+03
8.126000000000000000e+03
8.124000000000000000e+03
8.123000000000000000e+03
8.122000000000000000e+03
8.121000000000000000e+03
8.158000000000000000e+03
8.114000000000000000e+03
8.159000000000000000e+03
8.165000000000000000e+03
8.211000000000000000e+03
8.210000000000000000e+03
8.206000000000000000e+03
8.205000000000000000e+03
8.203000000000000000e+03
8.199000000000000000e+03
8.196000000000000000e+03
8.194000000000000000e+03
8.192000000000000000e+03
8.191000000000000000e+03
8.190000000000000000e+03
8.189000000000000000e+03
8.187000000000000000e+03
8.186000000000000000e+03
8.185000000000000000e+03
8.184000000000000000e+03
8.183000000000000000e+03
8.180000000000000000e+03
8.175000000000000000e+03
8.174000000000000000e+03
8.172000000000000000e+03
8.171000000000000000e+03
8.169000000000000000e+03
8.168000000000000000e+03
8.167000000000000000e+03
8.164000000000000000e+03
8.212000000000000000e+03
8.113000000000000000e+03
8.109000000000000000e+03
8.057000000000000000e+03
8.056000000000000000e+03
8.055000000000000000e+03
8.051000000000000000e+03
8.048000000000000000e+03
8.045000000000000000e+03
8.043000000000000000e+03
8.042000000000000000e+03
8.041000000000000000e+03
8.040000000000000000e+03
8.039000000000000000e+03
8.038000000000000000e+03
8.037000000000000000e+03
8.033000000000000000e+03
8.031000000000000000e+03
8.029000000000000000e+03
8.027000000000000000e+03
8.026000000000000000e+03
8.023000000000000000e+03
8.021000000000000000e+03
8.020000000000000000e+03
8.018000000000000000e+03
8.017000000000000000e+03
8.016000000000000000e+03
8.015000000000000000e+03
8.060000000000000000e+03
8.112000000000000000e+03
8.061000000000000000e+03
8.063000000000000000e+03
8.108000000000000000e+03
8.107000000000000000e+03
8.106000000000000000e+03
8.102000000000000000e+03
8.101000000000000000e+03
8.099000000000000000e+03
8.093000000000000000e+03
8.092000000000000000e+03
8.091000000000000000e+03
8.089000000000000000e+03
8.087000000000000000e+03
8.086000000000000000e+03
8.085000000000000000e+03
8.084000000000000000e+03
8.082000000000000000e+03
8.081000000000000000e+03
8.080000000000000000e+03
8.079000000000000000e+03
8.075000000000000000e+03
8.074000000000000000e+03
8.070000000000000000e+03
8.069000000000000000e+03
8.068000000000000000e+03
8.067000000000000000e+03
8.066000000000000000e+03
8.062000000000000000e+03
8.214000000000000000e+03
8.215000000000000000e+03
8.216000000000000000e+03
8.367000000000000000e+03
8.366000000000000000e+03
8.364000000000000000e+03
8.363000000000000000e+03
8.360000000000000000e+03
8.358000000000000000e+03
8.357000000000000000e+03
8.356000000000000000e+03
8.352000000000000000e+03
8.351000000000000000e+03
8.350000000000000000e+03
8.347000000000000000e+03
8.345000000000000000e+03
8.344000000000000000e+03
8.341000000000000000e+03
8.340000000000000000e+03
8.339000000000000000e+03
8.333000000000000000e+03
8.332000000000000000e+03
8.331000000000000000e+03
8.329000000000000000e+03
8.324000000000000000e+03
8.323000000000000000e+03
8.322000000000000000e+03
8.321000000000000000e+03
8.368000000000000000e+03
8.320000000000000000e+03
8.369000000000000000e+03
8.371000000000000000e+03
8.409000000000000000e+03
8.408000000000000000e+03
8.407000000000000000e+03
8.406000000000000000e+03
8.405000000000000000e+03
8.404000000000000000e+03
8.403000000000000000e+03
8.401000000000000000e+03
8.400000000000000000e+03
8.399000000000000000e+03
8.398000000000000000e+03
8.397000000000000000e+03
8.393000000000000000e+03
8.392000000000000000e+03
8.391000000000000000e+03
8.388000000000000000e+03
8.387000000000000000e+03
8.386000000000000000e+03
8.383000000000000000e+03
8.382000000000000000e+03
8.381000000000000000e+03
8.379000000000000000e+03
8.377000000000000000e+03
8.374000000000000000e+03
8.373000000000000000e+03
8.370000000000000000e+03
8.317000000000000000e+03
8.316000000000000000e+03
8.315000000000000000e+03
8.264000000000000000e+03
8.263000000000000000e+03
8.260000000000000000e+03
8.258000000000000000e+03
8.254000000000000000e+03
8.252000000000000000e+03
8.250000000000000000e+03
8.249000000000000000e+03
8.248000000000000000e+03
8.246000000000000000e+03
8.245000000000000000e+03
8.244000000000000000e+03
8.243000000000000000e+03
8.241000000000000000e+03
8.237000000000000000e+03
8.235000000000000000e+03
8.233000000000000000e+03
8.232000000000000000e+03
8.229000000000000000e+03
8.226000000000000000e+03
8.225000000000000000e+03
8.223000000000000000e+03
8.222000000000000000e+03
8.220000000000000000e+03
8.217000000000000000e+03
8.265000000000000000e+03
8.268000000000000000e+03
8.269000000000000000e+03
8.271000000000000000e+03
8.314000000000000000e+03
8.313000000000000000e+03
8.310000000000000000e+03
8.309000000000000000e+03
8.306000000000000000e+03
8.305000000000000000e+03
8.303000000000000000e+03
8.302000000000000000e+03
8.301000000000000000e+03
8.299000000000000000e+03
8.297000000000000000e+03
8.295000000000000000e+03
8.014000000000000000e+03
8.289000000000000000e+03
8.287000000000000000e+03
8.286000000000000000e+03
8.285000000000000000e+03
8.284000000000000000e+03
8.283000000000000000e+03
8.282000000000000000e+03
8.281000000000000000e+03
8.277000000000000000e+03
8.276000000000000000e+03
8.275000000000000000e+03
8.274000000000000000e+03
8.273000000000000000e+03
8.288000000000000000e+03
8.011000000000000000e+03
8.010000000000000000e+03
8.009000000000000000e+03
7.749000000000000000e+03
7.748000000000000000e+03
7.746000000000000000e+03
7.745000000000000000e+03
7.744000000000000000e+03
7.742000000000000000e+03
7.740000000000000000e+03
7.739000000000000000e+03
7.738000000000000000e+03
7.735000000000000000e+03
7.730000000000000000e+03
7.727000000000000000e+03
7.726000000000000000e+03
7.724000000000000000e+03
7.722000000000000000e+03
7.721000000000000000e+03
7.720000000000000000e+03
7.719000000000000000e+03
7.718000000000000000e+03
7.717000000000000000e+03
7.716000000000000000e+03
7.715000000000000000e+03
7.714000000000000000e+03
7.713000000000000000e+03
7.711000000000000000e+03
7.751000000000000000e+03
7.710000000000000000e+03
7.752000000000000000e+03
7.756000000000000000e+03
7.794000000000000000e+03
7.793000000000000000e+03
7.792000000000000000e+03
7.791000000000000000e+03
7.790000000000000000e+03
7.789000000000000000e+03
7.787000000000000000e+03
7.786000000000000000e+03
7.785000000000000000e+03
7.783000000000000000e+03
7.782000000000000000e+03
7.781000000000000000e+03
7.780000000000000000e+03
7.779000000000000000e+03
7.777000000000000000e+03
7.773000000000000000e+03
7.771000000000000000e+03
7.770000000000000000e+03
7.767000000000000000e+03
7.766000000000000000e+03
7.764000000000000000e+03
7.762000000000000000e+03
7.760000000000000000e+03
7.758000000000000000e+03
7.757000000000000000e+03
7.755000000000000000e+03
7.709000000000000000e+03
7.708000000000000000e+03
7.706000000000000000e+03
7.646000000000000000e+03
7.644000000000000000e+03
7.642000000000000000e+03
7.641000000000000000e+03
7.639000000000000000e+03
7.637000000000000000e+03
7.636000000000000000e+03
7.635000000000000000e+03
7.634000000000000000e+03
7.631000000000000000e+03
7.630000000000000000e+03
7.629000000000000000e+03
7.625000000000000000e+03
7.624000000000000000e+03
7.623000000000000000e+03
7.622000000000000000e+03
7.619000000000000000e+03
7.618000000000000000e+03
7.615000000000000000e+03
7.614000000000000000e+03
7.612000000000000000e+03
7.610000000000000000e+03
7.608000000000000000e+03
7.605000000000000000e+03
7.603000000000000000e+03
7.648000000000000000e+03
7.650000000000000000e+03
7.651000000000000000e+03
7.652000000000000000e+03
7.702000000000000000e+03
7.701000000000000000e+03
7.699000000000000000e+03
7.698000000000000000e+03
7.696000000000000000e+03
7.695000000000000000e+03
7.694000000000000000e+03
7.687000000000000000e+03
7.679000000000000000e+03
7.677000000000000000e+03
7.676000000000000000e+03
7.675000000000000000e+03
7.795000000000000000e+03
7.674000000000000000e+03
7.669000000000000000e+03
7.668000000000000000e+03
7.667000000000000000e+03
7.666000000000000000e+03
7.665000000000000000e+03
7.664000000000000000e+03
7.663000000000000000e+03
7.661000000000000000e+03
7.659000000000000000e+03
7.656000000000000000e+03
7.655000000000000000e+03
7.653000000000000000e+03
7.670000000000000000e+03
7.598000000000000000e+03
7.796000000000000000e+03
7.799000000000000000e+03
7.954000000000000000e+03
7.953000000000000000e+03
7.952000000000000000e+03
7.951000000000000000e+03
7.948000000000000000e+03
7.945000000000000000e+03
7.941000000000000000e+03
7.940000000000000000e+03
7.939000000000000000e+03
7.938000000000000000e+03
7.934000000000000000e+03
7.933000000000000000e+03
7.929000000000000000e+03
7.928000000000000000e+03
7.927000000000000000e+03
7.926000000000000000e+03
7.925000000000000000e+03
7.921000000000000000e+03
7.917000000000000000e+03
7.916000000000000000e+03
7.915000000000000000e+03
7.913000000000000000e+03
7.909000000000000000e+03
7.904000000000000000e+03
7.900000000000000000e+03
7.955000000000000000e+03
7.899000000000000000e+03
7.959000000000000000e+03
7.962000000000000000e+03
8.008000000000000000e+03
8.003000000000000000e+03
8.001000000000000000e+03
8.000000000000000000e+03
7.999000000000000000e+03
7.997000000000000000e+03
7.995000000000000000e+03
7.994000000000000000e+03
7.992000000000000000e+03
7.989000000000000000e+03
7.988000000000000000e+03
7.987000000000000000e+03
7.986000000000000000e+03
7.979000000000000000e+03
7.978000000000000000e+03
7.976000000000000000e+03
7.975000000000000000e+03
7.974000000000000000e+03
7.972000000000000000e+03
7.970000000000000000e+03
7.969000000000000000e+03
7.968000000000000000e+03
7.967000000000000000e+03
7.964000000000000000e+03
7.963000000000000000e+03
7.960000000000000000e+03
7.898000000000000000e+03
7.897000000000000000e+03
7.896000000000000000e+03
7.843000000000000000e+03
7.842000000000000000e+03
7.841000000000000000e+03
7.840000000000000000e+03
7.839000000000000000e+03
7.838000000000000000e+03
7.837000000000000000e+03
7.836000000000000000e+03
7.831000000000000000e+03
7.829000000000000000e+03
7.828000000000000000e+03
7.827000000000000000e+03
7.826000000000000000e+03
7.824000000000000000e+03
7.822000000000000000e+03
7.820000000000000000e+03
7.819000000000000000e+03
7.818000000000000000e+03
7.816000000000000000e+03
7.814000000000000000e+03
7.805000000000000000e+03
7.803000000000000000e+03
7.802000000000000000e+03
7.801000000000000000e+03
7.800000000000000000e+03
7.846000000000000000e+03
7.847000000000000000e+03
7.848000000000000000e+03
7.849000000000000000e+03
7.895000000000000000e+03
7.893000000000000000e+03
7.891000000000000000e+03
7.889000000000000000e+03
7.888000000000000000e+03
7.887000000000000000e+03
7.886000000000000000e+03
7.884000000000000000e+03
7.882000000000000000e+03
7.881000000000000000e+03
7.880000000000000000e+03
7.878000000000000000e+03
7.798000000000000000e+03
7.874000000000000000e+03
7.872000000000000000e+03
7.868000000000000000e+03
7.867000000000000000e+03
7.866000000000000000e+03
7.864000000000000000e+03
7.863000000000000000e+03
7.860000000000000000e+03
7.859000000000000000e+03
7.858000000000000000e+03
7.855000000000000000e+03
7.851000000000000000e+03
7.850000000000000000e+03
7.873000000000000000e+03
3.734000000000000000e+03
9.999000000000000000e+03
1.866000000000000000e+03
2.788000000000000000e+03
2.789000000000000000e+03
2.790000000000000000e+03
6.120000000000000000e+02
1.674000000000000000e+03
6.130000000000000000e+02
2.793000000000000000e+03
2.194000000000000000e+03
1.675000000000000000e+03
2.795000000000000000e+03
2.796000000000000000e+03
2.797000000000000000e+03
1.311000000000000000e+03
2.799000000000000000e+03
1.310000000000000000e+03
1.309000000000000000e+03
2.800000000000000000e+03
1.303000000000000000e+03
1.304000000000000000e+03
2.340000000000000000e+02
1.306000000000000000e+03
2.806000000000000000e+03
4.040000000000000000e+02
2.197000000000000000e+03
2.805000000000000000e+03
2.360000000000000000e+02
1.307000000000000000e+03
2.803000000000000000e+03
1.867000000000000000e+03
2.193000000000000000e+03
2.801000000000000000e+03
2.804000000000000000e+03
1.315000000000000000e+03
1.317000000000000000e+03
2.199000000000000000e+03
2.775000000000000000e+03
2.774000000000000000e+03
2.773000000000000000e+03
2.204000000000000000e+03
2.772000000000000000e+03
6.070000000000000000e+02
1.669000000000000000e+03
2.771000000000000000e+03
1.668000000000000000e+03
2.420000000000000000e+02
1.325000000000000000e+03
2.430000000000000000e+02
2.768000000000000000e+03
1.326000000000000000e+03
2.770000000000000000e+03
2.808000000000000000e+03
2.776000000000000000e+03
1.670000000000000000e+03
6.110000000000000000e+02
1.319000000000000000e+03
2.786000000000000000e+03
2.785000000000000000e+03
2.784000000000000000e+03
1.672000000000000000e+03
6.080000000000000000e+02
1.320000000000000000e+03
1.322000000000000000e+03
2.201000000000000000e+03
1.323000000000000000e+03
1.671000000000000000e+03
2.400000000000000000e+02
2.410000000000000000e+02
2.782000000000000000e+03
2.809000000000000000e+03
2.192000000000000000e+03
2.811000000000000000e+03
6.220000000000000000e+02
1.277000000000000000e+03
2.842000000000000000e+03
2.180000000000000000e+03
1.278000000000000000e+03
2.841000000000000000e+03
1.276000000000000000e+03
2.181000000000000000e+03
2.839000000000000000e+03
1.282000000000000000e+03
2.838000000000000000e+03
2.837000000000000000e+03
6.210000000000000000e+02
1.283000000000000000e+03
1.281000000000000000e+03
2.835000000000000000e+03
2.179000000000000000e+03
2.178000000000000000e+03
1.274000000000000000e+03
2.850000000000000000e+03
5.230000000000000000e+02
2.190000000000000000e+02
2.849000000000000000e+03
2.200000000000000000e+02
2.844000000000000000e+03
2.172000000000000000e+03
2.847000000000000000e+03
2.174000000000000000e+03
2.175000000000000000e+03
2.176000000000000000e+03
2.845000000000000000e+03
2.177000000000000000e+03
2.173000000000000000e+03
1.667000000000000000e+03
2.834000000000000000e+03
2.833000000000000000e+03
6.180000000000000000e+02
6.170000000000000000e+02
2.820000000000000000e+03
1.676000000000000000e+03
2.188000000000000000e+03
2.189000000000000000e+03
4.050000000000000000e+02
2.190000000000000000e+03
5.260000000000000000e+02
1.302000000000000000e+03
2.191000000000000000e+03
2.814000000000000000e+03
2.813000000000000000e+03
2.812000000000000000e+03
1.300000000000000000e+03
2.182000000000000000e+03
1.295000000000000000e+03
2.824000000000000000e+03
1.286000000000000000e+03
2.183000000000000000e+03
2.250000000000000000e+02
1.289000000000000000e+03
6.200000000000000000e+02
1.681000000000000000e+03
1.294000000000000000e+03
2.260000000000000000e+02
2.280000000000000000e+02
2.828000000000000000e+03
2.827000000000000000e+03
2.826000000000000000e+03
2.825000000000000000e+03
2.185000000000000000e+03
1.678000000000000000e+03
2.852000000000000000e+03
2.766000000000000000e+03
2.764000000000000000e+03
1.365000000000000000e+03
5.950000000000000000e+02
1.364000000000000000e+03
2.610000000000000000e+02
5.960000000000000000e+02
2.702000000000000000e+03
2.703000000000000000e+03
1.363000000000000000e+03
2.704000000000000000e+03
2.705000000000000000e+03
1.362000000000000000e+03
1.361000000000000000e+03
1.360000000000000000e+03
2.706000000000000000e+03
2.707000000000000000e+03
2.600000000000000000e+02
1.359000000000000000e+03
2.719000000000000000e+03
2.718000000000000000e+03
5.970000000000000000e+02
2.716000000000000000e+03
2.715000000000000000e+03
2.222000000000000000e+03
2.699000000000000000e+03
2.714000000000000000e+03
2.223000000000000000e+03
2.570000000000000000e+02
1.653000000000000000e+03
2.580000000000000000e+02
1.358000000000000000e+03
2.709000000000000000e+03
2.713000000000000000e+03
5.940000000000000000e+02
1.366000000000000000e+03
1.367000000000000000e+03
2.650000000000000000e+02
2.230000000000000000e+03
2.684000000000000000e+03
2.683000000000000000e+03
1.374000000000000000e+03
5.930000000000000000e+02
2.229000000000000000e+03
2.682000000000000000e+03
5.290000000000000000e+02
2.681000000000000000e+03
1.648000000000000000e+03
2.234000000000000000e+03
1.378000000000000000e+03
2.690000000000000000e+02
1.376000000000000000e+03
2.720000000000000000e+03
2.686000000000000000e+03
2.640000000000000000e+02
2.696000000000000000e+03
2.225000000000000000e+03
2.695000000000000000e+03
2.620000000000000000e+02
1.368000000000000000e+03
2.692000000000000000e+03
2.687000000000000000e+03
2.691000000000000000e+03
1.370000000000000000e+03
2.630000000000000000e+02
2.227000000000000000e+03
1.372000000000000000e+03
2.688000000000000000e+03
1.373000000000000000e+03
1.652000000000000000e+03
5.980000000000000000e+02
1.355000000000000000e+03
5.990000000000000000e+02
2.209000000000000000e+03
2.750000000000000000e+03
1.666000000000000000e+03
2.749000000000000000e+03
1.341000000000000000e+03
2.210000000000000000e+03
2.751000000000000000e+03
1.342000000000000000e+03
2.211000000000000000e+03
1.664000000000000000e+03
2.212000000000000000e+03
2.480000000000000000e+02
2.213000000000000000e+03
2.742000000000000000e+03
1.665000000000000000e+03
2.214000000000000000e+03
2.470000000000000000e+02
2.753000000000000000e+03
2.763000000000000000e+03
2.762000000000000000e+03
2.761000000000000000e+03
6.060000000000000000e+02
2.760000000000000000e+03
2.759000000000000000e+03
2.208000000000000000e+03
3.980000000000000000e+02
1.329000000000000000e+03
1.330000000000000000e+03
1.331000000000000000e+03
1.332000000000000000e+03
1.334000000000000000e+03
1.335000000000000000e+03
2.207000000000000000e+03
2.765000000000000000e+03
2.490000000000000000e+02
1.663000000000000000e+03
1.659000000000000000e+03
1.658000000000000000e+03
1.657000000000000000e+03
1.655000000000000000e+03
6.000000000000000000e+02
3.930000000000000000e+02
2.215000000000000000e+03
2.727000000000000000e+03
2.221000000000000000e+03
2.725000000000000000e+03
