4.999000000000000000e+03
6.038000000000000000e+03
6.036000000000000000e+03
6.035000000000000000e+03
6.033000000000000000e+03
6.032000000000000000e+03
6.029000000000000000e+03
6.028000000000000000e+03
6.027000000000000000e+03
6.026000000000000000e+03
6.025000000000000000e+03
6.024000000000000000e+03
6.023000000000000000e+03
6.020000000000000000e+03
6.016000000000000000e+03
6.015000000000000000e+03
6.014000000000000000e+03
6.013000000000000000e+03
6.012000000000000000e+03
6.010000000000000000e+03
6.009000000000000000e+03
6.008000000000000000e+03
6.006000000000000000e+03
6.005000000000000000e+03
6.004000000000000000e+03
6.002000000000000000e+03
6.001000000000000000e+03
5.998000000000000000e+03
6.039000000000000000e+03
5.996000000000000000e+03
6.040000000000000000e+03
6.042000000000000000e+03
6.080000000000000000e+03
6.078000000000000000e+03
6.077000000000000000e+03
6.075000000000000000e+03
6.072000000000000000e+03
6.069000000000000000e+03
6.068000000000000000e+03
6.067000000000000000e+03
6.065000000000000000e+03
6.064000000000000000e+03
6.063000000000000000e+03
6.062000000000000000e+03
6.061000000000000000e+03
6.059000000000000000e+03
6.058000000000000000e+03
6.057000000000000000e+03
6.054000000000000000e+03
6.053000000000000000e+03
6.052000000000000000e+03
6.051000000000000000e+03
6.049000000000000000e+03
6.048000000000000000e+03
6.047000000000000000e+03
6.046000000000000000e+03
6.045000000000000000e+03
6.044000000000000000e+03
6.043000000000000000e+03
6.041000000000000000e+03
6.081000000000000000e+03
5.995000000000000000e+03
5.993000000000000000e+03
5.936000000000000000e+03
5.935000000000000000e+03
5.933000000000000000e+03
5.932000000000000000e+03
5.930000000000000000e+03
5.929000000000000000e+03
5.928000000000000000e+03
5.926000000000000000e+03
5.923000000000000000e+03
5.922000000000000000e+03
5.921000000000000000e+03
5.920000000000000000e+03
5.918000000000000000e+03
5.917000000000000000e+03
5.915000000000000000e+03
5.914000000000000000e+03
5.913000000000000000e+03
5.909000000000000000e+03
5.905000000000000000e+03
5.904000000000000000e+03
5.903000000000000000e+03
5.902000000000000000e+03
5.900000000000000000e+03
5.898000000000000000e+03
5.897000000000000000e+03
5.896000000000000000e+03
5.895000000000000000e+03
5.939000000000000000e+03
5.994000000000000000e+03
5.940000000000000000e+03
5.942000000000000000e+03
5.992000000000000000e+03
5.991000000000000000e+03
5.989000000000000000e+03
5.987000000000000000e+03
5.985000000000000000e+03
5.983000000000000000e+03
5.981000000000000000e+03
5.978000000000000000e+03
5.976000000000000000e+03
5.975000000000000000e+03
5.973000000000000000e+03
5.972000000000000000e+03
5.970000000000000000e+03
5.969000000000000000e+03
5.968000000000000000e+03
5.967000000000000000e+03
5.966000000000000000e+03
5.964000000000000000e+03
5.961000000000000000e+03
5.960000000000000000e+03
5.959000000000000000e+03
5.956000000000000000e+03
5.952000000000000000e+03
5.951000000000000000e+03
5.949000000000000000e+03
5.948000000000000000e+03
5.946000000000000000e+03
5.941000000000000000e+03
6.082000000000000000e+03
6.083000000000000000e+03
6.087000000000000000e+03
6.213000000000000000e+03
6.212000000000000000e+03
6.207000000000000000e+03
6.206000000000000000e+03
6.205000000000000000e+03
6.203000000000000000e+03
6.202000000000000000e+03
6.199000000000000000e+03
6.198000000000000000e+03
6.197000000000000000e+03
6.196000000000000000e+03
6.195000000000000000e+03
6.194000000000000000e+03
6.193000000000000000e+03
6.192000000000000000e+03
6.191000000000000000e+03
6.190000000000000000e+03
6.189000000000000000e+03
6.188000000000000000e+03
6.187000000000000000e+03
6.186000000000000000e+03
6.184000000000000000e+03
6.183000000000000000e+03
6.182000000000000000e+03
6.180000000000000000e+03
6.179000000000000000e+03
6.178000000000000000e+03
6.214000000000000000e+03
6.177000000000000000e+03
6.215000000000000000e+03
6.218000000000000000e+03
6.262000000000000000e+03
6.261000000000000000e+03
6.259000000000000000e+03
6.258000000000000000e+03
6.256000000000000000e+03
6.254000000000000000e+03
6.253000000000000000e+03
6.252000000000000000e+03
6.251000000000000000e+03
6.247000000000000000e+03
6.246000000000000000e+03
6.245000000000000000e+03
6.244000000000000000e+03
6.243000000000000000e+03
6.242000000000000000e+03
6.241000000000000000e+03
6.238000000000000000e+03
6.237000000000000000e+03
6.234000000000000000e+03
6.233000000000000000e+03
6.231000000000000000e+03
6.230000000000000000e+03
6.228000000000000000e+03
6.225000000000000000e+03
6.223000000000000000e+03
6.221000000000000000e+03
6.220000000000000000e+03
6.216000000000000000e+03
6.176000000000000000e+03
6.174000000000000000e+03
6.173000000000000000e+03
6.121000000000000000e+03
6.120000000000000000e+03
6.119000000000000000e+03
6.118000000000000000e+03
6.117000000000000000e+03
6.116000000000000000e+03
6.115000000000000000e+03
6.114000000000000000e+03
6.113000000000000000e+03
6.111000000000000000e+03
6.109000000000000000e+03
6.108000000000000000e+03
6.107000000000000000e+03
6.106000000000000000e+03
6.105000000000000000e+03
6.104000000000000000e+03
6.103000000000000000e+03
6.101000000000000000e+03
6.100000000000000000e+03
6.096000000000000000e+03
6.095000000000000000e+03
6.094000000000000000e+03
6.093000000000000000e+03
6.092000000000000000e+03
6.091000000000000000e+03
6.089000000000000000e+03
6.088000000000000000e+03
6.122000000000000000e+03
6.123000000000000000e+03
6.124000000000000000e+03
6.127000000000000000e+03
6.171000000000000000e+03
6.170000000000000000e+03
6.169000000000000000e+03
6.168000000000000000e+03
6.166000000000000000e+03
6.165000000000000000e+03
6.164000000000000000e+03
6.162000000000000000e+03
6.161000000000000000e+03
6.160000000000000000e+03
6.158000000000000000e+03
6.156000000000000000e+03
6.155000000000000000e+03
5.893000000000000000e+03
6.154000000000000000e+03
6.152000000000000000e+03
6.151000000000000000e+03
6.148000000000000000e+03
6.144000000000000000e+03
6.143000000000000000e+03
6.140000000000000000e+03
6.136000000000000000e+03
6.135000000000000000e+03
6.132000000000000000e+03
6.131000000000000000e+03
6.130000000000000000e+03
6.129000000000000000e+03
6.128000000000000000e+03
6.153000000000000000e+03
6.263000000000000000e+03
5.892000000000000000e+03
5.889000000000000000e+03
5.646000000000000000e+03
5.645000000000000000e+03
5.644000000000000000e+03
5.642000000000000000e+03
5.641000000000000000e+03
5.638000000000000000e+03
5.635000000000000000e+03
5.633000000000000000e+03
5.631000000000000000e+03
5.630000000000000000e+03
5.628000000000000000e+03
5.626000000000000000e+03
5.623000000000000000e+03
5.622000000000000000e+03
5.621000000000000000e+03
5.620000000000000000e+03
5.618000000000000000e+03
5.616000000000000000e+03
5.615000000000000000e+03
5.614000000000000000e+03
5.613000000000000000e+03
5.612000000000000000e+03
5.611000000000000000e+03
5.610000000000000000e+03
5.609000000000000000e+03
5.606000000000000000e+03
5.605000000000000000e+03
5.648000000000000000e+03
5.604000000000000000e+03
5.649000000000000000e+03
5.651000000000000000e+03
5.692000000000000000e+03
5.691000000000000000e+03
5.690000000000000000e+03
5.689000000000000000e+03
5.688000000000000000e+03
5.687000000000000000e+03
5.684000000000000000e+03
5.682000000000000000e+03
5.681000000000000000e+03
5.680000000000000000e+03
5.677000000000000000e+03
5.675000000000000000e+03
5.674000000000000000e+03
5.672000000000000000e+03
5.671000000000000000e+03
5.670000000000000000e+03
5.668000000000000000e+03
5.666000000000000000e+03
5.665000000000000000e+03
5.662000000000000000e+03
5.661000000000000000e+03
5.659000000000000000e+03
5.658000000000000000e+03
5.656000000000000000e+03
5.655000000000000000e+03
5.654000000000000000e+03
5.652000000000000000e+03
5.650000000000000000e+03
5.693000000000000000e+03
5.603000000000000000e+03
5.600000000000000000e+03
5.556000000000000000e+03
5.555000000000000000e+03
5.554000000000000000e+03
5.553000000000000000e+03
5.552000000000000000e+03
5.550000000000000000e+03
5.548000000000000000e+03
5.545000000000000000e+03
5.544000000000000000e+03
5.542000000000000000e+03
5.541000000000000000e+03
5.538000000000000000e+03
5.537000000000000000e+03
5.535000000000000000e+03
5.534000000000000000e+03
5.531000000000000000e+03
5.530000000000000000e+03
5.529000000000000000e+03
5.527000000000000000e+03
5.526000000000000000e+03
5.525000000000000000e+03
5.524000000000000000e+03
5.523000000000000000e+03
5.520000000000000000e+03
5.519000000000000000e+03
5.518000000000000000e+03
5.516000000000000000e+03
5.557000000000000000e+03
5.601000000000000000e+03
5.558000000000000000e+03
5.563000000000000000e+03
5.599000000000000000e+03
5.597000000000000000e+03
5.596000000000000000e+03
5.595000000000000000e+03
5.594000000000000000e+03
5.591000000000000000e+03
5.590000000000000000e+03
5.589000000000000000e+03
5.588000000000000000e+03
5.587000000000000000e+03
5.586000000000000000e+03
5.585000000000000000e+03
5.584000000000000000e+03
5.583000000000000000e+03
5.582000000000000000e+03
5.581000000000000000e+03
5.580000000000000000e+03
5.579000000000000000e+03
5.577000000000000000e+03
5.576000000000000000e+03
5.574000000000000000e+03
5.572000000000000000e+03
5.571000000000000000e+03
5.569000000000000000e+03
5.568000000000000000e+03
5.566000000000000000e+03
5.565000000000000000e+03
5.559000000000000000e+03
5.694000000000000000e+03
5.695000000000000000e+03
5.696000000000000000e+03
5.844000000000000000e+03
5.840000000000000000e+03
5.839000000000000000e+03
5.836000000000000000e+03
5.835000000000000000e+03
5.834000000000000000e+03
5.832000000000000000e+03
5.831000000000000000e+03
5.829000000000000000e+03
5.828000000000000000e+03
5.827000000000000000e+03
5.826000000000000000e+03
5.824000000000000000e+03
5.822000000000000000e+03
5.820000000000000000e+03
5.819000000000000000e+03
5.817000000000000000e+03
5.816000000000000000e+03
5.815000000000000000e+03
5.814000000000000000e+03
5.813000000000000000e+03
5.807000000000000000e+03
5.806000000000000000e+03
5.804000000000000000e+03
5.803000000000000000e+03
5.802000000000000000e+03
5.799000000000000000e+03
5.845000000000000000e+03
5.798000000000000000e+03
5.846000000000000000e+03
5.851000000000000000e+03
5.886000000000000000e+03
5.885000000000000000e+03
5.884000000000000000e+03
5.883000000000000000e+03
5.882000000000000000e+03
5.878000000000000000e+03
5.876000000000000000e+03
5.874000000000000000e+03
5.873000000000000000e+03
5.872000000000000000e+03
5.870000000000000000e+03
5.869000000000000000e+03
5.868000000000000000e+03
5.867000000000000000e+03
5.866000000000000000e+03
5.863000000000000000e+03
5.862000000000000000e+03
5.861000000000000000e+03
5.860000000000000000e+03
5.859000000000000000e+03
5.858000000000000000e+03
5.857000000000000000e+03
5.856000000000000000e+03
5.855000000000000000e+03
5.854000000000000000e+03
5.853000000000000000e+03
5.852000000000000000e+03
5.850000000000000000e+03
5.796000000000000000e+03
5.795000000000000000e+03
5.794000000000000000e+03
5.742000000000000000e+03
5.741000000000000000e+03
5.740000000000000000e+03
5.739000000000000000e+03
5.738000000000000000e+03
5.737000000000000000e+03
5.736000000000000000e+03
5.734000000000000000e+03
5.732000000000000000e+03
5.731000000000000000e+03
5.730000000000000000e+03
5.727000000000000000e+03
5.726000000000000000e+03
5.722000000000000000e+03
5.721000000000000000e+03
5.720000000000000000e+03
5.717000000000000000e+03
5.713000000000000000e+03
5.710000000000000000e+03
5.709000000000000000e+03
5.708000000000000000e+03
5.706000000000000000e+03
5.705000000000000000e+03
5.704000000000000000e+03
5.702000000000000000e+03
5.700000000000000000e+03
5.698000000000000000e+03
5.745000000000000000e+03
5.747000000000000000e+03
5.750000000000000000e+03
5.751000000000000000e+03
5.793000000000000000e+03
5.792000000000000000e+03
5.791000000000000000e+03
5.789000000000000000e+03
5.788000000000000000e+03
5.786000000000000000e+03
5.782000000000000000e+03
5.781000000000000000e+03
5.779000000000000000e+03
5.778000000000000000e+03
5.777000000000000000e+03
5.775000000000000000e+03
5.773000000000000000e+03
5.891000000000000000e+03
5.771000000000000000e+03
5.769000000000000000e+03
5.768000000000000000e+03
5.766000000000000000e+03
5.765000000000000000e+03
5.763000000000000000e+03
5.762000000000000000e+03
5.760000000000000000e+03
5.759000000000000000e+03
5.757000000000000000e+03
5.756000000000000000e+03
5.755000000000000000e+03
5.753000000000000000e+03
5.752000000000000000e+03
5.770000000000000000e+03
5.515000000000000000e+03
6.264000000000000000e+03
6.267000000000000000e+03
6.769000000000000000e+03
6.768000000000000000e+03
6.767000000000000000e+03
6.766000000000000000e+03
6.763000000000000000e+03
6.762000000000000000e+03
6.761000000000000000e+03
6.760000000000000000e+03
6.759000000000000000e+03
6.757000000000000000e+03
6.756000000000000000e+03
6.754000000000000000e+03
6.753000000000000000e+03
6.752000000000000000e+03
6.751000000000000000e+03
6.750000000000000000e+03
6.748000000000000000e+03
6.746000000000000000e+03
6.745000000000000000e+03
6.742000000000000000e+03
6.740000000000000000e+03
6.737000000000000000e+03
6.734000000000000000e+03
6.733000000000000000e+03
6.732000000000000000e+03
6.731000000000000000e+03
6.730000000000000000e+03
6.772000000000000000e+03
6.729000000000000000e+03
6.773000000000000000e+03
6.777000000000000000e+03
6.824000000000000000e+03
6.823000000000000000e+03
6.822000000000000000e+03
6.817000000000000000e+03
6.816000000000000000e+03
6.812000000000000000e+03
6.810000000000000000e+03
6.809000000000000000e+03
6.808000000000000000e+03
6.807000000000000000e+03
6.806000000000000000e+03
6.805000000000000000e+03
6.804000000000000000e+03
6.800000000000000000e+03
6.799000000000000000e+03
6.797000000000000000e+03
6.793000000000000000e+03
6.792000000000000000e+03
6.791000000000000000e+03
6.790000000000000000e+03
6.789000000000000000e+03
6.788000000000000000e+03
6.785000000000000000e+03
6.781000000000000000e+03
6.780000000000000000e+03
6.779000000000000000e+03
6.778000000000000000e+03
6.775000000000000000e+03
6.826000000000000000e+03
6.728000000000000000e+03
6.724000000000000000e+03
6.677000000000000000e+03
6.676000000000000000e+03
6.675000000000000000e+03
6.674000000000000000e+03
6.672000000000000000e+03
6.671000000000000000e+03
6.669000000000000000e+03
6.668000000000000000e+03
6.666000000000000000e+03
6.665000000000000000e+03
6.664000000000000000e+03
6.663000000000000000e+03
6.662000000000000000e+03
6.661000000000000000e+03
6.660000000000000000e+03
6.659000000000000000e+03
6.657000000000000000e+03
6.656000000000000000e+03
6.652000000000000000e+03
6.651000000000000000e+03
6.650000000000000000e+03
6.649000000000000000e+03
6.646000000000000000e+03
6.644000000000000000e+03
6.639000000000000000e+03
6.638000000000000000e+03
6.637000000000000000e+03
6.679000000000000000e+03
6.725000000000000000e+03
6.680000000000000000e+03
6.687000000000000000e+03
6.723000000000000000e+03
6.721000000000000000e+03
6.720000000000000000e+03
6.718000000000000000e+03
6.717000000000000000e+03
6.714000000000000000e+03
6.713000000000000000e+03
6.712000000000000000e+03
6.708000000000000000e+03
6.707000000000000000e+03
6.706000000000000000e+03
6.705000000000000000e+03
6.704000000000000000e+03
6.702000000000000000e+03
6.701000000000000000e+03
6.700000000000000000e+03
6.699000000000000000e+03
6.697000000000000000e+03
6.696000000000000000e+03
6.695000000000000000e+03
6.694000000000000000e+03
6.693000000000000000e+03
6.692000000000000000e+03
6.691000000000000000e+03
6.690000000000000000e+03
6.689000000000000000e+03
6.688000000000000000e+03
6.684000000000000000e+03
6.828000000000000000e+03
6.830000000000000000e+03
6.832000000000000000e+03
6.971000000000000000e+03
6.970000000000000000e+03
6.968000000000000000e+03
6.967000000000000000e+03
6.966000000000000000e+03
6.963000000000000000e+03
6.962000000000000000e+03
6.959000000000000000e+03
6.958000000000000000e+03
6.956000000000000000e+03
6.955000000000000000e+03
6.954000000000000000e+03
6.953000000000000000e+03
6.952000000000000000e+03
6.950000000000000000e+03
6.948000000000000000e+03
6.947000000000000000e+03
6.946000000000000000e+03
6.943000000000000000e+03
6.939000000000000000e+03
6.938000000000000000e+03
6.937000000000000000e+03
6.936000000000000000e+03
6.935000000000000000e+03
6.932000000000000000e+03
6.931000000000000000e+03
6.929000000000000000e+03
6.972000000000000000e+03
6.928000000000000000e+03
6.973000000000000000e+03
6.976000000000000000e+03
7.023000000000000000e+03
7.022000000000000000e+03
7.021000000000000000e+03
7.019000000000000000e+03
7.013000000000000000e+03
7.012000000000000000e+03
7.011000000000000000e+03
7.010000000000000000e+03
7.009000000000000000e+03
7.008000000000000000e+03
7.007000000000000000e+03
7.006000000000000000e+03
7.004000000000000000e+03
7.001000000000000000e+03
7.000000000000000000e+03
6.999000000000000000e+03
6.998000000000000000e+03
6.995000000000000000e+03
6.994000000000000000e+03
6.992000000000000000e+03
6.991000000000000000e+03
6.988000000000000000e+03
6.986000000000000000e+03
6.985000000000000000e+03
6.981000000000000000e+03
6.980000000000000000e+03
6.977000000000000000e+03
6.975000000000000000e+03
6.924000000000000000e+03
6.922000000000000000e+03
6.921000000000000000e+03
6.869000000000000000e+03
6.867000000000000000e+03
6.866000000000000000e+03
6.865000000000000000e+03
6.862000000000000000e+03
6.861000000000000000e+03
6.860000000000000000e+03
6.859000000000000000e+03
6.858000000000000000e+03
6.857000000000000000e+03
6.856000000000000000e+03
6.855000000000000000e+03
6.854000000000000000e+03
6.853000000000000000e+03
6.851000000000000000e+03
6.850000000000000000e+03
6.849000000000000000e+03
6.848000000000000000e+03
6.846000000000000000e+03
6.845000000000000000e+03
6.844000000000000000e+03
6.841000000000000000e+03
6.840000000000000000e+03
6.838000000000000000e+03
6.837000000000000000e+03
6.836000000000000000e+03
6.835000000000000000e+03
6.870000000000000000e+03
6.871000000000000000e+03
6.872000000000000000e+03
6.874000000000000000e+03
6.920000000000000000e+03
6.918000000000000000e+03
6.917000000000000000e+03
6.916000000000000000e+03
6.915000000000000000e+03
6.912000000000000000e+03
6.910000000000000000e+03
6.908000000000000000e+03
6.907000000000000000e+03
6.905000000000000000e+03
6.904000000000000000e+03
6.903000000000000000e+03
6.902000000000000000e+03
6.636000000000000000e+03
6.901000000000000000e+03
6.899000000000000000e+03
6.898000000000000000e+03
6.897000000000000000e+03
6.894000000000000000e+03
6.893000000000000000e+03
6.888000000000000000e+03
6.887000000000000000e+03
6.886000000000000000e+03
6.884000000000000000e+03
6.882000000000000000e+03
6.878000000000000000e+03
6.877000000000000000e+03
6.876000000000000000e+03
6.900000000000000000e+03
6.266000000000000000e+03
6.635000000000000000e+03
6.630000000000000000e+03
6.409000000000000000e+03
6.408000000000000000e+03
6.407000000000000000e+03
6.406000000000000000e+03
6.404000000000000000e+03
6.403000000000000000e+03
6.401000000000000000e+03
6.399000000000000000e+03
6.396000000000000000e+03
6.394000000000000000e+03
6.393000000000000000e+03
6.389000000000000000e+03
6.387000000000000000e+03
6.386000000000000000e+03
6.385000000000000000e+03
6.384000000000000000e+03
6.383000000000000000e+03
6.382000000000000000e+03
6.381000000000000000e+03
6.378000000000000000e+03
6.375000000000000000e+03
6.374000000000000000e+03
6.373000000000000000e+03
6.372000000000000000e+03
6.370000000000000000e+03
6.369000000000000000e+03
6.368000000000000000e+03
6.410000000000000000e+03
6.367000000000000000e+03
6.412000000000000000e+03
6.414000000000000000e+03
6.450000000000000000e+03
6.448000000000000000e+03
6.447000000000000000e+03
6.446000000000000000e+03
6.443000000000000000e+03
6.442000000000000000e+03
6.441000000000000000e+03
6.440000000000000000e+03
6.439000000000000000e+03
6.437000000000000000e+03
6.436000000000000000e+03
6.435000000000000000e+03
6.434000000000000000e+03
6.430000000000000000e+03
6.429000000000000000e+03
6.428000000000000000e+03
6.426000000000000000e+03
6.425000000000000000e+03
6.424000000000000000e+03
6.422000000000000000e+03
6.421000000000000000e+03
6.420000000000000000e+03
6.419000000000000000e+03
6.418000000000000000e+03
6.417000000000000000e+03
6.416000000000000000e+03
6.415000000000000000e+03
6.413000000000000000e+03
6.452000000000000000e+03
6.365000000000000000e+03
6.361000000000000000e+03
6.311000000000000000e+03
6.308000000000000000e+03
6.306000000000000000e+03
6.305000000000000000e+03
6.304000000000000000e+03
6.302000000000000000e+03
6.299000000000000000e+03
6.298000000000000000e+03
6.297000000000000000e+03
6.295000000000000000e+03
6.291000000000000000e+03
6.288000000000000000e+03
6.287000000000000000e+03
6.286000000000000000e+03
6.285000000000000000e+03
6.284000000000000000e+03
6.283000000000000000e+03
6.281000000000000000e+03
6.280000000000000000e+03
6.279000000000000000e+03
6.277000000000000000e+03
6.275000000000000000e+03
6.274000000000000000e+03
6.272000000000000000e+03
6.271000000000000000e+03
6.269000000000000000e+03
6.268000000000000000e+03
6.312000000000000000e+03
6.362000000000000000e+03
6.313000000000000000e+03
6.315000000000000000e+03
6.359000000000000000e+03
6.358000000000000000e+03
6.357000000000000000e+03
6.355000000000000000e+03
6.353000000000000000e+03
6.351000000000000000e+03
6.349000000000000000e+03
6.346000000000000000e+03
6.344000000000000000e+03
6.343000000000000000e+03
6.342000000000000000e+03
6.341000000000000000e+03
6.339000000000000000e+03
6.337000000000000000e+03
6.334000000000000000e+03
6.333000000000000000e+03
6.332000000000000000e+03
6.331000000000000000e+03
6.328000000000000000e+03
6.327000000000000000e+03
6.325000000000000000e+03
6.324000000000000000e+03
6.323000000000000000e+03
6.322000000000000000e+03
6.321000000000000000e+03
6.317000000000000000e+03
6.316000000000000000e+03
6.314000000000000000e+03
6.453000000000000000e+03
6.456000000000000000e+03
6.458000000000000000e+03
6.585000000000000000e+03
6.583000000000000000e+03
6.582000000000000000e+03
6.578000000000000000e+03
6.577000000000000000e+03
6.576000000000000000e+03
6.575000000000000000e+03
6.574000000000000000e+03
6.573000000000000000e+03
6.572000000000000000e+03
6.571000000000000000e+03
6.570000000000000000e+03
6.569000000000000000e+03
6.568000000000000000e+03
6.567000000000000000e+03
6.566000000000000000e+03
6.564000000000000000e+03
6.563000000000000000e+03
6.562000000000000000e+03
6.561000000000000000e+03
6.559000000000000000e+03
6.558000000000000000e+03
6.557000000000000000e+03
6.554000000000000000e+03
6.553000000000000000e+03
6.552000000000000000e+03
6.551000000000000000e+03
6.588000000000000000e+03
6.549000000000000000e+03
6.589000000000000000e+03
6.595000000000000000e+03
6.628000000000000000e+03
6.627000000000000000e+03
6.625000000000000000e+03
6.624000000000000000e+03
6.623000000000000000e+03
6.622000000000000000e+03
6.619000000000000000e+03
6.618000000000000000e+03
6.617000000000000000e+03
6.616000000000000000e+03
6.615000000000000000e+03
6.614000000000000000e+03
6.613000000000000000e+03
6.611000000000000000e+03
6.610000000000000000e+03
6.609000000000000000e+03
6.608000000000000000e+03
6.607000000000000000e+03
6.606000000000000000e+03
6.605000000000000000e+03
6.604000000000000000e+03
6.603000000000000000e+03
6.602000000000000000e+03
6.600000000000000000e+03
6.599000000000000000e+03
6.598000000000000000e+03
6.597000000000000000e+03
6.594000000000000000e+03
6.547000000000000000e+03
6.546000000000000000e+03
6.544000000000000000e+03
6.495000000000000000e+03
6.494000000000000000e+03
6.492000000000000000e+03
6.491000000000000000e+03
6.490000000000000000e+03
6.489000000000000000e+03
6.488000000000000000e+03
6.486000000000000000e+03
6.484000000000000000e+03
6.483000000000000000e+03
6.481000000000000000e+03
6.480000000000000000e+03
6.479000000000000000e+03
6.478000000000000000e+03
6.477000000000000000e+03
6.474000000000000000e+03
6.470000000000000000e+03
6.469000000000000000e+03
6.468000000000000000e+03
6.467000000000000000e+03
6.466000000000000000e+03
6.465000000000000000e+03
6.464000000000000000e+03
6.462000000000000000e+03
6.461000000000000000e+03
6.460000000000000000e+03
6.459000000000000000e+03
6.499000000000000000e+03
6.500000000000000000e+03
6.502000000000000000e+03
6.504000000000000000e+03
6.543000000000000000e+03
6.542000000000000000e+03
6.540000000000000000e+03
6.539000000000000000e+03
6.538000000000000000e+03
6.537000000000000000e+03
6.536000000000000000e+03
6.535000000000000000e+03
6.531000000000000000e+03
6.530000000000000000e+03
6.529000000000000000e+03
6.528000000000000000e+03
6.527000000000000000e+03
6.634000000000000000e+03
6.526000000000000000e+03
6.524000000000000000e+03
6.523000000000000000e+03
6.521000000000000000e+03
6.520000000000000000e+03
6.519000000000000000e+03
6.518000000000000000e+03
6.515000000000000000e+03
6.514000000000000000e+03
6.513000000000000000e+03
6.512000000000000000e+03
6.511000000000000000e+03
6.510000000000000000e+03
6.507000000000000000e+03
6.525000000000000000e+03
7.025000000000000000e+03
5.513000000000000000e+03
5.511000000000000000e+03
4.516000000000000000e+03
4.515000000000000000e+03
4.513000000000000000e+03
4.511000000000000000e+03
4.510000000000000000e+03
4.509000000000000000e+03
4.508000000000000000e+03
4.505000000000000000e+03
4.504000000000000000e+03
4.502000000000000000e+03
4.501000000000000000e+03
4.498000000000000000e+03
4.494000000000000000e+03
4.493000000000000000e+03
4.492000000000000000e+03
4.491000000000000000e+03
4.490000000000000000e+03
4.488000000000000000e+03
4.484000000000000000e+03
4.483000000000000000e+03
4.482000000000000000e+03
4.481000000000000000e+03
4.480000000000000000e+03
4.479000000000000000e+03
4.477000000000000000e+03
4.476000000000000000e+03
4.475000000000000000e+03
4.517000000000000000e+03
4.474000000000000000e+03
4.519000000000000000e+03
4.522000000000000000e+03
4.561000000000000000e+03
4.560000000000000000e+03
4.559000000000000000e+03
4.558000000000000000e+03
4.557000000000000000e+03
4.556000000000000000e+03
4.554000000000000000e+03
4.553000000000000000e+03
4.551000000000000000e+03
4.549000000000000000e+03
4.547000000000000000e+03
4.546000000000000000e+03
4.545000000000000000e+03
4.544000000000000000e+03
4.543000000000000000e+03
4.541000000000000000e+03
4.540000000000000000e+03
4.538000000000000000e+03
4.537000000000000000e+03
4.536000000000000000e+03
4.534000000000000000e+03
4.533000000000000000e+03
4.530000000000000000e+03
4.528000000000000000e+03
4.527000000000000000e+03
4.524000000000000000e+03
4.523000000000000000e+03
4.521000000000000000e+03
4.563000000000000000e+03
4.473000000000000000e+03
4.468000000000000000e+03
4.416000000000000000e+03
4.415000000000000000e+03
4.414000000000000000e+03
4.410000000000000000e+03
4.409000000000000000e+03
4.407000000000000000e+03
4.406000000000000000e+03
4.405000000000000000e+03
4.400000000000000000e+03
4.398000000000000000e+03
4.396000000000000000e+03
4.395000000000000000e+03
4.394000000000000000e+03
4.392000000000000000e+03
4.391000000000000000e+03
4.389000000000000000e+03
4.388000000000000000e+03
4.385000000000000000e+03
4.383000000000000000e+03
4.382000000000000000e+03
4.380000000000000000e+03
4.377000000000000000e+03
4.374000000000000000e+03
4.372000000000000000e+03
4.369000000000000000e+03
4.367000000000000000e+03
4.364000000000000000e+03
4.418000000000000000e+03
4.470000000000000000e+03
4.419000000000000000e+03
4.421000000000000000e+03
4.466000000000000000e+03
4.464000000000000000e+03
4.463000000000000000e+03
4.459000000000000000e+03
4.458000000000000000e+03
4.457000000000000000e+03
4.456000000000000000e+03
4.455000000000000000e+03
4.451000000000000000e+03
4.449000000000000000e+03
4.448000000000000000e+03
4.446000000000000000e+03
4.445000000000000000e+03
4.443000000000000000e+03
4.442000000000000000e+03
4.441000000000000000e+03
4.440000000000000000e+03
4.438000000000000000e+03
4.436000000000000000e+03
4.433000000000000000e+03
4.432000000000000000e+03
4.431000000000000000e+03
4.430000000000000000e+03
4.429000000000000000e+03
4.428000000000000000e+03
4.427000000000000000e+03
4.426000000000000000e+03
4.420000000000000000e+03
4.565000000000000000e+03
4.567000000000000000e+03
4.568000000000000000e+03
4.701000000000000000e+03
4.699000000000000000e+03
4.698000000000000000e+03
4.697000000000000000e+03
4.696000000000000000e+03
4.695000000000000000e+03
4.692000000000000000e+03
4.691000000000000000e+03
4.690000000000000000e+03
4.686000000000000000e+03
4.685000000000000000e+03
4.684000000000000000e+03
4.683000000000000000e+03
4.682000000000000000e+03
4.681000000000000000e+03
4.680000000000000000e+03
4.679000000000000000e+03
4.678000000000000000e+03
4.677000000000000000e+03
4.676000000000000000e+03
4.674000000000000000e+03
4.673000000000000000e+03
4.672000000000000000e+03
4.671000000000000000e+03
4.669000000000000000e+03
4.668000000000000000e+03
4.667000000000000000e+03
4.703000000000000000e+03
4.666000000000000000e+03
4.704000000000000000e+03
4.706000000000000000e+03
4.746000000000000000e+03
4.744000000000000000e+03
4.742000000000000000e+03
4.740000000000000000e+03
4.738000000000000000e+03
4.736000000000000000e+03
4.735000000000000000e+03
4.734000000000000000e+03
4.733000000000000000e+03
4.731000000000000000e+03
4.730000000000000000e+03
4.728000000000000000e+03
4.727000000000000000e+03
4.725000000000000000e+03
4.723000000000000000e+03
4.722000000000000000e+03
4.721000000000000000e+03
4.720000000000000000e+03
4.719000000000000000e+03
4.717000000000000000e+03
4.716000000000000000e+03
4.713000000000000000e+03
4.711000000000000000e+03
4.710000000000000000e+03
4.709000000000000000e+03
4.708000000000000000e+03
4.707000000000000000e+03
4.705000000000000000e+03
4.662000000000000000e+03
4.661000000000000000e+03
4.660000000000000000e+03
4.611000000000000000e+03
4.610000000000000000e+03
4.609000000000000000e+03
4.608000000000000000e+03
4.607000000000000000e+03
4.605000000000000000e+03
4.602000000000000000e+03
4.601000000000000000e+03
4.600000000000000000e+03
4.599000000000000000e+03
4.598000000000000000e+03
4.596000000000000000e+03
4.593000000000000000e+03
4.592000000000000000e+03
4.590000000000000000e+03
4.587000000000000000e+03
4.586000000000000000e+03
4.584000000000000000e+03
4.582000000000000000e+03
4.580000000000000000e+03
4.579000000000000000e+03
4.578000000000000000e+03
4.577000000000000000e+03
4.575000000000000000e+03
4.573000000000000000e+03
4.572000000000000000e+03
4.569000000000000000e+03
4.612000000000000000e+03
4.614000000000000000e+03
4.615000000000000000e+03
4.618000000000000000e+03
4.659000000000000000e+03
4.657000000000000000e+03
4.656000000000000000e+03
4.655000000000000000e+03
4.654000000000000000e+03
4.653000000000000000e+03
4.652000000000000000e+03
4.651000000000000000e+03
4.650000000000000000e+03
4.649000000000000000e+03
4.648000000000000000e+03
4.647000000000000000e+03
4.642000000000000000e+03
4.362000000000000000e+03
4.641000000000000000e+03
4.638000000000000000e+03
4.637000000000000000e+03
4.635000000000000000e+03
4.632000000000000000e+03
4.631000000000000000e+03
4.629000000000000000e+03
4.628000000000000000e+03
4.627000000000000000e+03
4.626000000000000000e+03
4.625000000000000000e+03
4.624000000000000000e+03
4.623000000000000000e+03
4.622000000000000000e+03
4.639000000000000000e+03
4.747000000000000000e+03
4.361000000000000000e+03
4.358000000000000000e+03
4.118000000000000000e+03
4.116000000000000000e+03
4.115000000000000000e+03
4.114000000000000000e+03
4.112000000000000000e+03
4.111000000000000000e+03
4.110000000000000000e+03
4.109000000000000000e+03
4.108000000000000000e+03
4.107000000000000000e+03
4.106000000000000000e+03
4.105000000000000000e+03
4.104000000000000000e+03
4.103000000000000000e+03
4.102000000000000000e+03
4.100000000000000000e+03
4.099000000000000000e+03
4.096000000000000000e+03
4.093000000000000000e+03
4.092000000000000000e+03
4.091000000000000000e+03
4.090000000000000000e+03
4.088000000000000000e+03
4.087000000000000000e+03
4.086000000000000000e+03
4.085000000000000000e+03
4.084000000000000000e+03
4.119000000000000000e+03
4.080000000000000000e+03
4.121000000000000000e+03
4.125000000000000000e+03
4.165000000000000000e+03
4.164000000000000000e+03
4.163000000000000000e+03
4.162000000000000000e+03
4.158000000000000000e+03
4.157000000000000000e+03
4.156000000000000000e+03
4.155000000000000000e+03
4.154000000000000000e+03
4.151000000000000000e+03
4.150000000000000000e+03
4.148000000000000000e+03
4.147000000000000000e+03
4.146000000000000000e+03
4.145000000000000000e+03
4.144000000000000000e+03
4.141000000000000000e+03
4.140000000000000000e+03
4.138000000000000000e+03
4.137000000000000000e+03
4.136000000000000000e+03
4.133000000000000000e+03
4.130000000000000000e+03
4.129000000000000000e+03
4.128000000000000000e+03
4.127000000000000000e+03
4.126000000000000000e+03
4.124000000000000000e+03
4.166000000000000000e+03
4.078000000000000000e+03
4.073000000000000000e+03
4.028000000000000000e+03
4.027000000000000000e+03
4.024000000000000000e+03
4.023000000000000000e+03
4.019000000000000000e+03
4.017000000000000000e+03
4.015000000000000000e+03
4.014000000000000000e+03
4.013000000000000000e+03
4.010000000000000000e+03
4.009000000000000000e+03
4.008000000000000000e+03
4.006000000000000000e+03
4.004000000000000000e+03
4.003000000000000000e+03
4.002000000000000000e+03
3.999000000000000000e+03
3.997000000000000000e+03
3.996000000000000000e+03
3.993000000000000000e+03
3.992000000000000000e+03
3.991000000000000000e+03
3.990000000000000000e+03
3.989000000000000000e+03
3.988000000000000000e+03
3.987000000000000000e+03
3.986000000000000000e+03
4.032000000000000000e+03
4.074000000000000000e+03
4.033000000000000000e+03
4.035000000000000000e+03
4.072000000000000000e+03
4.071000000000000000e+03
4.069000000000000000e+03
4.068000000000000000e+03
4.067000000000000000e+03
4.066000000000000000e+03
4.064000000000000000e+03
4.063000000000000000e+03
4.061000000000000000e+03
4.060000000000000000e+03
4.057000000000000000e+03
4.056000000000000000e+03
4.055000000000000000e+03
4.054000000000000000e+03
4.053000000000000000e+03
4.052000000000000000e+03
4.049000000000000000e+03
4.047000000000000000e+03
4.046000000000000000e+03
4.045000000000000000e+03
4.044000000000000000e+03
4.043000000000000000e+03
4.040000000000000000e+03
4.039000000000000000e+03
4.038000000000000000e+03
4.037000000000000000e+03
4.036000000000000000e+03
4.034000000000000000e+03
4.167000000000000000e+03
4.168000000000000000e+03
4.170000000000000000e+03
4.310000000000000000e+03
4.309000000000000000e+03
4.308000000000000000e+03
4.307000000000000000e+03
4.302000000000000000e+03
4.301000000000000000e+03
4.299000000000000000e+03
4.298000000000000000e+03
4.296000000000000000e+03
4.294000000000000000e+03
4.291000000000000000e+03
4.289000000000000000e+03
4.288000000000000000e+03
4.287000000000000000e+03
4.285000000000000000e+03
4.283000000000000000e+03
4.282000000000000000e+03
4.281000000000000000e+03
4.279000000000000000e+03
4.278000000000000000e+03
4.275000000000000000e+03
4.274000000000000000e+03
4.273000000000000000e+03
4.272000000000000000e+03
4.271000000000000000e+03
4.270000000000000000e+03
4.269000000000000000e+03
4.311000000000000000e+03
4.268000000000000000e+03
4.312000000000000000e+03
4.315000000000000000e+03
4.357000000000000000e+03
4.355000000000000000e+03
4.353000000000000000e+03
4.350000000000000000e+03
4.349000000000000000e+03
4.348000000000000000e+03
4.347000000000000000e+03
4.346000000000000000e+03
4.345000000000000000e+03
4.343000000000000000e+03
4.339000000000000000e+03
4.337000000000000000e+03
4.334000000000000000e+03
4.333000000000000000e+03
4.332000000000000000e+03
4.331000000000000000e+03
4.328000000000000000e+03
4.327000000000000000e+03
4.326000000000000000e+03
4.325000000000000000e+03
4.324000000000000000e+03
4.323000000000000000e+03
4.321000000000000000e+03
4.320000000000000000e+03
4.319000000000000000e+03
4.317000000000000000e+03
4.316000000000000000e+03
4.313000000000000000e+03
4.265000000000000000e+03
4.263000000000000000e+03
4.261000000000000000e+03
4.213000000000000000e+03
4.211000000000000000e+03
4.209000000000000000e+03
4.206000000000000000e+03
4.205000000000000000e+03
4.204000000000000000e+03
4.203000000000000000e+03
4.202000000000000000e+03
4.199000000000000000e+03
4.198000000000000000e+03
4.195000000000000000e+03
4.192000000000000000e+03
4.190000000000000000e+03
4.189000000000000000e+03
4.188000000000000000e+03
4.187000000000000000e+03
4.186000000000000000e+03
4.185000000000000000e+03
4.184000000000000000e+03
4.183000000000000000e+03
4.182000000000000000e+03
4.180000000000000000e+03
4.176000000000000000e+03
4.175000000000000000e+03
4.174000000000000000e+03
4.173000000000000000e+03
4.171000000000000000e+03
4.214000000000000000e+03
4.217000000000000000e+03
4.218000000000000000e+03
4.219000000000000000e+03
4.260000000000000000e+03
4.259000000000000000e+03
4.258000000000000000e+03
4.257000000000000000e+03
4.256000000000000000e+03
4.255000000000000000e+03
4.251000000000000000e+03
4.250000000000000000e+03
4.249000000000000000e+03
4.248000000000000000e+03
4.247000000000000000e+03
4.246000000000000000e+03
4.244000000000000000e+03
4.359000000000000000e+03
4.242000000000000000e+03
4.236000000000000000e+03
4.235000000000000000e+03
4.234000000000000000e+03
4.232000000000000000e+03
4.231000000000000000e+03
4.230000000000000000e+03
4.228000000000000000e+03
4.227000000000000000e+03
4.226000000000000000e+03
4.225000000000000000e+03
4.224000000000000000e+03
4.222000000000000000e+03
4.221000000000000000e+03
4.240000000000000000e+03
5.512000000000000000e+03
4.748000000000000000e+03
4.752000000000000000e+03
5.266000000000000000e+03
5.265000000000000000e+03
5.263000000000000000e+03
5.262000000000000000e+03
5.261000000000000000e+03
5.260000000000000000e+03
5.259000000000000000e+03
5.258000000000000000e+03
5.256000000000000000e+03
5.254000000000000000e+03
5.253000000000000000e+03
5.252000000000000000e+03
5.251000000000000000e+03
5.250000000000000000e+03
5.249000000000000000e+03
5.248000000000000000e+03
5.247000000000000000e+03
5.245000000000000000e+03
5.244000000000000000e+03
5.243000000000000000e+03
5.242000000000000000e+03
5.240000000000000000e+03
5.238000000000000000e+03
5.237000000000000000e+03
5.236000000000000000e+03
5.234000000000000000e+03
5.233000000000000000e+03
5.269000000000000000e+03
5.232000000000000000e+03
5.270000000000000000e+03
5.274000000000000000e+03
5.316000000000000000e+03
5.315000000000000000e+03
5.314000000000000000e+03
5.313000000000000000e+03
5.312000000000000000e+03
5.311000000000000000e+03
5.310000000000000000e+03
5.306000000000000000e+03
5.305000000000000000e+03
5.304000000000000000e+03
5.302000000000000000e+03
5.301000000000000000e+03
5.298000000000000000e+03
5.297000000000000000e+03
5.295000000000000000e+03
5.294000000000000000e+03
5.291000000000000000e+03
5.290000000000000000e+03
5.289000000000000000e+03
5.285000000000000000e+03
5.283000000000000000e+03
5.282000000000000000e+03
5.281000000000000000e+03
5.279000000000000000e+03
5.278000000000000000e+03
5.276000000000000000e+03
5.275000000000000000e+03
5.271000000000000000e+03
5.317000000000000000e+03
5.231000000000000000e+03
5.228000000000000000e+03
5.182000000000000000e+03
5.181000000000000000e+03
5.180000000000000000e+03
5.179000000000000000e+03
5.178000000000000000e+03
5.177000000000000000e+03
5.176000000000000000e+03
5.175000000000000000e+03
5.174000000000000000e+03
5.173000000000000000e+03
5.171000000000000000e+03
5.169000000000000000e+03
5.167000000000000000e+03
5.166000000000000000e+03
5.162000000000000000e+03
5.160000000000000000e+03
5.159000000000000000e+03
5.158000000000000000e+03
5.157000000000000000e+03
5.155000000000000000e+03
5.154000000000000000e+03
5.153000000000000000e+03
5.150000000000000000e+03
5.148000000000000000e+03
5.146000000000000000e+03
5.145000000000000000e+03
5.144000000000000000e+03
5.184000000000000000e+03
5.230000000000000000e+03
5.185000000000000000e+03
5.188000000000000000e+03
5.226000000000000000e+03
5.225000000000000000e+03
5.221000000000000000e+03
5.220000000000000000e+03
5.219000000000000000e+03
5.218000000000000000e+03
5.217000000000000000e+03
5.216000000000000000e+03
5.215000000000000000e+03
5.213000000000000000e+03
5.209000000000000000e+03
5.208000000000000000e+03
5.207000000000000000e+03
5.205000000000000000e+03
5.203000000000000000e+03
5.202000000000000000e+03
5.201000000000000000e+03
5.200000000000000000e+03
5.199000000000000000e+03
5.198000000000000000e+03
5.197000000000000000e+03
5.196000000000000000e+03
5.195000000000000000e+03
5.193000000000000000e+03
5.191000000000000000e+03
5.190000000000000000e+03
5.189000000000000000e+03
5.187000000000000000e+03
5.319000000000000000e+03
5.320000000000000000e+03
5.322000000000000000e+03
5.462000000000000000e+03
5.461000000000000000e+03
5.459000000000000000e+03
5.458000000000000000e+03
5.457000000000000000e+03
5.452000000000000000e+03
5.451000000000000000e+03
5.449000000000000000e+03
5.448000000000000000e+03
5.446000000000000000e+03
5.445000000000000000e+03
5.443000000000000000e+03
5.439000000000000000e+03
5.438000000000000000e+03
5.436000000000000000e+03
5.435000000000000000e+03
5.434000000000000000e+03
5.433000000000000000e+03
5.432000000000000000e+03
5.430000000000000000e+03
5.429000000000000000e+03
5.428000000000000000e+03
5.427000000000000000e+03
5.426000000000000000e+03
5.425000000000000000e+03
5.422000000000000000e+03
5.421000000000000000e+03
5.463000000000000000e+03
5.420000000000000000e+03
5.466000000000000000e+03
5.468000000000000000e+03
5.509000000000000000e+03
5.508000000000000000e+03
5.507000000000000000e+03
5.506000000000000000e+03
5.504000000000000000e+03
5.503000000000000000e+03
5.502000000000000000e+03
5.501000000000000000e+03
5.499000000000000000e+03
5.498000000000000000e+03
5.497000000000000000e+03
5.494000000000000000e+03
5.493000000000000000e+03
5.491000000000000000e+03
5.488000000000000000e+03
5.487000000000000000e+03
5.485000000000000000e+03
5.484000000000000000e+03
5.482000000000000000e+03
5.480000000000000000e+03
5.479000000000000000e+03
5.478000000000000000e+03
5.477000000000000000e+03
5.474000000000000000e+03
5.473000000000000000e+03
5.472000000000000000e+03
5.471000000000000000e+03
5.467000000000000000e+03
5.419000000000000000e+03
5.418000000000000000e+03
5.417000000000000000e+03
5.361000000000000000e+03
5.360000000000000000e+03
5.359000000000000000e+03
5.356000000000000000e+03
5.355000000000000000e+03
5.353000000000000000e+03
5.352000000000000000e+03
5.350000000000000000e+03
5.349000000000000000e+03
5.348000000000000000e+03
5.346000000000000000e+03
5.345000000000000000e+03
5.344000000000000000e+03
5.342000000000000000e+03
5.341000000000000000e+03
5.339000000000000000e+03
5.337000000000000000e+03
5.334000000000000000e+03
5.333000000000000000e+03
5.332000000000000000e+03
5.331000000000000000e+03
5.329000000000000000e+03
5.327000000000000000e+03
5.326000000000000000e+03
5.325000000000000000e+03
5.324000000000000000e+03
5.323000000000000000e+03
5.362000000000000000e+03
5.368000000000000000e+03
5.369000000000000000e+03
5.371000000000000000e+03
5.416000000000000000e+03
5.415000000000000000e+03
5.414000000000000000e+03
5.412000000000000000e+03
5.411000000000000000e+03
5.409000000000000000e+03
5.404000000000000000e+03
5.403000000000000000e+03
5.402000000000000000e+03
5.401000000000000000e+03
5.400000000000000000e+03
5.398000000000000000e+03
5.397000000000000000e+03
5.142000000000000000e+03
5.396000000000000000e+03
5.392000000000000000e+03
5.389000000000000000e+03
5.387000000000000000e+03
5.386000000000000000e+03
5.384000000000000000e+03
5.383000000000000000e+03
5.382000000000000000e+03
5.380000000000000000e+03
5.378000000000000000e+03
5.377000000000000000e+03
5.376000000000000000e+03
5.373000000000000000e+03
5.372000000000000000e+03
5.394000000000000000e+03
4.750000000000000000e+03
5.141000000000000000e+03
5.137000000000000000e+03
4.879000000000000000e+03
4.878000000000000000e+03
4.877000000000000000e+03
4.876000000000000000e+03
4.875000000000000000e+03
4.874000000000000000e+03
4.873000000000000000e+03
4.872000000000000000e+03
4.871000000000000000e+03
4.870000000000000000e+03
4.869000000000000000e+03
4.868000000000000000e+03
4.867000000000000000e+03
4.865000000000000000e+03
4.864000000000000000e+03
4.862000000000000000e+03
4.861000000000000000e+03
4.860000000000000000e+03
4.858000000000000000e+03
4.857000000000000000e+03
4.856000000000000000e+03
4.855000000000000000e+03
4.853000000000000000e+03
4.852000000000000000e+03
4.851000000000000000e+03
4.850000000000000000e+03
4.849000000000000000e+03
4.882000000000000000e+03
4.848000000000000000e+03
4.883000000000000000e+03
4.887000000000000000e+03
4.927000000000000000e+03
4.926000000000000000e+03
4.923000000000000000e+03
4.919000000000000000e+03
4.918000000000000000e+03
4.917000000000000000e+03
4.915000000000000000e+03
4.913000000000000000e+03
4.912000000000000000e+03
4.911000000000000000e+03
4.910000000000000000e+03
4.907000000000000000e+03
4.905000000000000000e+03
4.903000000000000000e+03
4.902000000000000000e+03
4.901000000000000000e+03
4.899000000000000000e+03
4.898000000000000000e+03
4.897000000000000000e+03
4.896000000000000000e+03
4.895000000000000000e+03
4.894000000000000000e+03
4.893000000000000000e+03
4.892000000000000000e+03
4.891000000000000000e+03
4.890000000000000000e+03
4.888000000000000000e+03
4.884000000000000000e+03
4.928000000000000000e+03
4.846000000000000000e+03
4.840000000000000000e+03
4.794000000000000000e+03
4.793000000000000000e+03
4.792000000000000000e+03
4.791000000000000000e+03
4.790000000000000000e+03
4.784000000000000000e+03
4.782000000000000000e+03
4.780000000000000000e+03
4.779000000000000000e+03
4.778000000000000000e+03
4.777000000000000000e+03
4.775000000000000000e+03
4.773000000000000000e+03
4.772000000000000000e+03
4.771000000000000000e+03
4.769000000000000000e+03
4.767000000000000000e+03
4.764000000000000000e+03
4.762000000000000000e+03
4.761000000000000000e+03
4.760000000000000000e+03
4.759000000000000000e+03
4.758000000000000000e+03
4.757000000000000000e+03
4.756000000000000000e+03
4.755000000000000000e+03
4.754000000000000000e+03
4.796000000000000000e+03
4.842000000000000000e+03
4.798000000000000000e+03
4.803000000000000000e+03
4.839000000000000000e+03
4.837000000000000000e+03
4.836000000000000000e+03
4.835000000000000000e+03
4.834000000000000000e+03
4.833000000000000000e+03
4.832000000000000000e+03
4.830000000000000000e+03
4.828000000000000000e+03
4.827000000000000000e+03
4.825000000000000000e+03
4.822000000000000000e+03
4.821000000000000000e+03
4.820000000000000000e+03
4.818000000000000000e+03
4.817000000000000000e+03
4.816000000000000000e+03
4.815000000000000000e+03
4.814000000000000000e+03
4.813000000000000000e+03
4.812000000000000000e+03
4.810000000000000000e+03
4.809000000000000000e+03
4.808000000000000000e+03
4.807000000000000000e+03
4.806000000000000000e+03
4.805000000000000000e+03
4.801000000000000000e+03
4.929000000000000000e+03
4.931000000000000000e+03
4.932000000000000000e+03
5.086000000000000000e+03
5.085000000000000000e+03
5.082000000000000000e+03
5.079000000000000000e+03
5.078000000000000000e+03
5.076000000000000000e+03
5.075000000000000000e+03
5.069000000000000000e+03
5.067000000000000000e+03
5.066000000000000000e+03
5.065000000000000000e+03
5.064000000000000000e+03
5.063000000000000000e+03
5.062000000000000000e+03
5.060000000000000000e+03
5.059000000000000000e+03
5.057000000000000000e+03
5.053000000000000000e+03
5.051000000000000000e+03
5.048000000000000000e+03
5.047000000000000000e+03
5.046000000000000000e+03
5.045000000000000000e+03
5.044000000000000000e+03
5.043000000000000000e+03
5.042000000000000000e+03
5.038000000000000000e+03
5.088000000000000000e+03
5.037000000000000000e+03
5.089000000000000000e+03
5.093000000000000000e+03
5.135000000000000000e+03
5.132000000000000000e+03
5.131000000000000000e+03
5.130000000000000000e+03
5.129000000000000000e+03
5.127000000000000000e+03
5.126000000000000000e+03
5.125000000000000000e+03
5.124000000000000000e+03
5.123000000000000000e+03
5.120000000000000000e+03
5.112000000000000000e+03
5.110000000000000000e+03
5.109000000000000000e+03
5.108000000000000000e+03
5.107000000000000000e+03
5.106000000000000000e+03
5.105000000000000000e+03
5.104000000000000000e+03
5.103000000000000000e+03
5.102000000000000000e+03
5.101000000000000000e+03
5.099000000000000000e+03
5.098000000000000000e+03
5.096000000000000000e+03
5.095000000000000000e+03
5.094000000000000000e+03
5.090000000000000000e+03
5.036000000000000000e+03
5.034000000000000000e+03
5.033000000000000000e+03
4.980000000000000000e+03
4.978000000000000000e+03
4.977000000000000000e+03
4.975000000000000000e+03
4.973000000000000000e+03
4.972000000000000000e+03
4.968000000000000000e+03
4.967000000000000000e+03
4.966000000000000000e+03
4.961000000000000000e+03
4.960000000000000000e+03
4.959000000000000000e+03
4.958000000000000000e+03
4.956000000000000000e+03
4.954000000000000000e+03
4.953000000000000000e+03
4.949000000000000000e+03
4.947000000000000000e+03
4.946000000000000000e+03
4.942000000000000000e+03
4.941000000000000000e+03
4.940000000000000000e+03
4.939000000000000000e+03
4.938000000000000000e+03
4.937000000000000000e+03
4.935000000000000000e+03
4.934000000000000000e+03
4.984000000000000000e+03
4.985000000000000000e+03
4.986000000000000000e+03
4.988000000000000000e+03
5.032000000000000000e+03
5.031000000000000000e+03
5.030000000000000000e+03
5.029000000000000000e+03
5.027000000000000000e+03
5.026000000000000000e+03
5.025000000000000000e+03
5.024000000000000000e+03
5.023000000000000000e+03
5.022000000000000000e+03
5.021000000000000000e+03
5.017000000000000000e+03
5.016000000000000000e+03
5.138000000000000000e+03
5.015000000000000000e+03
5.013000000000000000e+03
5.010000000000000000e+03
5.009000000000000000e+03
5.008000000000000000e+03
5.007000000000000000e+03
5.006000000000000000e+03
5.005000000000000000e+03
5.004000000000000000e+03
4.997000000000000000e+03
4.995000000000000000e+03
4.992000000000000000e+03
4.991000000000000000e+03
4.990000000000000000e+03
5.014000000000000000e+03
3.985000000000000000e+03
7.026000000000000000e+03
7.029000000000000000e+03
8.996000000000000000e+03
8.994000000000000000e+03
8.993000000000000000e+03
8.989000000000000000e+03
8.986000000000000000e+03
8.984000000000000000e+03
8.983000000000000000e+03
8.981000000000000000e+03
8.980000000000000000e+03
8.978000000000000000e+03
8.977000000000000000e+03
8.976000000000000000e+03
8.975000000000000000e+03
8.974000000000000000e+03
8.972000000000000000e+03
8.971000000000000000e+03
8.970000000000000000e+03
8.969000000000000000e+03
8.968000000000000000e+03
8.967000000000000000e+03
8.965000000000000000e+03
8.963000000000000000e+03
8.962000000000000000e+03
8.961000000000000000e+03
8.960000000000000000e+03
8.959000000000000000e+03
8.958000000000000000e+03
8.997000000000000000e+03
8.957000000000000000e+03
9.000000000000000000e+03
9.004000000000000000e+03
9.046000000000000000e+03
9.044000000000000000e+03
9.042000000000000000e+03
9.041000000000000000e+03
9.038000000000000000e+03
9.035000000000000000e+03
9.034000000000000000e+03
9.033000000000000000e+03
9.032000000000000000e+03
9.031000000000000000e+03
9.030000000000000000e+03
9.029000000000000000e+03
9.028000000000000000e+03
9.025000000000000000e+03
9.023000000000000000e+03
9.022000000000000000e+03
9.021000000000000000e+03
9.020000000000000000e+03
9.019000000000000000e+03
9.018000000000000000e+03
9.017000000000000000e+03
9.015000000000000000e+03
9.014000000000000000e+03
9.013000000000000000e+03
9.011000000000000000e+03
9.009000000000000000e+03
9.008000000000000000e+03
9.001000000000000000e+03
9.047000000000000000e+03
8.956000000000000000e+03
8.954000000000000000e+03
8.910000000000000000e+03
8.907000000000000000e+03
8.906000000000000000e+03
8.904000000000000000e+03
8.903000000000000000e+03
8.902000000000000000e+03
8.901000000000000000e+03
8.900000000000000000e+03
8.899000000000000000e+03
8.898000000000000000e+03
8.897000000000000000e+03
8.896000000000000000e+03
8.891000000000000000e+03
8.890000000000000000e+03
8.889000000000000000e+03
8.888000000000000000e+03
8.887000000000000000e+03
8.886000000000000000e+03
8.885000000000000000e+03
8.884000000000000000e+03
8.883000000000000000e+03
8.882000000000000000e+03
8.879000000000000000e+03
8.878000000000000000e+03
8.877000000000000000e+03
8.876000000000000000e+03
8.873000000000000000e+03
8.913000000000000000e+03
8.955000000000000000e+03
8.915000000000000000e+03
8.917000000000000000e+03
8.953000000000000000e+03
8.952000000000000000e+03
8.951000000000000000e+03
8.950000000000000000e+03
8.948000000000000000e+03
8.947000000000000000e+03
8.946000000000000000e+03
8.944000000000000000e+03
8.942000000000000000e+03
8.940000000000000000e+03
8.939000000000000000e+03
8.938000000000000000e+03
8.936000000000000000e+03
8.935000000000000000e+03
8.933000000000000000e+03
8.932000000000000000e+03
8.930000000000000000e+03
8.929000000000000000e+03
8.927000000000000000e+03
8.926000000000000000e+03
8.925000000000000000e+03
8.924000000000000000e+03
8.923000000000000000e+03
8.921000000000000000e+03
8.920000000000000000e+03
8.919000000000000000e+03
8.918000000000000000e+03
8.916000000000000000e+03
9.048000000000000000e+03
9.050000000000000000e+03
9.051000000000000000e+03
9.194000000000000000e+03
9.193000000000000000e+03
9.192000000000000000e+03
9.189000000000000000e+03
9.187000000000000000e+03
9.186000000000000000e+03
9.185000000000000000e+03
9.184000000000000000e+03
9.183000000000000000e+03
9.182000000000000000e+03
9.180000000000000000e+03
9.178000000000000000e+03
9.177000000000000000e+03
9.176000000000000000e+03
9.174000000000000000e+03
9.170000000000000000e+03
9.169000000000000000e+03
9.166000000000000000e+03
9.165000000000000000e+03
9.164000000000000000e+03
9.163000000000000000e+03
9.162000000000000000e+03
9.161000000000000000e+03
9.159000000000000000e+03
9.157000000000000000e+03
9.156000000000000000e+03
9.152000000000000000e+03
9.196000000000000000e+03
9.151000000000000000e+03
9.197000000000000000e+03
9.199000000000000000e+03
9.241000000000000000e+03
9.240000000000000000e+03
9.239000000000000000e+03
9.238000000000000000e+03
9.236000000000000000e+03
9.233000000000000000e+03
9.232000000000000000e+03
9.230000000000000000e+03
9.229000000000000000e+03
9.227000000000000000e+03
9.225000000000000000e+03
9.222000000000000000e+03
9.220000000000000000e+03
9.217000000000000000e+03
9.213000000000000000e+03
9.212000000000000000e+03
9.211000000000000000e+03
9.210000000000000000e+03
9.208000000000000000e+03
9.207000000000000000e+03
9.206000000000000000e+03
9.205000000000000000e+03
9.204000000000000000e+03
9.203000000000000000e+03
9.202000000000000000e+03
9.201000000000000000e+03
9.200000000000000000e+03
9.198000000000000000e+03
9.149000000000000000e+03
9.148000000000000000e+03
9.146000000000000000e+03
9.096000000000000000e+03
9.095000000000000000e+03
9.094000000000000000e+03
9.090000000000000000e+03
9.089000000000000000e+03
9.086000000000000000e+03
9.083000000000000000e+03
9.082000000000000000e+03
9.081000000000000000e+03
9.080000000000000000e+03
9.079000000000000000e+03
9.075000000000000000e+03
9.074000000000000000e+03
9.073000000000000000e+03
9.071000000000000000e+03
9.068000000000000000e+03
9.066000000000000000e+03
9.065000000000000000e+03
9.063000000000000000e+03
9.062000000000000000e+03
9.061000000000000000e+03
9.059000000000000000e+03
9.058000000000000000e+03
9.057000000000000000e+03
9.056000000000000000e+03
9.055000000000000000e+03
9.052000000000000000e+03
9.097000000000000000e+03
9.098000000000000000e+03
9.099000000000000000e+03
9.100000000000000000e+03
9.145000000000000000e+03
9.144000000000000000e+03
9.142000000000000000e+03
9.141000000000000000e+03
9.140000000000000000e+03
9.139000000000000000e+03
9.137000000000000000e+03
9.135000000000000000e+03
9.133000000000000000e+03
9.131000000000000000e+03
9.130000000000000000e+03
9.129000000000000000e+03
9.126000000000000000e+03
8.870000000000000000e+03
9.125000000000000000e+03
9.119000000000000000e+03
9.118000000000000000e+03
9.117000000000000000e+03
9.116000000000000000e+03
9.114000000000000000e+03
9.113000000000000000e+03
9.111000000000000000e+03
9.110000000000000000e+03
9.108000000000000000e+03
9.107000000000000000e+03
9.104000000000000000e+03
9.102000000000000000e+03
9.101000000000000000e+03
9.121000000000000000e+03
9.243000000000000000e+03
8.868000000000000000e+03
8.865000000000000000e+03
8.643000000000000000e+03
8.642000000000000000e+03
8.641000000000000000e+03
8.640000000000000000e+03
8.638000000000000000e+03
8.637000000000000000e+03
8.636000000000000000e+03
8.635000000000000000e+03
8.634000000000000000e+03
8.633000000000000000e+03
8.631000000000000000e+03
8.630000000000000000e+03
8.628000000000000000e+03
8.626000000000000000e+03
8.625000000000000000e+03
8.624000000000000000e+03
8.622000000000000000e+03
8.621000000000000000e+03
8.620000000000000000e+03
8.619000000000000000e+03
8.617000000000000000e+03
8.613000000000000000e+03
8.612000000000000000e+03
8.611000000000000000e+03
8.610000000000000000e+03
8.607000000000000000e+03
8.606000000000000000e+03
8.644000000000000000e+03
8.605000000000000000e+03
8.647000000000000000e+03
8.649000000000000000e+03
8.696000000000000000e+03
8.695000000000000000e+03
8.694000000000000000e+03
8.688000000000000000e+03
8.687000000000000000e+03
8.685000000000000000e+03
8.684000000000000000e+03
8.682000000000000000e+03
8.681000000000000000e+03
8.680000000000000000e+03
8.679000000000000000e+03
8.678000000000000000e+03
8.677000000000000000e+03
8.674000000000000000e+03
8.671000000000000000e+03
8.669000000000000000e+03
8.668000000000000000e+03
8.667000000000000000e+03
8.665000000000000000e+03
8.661000000000000000e+03
8.660000000000000000e+03
8.659000000000000000e+03
8.657000000000000000e+03
8.656000000000000000e+03
8.655000000000000000e+03
8.651000000000000000e+03
8.650000000000000000e+03
8.648000000000000000e+03
8.697000000000000000e+03
8.604000000000000000e+03
8.602000000000000000e+03
8.541000000000000000e+03
8.540000000000000000e+03
8.539000000000000000e+03
8.536000000000000000e+03
8.535000000000000000e+03
8.534000000000000000e+03
8.533000000000000000e+03
8.531000000000000000e+03
8.530000000000000000e+03
8.529000000000000000e+03
8.528000000000000000e+03
8.527000000000000000e+03
8.525000000000000000e+03
8.524000000000000000e+03
8.523000000000000000e+03
8.522000000000000000e+03
8.521000000000000000e+03
8.519000000000000000e+03
8.518000000000000000e+03
8.516000000000000000e+03
8.515000000000000000e+03
8.514000000000000000e+03
8.512000000000000000e+03
8.508000000000000000e+03
8.507000000000000000e+03
8.506000000000000000e+03
8.505000000000000000e+03
8.545000000000000000e+03
8.603000000000000000e+03
8.550000000000000000e+03
8.552000000000000000e+03
8.601000000000000000e+03
8.600000000000000000e+03
8.599000000000000000e+03
8.597000000000000000e+03
8.595000000000000000e+03
8.593000000000000000e+03
8.592000000000000000e+03
8.589000000000000000e+03
8.588000000000000000e+03
8.586000000000000000e+03
8.585000000000000000e+03
8.584000000000000000e+03
8.581000000000000000e+03
8.578000000000000000e+03
8.574000000000000000e+03
8.573000000000000000e+03
8.572000000000000000e+03
8.571000000000000000e+03
8.569000000000000000e+03
8.567000000000000000e+03
8.566000000000000000e+03
8.563000000000000000e+03
8.561000000000000000e+03
8.559000000000000000e+03
8.558000000000000000e+03
8.557000000000000000e+03
8.555000000000000000e+03
8.551000000000000000e+03
8.698000000000000000e+03
8.699000000000000000e+03
8.700000000000000000e+03
8.826000000000000000e+03
8.825000000000000000e+03
8.824000000000000000e+03
8.823000000000000000e+03
8.822000000000000000e+03
8.821000000000000000e+03
8.819000000000000000e+03
8.818000000000000000e+03
8.816000000000000000e+03
8.813000000000000000e+03
8.812000000000000000e+03
8.811000000000000000e+03
8.809000000000000000e+03
8.807000000000000000e+03
8.806000000000000000e+03
8.805000000000000000e+03
8.804000000000000000e+03
8.801000000000000000e+03
8.800000000000000000e+03
8.799000000000000000e+03
8.798000000000000000e+03
8.797000000000000000e+03
8.794000000000000000e+03
8.793000000000000000e+03
8.792000000000000000e+03
8.791000000000000000e+03
8.790000000000000000e+03
8.827000000000000000e+03
8.789000000000000000e+03
8.828000000000000000e+03
8.830000000000000000e+03
8.864000000000000000e+03
8.863000000000000000e+03
8.862000000000000000e+03
8.861000000000000000e+03
8.860000000000000000e+03
8.859000000000000000e+03
8.857000000000000000e+03
8.856000000000000000e+03
8.855000000000000000e+03
8.853000000000000000e+03
8.850000000000000000e+03
8.848000000000000000e+03
8.847000000000000000e+03
8.846000000000000000e+03
8.845000000000000000e+03
8.844000000000000000e+03
8.842000000000000000e+03
8.841000000000000000e+03
8.840000000000000000e+03
8.839000000000000000e+03
8.837000000000000000e+03
8.836000000000000000e+03
8.835000000000000000e+03
8.834000000000000000e+03
8.833000000000000000e+03
8.832000000000000000e+03
8.831000000000000000e+03
8.829000000000000000e+03
8.787000000000000000e+03
8.784000000000000000e+03
8.783000000000000000e+03
8.740000000000000000e+03
8.739000000000000000e+03
8.736000000000000000e+03
8.734000000000000000e+03
8.733000000000000000e+03
8.732000000000000000e+03
8.731000000000000000e+03
8.730000000000000000e+03
8.727000000000000000e+03
8.725000000000000000e+03
8.722000000000000000e+03
8.720000000000000000e+03
8.719000000000000000e+03
8.718000000000000000e+03
8.717000000000000000e+03
8.716000000000000000e+03
8.714000000000000000e+03
8.713000000000000000e+03
8.711000000000000000e+03
8.710000000000000000e+03
8.708000000000000000e+03
8.707000000000000000e+03
8.705000000000000000e+03
8.704000000000000000e+03
8.703000000000000000e+03
8.702000000000000000e+03
8.701000000000000000e+03
8.741000000000000000e+03
8.742000000000000000e+03
8.744000000000000000e+03
8.745000000000000000e+03
8.781000000000000000e+03
8.777000000000000000e+03
8.776000000000000000e+03
8.775000000000000000e+03
8.774000000000000000e+03
8.773000000000000000e+03
8.771000000000000000e+03
8.770000000000000000e+03
8.769000000000000000e+03
8.768000000000000000e+03
8.767000000000000000e+03
8.766000000000000000e+03
8.765000000000000000e+03
8.867000000000000000e+03
8.764000000000000000e+03
8.760000000000000000e+03
8.758000000000000000e+03
8.757000000000000000e+03
8.756000000000000000e+03
8.755000000000000000e+03
8.754000000000000000e+03
8.753000000000000000e+03
8.752000000000000000e+03
8.750000000000000000e+03
8.749000000000000000e+03
8.748000000000000000e+03
8.747000000000000000e+03
8.746000000000000000e+03
8.763000000000000000e+03
8.504000000000000000e+03
9.244000000000000000e+03
9.246000000000000000e+03
9.760000000000000000e+03
9.758000000000000000e+03
9.757000000000000000e+03
9.755000000000000000e+03
9.753000000000000000e+03
9.752000000000000000e+03
9.751000000000000000e+03
9.750000000000000000e+03
9.749000000000000000e+03
9.747000000000000000e+03
9.745000000000000000e+03
9.743000000000000000e+03
9.740000000000000000e+03
9.738000000000000000e+03
9.736000000000000000e+03
9.735000000000000000e+03
9.733000000000000000e+03
9.732000000000000000e+03
9.731000000000000000e+03
9.729000000000000000e+03
9.728000000000000000e+03
9.727000000000000000e+03
9.726000000000000000e+03
9.724000000000000000e+03
9.721000000000000000e+03
9.720000000000000000e+03
9.719000000000000000e+03
9.761000000000000000e+03
9.718000000000000000e+03
9.762000000000000000e+03
9.767000000000000000e+03
9.810000000000000000e+03
9.809000000000000000e+03
9.808000000000000000e+03
9.806000000000000000e+03
9.805000000000000000e+03
9.804000000000000000e+03
9.803000000000000000e+03
9.802000000000000000e+03
9.800000000000000000e+03
9.799000000000000000e+03
9.798000000000000000e+03
9.796000000000000000e+03
9.793000000000000000e+03
9.792000000000000000e+03
9.791000000000000000e+03
9.790000000000000000e+03
9.782000000000000000e+03
9.780000000000000000e+03
9.779000000000000000e+03
9.777000000000000000e+03
9.776000000000000000e+03
9.775000000000000000e+03
9.774000000000000000e+03
9.772000000000000000e+03
9.771000000000000000e+03
9.770000000000000000e+03
9.769000000000000000e+03
9.765000000000000000e+03
9.812000000000000000e+03
9.716000000000000000e+03
9.714000000000000000e+03
9.655000000000000000e+03
9.654000000000000000e+03
9.653000000000000000e+03
9.651000000000000000e+03
9.650000000000000000e+03
9.649000000000000000e+03
9.647000000000000000e+03
9.646000000000000000e+03
9.644000000000000000e+03
9.643000000000000000e+03
9.641000000000000000e+03
9.640000000000000000e+03
9.639000000000000000e+03
9.638000000000000000e+03
9.637000000000000000e+03
9.632000000000000000e+03
9.629000000000000000e+03
9.627000000000000000e+03
9.626000000000000000e+03
9.623000000000000000e+03
9.622000000000000000e+03
9.621000000000000000e+03
9.619000000000000000e+03
9.618000000000000000e+03
9.617000000000000000e+03
9.615000000000000000e+03
9.614000000000000000e+03
9.656000000000000000e+03
9.715000000000000000e+03
9.658000000000000000e+03
9.663000000000000000e+03
9.713000000000000000e+03
9.712000000000000000e+03
9.711000000000000000e+03
9.709000000000000000e+03
9.707000000000000000e+03
9.706000000000000000e+03
9.704000000000000000e+03
9.703000000000000000e+03
9.702000000000000000e+03
9.701000000000000000e+03
9.699000000000000000e+03
9.698000000000000000e+03
9.693000000000000000e+03
9.692000000000000000e+03
9.691000000000000000e+03
9.690000000000000000e+03
9.688000000000000000e+03
9.683000000000000000e+03
9.682000000000000000e+03
9.678000000000000000e+03
9.675000000000000000e+03
9.674000000000000000e+03
9.673000000000000000e+03
9.672000000000000000e+03
9.669000000000000000e+03
9.668000000000000000e+03
9.666000000000000000e+03
9.659000000000000000e+03
9.814000000000000000e+03
9.815000000000000000e+03
9.817000000000000000e+03
9.948000000000000000e+03
9.947000000000000000e+03
9.945000000000000000e+03
9.944000000000000000e+03
9.943000000000000000e+03
9.942000000000000000e+03
9.941000000000000000e+03
9.938000000000000000e+03
9.937000000000000000e+03
9.936000000000000000e+03
9.932000000000000000e+03
9.931000000000000000e+03
9.929000000000000000e+03
9.927000000000000000e+03
9.926000000000000000e+03
9.925000000000000000e+03
9.924000000000000000e+03
9.921000000000000000e+03
9.920000000000000000e+03
9.918000000000000000e+03
9.915000000000000000e+03
9.914000000000000000e+03
9.912000000000000000e+03
9.911000000000000000e+03
9.909000000000000000e+03
9.908000000000000000e+03
9.907000000000000000e+03
9.949000000000000000e+03
9.905000000000000000e+03
9.952000000000000000e+03
9.955000000000000000e+03
9.997000000000000000e+03
9.995000000000000000e+03
9.994000000000000000e+03
9.991000000000000000e+03
9.989000000000000000e+03
9.988000000000000000e+03
9.987000000000000000e+03
9.986000000000000000e+03
9.985000000000000000e+03
9.984000000000000000e+03
9.983000000000000000e+03
9.982000000000000000e+03
9.981000000000000000e+03
9.980000000000000000e+03
9.976000000000000000e+03
9.973000000000000000e+03
9.972000000000000000e+03
9.971000000000000000e+03
9.970000000000000000e+03
9.969000000000000000e+03
9.968000000000000000e+03
9.966000000000000000e+03
9.965000000000000000e+03
9.964000000000000000e+03
9.963000000000000000e+03
9.962000000000000000e+03
9.957000000000000000e+03
9.953000000000000000e+03
9.903000000000000000e+03
9.902000000000000000e+03
9.901000000000000000e+03
9.858000000000000000e+03
9.857000000000000000e+03
9.855000000000000000e+03
9.853000000000000000e+03
9.852000000000000000e+03
9.851000000000000000e+03
9.850000000000000000e+03
9.849000000000000000e+03
9.847000000000000000e+03
9.846000000000000000e+03
9.844000000000000000e+03
9.841000000000000000e+03
9.838000000000000000e+03
9.836000000000000000e+03
9.834000000000000000e+03
9.833000000000000000e+03
9.832000000000000000e+03
9.830000000000000000e+03
9.829000000000000000e+03
9.828000000000000000e+03
9.827000000000000000e+03
9.825000000000000000e+03
9.824000000000000000e+03
9.821000000000000000e+03
9.820000000000000000e+03
9.819000000000000000e+03
9.818000000000000000e+03
9.860000000000000000e+03
9.861000000000000000e+03
9.862000000000000000e+03
9.864000000000000000e+03
9.900000000000000000e+03
9.899000000000000000e+03
9.898000000000000000e+03
9.897000000000000000e+03
9.896000000000000000e+03
9.895000000000000000e+03
9.894000000000000000e+03
9.893000000000000000e+03
9.892000000000000000e+03
9.891000000000000000e+03
9.890000000000000000e+03
9.889000000000000000e+03
9.888000000000000000e+03
9.613000000000000000e+03
9.886000000000000000e+03
9.884000000000000000e+03
9.883000000000000000e+03
9.880000000000000000e+03
9.878000000000000000e+03
9.877000000000000000e+03
9.875000000000000000e+03
9.874000000000000000e+03
9.873000000000000000e+03
9.872000000000000000e+03
9.871000000000000000e+03
9.867000000000000000e+03
9.866000000000000000e+03
9.865000000000000000e+03
9.885000000000000000e+03
9.245000000000000000e+03
9.612000000000000000e+03
9.609000000000000000e+03
9.375000000000000000e+03
9.374000000000000000e+03
9.373000000000000000e+03
9.372000000000000000e+03
9.371000000000000000e+03
9.370000000000000000e+03
9.369000000000000000e+03
9.368000000000000000e+03
9.367000000000000000e+03
9.366000000000000000e+03
9.364000000000000000e+03
9.362000000000000000e+03
9.361000000000000000e+03
9.360000000000000000e+03
9.359000000000000000e+03
9.358000000000000000e+03
9.357000000000000000e+03
9.356000000000000000e+03
9.355000000000000000e+03
9.354000000000000000e+03
9.352000000000000000e+03
9.350000000000000000e+03
9.348000000000000000e+03
9.347000000000000000e+03
9.346000000000000000e+03
9.345000000000000000e+03
9.343000000000000000e+03
9.377000000000000000e+03
9.342000000000000000e+03
9.378000000000000000e+03
9.381000000000000000e+03
9.423000000000000000e+03
9.420000000000000000e+03
9.419000000000000000e+03
9.418000000000000000e+03
9.414000000000000000e+03
9.413000000000000000e+03
9.412000000000000000e+03
9.411000000000000000e+03
9.410000000000000000e+03
9.408000000000000000e+03
9.406000000000000000e+03
9.405000000000000000e+03
9.403000000000000000e+03
9.402000000000000000e+03
9.401000000000000000e+03
9.399000000000000000e+03
9.397000000000000000e+03
9.396000000000000000e+03
9.395000000000000000e+03
9.394000000000000000e+03
9.391000000000000000e+03
9.389000000000000000e+03
9.387000000000000000e+03
9.386000000000000000e+03
9.385000000000000000e+03
9.384000000000000000e+03
9.383000000000000000e+03
9.379000000000000000e+03
9.424000000000000000e+03
9.339000000000000000e+03
9.337000000000000000e+03
9.287000000000000000e+03
9.286000000000000000e+03
9.284000000000000000e+03
9.283000000000000000e+03
9.282000000000000000e+03
9.281000000000000000e+03
9.279000000000000000e+03
9.278000000000000000e+03
9.275000000000000000e+03
9.274000000000000000e+03
9.273000000000000000e+03
9.272000000000000000e+03
9.271000000000000000e+03
9.268000000000000000e+03
9.266000000000000000e+03
9.265000000000000000e+03
9.263000000000000000e+03
9.262000000000000000e+03
9.260000000000000000e+03
9.259000000000000000e+03
9.258000000000000000e+03
9.257000000000000000e+03
9.256000000000000000e+03
9.255000000000000000e+03
9.252000000000000000e+03
9.251000000000000000e+03
9.248000000000000000e+03
9.290000000000000000e+03
9.338000000000000000e+03
9.291000000000000000e+03
9.300000000000000000e+03
9.336000000000000000e+03
9.333000000000000000e+03
9.331000000000000000e+03
9.330000000000000000e+03
9.329000000000000000e+03
9.327000000000000000e+03
9.325000000000000000e+03
9.324000000000000000e+03
9.323000000000000000e+03
9.322000000000000000e+03
9.321000000000000000e+03
9.320000000000000000e+03
9.318000000000000000e+03
9.317000000000000000e+03
9.316000000000000000e+03
9.315000000000000000e+03
9.314000000000000000e+03
9.313000000000000000e+03
9.312000000000000000e+03
9.311000000000000000e+03
9.310000000000000000e+03
9.309000000000000000e+03
9.308000000000000000e+03
9.305000000000000000e+03
9.304000000000000000e+03
9.303000000000000000e+03
9.301000000000000000e+03
9.298000000000000000e+03
9.425000000000000000e+03
9.426000000000000000e+03
9.427000000000000000e+03
9.564000000000000000e+03
9.563000000000000000e+03
9.561000000000000000e+03
9.559000000000000000e+03
9.557000000000000000e+03
9.556000000000000000e+03
9.555000000000000000e+03
9.554000000000000000e+03
9.553000000000000000e+03
9.552000000000000000e+03
9.551000000000000000e+03
9.550000000000000000e+03
9.549000000000000000e+03
9.547000000000000000e+03
9.546000000000000000e+03
9.545000000000000000e+03
9.544000000000000000e+03
9.543000000000000000e+03
9.541000000000000000e+03
9.539000000000000000e+03
9.538000000000000000e+03
9.537000000000000000e+03
9.535000000000000000e+03
9.534000000000000000e+03
9.532000000000000000e+03
9.531000000000000000e+03
9.529000000000000000e+03
9.565000000000000000e+03
9.528000000000000000e+03
9.567000000000000000e+03
9.571000000000000000e+03
9.607000000000000000e+03
9.606000000000000000e+03
9.605000000000000000e+03
9.604000000000000000e+03
9.603000000000000000e+03
9.602000000000000000e+03
9.600000000000000000e+03
9.598000000000000000e+03
9.595000000000000000e+03
9.594000000000000000e+03
9.592000000000000000e+03
9.591000000000000000e+03
9.589000000000000000e+03
9.587000000000000000e+03
9.586000000000000000e+03
9.585000000000000000e+03
9.584000000000000000e+03
9.583000000000000000e+03
9.582000000000000000e+03
9.581000000000000000e+03
9.579000000000000000e+03
9.578000000000000000e+03
9.577000000000000000e+03
9.576000000000000000e+03
9.574000000000000000e+03
9.573000000000000000e+03
9.572000000000000000e+03
9.569000000000000000e+03
9.526000000000000000e+03
9.525000000000000000e+03
9.522000000000000000e+03
9.475000000000000000e+03
9.474000000000000000e+03
9.472000000000000000e+03
9.470000000000000000e+03
9.469000000000000000e+03
9.467000000000000000e+03
9.466000000000000000e+03
9.465000000000000000e+03
9.463000000000000000e+03
9.462000000000000000e+03
9.460000000000000000e+03
9.457000000000000000e+03
9.456000000000000000e+03
9.454000000000000000e+03
9.453000000000000000e+03
9.449000000000000000e+03
9.447000000000000000e+03
9.444000000000000000e+03
9.443000000000000000e+03
9.442000000000000000e+03
9.441000000000000000e+03
9.440000000000000000e+03
9.439000000000000000e+03
9.437000000000000000e+03
9.436000000000000000e+03
9.429000000000000000e+03
9.428000000000000000e+03
9.476000000000000000e+03
9.480000000000000000e+03
9.481000000000000000e+03
9.483000000000000000e+03
9.521000000000000000e+03
9.520000000000000000e+03
9.518000000000000000e+03
9.517000000000000000e+03
9.516000000000000000e+03
9.515000000000000000e+03
9.514000000000000000e+03
9.513000000000000000e+03
9.512000000000000000e+03
9.508000000000000000e+03
9.506000000000000000e+03
9.505000000000000000e+03
9.504000000000000000e+03
9.611000000000000000e+03
9.502000000000000000e+03
9.498000000000000000e+03
9.496000000000000000e+03
9.495000000000000000e+03
9.494000000000000000e+03
9.493000000000000000e+03
9.492000000000000000e+03
9.491000000000000000e+03
9.489000000000000000e+03
9.488000000000000000e+03
9.487000000000000000e+03
9.486000000000000000e+03
9.485000000000000000e+03
9.484000000000000000e+03
9.499000000000000000e+03
7.028000000000000000e+03
8.501000000000000000e+03
8.499000000000000000e+03
7.542000000000000000e+03
7.541000000000000000e+03
7.540000000000000000e+03
7.537000000000000000e+03
7.536000000000000000e+03
7.535000000000000000e+03
7.534000000000000000e+03
7.533000000000000000e+03
7.530000000000000000e+03
7.529000000000000000e+03
7.527000000000000000e+03
7.526000000000000000e+03
7.525000000000000000e+03
7.524000000000000000e+03
7.522000000000000000e+03
7.521000000000000000e+03
7.520000000000000000e+03
7.519000000000000000e+03
7.518000000000000000e+03
7.515000000000000000e+03
7.514000000000000000e+03
7.513000000000000000e+03
7.510000000000000000e+03
7.509000000000000000e+03
7.508000000000000000e+03
7.507000000000000000e+03
7.504000000000000000e+03
7.543000000000000000e+03
7.503000000000000000e+03
7.544000000000000000e+03
7.546000000000000000e+03
7.589000000000000000e+03
7.587000000000000000e+03
7.586000000000000000e+03
7.585000000000000000e+03
7.583000000000000000e+03
7.582000000000000000e+03
7.581000000000000000e+03
7.580000000000000000e+03
7.579000000000000000e+03
7.578000000000000000e+03
7.576000000000000000e+03
7.575000000000000000e+03
7.572000000000000000e+03
7.571000000000000000e+03
7.570000000000000000e+03
7.566000000000000000e+03
7.565000000000000000e+03
7.564000000000000000e+03
7.561000000000000000e+03
7.558000000000000000e+03
7.557000000000000000e+03
7.556000000000000000e+03
7.553000000000000000e+03
7.552000000000000000e+03
7.551000000000000000e+03
7.548000000000000000e+03
7.547000000000000000e+03
7.545000000000000000e+03
7.591000000000000000e+03
7.502000000000000000e+03
7.500000000000000000e+03
7.457000000000000000e+03
7.456000000000000000e+03
7.453000000000000000e+03
7.452000000000000000e+03
7.449000000000000000e+03
7.448000000000000000e+03
7.447000000000000000e+03
7.445000000000000000e+03
7.443000000000000000e+03
7.442000000000000000e+03
7.440000000000000000e+03
7.439000000000000000e+03
7.437000000000000000e+03
7.436000000000000000e+03
7.434000000000000000e+03
7.433000000000000000e+03
7.431000000000000000e+03
7.430000000000000000e+03
7.428000000000000000e+03
7.427000000000000000e+03
7.426000000000000000e+03
7.425000000000000000e+03
7.423000000000000000e+03
7.422000000000000000e+03
7.420000000000000000e+03
7.419000000000000000e+03
7.418000000000000000e+03
7.458000000000000000e+03
7.501000000000000000e+03
7.459000000000000000e+03
7.464000000000000000e+03
7.499000000000000000e+03
7.498000000000000000e+03
7.497000000000000000e+03
7.496000000000000000e+03
7.495000000000000000e+03
7.493000000000000000e+03
7.492000000000000000e+03
7.490000000000000000e+03
7.489000000000000000e+03
7.488000000000000000e+03
7.487000000000000000e+03
7.483000000000000000e+03
7.481000000000000000e+03
7.480000000000000000e+03
7.478000000000000000e+03
7.477000000000000000e+03
7.476000000000000000e+03
7.475000000000000000e+03
7.474000000000000000e+03
7.473000000000000000e+03
7.472000000000000000e+03
7.471000000000000000e+03
7.470000000000000000e+03
7.469000000000000000e+03
7.467000000000000000e+03
7.466000000000000000e+03
7.465000000000000000e+03
7.463000000000000000e+03
7.593000000000000000e+03
7.595000000000000000e+03
7.596000000000000000e+03
7.715000000000000000e+03
7.714000000000000000e+03
7.712000000000000000e+03
7.710000000000000000e+03
7.709000000000000000e+03
7.708000000000000000e+03
7.705000000000000000e+03
7.703000000000000000e+03
7.702000000000000000e+03
7.701000000000000000e+03
7.700000000000000000e+03
7.699000000000000000e+03
7.698000000000000000e+03
7.697000000000000000e+03
7.696000000000000000e+03
7.695000000000000000e+03
7.694000000000000000e+03
7.693000000000000000e+03
7.692000000000000000e+03
7.691000000000000000e+03
7.690000000000000000e+03
7.688000000000000000e+03
7.686000000000000000e+03
7.684000000000000000e+03
7.683000000000000000e+03
7.681000000000000000e+03
7.678000000000000000e+03
7.717000000000000000e+03
7.677000000000000000e+03
7.718000000000000000e+03
7.721000000000000000e+03
7.756000000000000000e+03
7.754000000000000000e+03
7.752000000000000000e+03
7.750000000000000000e+03
7.749000000000000000e+03
7.748000000000000000e+03
7.747000000000000000e+03
7.746000000000000000e+03
7.743000000000000000e+03
7.742000000000000000e+03
7.741000000000000000e+03
7.740000000000000000e+03
7.739000000000000000e+03
7.738000000000000000e+03
7.736000000000000000e+03
7.735000000000000000e+03
7.734000000000000000e+03
7.733000000000000000e+03
7.731000000000000000e+03
7.730000000000000000e+03
7.729000000000000000e+03
7.728000000000000000e+03
7.727000000000000000e+03
7.726000000000000000e+03
7.725000000000000000e+03
7.724000000000000000e+03
7.722000000000000000e+03
7.720000000000000000e+03
7.676000000000000000e+03
7.674000000000000000e+03
7.673000000000000000e+03
7.632000000000000000e+03
7.631000000000000000e+03
7.630000000000000000e+03
7.629000000000000000e+03
7.626000000000000000e+03
7.624000000000000000e+03
7.623000000000000000e+03
7.621000000000000000e+03
7.620000000000000000e+03
7.619000000000000000e+03
7.617000000000000000e+03
7.616000000000000000e+03
7.615000000000000000e+03
7.614000000000000000e+03
7.613000000000000000e+03
7.612000000000000000e+03
7.610000000000000000e+03
7.609000000000000000e+03
7.607000000000000000e+03
7.606000000000000000e+03
7.605000000000000000e+03
7.604000000000000000e+03
7.603000000000000000e+03
7.602000000000000000e+03
7.601000000000000000e+03
7.599000000000000000e+03
7.597000000000000000e+03
7.633000000000000000e+03
7.635000000000000000e+03
7.636000000000000000e+03
7.637000000000000000e+03
7.672000000000000000e+03
7.671000000000000000e+03
7.670000000000000000e+03
7.669000000000000000e+03
7.668000000000000000e+03
7.666000000000000000e+03
7.665000000000000000e+03
7.664000000000000000e+03
7.663000000000000000e+03
7.662000000000000000e+03
7.660000000000000000e+03
7.659000000000000000e+03
7.658000000000000000e+03
7.416000000000000000e+03
7.656000000000000000e+03
7.654000000000000000e+03
7.652000000000000000e+03
7.651000000000000000e+03
7.650000000000000000e+03
7.649000000000000000e+03
7.648000000000000000e+03
7.647000000000000000e+03
7.646000000000000000e+03
7.644000000000000000e+03
7.643000000000000000e+03
7.641000000000000000e+03
7.640000000000000000e+03
7.638000000000000000e+03
7.655000000000000000e+03
7.757000000000000000e+03
7.414000000000000000e+03
7.412000000000000000e+03
7.160000000000000000e+03
7.159000000000000000e+03
7.157000000000000000e+03
7.156000000000000000e+03
7.155000000000000000e+03
7.154000000000000000e+03
7.153000000000000000e+03
7.152000000000000000e+03
7.151000000000000000e+03
7.149000000000000000e+03
7.148000000000000000e+03
7.146000000000000000e+03
7.144000000000000000e+03
7.143000000000000000e+03
7.142000000000000000e+03
7.141000000000000000e+03
7.140000000000000000e+03
7.139000000000000000e+03
7.137000000000000000e+03
7.136000000000000000e+03
7.135000000000000000e+03
7.133000000000000000e+03
7.132000000000000000e+03
7.131000000000000000e+03
7.130000000000000000e+03
7.129000000000000000e+03
7.128000000000000000e+03
7.162000000000000000e+03
7.126000000000000000e+03
7.163000000000000000e+03
7.167000000000000000e+03
7.212000000000000000e+03
7.210000000000000000e+03
7.209000000000000000e+03
7.208000000000000000e+03
7.206000000000000000e+03
7.203000000000000000e+03
7.202000000000000000e+03
7.199000000000000000e+03
7.198000000000000000e+03
7.197000000000000000e+03
7.196000000000000000e+03
7.194000000000000000e+03
7.193000000000000000e+03
7.191000000000000000e+03
7.190000000000000000e+03
7.189000000000000000e+03
7.186000000000000000e+03
7.184000000000000000e+03
7.181000000000000000e+03
7.180000000000000000e+03
7.179000000000000000e+03
7.178000000000000000e+03
7.175000000000000000e+03
7.174000000000000000e+03
7.171000000000000000e+03
7.170000000000000000e+03
7.169000000000000000e+03
7.164000000000000000e+03
7.213000000000000000e+03
7.125000000000000000e+03
7.122000000000000000e+03
7.069000000000000000e+03
7.068000000000000000e+03
7.066000000000000000e+03
7.065000000000000000e+03
7.064000000000000000e+03
7.062000000000000000e+03
7.059000000000000000e+03
7.058000000000000000e+03
7.052000000000000000e+03
7.051000000000000000e+03
7.050000000000000000e+03
7.048000000000000000e+03
7.047000000000000000e+03
7.046000000000000000e+03
7.044000000000000000e+03
7.043000000000000000e+03
7.042000000000000000e+03
7.041000000000000000e+03
7.040000000000000000e+03
7.039000000000000000e+03
7.038000000000000000e+03
7.035000000000000000e+03
7.034000000000000000e+03
7.033000000000000000e+03
7.032000000000000000e+03
7.031000000000000000e+03
7.030000000000000000e+03
7.070000000000000000e+03
7.124000000000000000e+03
7.071000000000000000e+03
7.077000000000000000e+03
7.121000000000000000e+03
7.120000000000000000e+03
7.114000000000000000e+03
7.113000000000000000e+03
7.112000000000000000e+03
7.107000000000000000e+03
7.106000000000000000e+03
7.105000000000000000e+03
7.104000000000000000e+03
7.103000000000000000e+03
7.101000000000000000e+03
7.100000000000000000e+03
7.099000000000000000e+03
7.098000000000000000e+03
7.097000000000000000e+03
7.095000000000000000e+03
7.094000000000000000e+03
7.093000000000000000e+03
7.092000000000000000e+03
7.090000000000000000e+03
7.089000000000000000e+03
7.088000000000000000e+03
7.087000000000000000e+03
