4.999000000000000000e+03
4.673000000000000000e+03
4.672000000000000000e+03
8.174000000000000000e+03
8.175000000000000000e+03
4.669000000000000000e+03
4.668000000000000000e+03
4.666000000000000000e+03
4.665000000000000000e+03
4.664000000000000000e+03
4.663000000000000000e+03
4.674000000000000000e+03
4.662000000000000000e+03
4.660000000000000000e+03
4.659000000000000000e+03
4.658000000000000000e+03
4.657000000000000000e+03
4.656000000000000000e+03
4.655000000000000000e+03
4.654000000000000000e+03
4.653000000000000000e+03
4.652000000000000000e+03
4.651000000000000000e+03
4.661000000000000000e+03
4.675000000000000000e+03
4.676000000000000000e+03
4.677000000000000000e+03
8.168000000000000000e+03
4.701000000000000000e+03
4.700000000000000000e+03
4.699000000000000000e+03
4.698000000000000000e+03
4.696000000000000000e+03
8.170000000000000000e+03
8.171000000000000000e+03
4.693000000000000000e+03
4.692000000000000000e+03
4.691000000000000000e+03
4.690000000000000000e+03
4.689000000000000000e+03
8.172000000000000000e+03
4.687000000000000000e+03
4.686000000000000000e+03
4.685000000000000000e+03
4.684000000000000000e+03
4.683000000000000000e+03
4.682000000000000000e+03
4.681000000000000000e+03
4.679000000000000000e+03
4.678000000000000000e+03
8.177000000000000000e+03
8.167000000000000000e+03
4.649000000000000000e+03
4.647000000000000000e+03
4.617000000000000000e+03
4.616000000000000000e+03
4.615000000000000000e+03
4.614000000000000000e+03
8.194000000000000000e+03
4.612000000000000000e+03
4.611000000000000000e+03
4.610000000000000000e+03
4.609000000000000000e+03
4.608000000000000000e+03
4.618000000000000000e+03
4.607000000000000000e+03
4.605000000000000000e+03
4.604000000000000000e+03
4.603000000000000000e+03
8.196000000000000000e+03
4.601000000000000000e+03
4.599000000000000000e+03
8.199000000000000000e+03
4.597000000000000000e+03
8.200000000000000000e+03
8.201000000000000000e+03
8.195000000000000000e+03
4.619000000000000000e+03
8.191000000000000000e+03
4.622000000000000000e+03
4.645000000000000000e+03
8.180000000000000000e+03
8.182000000000000000e+03
4.642000000000000000e+03
4.641000000000000000e+03
8.183000000000000000e+03
4.639000000000000000e+03
4.638000000000000000e+03
4.637000000000000000e+03
8.184000000000000000e+03
4.635000000000000000e+03
8.185000000000000000e+03
4.633000000000000000e+03
8.186000000000000000e+03
8.189000000000000000e+03
4.630000000000000000e+03
4.629000000000000000e+03
4.628000000000000000e+03
4.627000000000000000e+03
4.626000000000000000e+03
4.625000000000000000e+03
4.624000000000000000e+03
4.623000000000000000e+03
4.648000000000000000e+03
4.593000000000000000e+03
8.166000000000000000e+03
4.706000000000000000e+03
4.794000000000000000e+03
8.123000000000000000e+03
4.791000000000000000e+03
8.124000000000000000e+03
4.788000000000000000e+03
4.787000000000000000e+03
4.786000000000000000e+03
8.126000000000000000e+03
4.784000000000000000e+03
8.127000000000000000e+03
4.795000000000000000e+03
4.782000000000000000e+03
4.780000000000000000e+03
8.130000000000000000e+03
4.778000000000000000e+03
4.777000000000000000e+03
4.776000000000000000e+03
8.131000000000000000e+03
8.132000000000000000e+03
4.773000000000000000e+03
8.133000000000000000e+03
4.771000000000000000e+03
8.129000000000000000e+03
4.796000000000000000e+03
8.121000000000000000e+03
4.798000000000000000e+03
8.103000000000000000e+03
4.825000000000000000e+03
4.824000000000000000e+03
4.823000000000000000e+03
8.106000000000000000e+03
4.821000000000000000e+03
8.109000000000000000e+03
4.818000000000000000e+03
4.817000000000000000e+03
4.816000000000000000e+03
4.815000000000000000e+03
8.110000000000000000e+03
4.813000000000000000e+03
8.111000000000000000e+03
8.112000000000000000e+03
4.809000000000000000e+03
4.808000000000000000e+03
4.807000000000000000e+03
8.115000000000000000e+03
8.117000000000000000e+03
4.803000000000000000e+03
8.119000000000000000e+03
4.800000000000000000e+03
8.134000000000000000e+03
4.705000000000000000e+03
4.769000000000000000e+03
8.137000000000000000e+03
4.730000000000000000e+03
4.729000000000000000e+03
4.728000000000000000e+03
4.727000000000000000e+03
4.726000000000000000e+03
4.725000000000000000e+03
4.723000000000000000e+03
8.159000000000000000e+03
4.720000000000000000e+03
4.719000000000000000e+03
8.158000000000000000e+03
8.161000000000000000e+03
4.716000000000000000e+03
4.715000000000000000e+03
8.163000000000000000e+03
4.713000000000000000e+03
8.164000000000000000e+03
4.711000000000000000e+03
4.710000000000000000e+03
8.165000000000000000e+03
4.708000000000000000e+03
4.707000000000000000e+03
4.717000000000000000e+03
8.157000000000000000e+03
8.156000000000000000e+03
8.154000000000000000e+03
4.764000000000000000e+03
4.762000000000000000e+03
4.761000000000000000e+03
8.140000000000000000e+03
8.141000000000000000e+03
4.757000000000000000e+03
4.756000000000000000e+03
4.755000000000000000e+03
4.754000000000000000e+03
4.752000000000000000e+03
4.751000000000000000e+03
8.144000000000000000e+03
4.749000000000000000e+03
4.747000000000000000e+03
4.746000000000000000e+03
4.745000000000000000e+03
4.744000000000000000e+03
8.149000000000000000e+03
8.151000000000000000e+03
4.739000000000000000e+03
4.738000000000000000e+03
8.152000000000000000e+03
4.735000000000000000e+03
4.767000000000000000e+03
4.592000000000000000e+03
4.591000000000000000e+03
4.590000000000000000e+03
4.438000000000000000e+03
4.437000000000000000e+03
4.436000000000000000e+03
8.259000000000000000e+03
4.434000000000000000e+03
4.433000000000000000e+03
4.432000000000000000e+03
4.431000000000000000e+03
8.260000000000000000e+03
4.429000000000000000e+03
4.439000000000000000e+03
4.428000000000000000e+03
4.426000000000000000e+03
8.261000000000000000e+03
4.424000000000000000e+03
4.423000000000000000e+03
4.421000000000000000e+03
4.420000000000000000e+03
4.419000000000000000e+03
8.264000000000000000e+03
4.416000000000000000e+03
8.265000000000000000e+03
4.427000000000000000e+03
4.440000000000000000e+03
4.443000000000000000e+03
4.444000000000000000e+03
4.469000000000000000e+03
4.468000000000000000e+03
4.467000000000000000e+03
8.248000000000000000e+03
4.465000000000000000e+03
8.249000000000000000e+03
4.463000000000000000e+03
4.462000000000000000e+03
4.461000000000000000e+03
4.460000000000000000e+03
4.459000000000000000e+03
4.458000000000000000e+03
8.250000000000000000e+03
4.456000000000000000e+03
8.252000000000000000e+03
8.253000000000000000e+03
8.254000000000000000e+03
4.451000000000000000e+03
4.449000000000000000e+03
4.448000000000000000e+03
4.447000000000000000e+03
4.446000000000000000e+03
8.256000000000000000e+03
8.269000000000000000e+03
4.470000000000000000e+03
4.410000000000000000e+03
4.408000000000000000e+03
8.283000000000000000e+03
8.284000000000000000e+03
4.377000000000000000e+03
4.376000000000000000e+03
4.375000000000000000e+03
4.372000000000000000e+03
4.371000000000000000e+03
8.286000000000000000e+03
4.368000000000000000e+03
8.287000000000000000e+03
4.380000000000000000e+03
4.366000000000000000e+03
4.364000000000000000e+03
4.363000000000000000e+03
8.289000000000000000e+03
4.361000000000000000e+03
4.360000000000000000e+03
4.359000000000000000e+03
8.295000000000000000e+03
4.355000000000000000e+03
4.354000000000000000e+03
8.299000000000000000e+03
4.365000000000000000e+03
8.282000000000000000e+03
4.382000000000000000e+03
8.281000000000000000e+03
4.407000000000000000e+03
4.406000000000000000e+03
4.405000000000000000e+03
4.404000000000000000e+03
4.403000000000000000e+03
4.402000000000000000e+03
4.401000000000000000e+03
8.272000000000000000e+03
4.399000000000000000e+03
8.273000000000000000e+03
4.397000000000000000e+03
8.275000000000000000e+03
4.395000000000000000e+03
4.394000000000000000e+03
8.276000000000000000e+03
4.392000000000000000e+03
4.391000000000000000e+03
8.277000000000000000e+03
4.388000000000000000e+03
8.278000000000000000e+03
4.386000000000000000e+03
4.385000000000000000e+03
8.280000000000000000e+03
8.271000000000000000e+03
8.247000000000000000e+03
8.246000000000000000e+03
4.473000000000000000e+03
4.561000000000000000e+03
4.560000000000000000e+03
4.559000000000000000e+03
4.558000000000000000e+03
8.211000000000000000e+03
4.556000000000000000e+03
8.212000000000000000e+03
4.554000000000000000e+03
4.553000000000000000e+03
8.213000000000000000e+03
8.210000000000000000e+03
4.551000000000000000e+03
4.549000000000000000e+03
8.214000000000000000e+03
4.547000000000000000e+03
4.545000000000000000e+03
4.544000000000000000e+03
4.543000000000000000e+03
8.216000000000000000e+03
4.541000000000000000e+03
4.540000000000000000e+03
8.218000000000000000e+03
4.550000000000000000e+03
4.563000000000000000e+03
4.564000000000000000e+03
8.209000000000000000e+03
8.205000000000000000e+03
4.587000000000000000e+03
4.586000000000000000e+03
4.585000000000000000e+03
4.584000000000000000e+03
4.583000000000000000e+03
4.582000000000000000e+03
4.581000000000000000e+03
4.580000000000000000e+03
4.579000000000000000e+03
4.578000000000000000e+03
4.577000000000000000e+03
4.576000000000000000e+03
8.206000000000000000e+03
8.207000000000000000e+03
4.573000000000000000e+03
4.572000000000000000e+03
4.571000000000000000e+03
8.208000000000000000e+03
4.569000000000000000e+03
4.568000000000000000e+03
4.567000000000000000e+03
4.566000000000000000e+03
4.538000000000000000e+03
4.537000000000000000e+03
4.536000000000000000e+03
4.535000000000000000e+03
8.233000000000000000e+03
4.499000000000000000e+03
4.498000000000000000e+03
4.497000000000000000e+03
4.494000000000000000e+03
4.493000000000000000e+03
8.235000000000000000e+03
8.236000000000000000e+03
4.490000000000000000e+03
8.237000000000000000e+03
4.488000000000000000e+03
4.487000000000000000e+03
8.238000000000000000e+03
4.484000000000000000e+03
4.482000000000000000e+03
8.241000000000000000e+03
8.243000000000000000e+03
8.245000000000000000e+03
4.478000000000000000e+03
4.477000000000000000e+03
4.476000000000000000e+03
4.475000000000000000e+03
4.474000000000000000e+03
4.501000000000000000e+03
4.828000000000000000e+03
8.232000000000000000e+03
4.504000000000000000e+03
4.534000000000000000e+03
4.532000000000000000e+03
4.531000000000000000e+03
4.530000000000000000e+03
4.528000000000000000e+03
8.220000000000000000e+03
4.525000000000000000e+03
4.524000000000000000e+03
4.522000000000000000e+03
8.221000000000000000e+03
4.520000000000000000e+03
8.222000000000000000e+03
4.518000000000000000e+03
4.517000000000000000e+03
4.516000000000000000e+03
4.515000000000000000e+03
8.223000000000000000e+03
4.511000000000000000e+03
8.226000000000000000e+03
8.229000000000000000e+03
8.230000000000000000e+03
4.506000000000000000e+03
4.505000000000000000e+03
4.503000000000000000e+03
4.829000000000000000e+03
4.830000000000000000e+03
8.102000000000000000e+03
5.150000000000000000e+03
5.149000000000000000e+03
7.960000000000000000e+03
5.147000000000000000e+03
5.146000000000000000e+03
5.145000000000000000e+03
5.144000000000000000e+03
7.961000000000000000e+03
5.142000000000000000e+03
5.141000000000000000e+03
5.151000000000000000e+03
7.963000000000000000e+03
7.964000000000000000e+03
7.965000000000000000e+03
5.135000000000000000e+03
5.134000000000000000e+03
5.133000000000000000e+03
7.970000000000000000e+03
5.130000000000000000e+03
7.971000000000000000e+03
7.972000000000000000e+03
5.127000000000000000e+03
5.138000000000000000e+03
5.152000000000000000e+03
7.959000000000000000e+03
7.957000000000000000e+03
7.949000000000000000e+03
5.178000000000000000e+03
5.177000000000000000e+03
7.950000000000000000e+03
7.951000000000000000e+03
5.174000000000000000e+03
5.173000000000000000e+03
7.952000000000000000e+03
5.171000000000000000e+03
7.953000000000000000e+03
5.169000000000000000e+03
5.168000000000000000e+03
5.167000000000000000e+03
5.166000000000000000e+03
7.954000000000000000e+03
5.162000000000000000e+03
5.161000000000000000e+03
5.160000000000000000e+03
5.159000000000000000e+03
5.158000000000000000e+03
5.157000000000000000e+03
7.955000000000000000e+03
5.155000000000000000e+03
7.973000000000000000e+03
5.180000000000000000e+03
5.123000000000000000e+03
5.121000000000000000e+03
7.990000000000000000e+03
5.089000000000000000e+03
5.088000000000000000e+03
5.086000000000000000e+03
5.085000000000000000e+03
7.991000000000000000e+03
5.082000000000000000e+03
7.995000000000000000e+03
5.080000000000000000e+03
5.079000000000000000e+03
7.989000000000000000e+03
5.078000000000000000e+03
5.073000000000000000e+03
5.072000000000000000e+03
7.997000000000000000e+03
5.070000000000000000e+03
5.069000000000000000e+03
5.068000000000000000e+03
5.066000000000000000e+03
5.065000000000000000e+03
5.064000000000000000e+03
5.063000000000000000e+03
5.075000000000000000e+03
5.092000000000000000e+03
5.093000000000000000e+03
7.987000000000000000e+03
5.120000000000000000e+03
5.118000000000000000e+03
7.978000000000000000e+03
7.979000000000000000e+03
5.115000000000000000e+03
5.114000000000000000e+03
5.113000000000000000e+03
5.112000000000000000e+03
7.980000000000000000e+03
7.981000000000000000e+03
7.982000000000000000e+03
5.107000000000000000e+03
5.106000000000000000e+03
7.983000000000000000e+03
5.104000000000000000e+03
5.103000000000000000e+03
5.102000000000000000e+03
5.101000000000000000e+03
5.099000000000000000e+03
5.098000000000000000e+03
7.985000000000000000e+03
5.096000000000000000e+03
7.986000000000000000e+03
5.122000000000000000e+03
5.181000000000000000e+03
5.182000000000000000e+03
7.948000000000000000e+03
5.270000000000000000e+03
5.269000000000000000e+03
5.268000000000000000e+03
7.911000000000000000e+03
7.913000000000000000e+03
7.914000000000000000e+03
5.264000000000000000e+03
5.263000000000000000e+03
5.262000000000000000e+03
5.261000000000000000e+03
7.909000000000000000e+03
5.260000000000000000e+03
5.257000000000000000e+03
5.255000000000000000e+03
5.254000000000000000e+03
5.253000000000000000e+03
5.252000000000000000e+03
5.251000000000000000e+03
5.250000000000000000e+03
5.249000000000000000e+03
5.248000000000000000e+03
5.247000000000000000e+03
5.259000000000000000e+03
5.272000000000000000e+03
5.273000000000000000e+03
5.274000000000000000e+03
7.895000000000000000e+03
5.299000000000000000e+03
7.896000000000000000e+03
7.897000000000000000e+03
5.295000000000000000e+03
5.294000000000000000e+03
5.293000000000000000e+03
5.292000000000000000e+03
7.899000000000000000e+03
5.290000000000000000e+03
5.289000000000000000e+03
7.900000000000000000e+03
7.902000000000000000e+03
5.286000000000000000e+03
7.903000000000000000e+03
5.283000000000000000e+03
5.282000000000000000e+03
7.904000000000000000e+03
7.905000000000000000e+03
5.278000000000000000e+03
5.277000000000000000e+03
5.276000000000000000e+03
7.906000000000000000e+03
5.245000000000000000e+03
5.244000000000000000e+03
5.243000000000000000e+03
5.242000000000000000e+03
7.929000000000000000e+03
5.211000000000000000e+03
7.932000000000000000e+03
5.209000000000000000e+03
5.208000000000000000e+03
7.934000000000000000e+03
5.205000000000000000e+03
5.204000000000000000e+03
7.935000000000000000e+03
5.202000000000000000e+03
7.937000000000000000e+03
5.199000000000000000e+03
5.198000000000000000e+03
7.938000000000000000e+03
7.939000000000000000e+03
7.941000000000000000e+03
5.193000000000000000e+03
7.945000000000000000e+03
5.190000000000000000e+03
5.188000000000000000e+03
5.186000000000000000e+03
5.185000000000000000e+03
5.184000000000000000e+03
7.928000000000000000e+03
5.061000000000000000e+03
5.214000000000000000e+03
7.927000000000000000e+03
5.241000000000000000e+03
5.240000000000000000e+03
5.239000000000000000e+03
7.918000000000000000e+03
5.236000000000000000e+03
5.235000000000000000e+03
5.234000000000000000e+03
5.233000000000000000e+03
5.232000000000000000e+03
5.231000000000000000e+03
5.229000000000000000e+03
7.921000000000000000e+03
5.227000000000000000e+03
5.226000000000000000e+03
7.922000000000000000e+03
7.923000000000000000e+03
7.924000000000000000e+03
7.925000000000000000e+03
7.926000000000000000e+03
5.220000000000000000e+03
5.219000000000000000e+03
5.218000000000000000e+03
5.217000000000000000e+03
5.215000000000000000e+03
4.351000000000000000e+03
5.060000000000000000e+03
5.056000000000000000e+03
4.910000000000000000e+03
4.909000000000000000e+03
4.908000000000000000e+03
8.066000000000000000e+03
8.067000000000000000e+03
4.905000000000000000e+03
4.904000000000000000e+03
8.068000000000000000e+03
4.902000000000000000e+03
4.901000000000000000e+03
4.911000000000000000e+03
4.900000000000000000e+03
4.898000000000000000e+03
4.897000000000000000e+03
4.896000000000000000e+03
4.895000000000000000e+03
4.894000000000000000e+03
8.069000000000000000e+03
4.892000000000000000e+03
8.071000000000000000e+03
8.072000000000000000e+03
4.889000000000000000e+03
4.899000000000000000e+03
4.912000000000000000e+03
4.913000000000000000e+03
8.065000000000000000e+03
4.939000000000000000e+03
4.938000000000000000e+03
4.937000000000000000e+03
4.936000000000000000e+03
4.935000000000000000e+03
4.934000000000000000e+03
8.055000000000000000e+03
4.931000000000000000e+03
8.056000000000000000e+03
4.929000000000000000e+03
8.057000000000000000e+03
4.927000000000000000e+03
8.061000000000000000e+03
4.924000000000000000e+03
4.923000000000000000e+03
8.062000000000000000e+03
8.063000000000000000e+03
4.920000000000000000e+03
4.919000000000000000e+03
4.918000000000000000e+03
4.917000000000000000e+03
8.064000000000000000e+03
4.915000000000000000e+03
8.073000000000000000e+03
8.054000000000000000e+03
4.887000000000000000e+03
8.075000000000000000e+03
4.855000000000000000e+03
4.854000000000000000e+03
8.089000000000000000e+03
4.852000000000000000e+03
4.851000000000000000e+03
4.850000000000000000e+03
4.848000000000000000e+03
4.847000000000000000e+03
4.846000000000000000e+03
4.845000000000000000e+03
8.088000000000000000e+03
4.844000000000000000e+03
4.842000000000000000e+03
8.093000000000000000e+03
4.840000000000000000e+03
8.095000000000000000e+03
8.099000000000000000e+03
8.100000000000000000e+03
4.835000000000000000e+03
4.834000000000000000e+03
4.833000000000000000e+03
4.832000000000000000e+03
8.091000000000000000e+03
4.857000000000000000e+03
4.858000000000000000e+03
8.087000000000000000e+03
8.076000000000000000e+03
4.883000000000000000e+03
4.881000000000000000e+03
8.078000000000000000e+03
4.879000000000000000e+03
4.878000000000000000e+03
4.877000000000000000e+03
4.876000000000000000e+03
8.079000000000000000e+03
4.873000000000000000e+03
4.872000000000000000e+03
4.871000000000000000e+03
4.870000000000000000e+03
4.869000000000000000e+03
4.868000000000000000e+03
4.867000000000000000e+03
4.866000000000000000e+03
4.865000000000000000e+03
8.082000000000000000e+03
4.863000000000000000e+03
8.084000000000000000e+03
8.085000000000000000e+03
8.086000000000000000e+03
8.074000000000000000e+03
8.053000000000000000e+03
8.051000000000000000e+03
4.943000000000000000e+03
5.025000000000000000e+03
5.024000000000000000e+03
5.023000000000000000e+03
5.022000000000000000e+03
8.014000000000000000e+03
5.019000000000000000e+03
8.015000000000000000e+03
5.017000000000000000e+03
5.016000000000000000e+03
5.015000000000000000e+03
5.026000000000000000e+03
8.016000000000000000e+03
5.012000000000000000e+03
8.018000000000000000e+03
8.019000000000000000e+03
5.009000000000000000e+03
5.008000000000000000e+03
5.007000000000000000e+03
8.020000000000000000e+03
5.005000000000000000e+03
5.004000000000000000e+03
5.003000000000000000e+03
8.017000000000000000e+03
8.013000000000000000e+03
5.028000000000000000e+03
5.029000000000000000e+03
5.055000000000000000e+03
5.054000000000000000e+03
5.053000000000000000e+03
5.050000000000000000e+03
5.049000000000000000e+03
8.005000000000000000e+03
5.047000000000000000e+03
5.046000000000000000e+03
5.045000000000000000e+03
5.044000000000000000e+03
5.043000000000000000e+03
5.042000000000000000e+03
5.041000000000000000e+03
5.040000000000000000e+03
8.007000000000000000e+03
8.008000000000000000e+03
5.037000000000000000e+03
5.036000000000000000e+03
5.035000000000000000e+03
5.033000000000000000e+03
8.012000000000000000e+03
5.031000000000000000e+03
5.030000000000000000e+03
5.002000000000000000e+03
8.021000000000000000e+03
5.000000000000000000e+03
8.022000000000000000e+03
4.968000000000000000e+03
4.967000000000000000e+03
4.966000000000000000e+03
4.965000000000000000e+03
8.041000000000000000e+03
8.042000000000000000e+03
8.043000000000000000e+03
4.961000000000000000e+03
4.959000000000000000e+03
4.958000000000000000e+03
4.957000000000000000e+03
8.047000000000000000e+03
4.955000000000000000e+03
4.954000000000000000e+03
4.953000000000000000e+03
4.952000000000000000e+03
4.951000000000000000e+03
4.950000000000000000e+03
8.048000000000000000e+03
4.948000000000000000e+03
4.946000000000000000e+03
4.945000000000000000e+03
8.050000000000000000e+03
4.969000000000000000e+03
5.057000000000000000e+03
8.040000000000000000e+03
4.972000000000000000e+03
4.997000000000000000e+03
4.995000000000000000e+03
8.024000000000000000e+03
8.026000000000000000e+03
4.992000000000000000e+03
4.991000000000000000e+03
4.990000000000000000e+03
4.989000000000000000e+03
8.028000000000000000e+03
8.029000000000000000e+03
4.986000000000000000e+03
4.985000000000000000e+03
8.030000000000000000e+03
8.032000000000000000e+03
4.982000000000000000e+03
4.980000000000000000e+03
8.034000000000000000e+03
8.035000000000000000e+03
8.037000000000000000e+03
4.976000000000000000e+03
8.038000000000000000e+03
4.974000000000000000e+03
4.973000000000000000e+03
8.039000000000000000e+03
5.301000000000000000e+03
4.350000000000000000e+03
4.348000000000000000e+03
3.726000000000000000e+03
3.725000000000000000e+03
3.724000000000000000e+03
8.553000000000000000e+03
3.722000000000000000e+03
3.721000000000000000e+03
8.554000000000000000e+03
3.719000000000000000e+03
3.718000000000000000e+03
3.717000000000000000e+03
3.727000000000000000e+03
8.555000000000000000e+03
3.713000000000000000e+03
3.712000000000000000e+03
3.711000000000000000e+03
3.710000000000000000e+03
3.709000000000000000e+03
3.708000000000000000e+03
3.707000000000000000e+03
3.706000000000000000e+03
3.705000000000000000e+03
3.704000000000000000e+03
3.715000000000000000e+03
3.728000000000000000e+03
8.551000000000000000e+03
3.731000000000000000e+03
3.759000000000000000e+03
8.535000000000000000e+03
3.757000000000000000e+03
3.756000000000000000e+03
3.755000000000000000e+03
3.754000000000000000e+03
3.753000000000000000e+03
3.752000000000000000e+03
3.750000000000000000e+03
8.539000000000000000e+03
3.748000000000000000e+03
3.747000000000000000e+03
3.746000000000000000e+03
3.745000000000000000e+03
8.540000000000000000e+03
3.743000000000000000e+03
3.742000000000000000e+03
3.741000000000000000e+03
3.738000000000000000e+03
3.737000000000000000e+03
3.735000000000000000e+03
3.734000000000000000e+03
8.545000000000000000e+03
3.703000000000000000e+03
3.761000000000000000e+03
3.702000000000000000e+03
8.558000000000000000e+03
3.668000000000000000e+03
3.667000000000000000e+03
8.573000000000000000e+03
3.665000000000000000e+03
8.576000000000000000e+03
3.661000000000000000e+03
8.578000000000000000e+03
3.659000000000000000e+03
3.658000000000000000e+03
3.657000000000000000e+03
3.669000000000000000e+03
8.580000000000000000e+03
8.581000000000000000e+03
3.653000000000000000e+03
8.582000000000000000e+03
3.651000000000000000e+03
3.649000000000000000e+03
3.648000000000000000e+03
8.583000000000000000e+03
3.646000000000000000e+03
3.645000000000000000e+03
8.584000000000000000e+03
3.655000000000000000e+03
3.670000000000000000e+03
3.672000000000000000e+03
3.673000000000000000e+03
3.699000000000000000e+03
3.698000000000000000e+03
3.697000000000000000e+03
3.695000000000000000e+03
8.560000000000000000e+03
3.693000000000000000e+03
8.561000000000000000e+03
3.690000000000000000e+03
3.689000000000000000e+03
8.563000000000000000e+03
3.687000000000000000e+03
3.686000000000000000e+03
3.685000000000000000e+03
8.565000000000000000e+03
8.566000000000000000e+03
3.682000000000000000e+03
3.681000000000000000e+03
8.567000000000000000e+03
8.570000000000000000e+03
3.677000000000000000e+03
3.676000000000000000e+03
8.571000000000000000e+03
3.674000000000000000e+03
8.556000000000000000e+03
3.643000000000000000e+03
8.533000000000000000e+03
3.764000000000000000e+03
3.854000000000000000e+03
3.853000000000000000e+03
3.851000000000000000e+03
3.849000000000000000e+03
3.848000000000000000e+03
3.847000000000000000e+03
8.497000000000000000e+03
8.498000000000000000e+03
8.499000000000000000e+03
8.500000000000000000e+03
8.492000000000000000e+03
8.501000000000000000e+03
3.839000000000000000e+03
3.838000000000000000e+03
8.505000000000000000e+03
8.506000000000000000e+03
8.507000000000000000e+03
3.832000000000000000e+03
3.831000000000000000e+03
8.508000000000000000e+03
3.829000000000000000e+03
3.828000000000000000e+03
3.840000000000000000e+03
3.856000000000000000e+03
3.857000000000000000e+03
3.858000000000000000e+03
8.485000000000000000e+03
8.486000000000000000e+03
3.881000000000000000e+03
3.880000000000000000e+03
3.879000000000000000e+03
3.878000000000000000e+03
3.877000000000000000e+03
8.487000000000000000e+03
3.875000000000000000e+03
3.874000000000000000e+03
3.873000000000000000e+03
3.872000000000000000e+03
3.871000000000000000e+03
3.870000000000000000e+03
3.869000000000000000e+03
3.868000000000000000e+03
3.866000000000000000e+03
8.489000000000000000e+03
8.491000000000000000e+03
3.862000000000000000e+03
3.861000000000000000e+03
3.860000000000000000e+03
3.859000000000000000e+03
3.827000000000000000e+03
8.532000000000000000e+03
8.510000000000000000e+03
8.513000000000000000e+03
8.526000000000000000e+03
8.527000000000000000e+03
3.787000000000000000e+03
8.528000000000000000e+03
3.785000000000000000e+03
3.784000000000000000e+03
3.783000000000000000e+03
3.782000000000000000e+03
3.780000000000000000e+03
3.779000000000000000e+03
3.790000000000000000e+03
3.778000000000000000e+03
3.776000000000000000e+03
3.775000000000000000e+03
3.773000000000000000e+03
3.771000000000000000e+03
8.531000000000000000e+03
3.769000000000000000e+03
3.768000000000000000e+03
3.767000000000000000e+03
3.766000000000000000e+03
3.765000000000000000e+03
3.777000000000000000e+03
3.791000000000000000e+03
3.792000000000000000e+03
3.793000000000000000e+03
3.819000000000000000e+03
8.516000000000000000e+03
3.817000000000000000e+03
3.816000000000000000e+03
3.815000000000000000e+03
3.813000000000000000e+03
3.812000000000000000e+03
8.518000000000000000e+03
3.809000000000000000e+03
3.808000000000000000e+03
3.807000000000000000e+03
8.520000000000000000e+03
8.521000000000000000e+03
3.804000000000000000e+03
3.803000000000000000e+03
3.802000000000000000e+03
8.522000000000000000e+03
8.523000000000000000e+03
8.525000000000000000e+03
3.797000000000000000e+03
3.796000000000000000e+03
3.795000000000000000e+03
3.794000000000000000e+03
8.512000000000000000e+03
8.588000000000000000e+03
8.589000000000000000e+03
3.637000000000000000e+03
3.487000000000000000e+03
3.486000000000000000e+03
3.485000000000000000e+03
3.484000000000000000e+03
8.640000000000000000e+03
8.643000000000000000e+03
3.480000000000000000e+03
3.479000000000000000e+03
8.644000000000000000e+03
3.477000000000000000e+03
3.488000000000000000e+03
3.476000000000000000e+03
8.646000000000000000e+03
3.473000000000000000e+03
3.472000000000000000e+03
3.471000000000000000e+03
3.470000000000000000e+03
3.469000000000000000e+03
3.468000000000000000e+03
3.467000000000000000e+03
3.466000000000000000e+03
3.465000000000000000e+03
3.475000000000000000e+03
3.489000000000000000e+03
3.490000000000000000e+03
8.639000000000000000e+03
3.516000000000000000e+03
8.630000000000000000e+03
3.514000000000000000e+03
8.631000000000000000e+03
3.512000000000000000e+03
3.511000000000000000e+03
3.509000000000000000e+03
8.633000000000000000e+03
3.507000000000000000e+03
8.634000000000000000e+03
8.635000000000000000e+03
3.504000000000000000e+03
3.503000000000000000e+03
8.636000000000000000e+03
3.501000000000000000e+03
3.500000000000000000e+03
8.637000000000000000e+03
3.497000000000000000e+03
8.638000000000000000e+03
3.495000000000000000e+03
3.494000000000000000e+03
3.493000000000000000e+03
3.492000000000000000e+03
3.464000000000000000e+03
3.517000000000000000e+03
3.463000000000000000e+03
3.461000000000000000e+03
8.661000000000000000e+03
3.429000000000000000e+03
3.428000000000000000e+03
3.427000000000000000e+03
3.425000000000000000e+03
8.663000000000000000e+03
3.423000000000000000e+03
3.422000000000000000e+03
3.421000000000000000e+03
3.420000000000000000e+03
3.431000000000000000e+03
3.419000000000000000e+03
3.416000000000000000e+03
8.667000000000000000e+03
3.414000000000000000e+03
3.412000000000000000e+03
3.411000000000000000e+03
3.410000000000000000e+03
3.409000000000000000e+03
3.408000000000000000e+03
3.407000000000000000e+03
8.668000000000000000e+03
8.666000000000000000e+03
3.433000000000000000e+03
3.434000000000000000e+03
8.659000000000000000e+03
8.647000000000000000e+03
3.458000000000000000e+03
3.457000000000000000e+03
3.456000000000000000e+03
3.455000000000000000e+03
8.648000000000000000e+03
8.651000000000000000e+03
3.451000000000000000e+03
3.450000000000000000e+03
8.652000000000000000e+03
8.653000000000000000e+03
3.447000000000000000e+03
8.654000000000000000e+03
3.445000000000000000e+03
3.444000000000000000e+03
3.443000000000000000e+03
3.442000000000000000e+03
3.441000000000000000e+03
3.440000000000000000e+03
8.656000000000000000e+03
8.658000000000000000e+03
3.437000000000000000e+03
3.436000000000000000e+03
3.462000000000000000e+03
3.518000000000000000e+03
3.519000000000000000e+03
3.520000000000000000e+03
3.604000000000000000e+03
3.603000000000000000e+03
3.602000000000000000e+03
3.601000000000000000e+03
3.600000000000000000e+03
3.599000000000000000e+03
3.598000000000000000e+03
3.597000000000000000e+03
3.596000000000000000e+03
3.595000000000000000e+03
3.605000000000000000e+03
7.189000000000000000e+03
3.592000000000000000e+03
8.604000000000000000e+03
3.590000000000000000e+03
3.588000000000000000e+03
3.587000000000000000e+03
3.586000000000000000e+03
3.585000000000000000e+03
3.584000000000000000e+03
8.606000000000000000e+03
3.582000000000000000e+03
3.593000000000000000e+03
3.606000000000000000e+03
3.607000000000000000e+03
8.603000000000000000e+03
3.635000000000000000e+03
8.591000000000000000e+03
3.633000000000000000e+03
3.632000000000000000e+03
8.592000000000000000e+03
3.630000000000000000e+03
8.593000000000000000e+03
3.628000000000000000e+03
3.627000000000000000e+03
3.625000000000000000e+03
3.624000000000000000e+03
8.597000000000000000e+03
3.622000000000000000e+03
3.621000000000000000e+03
3.619000000000000000e+03
3.617000000000000000e+03
3.616000000000000000e+03
3.615000000000000000e+03
8.600000000000000000e+03
3.613000000000000000e+03
8.602000000000000000e+03
3.610000000000000000e+03
3.609000000000000000e+03
3.581000000000000000e+03
8.607000000000000000e+03
3.579000000000000000e+03
3.577000000000000000e+03
3.546000000000000000e+03
3.545000000000000000e+03
3.544000000000000000e+03
3.543000000000000000e+03
8.621000000000000000e+03
3.541000000000000000e+03
8.622000000000000000e+03
8.623000000000000000e+03
8.624000000000000000e+03
3.537000000000000000e+03
3.536000000000000000e+03
3.535000000000000000e+03
3.534000000000000000e+03
3.533000000000000000e+03
3.531000000000000000e+03
8.626000000000000000e+03
8.629000000000000000e+03
3.526000000000000000e+03
3.525000000000000000e+03
3.524000000000000000e+03
3.523000000000000000e+03
3.522000000000000000e+03
3.521000000000000000e+03
3.547000000000000000e+03
8.484000000000000000e+03
8.620000000000000000e+03
3.550000000000000000e+03
8.610000000000000000e+03
3.575000000000000000e+03
3.574000000000000000e+03
3.573000000000000000e+03
3.572000000000000000e+03
3.570000000000000000e+03
3.569000000000000000e+03
3.568000000000000000e+03
8.612000000000000000e+03
3.565000000000000000e+03
3.564000000000000000e+03
3.563000000000000000e+03
3.562000000000000000e+03
3.561000000000000000e+03
3.560000000000000000e+03
3.559000000000000000e+03
8.614000000000000000e+03
3.557000000000000000e+03
8.615000000000000000e+03
3.555000000000000000e+03
8.616000000000000000e+03
8.618000000000000000e+03
8.619000000000000000e+03
3.549000000000000000e+03
3.885000000000000000e+03
3.886000000000000000e+03
3.887000000000000000e+03
4.200000000000000000e+03
4.198000000000000000e+03
4.197000000000000000e+03
4.196000000000000000e+03
4.195000000000000000e+03
4.194000000000000000e+03
8.353000000000000000e+03
4.192000000000000000e+03
4.191000000000000000e+03
8.354000000000000000e+03
4.201000000000000000e+03
4.188000000000000000e+03
4.186000000000000000e+03
8.357000000000000000e+03
4.184000000000000000e+03
4.182000000000000000e+03
8.359000000000000000e+03
4.180000000000000000e+03
8.360000000000000000e+03
8.361000000000000000e+03
4.177000000000000000e+03
8.362000000000000000e+03
4.187000000000000000e+03
4.202000000000000000e+03
8.352000000000000000e+03
4.204000000000000000e+03
8.342000000000000000e+03
4.228000000000000000e+03
4.227000000000000000e+03
4.226000000000000000e+03
8.343000000000000000e+03
4.224000000000000000e+03
4.223000000000000000e+03
4.222000000000000000e+03
4.221000000000000000e+03
4.220000000000000000e+03
8.344000000000000000e+03
4.218000000000000000e+03
8.345000000000000000e+03
4.216000000000000000e+03
4.215000000000000000e+03
4.214000000000000000e+03
4.213000000000000000e+03
8.348000000000000000e+03
4.210000000000000000e+03
4.209000000000000000e+03
8.350000000000000000e+03
8.351000000000000000e+03
4.206000000000000000e+03
8.363000000000000000e+03
4.230000000000000000e+03
4.174000000000000000e+03
8.364000000000000000e+03
4.144000000000000000e+03
8.376000000000000000e+03
8.377000000000000000e+03
4.141000000000000000e+03
8.378000000000000000e+03
4.139000000000000000e+03
4.138000000000000000e+03
4.137000000000000000e+03
4.136000000000000000e+03
4.134000000000000000e+03
4.145000000000000000e+03
8.382000000000000000e+03
8.384000000000000000e+03
4.130000000000000000e+03
8.385000000000000000e+03
4.128000000000000000e+03
4.127000000000000000e+03
4.126000000000000000e+03
4.125000000000000000e+03
8.386000000000000000e+03
8.387000000000000000e+03
8.388000000000000000e+03
8.383000000000000000e+03
4.146000000000000000e+03
4.147000000000000000e+03
8.374000000000000000e+03
4.171000000000000000e+03
4.170000000000000000e+03
8.365000000000000000e+03
4.168000000000000000e+03
8.366000000000000000e+03
4.166000000000000000e+03
8.367000000000000000e+03
4.164000000000000000e+03
4.163000000000000000e+03
4.162000000000000000e+03
4.161000000000000000e+03
8.369000000000000000e+03
4.159000000000000000e+03
4.158000000000000000e+03
4.157000000000000000e+03
8.370000000000000000e+03
8.371000000000000000e+03
4.154000000000000000e+03
8.373000000000000000e+03
4.152000000000000000e+03
4.151000000000000000e+03
4.150000000000000000e+03
4.149000000000000000e+03
4.173000000000000000e+03
4.231000000000000000e+03
4.232000000000000000e+03
8.341000000000000000e+03
4.316000000000000000e+03
4.315000000000000000e+03
4.314000000000000000e+03
4.313000000000000000e+03
4.312000000000000000e+03
8.314000000000000000e+03
4.310000000000000000e+03
4.309000000000000000e+03
8.315000000000000000e+03
4.307000000000000000e+03
4.317000000000000000e+03
4.306000000000000000e+03
4.304000000000000000e+03
4.303000000000000000e+03
4.302000000000000000e+03
4.301000000000000000e+03
4.300000000000000000e+03
4.299000000000000000e+03
4.298000000000000000e+03
4.297000000000000000e+03
4.296000000000000000e+03
4.294000000000000000e+03
4.305000000000000000e+03
4.319000000000000000e+03
4.320000000000000000e+03
4.321000000000000000e+03
4.347000000000000000e+03
4.346000000000000000e+03
4.345000000000000000e+03
4.344000000000000000e+03
4.343000000000000000e+03
4.340000000000000000e+03
4.339000000000000000e+03
8.302000000000000000e+03
8.303000000000000000e+03
4.336000000000000000e+03
8.304000000000000000e+03
8.305000000000000000e+03
4.333000000000000000e+03
8.306000000000000000e+03
4.331000000000000000e+03
8.308000000000000000e+03
4.328000000000000000e+03
8.309000000000000000e+03
4.326000000000000000e+03
8.311000000000000000e+03
4.324000000000000000e+03
8.312000000000000000e+03
4.322000000000000000e+03
4.292000000000000000e+03
4.291000000000000000e+03
4.289000000000000000e+03
8.319000000000000000e+03
4.256000000000000000e+03
8.330000000000000000e+03
8.331000000000000000e+03
8.332000000000000000e+03
4.252000000000000000e+03
4.251000000000000000e+03
8.335000000000000000e+03
4.249000000000000000e+03
4.248000000000000000e+03
8.336000000000000000e+03
4.246000000000000000e+03
4.245000000000000000e+03
4.244000000000000000e+03
8.337000000000000000e+03
4.242000000000000000e+03
8.338000000000000000e+03
8.339000000000000000e+03
4.239000000000000000e+03
4.238000000000000000e+03
4.237000000000000000e+03
4.236000000000000000e+03
8.340000000000000000e+03
4.234000000000000000e+03
4.257000000000000000e+03
8.389000000000000000e+03
8.329000000000000000e+03
4.261000000000000000e+03
4.287000000000000000e+03
4.286000000000000000e+03
4.285000000000000000e+03
4.283000000000000000e+03
8.321000000000000000e+03
8.322000000000000000e+03
8.323000000000000000e+03
4.278000000000000000e+03
8.325000000000000000e+03
4.275000000000000000e+03
4.274000000000000000e+03
4.273000000000000000e+03
4.272000000000000000e+03
4.271000000000000000e+03
4.270000000000000000e+03
4.269000000000000000e+03
8.326000000000000000e+03
4.267000000000000000e+03
8.327000000000000000e+03
4.265000000000000000e+03
8.328000000000000000e+03
4.263000000000000000e+03
4.262000000000000000e+03
4.259000000000000000e+03
4.349000000000000000e+03
4.120000000000000000e+03
8.391000000000000000e+03
8.445000000000000000e+03
3.968000000000000000e+03
3.967000000000000000e+03
3.966000000000000000e+03
3.964000000000000000e+03
3.963000000000000000e+03
3.962000000000000000e+03
3.961000000000000000e+03
3.960000000000000000e+03
3.959000000000000000e+03
8.444000000000000000e+03
8.447000000000000000e+03
3.956000000000000000e+03
8.450000000000000000e+03
8.452000000000000000e+03
3.952000000000000000e+03
3.951000000000000000e+03
3.950000000000000000e+03
8.453000000000000000e+03
3.948000000000000000e+03
8.455000000000000000e+03
8.456000000000000000e+03
3.957000000000000000e+03
3.971000000000000000e+03
3.972000000000000000e+03
3.973000000000000000e+03
3.999000000000000000e+03
8.432000000000000000e+03
3.997000000000000000e+03
3.996000000000000000e+03
8.433000000000000000e+03
3.992000000000000000e+03
3.991000000000000000e+03
3.990000000000000000e+03
3.989000000000000000e+03
3.988000000000000000e+03
3.987000000000000000e+03
8.437000000000000000e+03
8.438000000000000000e+03
8.439000000000000000e+03
8.441000000000000000e+03
3.981000000000000000e+03
3.980000000000000000e+03
3.979000000000000000e+03
3.978000000000000000e+03
3.977000000000000000e+03
3.976000000000000000e+03
3.975000000000000000e+03
8.443000000000000000e+03
3.943000000000000000e+03
4.000000000000000000e+03
8.459000000000000000e+03
3.939000000000000000e+03
3.910000000000000000e+03
3.909000000000000000e+03
3.908000000000000000e+03
3.907000000000000000e+03
3.906000000000000000e+03
8.481000000000000000e+03
3.904000000000000000e+03
3.903000000000000000e+03
3.902000000000000000e+03
3.901000000000000000e+03
3.911000000000000000e+03
3.900000000000000000e+03
3.898000000000000000e+03
3.897000000000000000e+03
3.896000000000000000e+03
3.895000000000000000e+03
3.894000000000000000e+03
8.482000000000000000e+03
3.892000000000000000e+03
3.891000000000000000e+03
3.890000000000000000e+03
3.889000000000000000e+03
3.899000000000000000e+03
8.480000000000000000e+03
3.913000000000000000e+03
3.914000000000000000e+03
8.460000000000000000e+03
8.462000000000000000e+03
3.936000000000000000e+03
8.464000000000000000e+03
8.467000000000000000e+03
8.468000000000000000e+03
8.469000000000000000e+03
8.470000000000000000e+03
8.471000000000000000e+03
3.929000000000000000e+03
8.472000000000000000e+03
8.473000000000000000e+03
8.474000000000000000e+03
3.925000000000000000e+03
3.924000000000000000e+03
8.475000000000000000e+03
3.922000000000000000e+03
8.477000000000000000e+03
3.920000000000000000e+03
8.478000000000000000e+03
3.918000000000000000e+03
8.479000000000000000e+03
3.915000000000000000e+03
3.940000000000000000e+03
4.001000000000000000e+03
4.002000000000000000e+03
4.003000000000000000e+03
4.084000000000000000e+03
4.083000000000000000e+03
8.405000000000000000e+03
4.081000000000000000e+03
4.080000000000000000e+03
4.078000000000000000e+03
8.407000000000000000e+03
4.075000000000000000e+03
4.074000000000000000e+03
4.073000000000000000e+03
8.404000000000000000e+03
8.408000000000000000e+03
8.409000000000000000e+03
8.411000000000000000e+03
4.068000000000000000e+03
4.067000000000000000e+03
4.066000000000000000e+03
4.065000000000000000e+03
8.412000000000000000e+03
8.413000000000000000e+03
8.414000000000000000e+03
4.061000000000000000e+03
4.071000000000000000e+03
4.086000000000000000e+03
4.087000000000000000e+03
8.403000000000000000e+03
4.117000000000000000e+03
4.116000000000000000e+03
4.115000000000000000e+03
8.392000000000000000e+03
4.113000000000000000e+03
4.110000000000000000e+03
4.108000000000000000e+03
8.396000000000000000e+03
4.106000000000000000e+03
4.105000000000000000e+03
8.397000000000000000e+03
4.103000000000000000e+03
4.102000000000000000e+03
4.101000000000000000e+03
4.100000000000000000e+03
8.399000000000000000e+03
4.096000000000000000e+03
4.095000000000000000e+03
8.401000000000000000e+03
4.092000000000000000e+03
4.091000000000000000e+03
4.090000000000000000e+03
4.089000000000000000e+03
8.415000000000000000e+03
4.059000000000000000e+03
8.416000000000000000e+03
4.057000000000000000e+03
4.029000000000000000e+03
4.027000000000000000e+03
4.026000000000000000e+03
4.025000000000000000e+03
4.024000000000000000e+03
8.423000000000000000e+03
8.424000000000000000e+03
4.021000000000000000e+03
8.425000000000000000e+03
4.019000000000000000e+03
8.426000000000000000e+03
4.017000000000000000e+03
8.427000000000000000e+03
4.015000000000000000e+03
4.014000000000000000e+03
4.013000000000000000e+03
4.012000000000000000e+03
4.011000000000000000e+03
4.010000000000000000e+03
4.009000000000000000e+03
4.008000000000000000e+03
4.006000000000000000e+03
8.429000000000000000e+03
4.030000000000000000e+03
8.390000000000000000e+03
8.422000000000000000e+03
4.033000000000000000e+03
4.056000000000000000e+03
4.055000000000000000e+03
4.054000000000000000e+03
4.053000000000000000e+03
4.052000000000000000e+03
8.417000000000000000e+03
4.050000000000000000e+03
4.049000000000000000e+03
4.048000000000000000e+03
4.047000000000000000e+03
8.418000000000000000e+03
4.045000000000000000e+03
4.044000000000000000e+03
4.043000000000000000e+03
8.419000000000000000e+03
4.041000000000000000e+03
8.420000000000000000e+03
4.039000000000000000e+03
4.038000000000000000e+03
4.037000000000000000e+03
4.036000000000000000e+03
4.035000000000000000e+03
4.034000000000000000e+03
4.032000000000000000e+03
8.669000000000000000e+03
5.302000000000000000e+03
5.305000000000000000e+03
7.435000000000000000e+03
6.563000000000000000e+03
6.562000000000000000e+03
6.561000000000000000e+03
6.560000000000000000e+03
6.559000000000000000e+03
7.436000000000000000e+03
6.557000000000000000e+03
7.437000000000000000e+03
6.555000000000000000e+03
7.434000000000000000e+03
6.554000000000000000e+03
6.552000000000000000e+03
6.551000000000000000e+03
7.438000000000000000e+03
7.439000000000000000e+03
6.547000000000000000e+03
7.442000000000000000e+03
6.544000000000000000e+03
7.443000000000000000e+03
6.541000000000000000e+03
6.540000000000000000e+03
6.553000000000000000e+03
6.567000000000000000e+03
6.568000000000000000e+03
6.569000000000000000e+03
7.425000000000000000e+03
6.592000000000000000e+03
7.426000000000000000e+03
6.590000000000000000e+03
6.589000000000000000e+03
6.588000000000000000e+03
7.427000000000000000e+03
6.586000000000000000e+03
6.585000000000000000e+03
6.584000000000000000e+03
7.428000000000000000e+03
6.582000000000000000e+03
6.581000000000000000e+03
7.429000000000000000e+03
7.431000000000000000e+03
7.432000000000000000e+03
6.576000000000000000e+03
6.575000000000000000e+03
6.574000000000000000e+03
6.573000000000000000e+03
6.572000000000000000e+03
6.571000000000000000e+03
6.570000000000000000e+03
6.538000000000000000e+03
7.424000000000000000e+03
6.537000000000000000e+03
6.535000000000000000e+03
7.462000000000000000e+03
6.503000000000000000e+03
6.501000000000000000e+03
7.464000000000000000e+03
6.499000000000000000e+03
6.498000000000000000e+03
6.497000000000000000e+03
6.496000000000000000e+03
6.495000000000000000e+03
6.494000000000000000e+03
7.461000000000000000e+03
7.466000000000000000e+03
7.468000000000000000e+03
6.489000000000000000e+03
6.488000000000000000e+03
6.487000000000000000e+03
6.486000000000000000e+03
7.469000000000000000e+03
6.484000000000000000e+03
6.483000000000000000e+03
7.470000000000000000e+03
7.472000000000000000e+03
7.467000000000000000e+03
6.507000000000000000e+03
7.459000000000000000e+03
7.458000000000000000e+03
6.534000000000000000e+03
7.445000000000000000e+03
7.446000000000000000e+03
6.531000000000000000e+03
7.447000000000000000e+03
6.529000000000000000e+03
6.528000000000000000e+03
6.527000000000000000e+03
6.526000000000000000e+03
7.448000000000000000e+03
7.449000000000000000e+03
6.523000000000000000e+03
7.450000000000000000e+03
6.521000000000000000e+03
6.520000000000000000e+03
6.519000000000000000e+03
7.451000000000000000e+03
6.517000000000000000e+03
6.516000000000000000e+03
7.453000000000000000e+03
7.456000000000000000e+03
6.511000000000000000e+03
7.457000000000000000e+03
6.536000000000000000e+03
7.473000000000000000e+03
7.423000000000000000e+03
6.597000000000000000e+03
6.687000000000000000e+03
7.383000000000000000e+03
6.685000000000000000e+03
6.684000000000000000e+03
7.384000000000000000e+03
6.680000000000000000e+03
7.389000000000000000e+03
6.678000000000000000e+03
7.391000000000000000e+03
6.676000000000000000e+03
7.382000000000000000e+03
7.392000000000000000e+03
6.673000000000000000e+03
6.672000000000000000e+03
6.671000000000000000e+03
6.669000000000000000e+03
6.668000000000000000e+03
6.667000000000000000e+03
6.666000000000000000e+03
6.665000000000000000e+03
7.394000000000000000e+03
7.395000000000000000e+03
6.674000000000000000e+03
6.689000000000000000e+03
6.690000000000000000e+03
6.691000000000000000e+03
6.714000000000000000e+03
6.713000000000000000e+03
6.712000000000000000e+03
6.711000000000000000e+03
7.378000000000000000e+03
7.379000000000000000e+03
6.708000000000000000e+03
6.707000000000000000e+03
7.380000000000000000e+03
6.705000000000000000e+03
6.704000000000000000e+03
6.703000000000000000e+03
6.702000000000000000e+03
7.381000000000000000e+03
6.700000000000000000e+03
6.699000000000000000e+03
6.698000000000000000e+03
6.697000000000000000e+03
6.696000000000000000e+03
6.695000000000000000e+03
6.694000000000000000e+03
6.693000000000000000e+03
6.692000000000000000e+03
7.396000000000000000e+03
6.596000000000000000e+03
6.661000000000000000e+03
7.397000000000000000e+03
6.623000000000000000e+03
6.622000000000000000e+03
6.621000000000000000e+03
6.618000000000000000e+03
6.617000000000000000e+03
6.616000000000000000e+03
7.419000000000000000e+03
6.614000000000000000e+03
6.613000000000000000e+03
7.422000000000000000e+03
6.624000000000000000e+03
6.610000000000000000e+03
6.608000000000000000e+03
6.607000000000000000e+03
6.606000000000000000e+03
6.605000000000000000e+03
6.604000000000000000e+03
6.603000000000000000e+03
6.602000000000000000e+03
6.600000000000000000e+03
6.599000000000000000e+03
6.598000000000000000e+03
6.609000000000000000e+03
6.626000000000000000e+03
6.627000000000000000e+03
6.628000000000000000e+03
6.656000000000000000e+03
7.400000000000000000e+03
6.654000000000000000e+03
6.653000000000000000e+03
7.401000000000000000e+03
6.651000000000000000e+03
7.402000000000000000e+03
6.649000000000000000e+03
7.403000000000000000e+03
7.404000000000000000e+03
6.644000000000000000e+03
6.643000000000000000e+03
7.407000000000000000e+03
6.641000000000000000e+03
6.640000000000000000e+03
7.414000000000000000e+03
7.415000000000000000e+03
6.636000000000000000e+03
6.635000000000000000e+03
6.633000000000000000e+03
6.632000000000000000e+03
7.416000000000000000e+03
6.629000000000000000e+03
6.660000000000000000e+03
6.478000000000000000e+03
6.477000000000000000e+03
6.476000000000000000e+03
7.535000000000000000e+03
6.331000000000000000e+03
6.330000000000000000e+03
7.537000000000000000e+03
6.327000000000000000e+03
6.326000000000000000e+03
6.325000000000000000e+03
6.324000000000000000e+03
7.539000000000000000e+03
6.322000000000000000e+03
7.533000000000000000e+03
6.321000000000000000e+03
6.318000000000000000e+03
7.540000000000000000e+03
6.316000000000000000e+03
6.314000000000000000e+03
6.313000000000000000e+03
6.312000000000000000e+03
6.311000000000000000e+03
7.543000000000000000e+03
6.308000000000000000e+03
6.307000000000000000e+03
6.319000000000000000e+03
6.334000000000000000e+03
6.336000000000000000e+03
6.337000000000000000e+03
6.361000000000000000e+03
6.360000000000000000e+03
6.359000000000000000e+03
7.524000000000000000e+03
7.525000000000000000e+03
7.526000000000000000e+03
6.355000000000000000e+03
7.527000000000000000e+03
7.528000000000000000e+03
6.352000000000000000e+03
6.351000000000000000e+03
6.350000000000000000e+03
6.349000000000000000e+03
6.348000000000000000e+03
6.346000000000000000e+03
6.345000000000000000e+03
7.529000000000000000e+03
6.343000000000000000e+03
6.342000000000000000e+03
6.341000000000000000e+03
6.340000000000000000e+03
7.530000000000000000e+03
7.531000000000000000e+03
6.306000000000000000e+03
7.523000000000000000e+03
6.305000000000000000e+03
6.303000000000000000e+03
6.271000000000000000e+03
6.270000000000000000e+03
6.269000000000000000e+03
7.560000000000000000e+03
6.267000000000000000e+03
6.266000000000000000e+03
7.561000000000000000e+03
6.264000000000000000e+03
6.263000000000000000e+03
6.262000000000000000e+03
6.272000000000000000e+03
7.563000000000000000e+03
7.565000000000000000e+03
7.566000000000000000e+03
6.256000000000000000e+03
6.255000000000000000e+03
6.254000000000000000e+03
6.253000000000000000e+03
6.252000000000000000e+03
6.251000000000000000e+03
6.250000000000000000e+03
6.249000000000000000e+03
6.259000000000000000e+03
6.273000000000000000e+03
6.274000000000000000e+03
6.275000000000000000e+03
7.546000000000000000e+03
7.548000000000000000e+03
6.299000000000000000e+03
7.551000000000000000e+03
6.297000000000000000e+03
6.295000000000000000e+03
6.294000000000000000e+03
7.552000000000000000e+03
6.292000000000000000e+03
6.291000000000000000e+03
6.289000000000000000e+03
7.554000000000000000e+03
6.286000000000000000e+03
6.285000000000000000e+03
6.284000000000000000e+03
7.556000000000000000e+03
6.282000000000000000e+03
6.281000000000000000e+03
6.280000000000000000e+03
6.279000000000000000e+03
6.278000000000000000e+03
7.557000000000000000e+03
7.558000000000000000e+03
6.304000000000000000e+03
6.363000000000000000e+03
7.522000000000000000e+03
7.521000000000000000e+03
6.447000000000000000e+03
6.446000000000000000e+03
7.481000000000000000e+03
7.482000000000000000e+03
6.443000000000000000e+03
6.442000000000000000e+03
7.483000000000000000e+03
6.440000000000000000e+03
6.439000000000000000e+03
6.438000000000000000e+03
6.448000000000000000e+03
6.437000000000000000e+03
6.435000000000000000e+03
6.434000000000000000e+03
7.485000000000000000e+03
6.431000000000000000e+03
6.430000000000000000e+03
6.429000000000000000e+03
6.428000000000000000e+03
7.487000000000000000e+03
6.426000000000000000e+03
7.488000000000000000e+03
6.436000000000000000e+03
6.449000000000000000e+03
6.450000000000000000e+03
6.451000000000000000e+03
6.475000000000000000e+03
7.475000000000000000e+03
6.473000000000000000e+03
6.472000000000000000e+03
6.471000000000000000e+03
7.476000000000000000e+03
6.469000000000000000e+03
6.468000000000000000e+03
6.467000000000000000e+03
6.466000000000000000e+03
7.477000000000000000e+03
6.464000000000000000e+03
6.463000000000000000e+03
7.478000000000000000e+03
6.461000000000000000e+03
6.460000000000000000e+03
6.458000000000000000e+03
7.480000000000000000e+03
6.456000000000000000e+03
6.455000000000000000e+03
6.454000000000000000e+03
6.453000000000000000e+03
6.452000000000000000e+03
6.424000000000000000e+03
7.490000000000000000e+03
6.422000000000000000e+03
6.421000000000000000e+03
7.508000000000000000e+03
6.390000000000000000e+03
7.509000000000000000e+03
7.512000000000000000e+03
6.386000000000000000e+03
6.385000000000000000e+03
6.384000000000000000e+03
6.383000000000000000e+03
6.382000000000000000e+03
6.381000000000000000e+03
7.513000000000000000e+03
6.379000000000000000e+03
6.378000000000000000e+03
6.377000000000000000e+03
6.375000000000000000e+03
7.515000000000000000e+03
6.372000000000000000e+03
6.371000000000000000e+03
7.517000000000000000e+03
6.369000000000000000e+03
7.518000000000000000e+03
7.520000000000000000e+03
6.366000000000000000e+03
6.393000000000000000e+03
7.376000000000000000e+03
6.394000000000000000e+03
7.506000000000000000e+03
7.492000000000000000e+03
6.419000000000000000e+03
6.417000000000000000e+03
6.416000000000000000e+03
7.494000000000000000e+03
7.495000000000000000e+03
7.496000000000000000e+03
7.497000000000000000e+03
6.411000000000000000e+03
7.499000000000000000e+03
6.409000000000000000e+03
7.500000000000000000e+03
6.407000000000000000e+03
6.406000000000000000e+03
6.405000000000000000e+03
6.404000000000000000e+03
6.403000000000000000e+03
6.402000000000000000e+03
6.401000000000000000e+03
7.502000000000000000e+03
7.503000000000000000e+03
6.398000000000000000e+03
7.504000000000000000e+03
6.395000000000000000e+03
6.717000000000000000e+03
6.718000000000000000e+03
6.719000000000000000e+03
7.037000000000000000e+03
7.236000000000000000e+03
7.035000000000000000e+03
7.033000000000000000e+03
7.238000000000000000e+03
7.031000000000000000e+03
7.029000000000000000e+03
7.241000000000000000e+03
7.027000000000000000e+03
7.026000000000000000e+03
7.038000000000000000e+03
7.025000000000000000e+03
7.244000000000000000e+03
7.245000000000000000e+03
7.246000000000000000e+03
7.247000000000000000e+03
7.019000000000000000e+03
7.018000000000000000e+03
7.017000000000000000e+03
7.248000000000000000e+03
7.249000000000000000e+03
7.014000000000000000e+03
7.242000000000000000e+03
7.039000000000000000e+03
7.040000000000000000e+03
7.042000000000000000e+03
7.067000000000000000e+03
7.066000000000000000e+03
7.065000000000000000e+03
7.229000000000000000e+03
7.063000000000000000e+03
7.062000000000000000e+03
7.061000000000000000e+03
7.060000000000000000e+03
7.059000000000000000e+03
7.230000000000000000e+03
7.057000000000000000e+03
7.056000000000000000e+03
7.055000000000000000e+03
7.054000000000000000e+03
7.053000000000000000e+03
7.052000000000000000e+03
7.051000000000000000e+03
7.050000000000000000e+03
7.231000000000000000e+03
7.048000000000000000e+03
7.232000000000000000e+03
7.235000000000000000e+03
7.043000000000000000e+03
7.013000000000000000e+03
7.228000000000000000e+03
7.012000000000000000e+03
7.010000000000000000e+03
6.977000000000000000e+03
6.976000000000000000e+03
7.259000000000000000e+03
7.260000000000000000e+03
6.973000000000000000e+03
7.261000000000000000e+03
6.971000000000000000e+03
6.970000000000000000e+03
6.969000000000000000e+03
6.968000000000000000e+03
6.978000000000000000e+03
6.967000000000000000e+03
6.964000000000000000e+03
6.963000000000000000e+03
6.962000000000000000e+03
6.961000000000000000e+03
6.960000000000000000e+03
6.959000000000000000e+03
6.958000000000000000e+03
6.957000000000000000e+03
6.955000000000000000e+03
6.954000000000000000e+03
7.262000000000000000e+03
7.258000000000000000e+03
7.257000000000000000e+03
6.981000000000000000e+03
7.009000000000000000e+03
7.008000000000000000e+03
7.007000000000000000e+03
7.006000000000000000e+03
7.250000000000000000e+03
7.004000000000000000e+03
7.251000000000000000e+03
7.252000000000000000e+03
7.001000000000000000e+03
7.000000000000000000e+03
6.998000000000000000e+03
6.997000000000000000e+03
6.996000000000000000e+03
6.995000000000000000e+03
6.994000000000000000e+03
6.993000000000000000e+03
6.992000000000000000e+03
6.991000000000000000e+03
6.989000000000000000e+03
6.988000000000000000e+03
6.987000000000000000e+03
6.986000000000000000e+03
7.256000000000000000e+03
7.011000000000000000e+03
7.069000000000000000e+03
7.070000000000000000e+03
7.071000000000000000e+03
7.157000000000000000e+03
7.156000000000000000e+03
7.155000000000000000e+03
7.154000000000000000e+03
7.153000000000000000e+03
7.152000000000000000e+03
7.151000000000000000e+03
7.200000000000000000e+03
7.201000000000000000e+03
7.148000000000000000e+03
7.158000000000000000e+03
7.202000000000000000e+03
7.145000000000000000e+03
7.144000000000000000e+03
7.143000000000000000e+03
7.142000000000000000e+03
7.141000000000000000e+03
7.140000000000000000e+03
7.139000000000000000e+03
7.138000000000000000e+03
7.137000000000000000e+03
7.135000000000000000e+03
7.203000000000000000e+03
7.159000000000000000e+03
7.160000000000000000e+03
7.199000000000000000e+03
7.186000000000000000e+03
7.184000000000000000e+03
7.190000000000000000e+03
7.191000000000000000e+03
7.181000000000000000e+03
7.180000000000000000e+03
7.179000000000000000e+03
7.178000000000000000e+03
7.177000000000000000e+03
7.176000000000000000e+03
7.175000000000000000e+03
7.193000000000000000e+03
7.195000000000000000e+03
7.171000000000000000e+03
7.170000000000000000e+03
7.169000000000000000e+03
7.168000000000000000e+03
7.167000000000000000e+03
7.196000000000000000e+03
7.165000000000000000e+03
7.164000000000000000e+03
7.163000000000000000e+03
7.198000000000000000e+03
7.134000000000000000e+03
7.133000000000000000e+03
7.132000000000000000e+03
7.131000000000000000e+03
7.095000000000000000e+03
7.094000000000000000e+03
7.093000000000000000e+03
7.092000000000000000e+03
7.221000000000000000e+03
7.222000000000000000e+03
7.223000000000000000e+03
7.088000000000000000e+03
7.087000000000000000e+03
7.085000000000000000e+03
7.084000000000000000e+03
7.083000000000000000e+03
7.082000000000000000e+03
7.081000000000000000e+03
7.080000000000000000e+03
7.079000000000000000e+03
7.078000000000000000e+03
7.077000000000000000e+03
7.226000000000000000e+03
7.227000000000000000e+03
7.074000000000000000e+03
7.073000000000000000e+03
7.072000000000000000e+03
7.096000000000000000e+03
6.953000000000000000e+03
7.097000000000000000e+03
7.099000000000000000e+03
7.129000000000000000e+03
7.128000000000000000e+03
7.127000000000000000e+03
7.126000000000000000e+03
7.206000000000000000e+03
7.124000000000000000e+03
7.207000000000000000e+03
7.122000000000000000e+03
7.121000000000000000e+03
7.119000000000000000e+03
7.211000000000000000e+03
7.212000000000000000e+03
7.114000000000000000e+03
7.213000000000000000e+03
7.112000000000000000e+03
7.111000000000000000e+03
7.110000000000000000e+03
7.214000000000000000e+03
7.107000000000000000e+03
7.219000000000000000e+03
7.103000000000000000e+03
7.101000000000000000e+03
7.100000000000000000e+03
7.098000000000000000e+03
7.567000000000000000e+03
6.952000000000000000e+03
6.950000000000000000e+03
6.799000000000000000e+03
7.333000000000000000e+03
7.335000000000000000e+03
6.795000000000000000e+03
7.336000000000000000e+03
7.337000000000000000e+03
6.792000000000000000e+03
7.338000000000000000e+03
7.339000000000000000e+03
6.788000000000000000e+03
6.800000000000000000e+03
7.341000000000000000e+03
6.785000000000000000e+03
6.784000000000000000e+03
7.342000000000000000e+03
6.782000000000000000e+03
6.781000000000000000e+03
6.780000000000000000e+03
7.344000000000000000e+03
6.778000000000000000e+03
6.777000000000000000e+03
7.346000000000000000e+03
6.786000000000000000e+03
7.332000000000000000e+03
6.802000000000000000e+03
6.803000000000000000e+03
6.831000000000000000e+03
6.830000000000000000e+03
6.829000000000000000e+03
6.828000000000000000e+03
6.827000000000000000e+03
6.826000000000000000e+03
7.316000000000000000e+03
7.319000000000000000e+03
6.822000000000000000e+03
7.322000000000000000e+03
6.818000000000000000e+03
6.817000000000000000e+03
7.323000000000000000e+03
7.325000000000000000e+03
6.813000000000000000e+03
7.326000000000000000e+03
7.327000000000000000e+03
6.810000000000000000e+03
6.809000000000000000e+03
6.808000000000000000e+03
6.807000000000000000e+03
6.805000000000000000e+03
7.330000000000000000e+03
6.775000000000000000e+03
7.315000000000000000e+03
6.774000000000000000e+03
6.772000000000000000e+03
6.743000000000000000e+03
7.365000000000000000e+03
6.740000000000000000e+03
6.739000000000000000e+03
6.737000000000000000e+03
7.366000000000000000e+03
7.367000000000000000e+03
7.369000000000000000e+03
6.733000000000000000e+03
6.732000000000000000e+03
7.361000000000000000e+03
7.370000000000000000e+03
6.729000000000000000e+03
6.728000000000000000e+03
7.373000000000000000e+03
7.374000000000000000e+03
6.725000000000000000e+03
6.724000000000000000e+03
7.375000000000000000e+03
6.722000000000000000e+03
6.721000000000000000e+03
6.720000000000000000e+03
7.372000000000000000e+03
6.745000000000000000e+03
6.746000000000000000e+03
7.360000000000000000e+03
7.347000000000000000e+03
7.349000000000000000e+03
7.350000000000000000e+03
7.351000000000000000e+03
6.767000000000000000e+03
6.766000000000000000e+03
6.765000000000000000e+03
7.353000000000000000e+03
6.762000000000000000e+03
6.761000000000000000e+03
6.760000000000000000e+03
7.354000000000000000e+03
6.758000000000000000e+03
6.757000000000000000e+03
6.756000000000000000e+03
7.355000000000000000e+03
6.754000000000000000e+03
7.356000000000000000e+03
6.752000000000000000e+03
7.357000000000000000e+03
7.358000000000000000e+03
6.749000000000000000e+03
6.748000000000000000e+03
6.773000000000000000e+03
6.833000000000000000e+03
6.834000000000000000e+03
6.835000000000000000e+03
6.920000000000000000e+03
7.280000000000000000e+03
6.918000000000000000e+03
6.917000000000000000e+03
7.281000000000000000e+03
6.915000000000000000e+03
7.282000000000000000e+03
6.913000000000000000e+03
6.912000000000000000e+03
7.283000000000000000e+03
6.921000000000000000e+03
6.910000000000000000e+03
6.908000000000000000e+03
6.907000000000000000e+03
7.286000000000000000e+03
6.905000000000000000e+03
6.904000000000000000e+03
6.903000000000000000e+03
6.902000000000000000e+03
6.901000000000000000e+03
6.899000000000000000e+03
7.288000000000000000e+03
6.909000000000000000e+03
6.922000000000000000e+03
6.923000000000000000e+03
7.279000000000000000e+03
7.267000000000000000e+03
6.948000000000000000e+03
6.947000000000000000e+03
7.268000000000000000e+03
6.945000000000000000e+03
7.269000000000000000e+03
6.943000000000000000e+03
6.942000000000000000e+03
7.271000000000000000e+03
6.938000000000000000e+03
7.274000000000000000e+03
6.936000000000000000e+03
6.935000000000000000e+03
7.275000000000000000e+03
6.933000000000000000e+03
7.278000000000000000e+03
6.931000000000000000e+03
6.930000000000000000e+03
6.929000000000000000e+03
6.928000000000000000e+03
6.927000000000000000e+03
6.926000000000000000e+03
6.925000000000000000e+03
7.289000000000000000e+03
6.896000000000000000e+03
6.895000000000000000e+03
6.894000000000000000e+03
6.861000000000000000e+03
6.860000000000000000e+03
6.859000000000000000e+03
7.307000000000000000e+03
7.308000000000000000e+03
6.856000000000000000e+03
6.855000000000000000e+03
6.854000000000000000e+03
6.853000000000000000e+03
6.852000000000000000e+03
6.851000000000000000e+03
6.850000000000000000e+03
6.849000000000000000e+03
6.848000000000000000e+03
6.847000000000000000e+03
6.846000000000000000e+03
6.845000000000000000e+03
7.309000000000000000e+03
6.843000000000000000e+03
7.311000000000000000e+03
6.839000000000000000e+03
7.313000000000000000e+03
6.836000000000000000e+03
6.863000000000000000e+03
7.266000000000000000e+03
7.305000000000000000e+03
6.866000000000000000e+03
7.290000000000000000e+03
7.291000000000000000e+03
6.891000000000000000e+03
6.890000000000000000e+03
6.889000000000000000e+03
6.888000000000000000e+03
7.292000000000000000e+03
6.886000000000000000e+03
6.885000000000000000e+03
6.884000000000000000e+03
6.883000000000000000e+03
6.882000000000000000e+03
7.294000000000000000e+03
7.296000000000000000e+03
7.298000000000000000e+03
6.876000000000000000e+03
6.875000000000000000e+03
6.874000000000000000e+03
7.301000000000000000e+03
7.302000000000000000e+03
6.869000000000000000e+03
6.868000000000000000e+03
6.867000000000000000e+03
6.865000000000000000e+03
7.891000000000000000e+03
7.570000000000000000e+03
6.244000000000000000e+03
7.782000000000000000e+03
5.625000000000000000e+03
7.783000000000000000e+03
7.785000000000000000e+03
5.620000000000000000e+03
5.619000000000000000e+03
7.787000000000000000e+03
5.617000000000000000e+03
5.616000000000000000e+03
5.615000000000000000e+03
7.781000000000000000e+03
5.614000000000000000e+03
5.610000000000000000e+03
7.790000000000000000e+03
7.792000000000000000e+03
5.606000000000000000e+03
5.605000000000000000e+03
5.604000000000000000e+03
5.603000000000000000e+03
5.602000000000000000e+03
7.793000000000000000e+03
7.796000000000000000e+03
7.789000000000000000e+03
5.628000000000000000e+03
5.629000000000000000e+03
5.630000000000000000e+03
7.772000000000000000e+03
5.652000000000000000e+03
7.773000000000000000e+03
7.775000000000000000e+03
5.649000000000000000e+03
5.648000000000000000e+03
7.776000000000000000e+03
5.646000000000000000e+03
5.645000000000000000e+03
5.644000000000000000e+03
5.643000000000000000e+03
7.777000000000000000e+03
5.641000000000000000e+03
7.778000000000000000e+03
5.639000000000000000e+03
5.638000000000000000e+03
5.637000000000000000e+03
7.779000000000000000e+03
5.635000000000000000e+03
5.634000000000000000e+03
7.780000000000000000e+03
5.632000000000000000e+03
5.631000000000000000e+03
5.599000000000000000e+03
5.654000000000000000e+03
7.797000000000000000e+03
5.595000000000000000e+03
5.564000000000000000e+03
5.563000000000000000e+03
5.562000000000000000e+03
7.807000000000000000e+03
7.808000000000000000e+03
5.559000000000000000e+03
7.809000000000000000e+03
5.557000000000000000e+03
5.556000000000000000e+03
5.552000000000000000e+03
5.565000000000000000e+03
5.551000000000000000e+03
5.549000000000000000e+03
7.813000000000000000e+03
5.547000000000000000e+03
7.815000000000000000e+03
5.545000000000000000e+03
5.544000000000000000e+03
5.543000000000000000e+03
7.816000000000000000e+03
5.541000000000000000e+03
5.540000000000000000e+03
5.550000000000000000e+03
5.566000000000000000e+03
5.567000000000000000e+03
5.568000000000000000e+03
5.594000000000000000e+03
5.593000000000000000e+03
5.592000000000000000e+03
5.591000000000000000e+03
5.590000000000000000e+03
5.589000000000000000e+03
5.587000000000000000e+03
5.586000000000000000e+03
5.585000000000000000e+03
7.800000000000000000e+03
5.583000000000000000e+03
7.801000000000000000e+03
5.581000000000000000e+03
5.580000000000000000e+03
5.579000000000000000e+03
5.577000000000000000e+03
5.576000000000000000e+03
5.575000000000000000e+03
5.574000000000000000e+03
5.573000000000000000e+03
7.803000000000000000e+03
5.571000000000000000e+03
5.569000000000000000e+03
5.596000000000000000e+03
7.818000000000000000e+03
7.771000000000000000e+03
5.657000000000000000e+03
5.740000000000000000e+03
5.739000000000000000e+03
5.738000000000000000e+03
5.737000000000000000e+03
5.736000000000000000e+03
5.734000000000000000e+03
7.746000000000000000e+03
5.732000000000000000e+03
5.731000000000000000e+03
5.730000000000000000e+03
5.741000000000000000e+03
7.747000000000000000e+03
5.727000000000000000e+03
7.748000000000000000e+03
7.749000000000000000e+03
5.724000000000000000e+03
7.750000000000000000e+03
5.722000000000000000e+03
5.721000000000000000e+03
7.751000000000000000e+03
7.754000000000000000e+03
7.755000000000000000e+03
5.728000000000000000e+03
5.742000000000000000e+03
5.743000000000000000e+03
5.744000000000000000e+03
5.770000000000000000e+03
5.769000000000000000e+03
7.734000000000000000e+03
5.767000000000000000e+03
5.766000000000000000e+03
5.765000000000000000e+03
5.764000000000000000e+03
7.735000000000000000e+03
5.762000000000000000e+03
5.761000000000000000e+03
5.760000000000000000e+03
7.737000000000000000e+03
5.758000000000000000e+03
5.757000000000000000e+03
5.756000000000000000e+03
7.738000000000000000e+03
5.754000000000000000e+03
7.739000000000000000e+03
5.752000000000000000e+03
5.751000000000000000e+03
7.740000000000000000e+03
5.747000000000000000e+03
7.742000000000000000e+03
5.716000000000000000e+03
7.770000000000000000e+03
7.757000000000000000e+03
5.713000000000000000e+03
5.682000000000000000e+03
5.681000000000000000e+03
5.680000000000000000e+03
5.679000000000000000e+03
5.678000000000000000e+03
7.764000000000000000e+03
5.676000000000000000e+03
5.675000000000000000e+03
5.674000000000000000e+03
7.765000000000000000e+03
5.683000000000000000e+03
5.671000000000000000e+03
7.766000000000000000e+03
5.666000000000000000e+03
5.665000000000000000e+03
5.664000000000000000e+03
5.663000000000000000e+03
5.662000000000000000e+03
5.661000000000000000e+03
5.660000000000000000e+03
5.659000000000000000e+03
5.658000000000000000e+03
5.670000000000000000e+03
7.763000000000000000e+03
5.685000000000000000e+03
7.762000000000000000e+03
5.712000000000000000e+03
5.711000000000000000e+03
5.710000000000000000e+03
5.709000000000000000e+03
5.708000000000000000e+03
5.707000000000000000e+03
5.706000000000000000e+03
5.705000000000000000e+03
5.704000000000000000e+03
5.703000000000000000e+03
5.702000000000000000e+03
5.701000000000000000e+03
5.699000000000000000e+03
5.698000000000000000e+03
5.696000000000000000e+03
5.695000000000000000e+03
5.694000000000000000e+03
5.693000000000000000e+03
5.692000000000000000e+03
5.691000000000000000e+03
5.690000000000000000e+03
5.689000000000000000e+03
5.687000000000000000e+03
7.758000000000000000e+03
5.538000000000000000e+03
5.537000000000000000e+03
7.820000000000000000e+03
7.868000000000000000e+03
5.387000000000000000e+03
7.871000000000000000e+03
5.384000000000000000e+03
7.872000000000000000e+03
5.382000000000000000e+03
5.381000000000000000e+03
5.380000000000000000e+03
5.379000000000000000e+03
5.378000000000000000e+03
5.389000000000000000e+03
5.377000000000000000e+03
5.375000000000000000e+03
5.374000000000000000e+03
5.373000000000000000e+03
5.371000000000000000e+03
5.370000000000000000e+03
5.369000000000000000e+03
5.368000000000000000e+03
7.873000000000000000e+03
7.874000000000000000e+03
5.365000000000000000e+03
5.376000000000000000e+03
7.867000000000000000e+03
7.866000000000000000e+03
5.392000000000000000e+03
7.858000000000000000e+03
5.416000000000000000e+03
5.415000000000000000e+03
5.414000000000000000e+03
5.413000000000000000e+03
5.411000000000000000e+03
5.410000000000000000e+03
5.408000000000000000e+03
5.407000000000000000e+03
5.406000000000000000e+03
5.405000000000000000e+03
5.404000000000000000e+03
5.403000000000000000e+03
5.402000000000000000e+03
7.864000000000000000e+03
5.400000000000000000e+03
5.399000000000000000e+03
5.398000000000000000e+03
5.397000000000000000e+03
5.396000000000000000e+03
5.395000000000000000e+03
5.394000000000000000e+03
7.865000000000000000e+03
7.875000000000000000e+03
5.419000000000000000e+03
5.363000000000000000e+03
5.361000000000000000e+03
5.331000000000000000e+03
5.330000000000000000e+03
5.329000000000000000e+03
5.328000000000000000e+03
5.327000000000000000e+03
5.325000000000000000e+03
5.324000000000000000e+03
5.323000000000000000e+03
5.322000000000000000e+03
5.321000000000000000e+03
5.332000000000000000e+03
7.886000000000000000e+03
5.318000000000000000e+03
5.317000000000000000e+03
5.315000000000000000e+03
5.314000000000000000e+03
7.888000000000000000e+03
5.312000000000000000e+03
5.311000000000000000e+03
5.310000000000000000e+03
7.889000000000000000e+03
5.307000000000000000e+03
5.319000000000000000e+03
5.333000000000000000e+03
5.334000000000000000e+03
5.337000000000000000e+03
5.360000000000000000e+03
5.359000000000000000e+03
7.876000000000000000e+03
7.877000000000000000e+03
5.356000000000000000e+03
5.355000000000000000e+03
7.878000000000000000e+03
5.353000000000000000e+03
5.352000000000000000e+03
7.880000000000000000e+03
5.350000000000000000e+03
7.881000000000000000e+03
5.348000000000000000e+03
5.347000000000000000e+03
5.346000000000000000e+03
5.345000000000000000e+03
5.344000000000000000e+03
5.343000000000000000e+03
5.342000000000000000e+03
5.341000000000000000e+03
5.340000000000000000e+03
5.339000000000000000e+03
7.882000000000000000e+03
5.362000000000000000e+03
5.420000000000000000e+03
7.856000000000000000e+03
5.422000000000000000e+03
7.831000000000000000e+03
5.506000000000000000e+03
5.505000000000000000e+03
5.504000000000000000e+03
5.503000000000000000e+03
5.502000000000000000e+03
5.500000000000000000e+03
5.499000000000000000e+03
7.833000000000000000e+03
5.497000000000000000e+03
7.830000000000000000e+03
5.496000000000000000e+03
5.494000000000000000e+03
5.493000000000000000e+03
5.492000000000000000e+03
5.491000000000000000e+03
5.490000000000000000e+03
5.488000000000000000e+03
5.487000000000000000e+03
5.486000000000000000e+03
5.484000000000000000e+03
5.483000000000000000e+03
7.834000000000000000e+03
5.510000000000000000e+03
5.511000000000000000e+03
7.829000000000000000e+03
7.821000000000000000e+03
5.534000000000000000e+03
7.822000000000000000e+03
5.532000000000000000e+03
5.531000000000000000e+03
5.530000000000000000e+03
5.529000000000000000e+03
5.528000000000000000e+03
5.527000000000000000e+03
5.526000000000000000e+03
5.525000000000000000e+03
5.524000000000000000e+03
7.823000000000000000e+03
5.522000000000000000e+03
7.824000000000000000e+03
7.825000000000000000e+03
5.519000000000000000e+03
5.518000000000000000e+03
5.517000000000000000e+03
5.516000000000000000e+03
5.515000000000000000e+03
7.826000000000000000e+03
7.828000000000000000e+03
7.836000000000000000e+03
5.481000000000000000e+03
5.480000000000000000e+03
7.837000000000000000e+03
5.445000000000000000e+03
5.444000000000000000e+03
5.443000000000000000e+03
5.442000000000000000e+03
5.441000000000000000e+03
7.848000000000000000e+03
7.849000000000000000e+03
5.438000000000000000e+03
7.850000000000000000e+03
7.851000000000000000e+03
5.435000000000000000e+03
5.434000000000000000e+03
5.433000000000000000e+03
5.432000000000000000e+03
7.852000000000000000e+03
5.430000000000000000e+03
5.429000000000000000e+03
7.853000000000000000e+03
7.855000000000000000e+03
5.426000000000000000e+03
5.425000000000000000e+03
5.424000000000000000e+03
5.423000000000000000e+03
7.846000000000000000e+03
5.772000000000000000e+03
5.448000000000000000e+03
5.452000000000000000e+03
5.478000000000000000e+03
5.477000000000000000e+03
5.476000000000000000e+03
7.839000000000000000e+03
5.474000000000000000e+03
5.473000000000000000e+03
5.472000000000000000e+03
7.840000000000000000e+03
7.841000000000000000e+03
5.469000000000000000e+03
5.468000000000000000e+03
5.467000000000000000e+03
5.466000000000000000e+03
5.465000000000000000e+03
5.464000000000000000e+03
5.463000000000000000e+03
5.462000000000000000e+03
5.461000000000000000e+03
5.459000000000000000e+03
5.457000000000000000e+03
5.456000000000000000e+03
5.455000000000000000e+03
5.453000000000000000e+03
5.451000000000000000e+03
5.773000000000000000e+03
7.733000000000000000e+03
5.775000000000000000e+03
6.090000000000000000e+03
7.628000000000000000e+03
6.088000000000000000e+03
7.629000000000000000e+03
7.630000000000000000e+03
6.085000000000000000e+03
7.631000000000000000e+03
6.083000000000000000e+03
6.082000000000000000e+03
6.081000000000000000e+03
6.091000000000000000e+03
6.080000000000000000e+03
6.077000000000000000e+03
7.633000000000000000e+03
6.075000000000000000e+03
6.074000000000000000e+03
7.634000000000000000e+03
6.072000000000000000e+03
6.071000000000000000e+03
6.070000000000000000e+03
6.069000000000000000e+03
6.068000000000000000e+03
7.632000000000000000e+03
6.092000000000000000e+03
7.625000000000000000e+03
6.094000000000000000e+03
6.119000000000000000e+03
7.615000000000000000e+03
6.117000000000000000e+03
6.116000000000000000e+03
6.115000000000000000e+03
7.616000000000000000e+03
7.617000000000000000e+03
7.618000000000000000e+03
6.111000000000000000e+03
6.110000000000000000e+03
6.108000000000000000e+03
6.107000000000000000e+03
7.621000000000000000e+03
6.105000000000000000e+03
6.104000000000000000e+03
7.622000000000000000e+03
7.623000000000000000e+03
6.101000000000000000e+03
6.100000000000000000e+03
6.098000000000000000e+03
6.097000000000000000e+03
6.096000000000000000e+03
6.095000000000000000e+03
7.635000000000000000e+03
6.120000000000000000e+03
6.066000000000000000e+03
6.064000000000000000e+03
7.641000000000000000e+03
7.644000000000000000e+03
7.645000000000000000e+03
6.029000000000000000e+03
6.028000000000000000e+03
6.027000000000000000e+03
7.646000000000000000e+03
6.025000000000000000e+03
6.024000000000000000e+03
7.647000000000000000e+03
6.033000000000000000e+03
7.648000000000000000e+03
6.020000000000000000e+03
7.650000000000000000e+03
6.018000000000000000e+03
7.651000000000000000e+03
7.652000000000000000e+03
6.015000000000000000e+03
6.014000000000000000e+03
6.013000000000000000e+03
6.012000000000000000e+03
6.011000000000000000e+03
7.649000000000000000e+03
7.640000000000000000e+03
6.035000000000000000e+03
6.036000000000000000e+03
6.062000000000000000e+03
6.061000000000000000e+03
6.060000000000000000e+03
6.059000000000000000e+03
6.058000000000000000e+03
6.057000000000000000e+03
6.056000000000000000e+03
6.055000000000000000e+03
6.054000000000000000e+03
6.053000000000000000e+03
6.052000000000000000e+03
6.051000000000000000e+03
6.050000000000000000e+03
6.049000000000000000e+03
7.637000000000000000e+03
6.047000000000000000e+03
6.046000000000000000e+03
6.044000000000000000e+03
6.043000000000000000e+03
6.042000000000000000e+03
6.040000000000000000e+03
6.039000000000000000e+03
6.038000000000000000e+03
6.065000000000000000e+03
6.121000000000000000e+03
6.123000000000000000e+03
6.125000000000000000e+03
6.212000000000000000e+03
7.581000000000000000e+03
7.582000000000000000e+03
6.208000000000000000e+03
6.206000000000000000e+03
6.205000000000000000e+03
7.584000000000000000e+03
6.203000000000000000e+03
6.202000000000000000e+03
6.201000000000000000e+03
6.213000000000000000e+03
7.585000000000000000e+03
6.198000000000000000e+03
7.586000000000000000e+03
6.196000000000000000e+03
6.195000000000000000e+03
6.194000000000000000e+03
7.587000000000000000e+03
6.192000000000000000e+03
7.588000000000000000e+03
6.190000000000000000e+03
6.189000000000000000e+03
6.199000000000000000e+03
7.580000000000000000e+03
6.215000000000000000e+03
6.216000000000000000e+03
6.243000000000000000e+03
6.242000000000000000e+03
6.240000000000000000e+03
7.574000000000000000e+03
6.238000000000000000e+03
6.237000000000000000e+03
6.236000000000000000e+03
7.575000000000000000e+03
6.232000000000000000e+03
7.577000000000000000e+03
7.578000000000000000e+03
6.229000000000000000e+03
6.228000000000000000e+03
6.227000000000000000e+03
6.226000000000000000e+03
6.225000000000000000e+03
7.579000000000000000e+03
6.223000000000000000e+03
6.221000000000000000e+03
6.220000000000000000e+03
6.219000000000000000e+03
6.218000000000000000e+03
6.217000000000000000e+03
7.589000000000000000e+03
6.187000000000000000e+03
6.186000000000000000e+03
6.184000000000000000e+03
7.599000000000000000e+03
6.152000000000000000e+03
6.150000000000000000e+03
6.149000000000000000e+03
6.148000000000000000e+03
6.147000000000000000e+03
6.146000000000000000e+03
6.145000000000000000e+03
7.601000000000000000e+03
6.142000000000000000e+03
6.141000000000000000e+03
6.140000000000000000e+03
7.603000000000000000e+03
7.604000000000000000e+03
6.136000000000000000e+03
7.608000000000000000e+03
6.133000000000000000e+03
6.132000000000000000e+03
7.609000000000000000e+03
7.613000000000000000e+03
6.128000000000000000e+03
7.614000000000000000e+03
6.126000000000000000e+03
6.154000000000000000e+03
6.010000000000000000e+03
6.155000000000000000e+03
6.158000000000000000e+03
6.183000000000000000e+03
6.182000000000000000e+03
6.181000000000000000e+03
6.180000000000000000e+03
6.179000000000000000e+03
6.178000000000000000e+03
6.177000000000000000e+03
6.176000000000000000e+03
6.175000000000000000e+03
6.173000000000000000e+03
7.591000000000000000e+03
6.171000000000000000e+03
6.170000000000000000e+03
6.169000000000000000e+03
7.593000000000000000e+03
6.167000000000000000e+03
7.594000000000000000e+03
6.165000000000000000e+03
6.164000000000000000e+03
6.162000000000000000e+03
6.161000000000000000e+03
6.160000000000000000e+03
7.596000000000000000e+03
6.157000000000000000e+03
7.571000000000000000e+03
7.653000000000000000e+03
7.654000000000000000e+03
5.856000000000000000e+03
7.708000000000000000e+03
5.854000000000000000e+03
5.853000000000000000e+03
7.709000000000000000e+03
5.851000000000000000e+03
5.850000000000000000e+03
7.710000000000000000e+03
7.711000000000000000e+03
7.712000000000000000e+03
7.707000000000000000e+03
5.846000000000000000e+03
5.844000000000000000e+03
7.713000000000000000e+03
5.842000000000000000e+03
5.841000000000000000e+03
5.839000000000000000e+03
7.715000000000000000e+03
5.837000000000000000e+03
5.836000000000000000e+03
5.835000000000000000e+03
5.834000000000000000e+03
5.845000000000000000e+03
5.858000000000000000e+03
7.706000000000000000e+03
5.860000000000000000e+03
5.885000000000000000e+03
5.884000000000000000e+03
5.883000000000000000e+03
5.882000000000000000e+03
5.881000000000000000e+03
5.880000000000000000e+03
5.879000000000000000e+03
5.877000000000000000e+03
5.876000000000000000e+03
5.875000000000000000e+03
5.874000000000000000e+03
5.873000000000000000e+03
5.872000000000000000e+03
5.871000000000000000e+03
5.870000000000000000e+03
7.704000000000000000e+03
5.868000000000000000e+03
5.867000000000000000e+03
5.866000000000000000e+03
5.864000000000000000e+03
5.863000000000000000e+03
5.862000000000000000e+03
5.861000000000000000e+03
5.833000000000000000e+03
5.886000000000000000e+03
5.832000000000000000e+03
7.716000000000000000e+03
5.799000000000000000e+03
5.798000000000000000e+03
5.797000000000000000e+03
7.728000000000000000e+03
7.729000000000000000e+03
5.794000000000000000e+03
5.793000000000000000e+03
5.792000000000000000e+03
5.791000000000000000e+03
7.730000000000000000e+03
5.800000000000000000e+03
5.789000000000000000e+03
5.787000000000000000e+03
5.786000000000000000e+03
5.785000000000000000e+03
5.784000000000000000e+03
5.783000000000000000e+03
5.782000000000000000e+03
5.781000000000000000e+03
5.780000000000000000e+03
7.731000000000000000e+03
5.776000000000000000e+03
5.788000000000000000e+03
5.802000000000000000e+03
5.803000000000000000e+03
5.804000000000000000e+03
5.829000000000000000e+03
5.828000000000000000e+03
7.717000000000000000e+03
5.826000000000000000e+03
5.825000000000000000e+03
5.824000000000000000e+03
7.718000000000000000e+03
5.822000000000000000e+03
7.720000000000000000e+03
7.721000000000000000e+03
5.818000000000000000e+03
7.722000000000000000e+03
5.816000000000000000e+03
5.815000000000000000e+03
5.814000000000000000e+03
5.813000000000000000e+03
5.812000000000000000e+03
5.811000000000000000e+03
7.724000000000000000e+03
7.725000000000000000e+03
7.726000000000000000e+03
5.806000000000000000e+03
5.805000000000000000e+03
5.831000000000000000e+03
5.887000000000000000e+03
7.702000000000000000e+03
5.889000000000000000e+03
5.976000000000000000e+03
7.664000000000000000e+03
7.665000000000000000e+03
7.666000000000000000e+03
5.972000000000000000e+03
7.667000000000000000e+03
5.970000000000000000e+03
5.969000000000000000e+03
7.668000000000000000e+03
5.967000000000000000e+03
5.977000000000000000e+03
5.966000000000000000e+03
5.964000000000000000e+03
5.963000000000000000e+03
5.962000000000000000e+03
7.669000000000000000e+03
5.960000000000000000e+03
5.959000000000000000e+03
5.958000000000000000e+03
5.957000000000000000e+03
5.956000000000000000e+03
5.955000000000000000e+03
5.965000000000000000e+03
5.978000000000000000e+03
5.979000000000000000e+03
7.663000000000000000e+03
6.006000000000000000e+03
6.005000000000000000e+03
6.003000000000000000e+03
6.002000000000000000e+03
6.001000000000000000e+03
7.655000000000000000e+03
7.656000000000000000e+03
7.657000000000000000e+03
5.997000000000000000e+03
5.996000000000000000e+03
5.994000000000000000e+03
5.993000000000000000e+03
5.992000000000000000e+03
7.658000000000000000e+03
7.659000000000000000e+03
5.989000000000000000e+03
5.988000000000000000e+03
5.987000000000000000e+03
7.660000000000000000e+03
5.985000000000000000e+03
5.983000000000000000e+03
5.982000000000000000e+03
5.981000000000000000e+03
5.954000000000000000e+03
7.670000000000000000e+03
7.671000000000000000e+03
7.672000000000000000e+03
5.915000000000000000e+03
7.692000000000000000e+03
5.912000000000000000e+03
5.911000000000000000e+03
5.910000000000000000e+03
7.694000000000000000e+03
5.908000000000000000e+03
7.695000000000000000e+03
5.906000000000000000e+03
7.698000000000000000e+03
5.903000000000000000e+03
5.902000000000000000e+03
5.901000000000000000e+03
7.699000000000000000e+03
5.899000000000000000e+03
5.898000000000000000e+03
5.897000000000000000e+03
5.896000000000000000e+03
7.700000000000000000e+03
5.893000000000000000e+03
5.892000000000000000e+03
5.891000000000000000e+03
5.890000000000000000e+03
5.917000000000000000e+03
6.008000000000000000e+03
5.921000000000000000e+03
5.923000000000000000e+03
5.949000000000000000e+03
7.674000000000000000e+03
5.946000000000000000e+03
5.945000000000000000e+03
5.944000000000000000e+03
7.675000000000000000e+03
7.676000000000000000e+03
7.677000000000000000e+03
5.940000000000000000e+03
5.939000000000000000e+03
5.938000000000000000e+03
5.937000000000000000e+03
5.935000000000000000e+03
7.679000000000000000e+03
5.933000000000000000e+03
5.932000000000000000e+03
7.680000000000000000e+03
7.681000000000000000e+03
5.929000000000000000e+03
7.682000000000000000e+03
5.927000000000000000e+03
7.683000000000000000e+03
7.685000000000000000e+03
5.922000000000000000e+03
8.670000000000000000e+03
3.594000000000000000e+03
7.188000000000000000e+03
9.406000000000000000e+03
1.425000000000000000e+03
2.270000000000000000e+02
9.408000000000000000e+03
1.423000000000000000e+03
9.409000000000000000e+03
2.280000000000000000e+02
9.410000000000000000e+03
1.420000000000000000e+03
1.419000000000000000e+03
1.418000000000000000e+03
1.417000000000000000e+03
1.416000000000000000e+03
1.415000000000000000e+03
1.414000000000000000e+03
9.892000000000000000e+03
9.411000000000000000e+03
1.412000000000000000e+03
1.411000000000000000e+03
1.410000000000000000e+03
9.413000000000000000e+03
1.427000000000000000e+03
1.407000000000000000e+03
1.428000000000000000e+03
1.430000000000000000e+03
9.893000000000000000e+03
1.451000000000000000e+03
1.450000000000000000e+03
1.449000000000000000e+03
2.250000000000000000e+02
1.447000000000000000e+03
1.446000000000000000e+03
1.445000000000000000e+03
1.444000000000000000e+03
1.443000000000000000e+03
2.260000000000000000e+02
9.400000000000000000e+03
1.441000000000000000e+03
1.439000000000000000e+03
9.401000000000000000e+03
1.437000000000000000e+03
9.402000000000000000e+03
1.435000000000000000e+03
9.404000000000000000e+03
9.405000000000000000e+03
1.431000000000000000e+03
1.429000000000000000e+03
9.398000000000000000e+03
1.406000000000000000e+03
1.404000000000000000e+03
1.377000000000000000e+03
1.375000000000000000e+03
1.374000000000000000e+03
1.373000000000000000e+03
9.424000000000000000e+03
9.425000000000000000e+03
9.890000000000000000e+03
9.889000000000000000e+03
9.427000000000000000e+03
1.369000000000000000e+03
1.368000000000000000e+03
1.367000000000000000e+03
1.366000000000000000e+03
1.365000000000000000e+03
1.364000000000000000e+03
1.363000000000000000e+03
1.362000000000000000e+03
1.361000000000000000e+03
1.360000000000000000e+03
9.428000000000000000e+03
1.358000000000000000e+03
1.378000000000000000e+03
9.414000000000000000e+03
1.379000000000000000e+03
1.381000000000000000e+03
1.403000000000000000e+03
1.402000000000000000e+03
1.401000000000000000e+03
9.415000000000000000e+03
1.399000000000000000e+03
1.398000000000000000e+03
9.416000000000000000e+03
9.417000000000000000e+03
1.394000000000000000e+03
9.418000000000000000e+03
9.419000000000000000e+03
1.391000000000000000e+03
1.390000000000000000e+03
1.389000000000000000e+03
9.891000000000000000e+03
9.422000000000000000e+03
1.386000000000000000e+03
1.385000000000000000e+03
9.423000000000000000e+03
1.383000000000000000e+03
1.382000000000000000e+03
1.380000000000000000e+03
1.453000000000000000e+03
9.397000000000000000e+03
1.455000000000000000e+03
9.371000000000000000e+03
1.529000000000000000e+03
1.528000000000000000e+03
9.372000000000000000e+03
