1.598000000000000000e+03
1.554000000000000000e+03
1.695000000000000000e+03
4.940000000000000000e+02
7.490000000000000000e+02
1.860000000000000000e+02
2.317000000000000000e+03
2.610000000000000000e+02
3.382000000000000000e+03
3.000000000000000000e+01
2.183000000000000000e+03
1.760000000000000000e+02
2.237000000000000000e+03
3.551000000000000000e+03
3.269000000000000000e+03
9.770000000000000000e+02
3.083000000000000000e+03
3.031000000000000000e+03
4.600000000000000000e+01
5.270000000000000000e+02
8.900000000000000000e+02
2.993000000000000000e+03
3.068000000000000000e+03
7.100000000000000000e+02
2.721000000000000000e+03
2.208000000000000000e+03
2.280000000000000000e+03
1.001000000000000000e+03
5.800000000000000000e+01
1.911000000000000000e+03
3.093000000000000000e+03
1.984000000000000000e+03
1.689000000000000000e+03
7.340000000000000000e+02
2.242000000000000000e+03
1.413000000000000000e+03
1.103000000000000000e+03
2.209000000000000000e+03
2.231000000000000000e+03
1.059000000000000000e+03
1.601000000000000000e+03
1.063000000000000000e+03
1.052000000000000000e+03
2.390000000000000000e+03
1.580000000000000000e+02
3.590000000000000000e+02
9.950000000000000000e+02
2.790000000000000000e+03
2.675000000000000000e+03
8.830000000000000000e+02
1.801000000000000000e+03
2.815000000000000000e+03
2.813000000000000000e+03
2.750000000000000000e+03
3.148000000000000000e+03
2.323000000000000000e+03
1.698000000000000000e+03
2.987000000000000000e+03
6.100000000000000000e+02
6.840000000000000000e+02
1.840000000000000000e+03
1.990000000000000000e+03
1.858000000000000000e+03
6.300000000000000000e+02
9.880000000000000000e+02
3.397000000000000000e+03
1.190000000000000000e+02
2.123000000000000000e+03
3.079000000000000000e+03
3.458000000000000000e+03
3.860000000000000000e+02
1.390000000000000000e+03
2.219000000000000000e+03
3.526000000000000000e+03
1.666000000000000000e+03
1.541000000000000000e+03
9.610000000000000000e+02
2.392000000000000000e+03
2.713000000000000000e+03
1.117000000000000000e+03
1.857000000000000000e+03
3.024000000000000000e+03
1.713000000000000000e+03
3.188000000000000000e+03
2.702000000000000000e+03
2.039000000000000000e+03
3.582000000000000000e+03
2.500000000000000000e+02
8.720000000000000000e+02
2.479000000000000000e+03
6.760000000000000000e+02
1.514000000000000000e+03
6.590000000000000000e+02
2.171000000000000000e+03
3.440000000000000000e+03
5.920000000000000000e+02
1.085000000000000000e+03
1.411000000000000000e+03
1.918000000000000000e+03
5.300000000000000000e+01
2.830000000000000000e+02
3.609000000000000000e+03
4.270000000000000000e+02
3.569000000000000000e+03
2.294000000000000000e+03
3.555000000000000000e+03
1.937000000000000000e+03
1.157000000000000000e+03
2.495000000000000000e+03
2.481000000000000000e+03
1.434000000000000000e+03
3.516000000000000000e+03
1.448000000000000000e+03
4.170000000000000000e+02
2.078000000000000000e+03
7.170000000000000000e+02
2.007000000000000000e+03
2.640000000000000000e+03
2.613000000000000000e+03
2.302000000000000000e+03
2.668000000000000000e+03
9.440000000000000000e+02
9.570000000000000000e+02
1.171000000000000000e+03
2.083000000000000000e+03
2.369000000000000000e+03
1.861000000000000000e+03
7.330000000000000000e+02
7.450000000000000000e+02
7.180000000000000000e+02
7.110000000000000000e+02
7.670000000000000000e+02
3.259000000000000000e+03
2.564000000000000000e+03
1.108000000000000000e+03
2.747000000000000000e+03
2.705000000000000000e+03
2.920000000000000000e+02
1.142000000000000000e+03
2.809000000000000000e+03
2.266000000000000000e+03
1.195000000000000000e+03
3.531000000000000000e+03
6.350000000000000000e+02
2.994000000000000000e+03
2.049000000000000000e+03
1.415000000000000000e+03
7.690000000000000000e+02
6.630000000000000000e+02
2.380000000000000000e+03
2.425000000000000000e+03
1.487000000000000000e+03
7.720000000000000000e+02
6.980000000000000000e+02
3.059000000000000000e+03
3.132000000000000000e+03
1.823000000000000000e+03
1.960000000000000000e+02
1.594000000000000000e+03
2.904000000000000000e+03
2.871000000000000000e+03
1.779000000000000000e+03
1.125000000000000000e+03
2.824000000000000000e+03
1.145000000000000000e+03
2.655000000000000000e+03
9.600000000000000000e+01
2.203000000000000000e+03
3.408000000000000000e+03
1.753000000000000000e+03
3.030000000000000000e+03
4.800000000000000000e+02
1.845000000000000000e+03
2.950000000000000000e+02
2.859000000000000000e+03
2.562000000000000000e+03
2.261000000000000000e+03
2.585000000000000000e+03
1.940000000000000000e+03
1.954000000000000000e+03
2.693000000000000000e+03
1.903000000000000000e+03
2.657000000000000000e+03
2.725000000000000000e+03
2.677000000000000000e+03
1.693000000000000000e+03
1.150000000000000000e+03
1.122000000000000000e+03
1.090000000000000000e+02
1.072000000000000000e+03
3.155000000000000000e+03
1.391000000000000000e+03
2.314000000000000000e+03
2.089000000000000000e+03
2.658000000000000000e+03
6.040000000000000000e+02
7.700000000000000000e+02
2.027000000000000000e+03
7.630000000000000000e+02
5.020000000000000000e+02
9.000000000000000000e+00
1.733000000000000000e+03
1.385000000000000000e+03
9.660000000000000000e+02
2.799000000000000000e+03
2.845000000000000000e+03
1.240000000000000000e+03
8.320000000000000000e+02
2.760000000000000000e+03
3.950000000000000000e+02
1.270000000000000000e+02
2.940000000000000000e+03
2.639000000000000000e+03
2.381000000000000000e+03
1.761000000000000000e+03
1.155000000000000000e+03
1.694000000000000000e+03
1.757000000000000000e+03
3.640000000000000000e+03
3.471000000000000000e+03
5.170000000000000000e+02
2.868000000000000000e+03
1.879000000000000000e+03
9.110000000000000000e+02
1.569000000000000000e+03
1.765000000000000000e+03
6.210000000000000000e+02
4.100000000000000000e+01
1.316000000000000000e+03
1.264000000000000000e+03
3.316000000000000000e+03
1.226000000000000000e+03
2.931000000000000000e+03
1.394000000000000000e+03
2.418000000000000000e+03
2.446000000000000000e+03
1.768000000000000000e+03
1.891000000000000000e+03
3.495000000000000000e+03
1.877000000000000000e+03
2.210000000000000000e+02
5.400000000000000000e+02
1.100000000000000000e+03
2.680000000000000000e+03
1.179000000000000000e+03
7.380000000000000000e+02
2.947000000000000000e+03
9.120000000000000000e+02
2.360000000000000000e+03
