5.083357537092886957e+01
0.000000000000000000e+00
7.069561677039827430e+01
6.455884808990487045e+01
3.467458699510225983e+01
5.207510308140557953e+01
5.345464709723419361e+01
0.000000000000000000e+00
4.648504366047355774e+01
3.977049833208773322e+01
0.000000000000000000e+00
3.815560256957966345e+01
4.348230774884935101e+01
4.410029715968157404e+01
0.000000000000000000e+00
0.000000000000000000e+00
3.815744608256522952e+01
3.944927371386545900e+01
4.363915741210360721e+01
4.339592002523141190e+01
0.000000000000000000e+00
3.735731820149145932e+01
4.462833821865867634e+01
0.000000000000000000e+00
5.345464709723419361e+01
0.000000000000000000e+00
0.000000000000000000e+00
5.419498986146727049e+01
0.000000000000000000e+00
6.008623676468030084e+01
4.609871382761161840e+01
5.618777526353536445e+01
0.000000000000000000e+00
7.069561677039827430e+01
4.503811387555364831e+01
0.000000000000000000e+00
4.424146307063412564e+01
4.609871382761161840e+01
5.273002872224071069e+01
0.000000000000000000e+00
4.313710994285447953e+01
4.780893146395998627e+01
0.000000000000000000e+00
3.903707177756911761e+01
5.237544394028061134e+01
3.874527428824270459e+01
3.815560256957966345e+01
5.837324710008586237e+01
4.272889880348039071e+01
4.214545017473508182e+01
0.000000000000000000e+00
0.000000000000000000e+00
0.000000000000000000e+00
3.815744608256522952e+01
6.070124523069343780e+01
3.286946025644562752e+01
3.815560256957966345e+01
4.462833821865867634e+01
3.490810668328929722e+01
5.615205716880009845e+01
5.345464709723419361e+01
4.913411627566757289e+01
4.034561851319674020e+01
3.257792009000574751e+01
3.896644520488273855e+01
4.091376466687091806e+01
3.139066389160280579e+01
0.000000000000000000e+00
4.927353795236689393e+01
4.780893146395998627e+01
5.448217112874961998e+01
0.000000000000000000e+00
0.000000000000000000e+00
0.000000000000000000e+00
4.410029715968157404e+01
5.187873517876824536e+01
4.705819227639249647e+01
0.000000000000000000e+00
0.000000000000000000e+00
0.000000000000000000e+00
3.896644520488273855e+01
4.674180984789182247e+01
4.665424702095497622e+01
3.467458699510225983e+01
5.345464709723419361e+01
4.701288579995264882e+01
4.817955736334527472e+01
3.815744608256522952e+01
4.410029715968157404e+01
4.411554451327411641e+01
4.575769805265375823e+01
0.000000000000000000e+00
0.000000000000000000e+00
4.049437407079047091e+01
0.000000000000000000e+00
3.922154062252932505e+01
7.069561677039827430e+01
4.034561851319674020e+01
4.754676672214873179e+01
4.683476291802689673e+01
0.000000000000000000e+00
4.626644065894988955e+01
0.000000000000000000e+00
3.456522568275742202e+01
6.170018232756570598e+01
5.292529324608449315e+01
0.000000000000000000e+00
6.170018232756570598e+01
5.613408978963853002e+01
4.847899875483052057e+01
5.490197324217616170e+01
4.847899875483052057e+01
0.000000000000000000e+00
5.112458177650448476e+01
5.523160327902715494e+01
5.623279674643256243e+01
4.241147730422765960e+01
0.000000000000000000e+00
4.470412747816249066e+01
7.074560824511877399e+01
5.383298685164101727e+01
4.044287031746780769e+01
5.112458177650448476e+01
3.504558126095386683e+01
4.676936709218126254e+01
4.257107068137253947e+01
4.392491123163571842e+01
5.490197324217616170e+01
0.000000000000000000e+00
4.681113308534903439e+01
4.971931513226728327e+01
4.044287031746780769e+01
3.391099406100796188e+01
7.930390913559483579e+01
0.000000000000000000e+00
3.857010927739052875e+01
4.397270346480711822e+01
4.878043825960688906e+01
4.827872162065160211e+01
4.014551583006220170e+01
3.456522568275742202e+01
3.456522568275742202e+01
4.257107068137253947e+01
4.179561219015471352e+01
0.000000000000000000e+00
7.179023085997360454e+01
4.352565219005729347e+01
3.976890427939227379e+01
4.279297511373297169e+01
0.000000000000000000e+00
3.780023804834309686e+01
3.693444881176455397e+01
3.780023804834309686e+01
4.179561219015471352e+01
3.807251759228223165e+01
3.490707840141622853e+01
4.754676672214873179e+01
5.604310340185266881e+01
4.179561219015471352e+01
5.035281726877617103e+01
4.443297469098422425e+01
5.383298685164101727e+01
0.000000000000000000e+00
0.000000000000000000e+00
4.524231121743391526e+01
4.257107068137253947e+01
0.000000000000000000e+00
4.266596717584274501e+01
4.626644065894988955e+01
0.000000000000000000e+00
3.456522568275742202e+01
4.369439292228820193e+01
4.299857235113559994e+01
3.792847624753991909e+01
4.433545506451694962e+01
3.694899312336765007e+01
4.213918835855000111e+01
0.000000000000000000e+00
4.257107068137253947e+01
3.792847624753991909e+01
4.388478720948567968e+01
4.179561219015471352e+01
4.284042022872947797e+01
3.456522568275742202e+01
4.284042022872947797e+01
4.470412747816249066e+01
5.984916439639678032e+01
5.292529324608449315e+01
0.000000000000000000e+00
4.672699931953606978e+01
4.672699931953606978e+01
3.694899312336765007e+01
0.000000000000000000e+00
4.470412747816249066e+01
5.343189582802181548e+01
0.000000000000000000e+00
3.837343068380297240e+01
4.397270346480711822e+01
4.666447502926254032e+01
0.000000000000000000e+00
4.654325859541457078e+01
4.188546503688519351e+01
5.639995984795629624e+01
4.716503472438431999e+01
0.000000000000000000e+00
0.000000000000000000e+00
0.000000000000000000e+00
4.646089723439548891e+01
5.847293481927176373e+01
0.000000000000000000e+00
4.188546503688519351e+01
0.000000000000000000e+00
4.887474500980648884e+01
5.182559515477007039e+01
4.880218613939486971e+01
0.000000000000000000e+00
0.000000000000000000e+00
4.027408980293314045e+01
5.026187573964323718e+01
0.000000000000000000e+00
4.996117298605425106e+01
6.389712991677795628e+01
0.000000000000000000e+00
4.931727877121095105e+01
4.227022509204214629e+01
6.004662983270333854e+01
4.181496048619164441e+01
0.000000000000000000e+00
5.677171266487228252e+01
5.124484474453441862e+01
0.000000000000000000e+00
0.000000000000000000e+00
0.000000000000000000e+00
5.124484474453441862e+01
7.179023085997360454e+01
5.250128969221182018e+01
3.956042330395975881e+01
0.000000000000000000e+00
0.000000000000000000e+00
4.165857548282406242e+01
4.142028091710559323e+01
5.023992695055226676e+01
0.000000000000000000e+00
0.000000000000000000e+00
0.000000000000000000e+00
0.000000000000000000e+00
0.000000000000000000e+00
5.023992695055226676e+01
4.416599046894170044e+01
0.000000000000000000e+00
0.000000000000000000e+00
0.000000000000000000e+00
0.000000000000000000e+00
5.604310340185266881e+01
0.000000000000000000e+00
0.000000000000000000e+00
4.927952705573967762e+01
0.000000000000000000e+00
5.984916439639678032e+01
4.266596717584274501e+01
4.053136787926408857e+01
0.000000000000000000e+00
0.000000000000000000e+00
4.878043825960688906e+01
7.850939858850428266e+01
5.124484474453441862e+01
4.913532076261915904e+01
0.000000000000000000e+00
0.000000000000000000e+00
0.000000000000000000e+00
0.000000000000000000e+00
4.878043825960688906e+01
0.000000000000000000e+00
6.384092188339947427e+01
5.023992695055226676e+01
5.023992695055226676e+01
5.130406153935608415e+01
4.757457685621243826e+01
4.514621216087385847e+01
0.000000000000000000e+00
7.191068013937294268e+01
0.000000000000000000e+00
0.000000000000000000e+00
6.711657254567717246e+01
7.191068013937294268e+01
0.000000000000000000e+00
0.000000000000000000e+00
3.906725796399683048e+01
5.490197324217616170e+01
4.449811276984416253e+01
0.000000000000000000e+00
5.238351228483818289e+01
5.957555266577809761e+01
5.175122569294438080e+01
5.242882930681874853e+01
4.392491123163571842e+01
0.000000000000000000e+00
4.266596717584274501e+01
0.000000000000000000e+00
4.164596226770869691e+01
0.000000000000000000e+00
0.000000000000000000e+00
4.771938533730358500e+01
0.000000000000000000e+00
0.000000000000000000e+00
0.000000000000000000e+00
3.349772043029539503e+01
4.164031217447723066e+01
4.254933347337581750e+01
3.852754731651170772e+01
4.164031217447723066e+01
4.771938533730358500e+01
4.396670825780744707e+01
4.771938533730358500e+01
4.293922552979837803e+01
4.963883573559660078e+01
4.254933347337581750e+01
3.693000050389266420e+01
0.000000000000000000e+00
4.041253374211136418e+01
4.254933347337581750e+01
0.000000000000000000e+00
4.254933347337581750e+01
5.491973138456519621e+01
4.734033860576232655e+01
4.295298551510512652e+01
6.756391983055397077e+01
0.000000000000000000e+00
4.251208280772615922e+01
0.000000000000000000e+00
4.137988041313626297e+01
5.137127573364177380e+01
0.000000000000000000e+00
4.082300379112958666e+01
4.086381864753118975e+01
4.481611995201201637e+01
4.963883573559660078e+01
4.057177711164526102e+01
4.209019655275600513e+01
4.734033860576232655e+01
4.734033860576232655e+01
0.000000000000000000e+00
0.000000000000000000e+00
5.858784304829812584e+01
4.201769869849325545e+01
3.811926890884960528e+01
3.994219278260297301e+01
0.000000000000000000e+00
4.251208280772615922e+01
0.000000000000000000e+00
4.529996841575314193e+01
0.000000000000000000e+00
4.254933347337581750e+01
4.812348175994560506e+01
4.078865611536777180e+01
4.251208280772615922e+01
4.295298551510512652e+01
4.194896196219230688e+01
3.803890270749032965e+01
0.000000000000000000e+00
5.101020056842437356e+01
4.396670825780744707e+01
0.000000000000000000e+00
3.353720875606800433e+01
4.604000289933711798e+01
3.696569483970409209e+01
4.478994522381374566e+01
3.679651623237758429e+01
3.679651623237758429e+01
3.811926890884960528e+01
4.078865611536777180e+01
4.078865611536777180e+01
4.327112982675508590e+01
3.688365140626079608e+01
5.894318119033425774e+01
5.458356664478974096e+01
0.000000000000000000e+00
3.972865984136947048e+01
3.994219278260297301e+01
4.963883573559660078e+01
0.000000000000000000e+00
4.164031217447723066e+01
5.615589424722335821e+01
4.251208280772615922e+01
4.191362772545997473e+01
4.323519897395633649e+01
0.000000000000000000e+00
0.000000000000000000e+00
0.000000000000000000e+00
0.000000000000000000e+00
4.529996841575314193e+01
4.529996841575314193e+01
4.790917010314226587e+01
4.282715819238024579e+01
0.000000000000000000e+00
0.000000000000000000e+00
0.000000000000000000e+00
0.000000000000000000e+00
3.776778234528817535e+01
4.730960902316711980e+01
4.203994967344126366e+01
7.191068013937294268e+01
3.852754731651170772e+01
3.999146725498174249e+01
0.000000000000000000e+00
4.111195454135372529e+01
0.000000000000000000e+00
0.000000000000000000e+00
4.203994967344126366e+01
5.039496312033210046e+01
4.701240509441569060e+01
0.000000000000000000e+00
3.852754731651170772e+01
4.401909530457643882e+01
6.613071954923206874e+01
4.874968977044459706e+01
3.852754731651170772e+01
3.901033074315876092e+01
5.474426213486299986e+01
4.475447657051367401e+01
4.111195454135372529e+01
4.475447657051367401e+01
4.812348175994560506e+01
3.852754731651170772e+01
0.000000000000000000e+00
0.000000000000000000e+00
5.808693557598738266e+01
0.000000000000000000e+00
3.610329615989572005e+01
0.000000000000000000e+00
4.414313385442445536e+01
3.756412591341857876e+01
4.110950160649338869e+01
4.478235654203349725e+01
3.610329615989572005e+01
4.101661697263264017e+01
4.831568351433914899e+01
0.000000000000000000e+00
3.852754731651170772e+01
4.111195454135372529e+01
3.940233209970911332e+01
4.078865611536777180e+01
6.940820838781688451e+01
0.000000000000000000e+00
3.852754731651170772e+01
0.000000000000000000e+00
3.940233209970911332e+01
6.940820838781688451e+01
4.196513517624642020e+01
0.000000000000000000e+00
4.247201411457762532e+01
4.247201411457762532e+01
3.940233209970911332e+01
4.740058942777555728e+01
4.196513517624642020e+01
0.000000000000000000e+00
3.852754731651170772e+01
0.000000000000000000e+00
6.153117252883750865e+01
3.776778234528817535e+01
0.000000000000000000e+00
4.831568351433914899e+01
3.918053812366622424e+01
4.478994522381374566e+01
0.000000000000000000e+00
0.000000000000000000e+00
3.901033074315876092e+01
4.805751757467570684e+01
4.740058942777555728e+01
4.831568351433914899e+01
3.756412591341857876e+01
3.776778234528817535e+01
5.676702066644458000e+01
4.196513517624642020e+01
5.851542967440450127e+01
0.000000000000000000e+00
5.683525238857948381e+01
4.380030609705505640e+01
3.610329615989572005e+01
3.794516447517859348e+01
0.000000000000000000e+00
3.918053812366622424e+01
6.153117252883750865e+01
3.987359308795743829e+01
0.000000000000000000e+00
0.000000000000000000e+00
3.776778234528817535e+01
3.480417156187302652e+01
6.015141223756215538e+01
0.000000000000000000e+00
4.728071530452329085e+01
0.000000000000000000e+00
4.794662786433120516e+01
6.271622725193349623e+01
4.335866470906125869e+01
3.776778234528817535e+01
3.940233209970911332e+01
3.852754731651170772e+01
4.795956097290956421e+01
3.118731194120814365e+01
4.946571022892845093e+01
5.973236623067071349e+01
3.201033283183646461e+01
4.795956097290956421e+01
4.206972878887531664e+01
3.373076502966161172e+01
4.795956097290956421e+01
5.294179347369598077e+01
4.171144177844695378e+01
3.492914932921645033e+01
6.801702601233445478e+01
0.000000000000000000e+00
5.973236623067071349e+01
4.171144177844695378e+01
3.845074604773298432e+01
0.000000000000000000e+00
0.000000000000000000e+00
4.844905694073089819e+01
3.876512651301539591e+01
3.463082793683184946e+01
0.000000000000000000e+00
0.000000000000000000e+00
3.463082793683184946e+01
5.576169340006176611e+01
4.195340044781751487e+01
5.021424379822229866e+01
4.195340044781751487e+01
5.701345473003184594e+01
6.801702601233445478e+01
5.383444883852013163e+01
4.734948947923483331e+01
4.206972878887531664e+01
4.238900280667265008e+01
5.294179347369598077e+01
3.815744608256522952e+01
3.201033283183646461e+01
0.000000000000000000e+00
0.000000000000000000e+00
3.577364262922957749e+01
4.035452441823652237e+01
3.899979098054559756e+01
0.000000000000000000e+00
4.195340044781751487e+01
0.000000000000000000e+00
0.000000000000000000e+00
5.003331763703487667e+01
0.000000000000000000e+00
4.879294292164824753e+01
0.000000000000000000e+00
4.597956339415328841e+01
4.344376264763325679e+01
0.000000000000000000e+00
3.815744608256522952e+01
6.629696222368305314e+01
3.923165090481666795e+01
3.201033283183646461e+01
4.195340044781751487e+01
3.463082793683184946e+01
0.000000000000000000e+00
3.577364262922957749e+01
4.968214043723693862e+01
4.968214043723693862e+01
0.000000000000000000e+00
4.968214043723693862e+01
0.000000000000000000e+00
0.000000000000000000e+00
0.000000000000000000e+00
0.000000000000000000e+00
4.238900280667265008e+01
3.810587452282960186e+01
0.000000000000000000e+00
0.000000000000000000e+00
4.238900280667265008e+01
3.463082793683184946e+01
0.000000000000000000e+00
4.107313065723786139e+01
4.795956097290956421e+01
3.923165090481666795e+01
5.226515878029478301e+01
4.968214043723693862e+01
4.578415911251024539e+01
3.944927371386545900e+01
0.000000000000000000e+00
5.046178495382631723e+01
0.000000000000000000e+00
0.000000000000000000e+00
0.000000000000000000e+00
4.107313065723786139e+01
4.946820524597610813e+01
0.000000000000000000e+00
7.385055253840009470e+01
4.532134003457157689e+01
3.467458699510225983e+01
4.195340044781751487e+01
3.496342991332827665e+01
5.294179347369598077e+01
4.130632614207326014e+01
0.000000000000000000e+00
0.000000000000000000e+00
6.599909264676470855e+01
0.000000000000000000e+00
6.779036633457802452e+01
6.599909264676470855e+01
3.622194626335053869e+01
3.402513694508932218e+01
4.656126782053799928e+01
6.094103497476406517e+01
3.830918019861267254e+01
4.924364693749244282e+01
5.011196884231070925e+01
0.000000000000000000e+00
5.284643591386583950e+01
5.606017409381266958e+01
0.000000000000000000e+00
0.000000000000000000e+00
4.323811999329112865e+01
0.000000000000000000e+00
4.086116085211708793e+01
0.000000000000000000e+00
5.954950777154917319e+01
0.000000000000000000e+00
4.798316125913867580e+01
4.038547930328034141e+01
0.000000000000000000e+00
0.000000000000000000e+00
5.369499527558771490e+01
4.279975183801894190e+01
4.068247802788115308e+01
4.217753793688844155e+01
4.068247802788115308e+01
0.000000000000000000e+00
4.116311792485593202e+01
0.000000000000000000e+00
4.279975183801894190e+01
0.000000000000000000e+00
4.553965372039090909e+01
0.000000000000000000e+00
6.094103497476406517e+01
3.402513694508932218e+01
5.117911370871638610e+01
5.954950777154917319e+01
4.116311792485593202e+01
4.149373838875471421e+01
0.000000000000000000e+00
3.615360155262952446e+01
0.000000000000000000e+00
4.598399361457101264e+01
3.665798498600965871e+01
0.000000000000000000e+00
7.118618839429760214e+01
4.499856802842165138e+01
4.699391935680979770e+01
0.000000000000000000e+00
4.388500950467309281e+01
4.075630301274471634e+01
0.000000000000000000e+00
0.000000000000000000e+00
3.893084623210859263e+01
4.808254855031167097e+01
0.000000000000000000e+00
0.000000000000000000e+00
4.587336134954523459e+01
3.586373547505665016e+01
3.920069463813106836e+01
4.462728131548008292e+01
3.402513694508932218e+01
0.000000000000000000e+00
0.000000000000000000e+00
6.094103497476406517e+01
5.167484904699468728e+01
0.000000000000000000e+00
0.000000000000000000e+00
4.388500950467309281e+01
4.038547930328034141e+01
4.560492882093383571e+01
3.902664721616015697e+01
0.000000000000000000e+00
4.255643879187885403e+01
3.665798498600965871e+01
4.709393386165755402e+01
0.000000000000000000e+00
0.000000000000000000e+00
0.000000000000000000e+00
0.000000000000000000e+00
4.388500950467309281e+01
6.974785269569694890e+01
5.248165847985713839e+01
7.173894315814170852e+01
4.233822333947998828e+01
5.606017409381266958e+01
0.000000000000000000e+00
0.000000000000000000e+00
0.000000000000000000e+00
3.893084623210859263e+01
4.416903780166155258e+01
0.000000000000000000e+00
3.208375402751100580e+01
0.000000000000000000e+00
4.391945963329933278e+01
3.743258873157690658e+01
4.474691394004610601e+01
5.911431650398255044e+01
3.859311420795572900e+01
0.000000000000000000e+00
0.000000000000000000e+00
3.743258873157690658e+01
4.905798288727491041e+01
0.000000000000000000e+00
0.000000000000000000e+00
5.525624605081008411e+01
4.303042332458405639e+01
4.487134526769870746e+01
4.285481346515666701e+01
5.689644380913507860e+01
0.000000000000000000e+00
0.000000000000000000e+00
5.003359919245423981e+01
5.108361590910171657e+01
3.958567512949690581e+01
0.000000000000000000e+00
4.694160853078951590e+01
0.000000000000000000e+00
4.426561717504942095e+01
5.787530458834967817e+01
5.506808795697570957e+01
4.487134526769870746e+01
5.506808795697570957e+01
4.265059818743972642e+01
0.000000000000000000e+00
5.506808795697570957e+01
3.840478274873945708e+01
4.945860603742488593e+01
0.000000000000000000e+00
4.651899819468506792e+01
4.213962709157846120e+01
0.000000000000000000e+00
3.958567512949690581e+01
4.316738507697621685e+01
4.381475404820097452e+01
4.069660850623082382e+01
7.069561677039827430e+01
4.316738507697621685e+01
5.787530458834967817e+01
0.000000000000000000e+00
5.020709752316713548e+01
5.003359919245423981e+01
0.000000000000000000e+00
5.293788580495237994e+01
4.213962709157846120e+01
4.038983934886634586e+01
4.365384921346802116e+01
3.766319786679177639e+01
4.542876425177976074e+01
0.000000000000000000e+00
4.213962709157846120e+01
4.249982214277398640e+01
0.000000000000000000e+00
0.000000000000000000e+00
4.203901155000365719e+01
0.000000000000000000e+00
0.000000000000000000e+00
5.308683807029201773e+01
4.172492150582719006e+01
3.881821228768552601e+01
4.829421213746613972e+01
4.249982214277398640e+01
5.706991634641414635e+01
4.651899819468506792e+01
4.288199623755414791e+01
4.172492150582719006e+01
0.000000000000000000e+00
7.069561677039827430e+01
4.735763015501312623e+01
4.213962709157846120e+01
4.285481346515666701e+01
4.945807522461060302e+01
0.000000000000000000e+00
0.000000000000000000e+00
4.203901155000365719e+01
4.279775924764184936e+01
0.000000000000000000e+00
3.743258873157690658e+01
0.000000000000000000e+00
3.840478274873945708e+01
4.213962709157846120e+01
4.599669850711497787e+01
4.340785659906637051e+01
4.170406588580686247e+01
4.369439292228820193e+01
4.948375838476129474e+01
0.000000000000000000e+00
0.000000000000000000e+00
6.271622725193349623e+01
3.837343068380297240e+01
4.394761231661276213e+01
3.631557370785228045e+01
3.614281036325706964e+01
6.645561679050166504e+01
4.114351609834557877e+01
3.614281036325706964e+01
4.597972506132672521e+01
3.504558126095386683e+01
3.464025034784214796e+01
4.257107068137253947e+01
4.429639117948458704e+01
4.524231121743391526e+01
3.464025034784214796e+01
0.000000000000000000e+00
4.257107068137253947e+01
5.523072582204890324e+01
3.631557370785228045e+01
4.455387138663146374e+01
4.317178929902036089e+01
3.464025034784213375e+01
0.000000000000000000e+00
4.660646066938650023e+01
4.833861974953962459e+01
3.464025034784214796e+01
3.464025034784214796e+01
6.318458020966951949e+01
4.429639117948458704e+01
0.000000000000000000e+00
0.000000000000000000e+00
0.000000000000000000e+00
3.693444881176455397e+01
4.589166705041596828e+01
4.905541394337473093e+01
4.465768343697832421e+01
0.000000000000000000e+00
4.668500015251852631e+01
4.666447502926254032e+01
3.464025034784213375e+01
3.899536043062072821e+01
4.394761231661276213e+01
4.317178929902036089e+01
0.000000000000000000e+00
3.821800942944751256e+01
4.137106360087378931e+01
3.631557370785228045e+01
3.631557370785228045e+01
4.397270346480711822e+01
0.000000000000000000e+00
3.899536043062072821e+01
3.912546182564036457e+01
0.000000000000000000e+00
3.340476436388652814e+01
4.429639117948458704e+01
0.000000000000000000e+00
4.369439292228820193e+01
4.284042022872947797e+01
0.000000000000000000e+00
0.000000000000000000e+00
4.849225435597470124e+01
0.000000000000000000e+00
4.455387138663146374e+01
0.000000000000000000e+00
3.773389584081471781e+01
5.346950365570029362e+01
5.124940557400999808e+01
4.113129304428687760e+01
3.456522568275742202e+01
3.464025034784213375e+01
5.343189582802181548e+01
0.000000000000000000e+00
4.429639117948458704e+01
4.868232022543969606e+01
4.342355513718325000e+01
3.340476436388652814e+01
0.000000000000000000e+00
4.369439292228820193e+01
3.464025034784213375e+01
0.000000000000000000e+00
4.114351609834557877e+01
4.137106360087378931e+01
3.728535538191199805e+01
4.927162503028760909e+01
3.631557370785228045e+01
3.464025034784213375e+01
3.899536043062072821e+01
3.614281036325706964e+01
0.000000000000000000e+00
3.631557370785228045e+01
3.728535538191199805e+01
4.317178929902036089e+01
4.710368951085085598e+01
4.166267031508102292e+01
4.057895310824301305e+01
3.766319786679177639e+01
0.000000000000000000e+00
3.467458699510225983e+01
0.000000000000000000e+00
0.000000000000000000e+00
3.810587452282960186e+01
0.000000000000000000e+00
0.000000000000000000e+00
4.364043164021881438e+01
4.122307791696037071e+01
4.346533335034291667e+01
5.049404605565057125e+01
0.000000000000000000e+00
3.399504502992137134e+01
4.122307791696037071e+01
0.000000000000000000e+00
5.841795889391418228e+01
4.038505108707776969e+01
4.346533335034291667e+01
3.948404272503846357e+01
4.189344282039039058e+01
0.000000000000000000e+00
3.903707177756911761e+01
0.000000000000000000e+00
3.540205563112131415e+01
3.496148480789683788e+01
5.474278951045317854e+01
0.000000000000000000e+00
3.874527428824270459e+01
4.082214816213018338e+01
5.911431650398255044e+01
5.478484285255517250e+01
0.000000000000000000e+00
4.769231202387928903e+01
0.000000000000000000e+00
0.000000000000000000e+00
0.000000000000000000e+00
5.273002872224071069e+01
0.000000000000000000e+00
3.856047029483222133e+01
4.563033460662523311e+01
4.563033460662523311e+01
3.874527428824270459e+01
3.936346824856433102e+01
4.399644469004402936e+01
4.715108650586046224e+01
3.532600066990976018e+01
4.368377531868450347e+01
0.000000000000000000e+00
0.000000000000000000e+00
5.481103179637804601e+01
4.069614851045945869e+01
5.245891412449638125e+01
3.849070689655065536e+01
0.000000000000000000e+00
4.057895310824301305e+01
3.532600066990976018e+01
3.948404272503846357e+01
3.532600066990976018e+01
0.000000000000000000e+00
4.165350812321599250e+01
4.824560854526223608e+01
3.565624924689612385e+01
4.214545017473508182e+01
0.000000000000000000e+00
3.937770800379522029e+01
4.636063820579800421e+01
4.482665006418559273e+01
0.000000000000000000e+00
0.000000000000000000e+00
0.000000000000000000e+00
4.197563783812236693e+01
4.952022386255431741e+01
0.000000000000000000e+00
4.197563783812236693e+01
4.769231202387928903e+01
3.903707177756911761e+01
3.971031836494903899e+01
4.875983045744470701e+01
4.214299442588512790e+01
4.563033460662523311e+01
3.565624924689612385e+01
4.358518488677926683e+01
0.000000000000000000e+00
5.579569646946740136e+01
5.293788580495237994e+01
0.000000000000000000e+00
4.452379317085500077e+01
0.000000000000000000e+00
4.069614851045945869e+01
4.458692677790988057e+01
4.096213569977962266e+01
3.856047029483222133e+01
0.000000000000000000e+00
0.000000000000000000e+00
4.567660458472960983e+01
4.132440777258226206e+01
4.780893146395998627e+01
4.324796736755687476e+01
0.000000000000000000e+00
4.719641000132778430e+01
4.897595899096993577e+01
5.477817641607018118e+01
0.000000000000000000e+00
0.000000000000000000e+00
4.143884853722119033e+01
4.143884853722119033e+01
5.182330097074228092e+01
0.000000000000000000e+00
4.737204184568006582e+01
5.388949729839242764e+01
4.672504683369928102e+01
7.029546212971330021e+01
0.000000000000000000e+00
5.787530458834967817e+01
0.000000000000000000e+00
5.182330097074228092e+01
5.388949729839242764e+01
0.000000000000000000e+00
7.445686944310949684e+01
0.000000000000000000e+00
4.398681856901161069e+01
0.000000000000000000e+00
5.329944968163163566e+01
4.656621345737791273e+01
0.000000000000000000e+00
5.182330097074228092e+01
5.182330097074228092e+01
5.644260541170567080e+01
4.155170224910855836e+01
5.388949729839242764e+01
0.000000000000000000e+00
5.388949729839242764e+01
4.383348853722864646e+01
6.389712991677795628e+01
5.313827303641950550e+01
5.388949729839242764e+01
7.445686944310949684e+01
0.000000000000000000e+00
4.383348853722864646e+01
5.308048690899880029e+01
0.000000000000000000e+00
0.000000000000000000e+00
5.313827303641950550e+01
6.132040666231819870e+01
5.388949729839242764e+01
4.324796736755687476e+01
6.122075019163980159e+01
4.099165516777703999e+01
5.388949729839242764e+01
4.454563629919615408e+01
0.000000000000000000e+00
4.176334058578324004e+01
4.278485533220831627e+01
6.132040666231819870e+01
5.388949729839242764e+01
4.561942543528773797e+01
5.388949729839242764e+01
4.573661771205886595e+01
4.143884853722119033e+01
5.329944968163163566e+01
4.383348853722864646e+01
5.388949729839242764e+01
5.388949729839242764e+01
0.000000000000000000e+00
0.000000000000000000e+00
0.000000000000000000e+00
0.000000000000000000e+00
0.000000000000000000e+00
4.080573887032016955e+01
5.388949729839242764e+01
4.383348853722864646e+01
4.398681856901161069e+01
4.278485533220831627e+01
5.388949729839242764e+01
0.000000000000000000e+00
0.000000000000000000e+00
6.246113450462594585e+01
0.000000000000000000e+00
4.672504683369928102e+01
0.000000000000000000e+00
5.105050616259713792e+01
0.000000000000000000e+00
5.308048690899880029e+01
4.525999542666063036e+01
4.594376558377661013e+01
4.546531407118679624e+01
6.008602922183079187e+01
0.000000000000000000e+00
4.278485533220831627e+01
5.388949729839242764e+01
0.000000000000000000e+00
7.029546212971330021e+01
4.959920293177140138e+01
0.000000000000000000e+00
0.000000000000000000e+00
5.370197182456949037e+01
5.388949729839242764e+01
5.760780106293365321e+01
0.000000000000000000e+00
3.768521398108610043e+01
5.494403100099191306e+01
4.142519231331232277e+01
5.610041082918971966e+01
4.532134003457157689e+01
0.000000000000000000e+00
3.373076502966161172e+01
4.944350157457208184e+01
0.000000000000000000e+00
3.644508735843461977e+01
5.294990344265842452e+01
0.000000000000000000e+00
0.000000000000000000e+00
5.385022958789387104e+01
4.275186479206696077e+01
3.166298541901590013e+01
0.000000000000000000e+00
3.537108565908825852e+01
4.492747543383653408e+01
0.000000000000000000e+00
4.275186479206696077e+01
0.000000000000000000e+00
0.000000000000000000e+00
0.000000000000000000e+00
3.774524811730840668e+01
3.663342097593152857e+01
4.795956097290956421e+01
0.000000000000000000e+00
3.487598110424333697e+01
3.295988368195588691e+01
3.994830741134376240e+01
3.720145407079379396e+01
4.597956339415328841e+01
3.166298541901590013e+01
4.319712839556437700e+01
5.271208528276000749e+01
3.883027941776472147e+01
4.275186479206696077e+01
4.275186479206696077e+01
4.839041954136948220e+01
3.463082793683184946e+01
4.129641955607969805e+01
0.000000000000000000e+00
4.989862455998973445e+01
3.682503897096256651e+01
4.868889115659537481e+01
5.710416049675914962e+01
3.884098786117353086e+01
3.368713038587051045e+01
0.000000000000000000e+00
5.610041082918971966e+01
3.994830741134376240e+01
5.385022958789387104e+01
3.938194249161406191e+01
3.994830741134376240e+01
4.264813998149320895e+01
4.264813998149320895e+01
3.884098786117353086e+01
4.195819335425996854e+01
0.000000000000000000e+00
4.236107197545875636e+01
3.368713038587051045e+01
3.483946053013889355e+01
5.271208528276000749e+01
0.000000000000000000e+00
4.532134003457157689e+01
3.789623524869345772e+01
3.938194249161406191e+01
3.765070289320603081e+01
3.423502212951920143e+01
5.294179347369598077e+01
0.000000000000000000e+00
3.310359792588479166e+01
4.236107197545875636e+01
0.000000000000000000e+00
5.294179347369598077e+01
0.000000000000000000e+00
3.830277485733694220e+01
5.209396799844120807e+01
5.229715481580828396e+01
0.000000000000000000e+00
5.036909518265411378e+01
0.000000000000000000e+00
3.768521398108610043e+01
3.166298541901590013e+01
4.648511496272041654e+01
4.944350157457208184e+01
0.000000000000000000e+00
4.319712839556437700e+01
3.001934798748300892e+01
3.001934798748300892e+01
3.765070289320603081e+01
3.862933415390524772e+01
4.344376264763325679e+01
4.264813998149320895e+01
4.471704048821862187e+01
3.838589121214616284e+01
5.663912171715559651e+01
0.000000000000000000e+00
5.681284061978162470e+01
6.088321709676976212e+01
4.471704048821862187e+01
4.471704048821862187e+01
4.102471916905736293e+01
5.271124710493178611e+01
4.322239192464831348e+01
0.000000000000000000e+00
3.980118282807043073e+01
4.857449068220395816e+01
4.457896551620376613e+01
4.236797061511151696e+01
4.236797061511151696e+01
5.663912171715559651e+01
4.283887324955799158e+01
4.073401312130641116e+01
0.000000000000000000e+00
4.322239192464831348e+01
4.430503703834789064e+01
4.912464658434111442e+01
4.136389829234395421e+01
4.403599310649882881e+01
4.162927980459527078e+01
4.764804174569665918e+01
4.238552134694913320e+01
0.000000000000000000e+00
3.838589121214616284e+01
5.146971456071617013e+01
4.755840305192479889e+01
4.073401312130641116e+01
4.238552134694913320e+01
4.651493841393694595e+01
4.102136117231849255e+01
0.000000000000000000e+00
4.403599310649882881e+01
4.102136117231849255e+01
6.160827443411744042e+01
4.938119396754341750e+01
0.000000000000000000e+00
4.073401312130641116e+01
4.430503703834789064e+01
0.000000000000000000e+00
4.236797061511151696e+01
0.000000000000000000e+00
5.089317184731980603e+01
0.000000000000000000e+00
0.000000000000000000e+00
4.073401312130641116e+01
3.827699090744887656e+01
0.000000000000000000e+00
5.281890613654584143e+01
4.340014472804443812e+01
0.000000000000000000e+00
4.236797061511151696e+01
3.946922979386917518e+01
4.152501957446089165e+01
4.471704048821862187e+01
0.000000000000000000e+00
3.980118282807043073e+01
4.162927980459527078e+01
4.236797061511151696e+01
4.380479501850271618e+01
5.556452347905420908e+01
4.073401312130641116e+01
4.322239192464831348e+01
0.000000000000000000e+00
0.000000000000000000e+00
6.075732761400166737e+01
5.281890613654584143e+01
5.271124710493178611e+01
4.073401312130641116e+01
0.000000000000000000e+00
4.571500778330813830e+01
4.938119396754341750e+01
4.426727987680532550e+01
0.000000000000000000e+00
4.426727987680532550e+01
4.642224125588333550e+01
4.571500778330813830e+01
3.980118282807043073e+01
3.980118282807043073e+01
3.980118282807043073e+01
4.238552134694913320e+01
0.000000000000000000e+00
4.938119396754341750e+01
0.000000000000000000e+00
4.453708742196410952e+01
4.291893607427400070e+01
4.592769745796851311e+01
0.000000000000000000e+00
4.271079136485852956e+01
4.042549783756503246e+01
3.980118282807043073e+01
4.073401312130641116e+01
6.331341768361122035e+01
4.430503703834789064e+01
0.000000000000000000e+00
5.433354787844555744e+01
5.587750717984555138e+01
5.101020056842437356e+01
4.564419787069975598e+01
0.000000000000000000e+00
4.525897728766718586e+01
5.645234243617603198e+01
6.153910636213846885e+01
4.405906979329774487e+01
0.000000000000000000e+00
5.645234243617603198e+01
4.564419787069975598e+01
0.000000000000000000e+00
5.817639685549949036e+01
5.645234243617603198e+01
4.344299392263990001e+01
5.265356855466500008e+01
5.817639685549949036e+01
4.102136117231849255e+01
0.000000000000000000e+00
6.692694338854053626e+01
4.459877005748256806e+01
4.707217033295316355e+01
3.827699090744887656e+01
0.000000000000000000e+00
0.000000000000000000e+00
4.616961388314921066e+01
4.459877005748256806e+01
3.827699090744887656e+01
6.328406129332783081e+01
0.000000000000000000e+00
0.000000000000000000e+00
5.606529338644014615e+01
5.756808328342911096e+01
4.031927903626878873e+01
4.896064304269303591e+01
4.896064304269303591e+01
6.573494225778918576e+01
4.430951544280294740e+01
5.650770344697943415e+01
5.199029455550859780e+01
4.405906979329774487e+01
6.573494225778918576e+01
5.114141758358155698e+01
4.764804174569665918e+01
5.711331389298614170e+01
0.000000000000000000e+00
5.845073290936929311e+01
5.748676366575345043e+01
0.000000000000000000e+00
4.430951544280294740e+01
4.751946228915891624e+01
4.790910689167258596e+01
0.000000000000000000e+00
4.152501957446089165e+01
5.851401560232061883e+01
6.389712991677795628e+01
4.368577132395454043e+01
4.790910689167258596e+01
4.790910689167258596e+01
6.313198376695575575e+01
5.433354787844555744e+01
0.000000000000000000e+00
5.817639685549949036e+01
4.439987293097036058e+01
6.211749891766854859e+01
4.616961388314921066e+01
0.000000000000000000e+00
4.790910689167258596e+01
3.827699090744887656e+01
4.433281523659104550e+01
4.616961388314921066e+01
0.000000000000000000e+00
4.616961388314921066e+01
5.035169904237624650e+01
6.573494225778918576e+01
4.638922368161600929e+01
4.790910689167258596e+01
4.186346743298531692e+01
0.000000000000000000e+00
4.790910689167258596e+01
4.186346743298531692e+01
0.000000000000000000e+00
0.000000000000000000e+00
0.000000000000000000e+00
5.748676366575345043e+01
5.433354787844555744e+01
5.114141758358155698e+01
4.790910689167258596e+01
4.588545570465019097e+01
5.748676366575345043e+01
0.000000000000000000e+00
5.748676366575345043e+01
6.211749891766854859e+01
0.000000000000000000e+00
0.000000000000000000e+00
4.588545570465019097e+01
6.063248797730309292e+01
5.587750717984555138e+01
7.118329927682292180e+01
0.000000000000000000e+00
4.895190626608306417e+01
0.000000000000000000e+00
4.887053023194263801e+01
0.000000000000000000e+00
5.003211239734952187e+01
5.421848364753598304e+01
0.000000000000000000e+00
3.968526238487037716e+01
0.000000000000000000e+00
4.887053023194263801e+01
4.391304131146292633e+01
4.439900792771128124e+01
4.998639539923976116e+01
4.439900792771128124e+01
4.655861138967947710e+01
3.968526238487037716e+01
4.940449100335311527e+01
4.413421639657296680e+01
5.398503349552606068e+01
5.081735502579986985e+01
4.617800402151215167e+01
5.081735502579986985e+01
5.230969705321162877e+01
4.810181213078573137e+01
5.421848364753598304e+01
4.617800402151215167e+01
4.887053023194263801e+01
4.439900792771128124e+01
5.363688622857018373e+01
4.439900792771128124e+01
0.000000000000000000e+00
5.820363612648568363e+01
6.025422885590407418e+01
0.000000000000000000e+00
5.452194253244446287e+01
4.158358727935542021e+01
4.519047554666128974e+01
0.000000000000000000e+00
4.931727877121095105e+01
4.439900792771128124e+01
9.847443360558135339e+01
6.653863779347229013e+01
4.944296248231963631e+01
5.388787388249514976e+01
0.000000000000000000e+00
0.000000000000000000e+00
6.653863779347229013e+01
5.343433068343311731e+01
6.653863779347229013e+01
4.895190626608306417e+01
4.439900792771128124e+01
5.388787388249514976e+01
6.547193556133333914e+01
0.000000000000000000e+00
5.081735502579986985e+01
4.166307141178499052e+01
6.547193556133333914e+01
0.000000000000000000e+00
5.219715551360167183e+01
6.442528502485231456e+01
4.471618545181290472e+01
5.672766765974738234e+01
3.968526238487037716e+01
4.439900792771128124e+01
0.000000000000000000e+00
6.509214703879359831e+01
0.000000000000000000e+00
5.274256690887014543e+01
0.000000000000000000e+00
5.363688622857018373e+01
5.261293161319393619e+01
0.000000000000000000e+00
5.074549332481301178e+01
4.439900792771128124e+01
4.439900792771128124e+01
5.084968657077472187e+01
4.158358727935542021e+01
4.940449100335311527e+01
5.896142773679081017e+01
4.413421639657296680e+01
0.000000000000000000e+00
4.681537986202658175e+01
6.509214703879359831e+01
4.810181213078573137e+01
5.003211239734952187e+01
4.158358727935542021e+01
4.810181213078573137e+01
4.117133095221900163e+01
4.117133095221900163e+01
4.439900792771128124e+01
0.000000000000000000e+00
4.413421639657296680e+01
4.439900792771128124e+01
0.000000000000000000e+00
5.274256690887014543e+01
0.000000000000000000e+00
6.547193556133333914e+01
4.439900792771128124e+01
3.710436994749553463e+01
0.000000000000000000e+00
4.048515432064765918e+01
5.677171266487228252e+01
0.000000000000000000e+00
4.736881828967793240e+01
3.710436994749553463e+01
3.312441519161602344e+01
7.164058297331844472e+01
5.508497663201000449e+01
3.862942704850827624e+01
4.048515432064765918e+01
3.440289994461059564e+01
5.329448421190898699e+01
0.000000000000000000e+00
0.000000000000000000e+00
4.927467323609367611e+01
3.769380996431877406e+01
5.102709271516076228e+01
5.102709271516076228e+01
0.000000000000000000e+00
0.000000000000000000e+00
3.554907254394299798e+01
4.183061006508170010e+01
4.286111168410941730e+01
4.790073447981620802e+01
0.000000000000000000e+00
4.242058043403723389e+01
3.661568118149727269e+01
4.709715637360595508e+01
4.148268412290767060e+01
5.677171266487228252e+01
0.000000000000000000e+00
0.000000000000000000e+00
0.000000000000000000e+00
4.573991820542975972e+01
4.137515950169188272e+01
0.000000000000000000e+00
4.137515950169188272e+01
4.573991820542975972e+01
4.470304496802457805e+01
3.710436994749553463e+01
3.084817121999187606e+01
5.248622504088398699e+01
5.325230187639328960e+01
4.255048658797490191e+01
3.990350252662831565e+01
4.137515950169188272e+01
6.202675376779546212e+01
0.000000000000000000e+00
5.248622504088398699e+01
0.000000000000000000e+00
0.000000000000000000e+00
3.769380996431877406e+01
3.144041394706326642e+01
4.546230643100286528e+01
4.927467323609367611e+01
3.661568118149727269e+01
0.000000000000000000e+00
4.818023079888815374e+01
3.769380996431877406e+01
3.710436994749553463e+01
6.202675376779546212e+01
3.769380996431877406e+01
5.991645488296140343e+01
3.732456855597506973e+01
0.000000000000000000e+00
4.474199058548040142e+01
3.939450991033884009e+01
0.000000000000000000e+00
4.641137385375164115e+01
3.523802044431875657e+01
4.485622889292405091e+01
3.838048434518989893e+01
3.785926937983135332e+01
0.000000000000000000e+00
4.255048658797490191e+01
0.000000000000000000e+00
4.573991820542975972e+01
5.325230187639328960e+01
3.409813882079116354e+01
3.554907254394299798e+01
3.215780893345630886e+01
0.000000000000000000e+00
0.000000000000000000e+00
0.000000000000000000e+00
5.051594196770992795e+01
3.640062836019803427e+01
3.215780893345630886e+01
4.818023079888815374e+01
4.818023079888815374e+01
3.732456855597506973e+01
4.485622889292405091e+01
3.144041394706326642e+01
5.102709271516076228e+01
3.604376390014650156e+01
0.000000000000000000e+00
4.965288954259931131e+01
3.523217078969091176e+01
3.440289994461059564e+01
6.305181531674853801e+01
3.366073242642296037e+01
4.312868810889498405e+01
3.158296572628713861e+01
4.697380196923852225e+01
4.373691763606086624e+01
4.136250140660710883e+01
5.612710637117010037e+01
6.305181531674853801e+01
3.229684487225863165e+01
3.147501925097072117e+01
4.600782160653638897e+01
3.792420797953849387e+01
4.118934635778488484e+01
3.147907875903125330e+01
5.663912171715559651e+01
4.094677716644547871e+01
0.000000000000000000e+00
3.792420797953849387e+01
3.229684487225863165e+01
5.663912171715559651e+01
4.339345164158495294e+01
3.147907875903125330e+01
3.165221665564173392e+01
3.158296572628713861e+01
4.146398901564268158e+01
4.654232622839644762e+01
0.000000000000000000e+00
3.165221665564173392e+01
2.959720689909007163e+01
4.125519912241730935e+01
0.000000000000000000e+00
2.959720689909007163e+01
3.158296572628713861e+01
3.380862720067380423e+01
4.668788807581942990e+01
4.136250140660710883e+01
0.000000000000000000e+00
3.933108572713700823e+01
3.942006978975975784e+01
4.681687538564614925e+01
4.654232622839644762e+01
0.000000000000000000e+00
5.560925618034551832e+01
3.414207106110747958e+01
4.402634898153340259e+01
4.312868810889498405e+01
3.904451117151349138e+01
3.920622597991357594e+01
3.045447976551952252e+01
0.000000000000000000e+00
4.402634898153340259e+01
5.822079106042605190e+01
4.306461250960002474e+01
2.959720689909007163e+01
3.045447976551952252e+01
4.600782160653638897e+01
3.684680302417582709e+01
4.344159034473754843e+01
3.792420797953849387e+01
3.369615402829328588e+01
3.894291507689644760e+01
3.045447976551952252e+01
4.600782160653638897e+01
0.000000000000000000e+00
0.000000000000000000e+00
3.147907875903125330e+01
4.136250140660710883e+01
4.979147774782301639e+01
3.792420797953849387e+01
3.920622597991357594e+01
5.347464697642260489e+01
6.459619629929636631e+01
2.488410950068181293e+01
3.792420797953849387e+01
3.792420797953849387e+01
0.000000000000000000e+00
2.959720689909007163e+01
0.000000000000000000e+00
0.000000000000000000e+00
3.045447976551952252e+01
3.684680302417582709e+01
3.408635323155846919e+01
0.000000000000000000e+00
3.045447976551952252e+01
3.709971082305892054e+01
3.761354930989254797e+01
3.761354930989254797e+01
3.147907875903125330e+01
0.000000000000000000e+00
4.272714866705189252e+01
3.045447976551952252e+01
4.306461250960002474e+01
4.681687538564614925e+01
3.933108572713700823e+01
3.709971082305892054e+01
3.158296572628713861e+01
2.613266054145921302e+01
4.389407824610254494e+01
3.229684487225863165e+01
4.974983897116757703e+01
3.581104636769009630e+01
0.000000000000000000e+00
0.000000000000000000e+00
3.079687904875029858e+01
0.000000000000000000e+00
3.211684767697119725e+01
3.684794885924073071e+01
3.483362479926358901e+01
4.170042758477217149e+01
0.000000000000000000e+00
2.969532372229876316e+01
3.406256623948021911e+01
3.828750479682803132e+01
0.000000000000000000e+00
0.000000000000000000e+00
4.122329793377251406e+01
0.000000000000000000e+00
3.630769995048028420e+01
3.485883503146544626e+01
3.483362479926358901e+01
5.060027084840240263e+01
4.185313719185828774e+01
3.249595493315820960e+01
0.000000000000000000e+00
3.406256623948021911e+01
5.653126563256289216e+01
3.603200069640374892e+01
0.000000000000000000e+00
3.603200069640374892e+01
0.000000000000000000e+00
3.406256623948021911e+01
4.049447949139013048e+01
4.666083662815332644e+01
4.707277110145242460e+01
4.995323706969410438e+01
3.485883503146544626e+01
3.828750479682803132e+01
3.828750479682803132e+01
5.745984928538589998e+01
3.485883503146544626e+01
3.406256623948021911e+01
3.603200069640374892e+01
3.630769995048028420e+01
3.581104636769009630e+01
3.603200069640374892e+01
3.828750479682803132e+01
3.581104636769009630e+01
4.216446641242853843e+01
0.000000000000000000e+00
3.828750479682803132e+01
4.216446641242853843e+01
0.000000000000000000e+00
0.000000000000000000e+00
0.000000000000000000e+00
4.373292604858598054e+01
5.222802983521081899e+01
0.000000000000000000e+00
3.485883503146544626e+01
3.562648524362307967e+01
3.211684767697119725e+01
3.485883503146544626e+01
3.466266840301378238e+01
0.000000000000000000e+00
3.445031016035306948e+01
3.211684767697119725e+01
0.000000000000000000e+00
3.863183057173954893e+01
4.052933936808891247e+01
3.714537517294122893e+01
4.373292604858598054e+01
3.485883503146544626e+01
3.987968939302034244e+01
0.000000000000000000e+00
0.000000000000000000e+00
3.275478165973517264e+01
0.000000000000000000e+00
3.249595493315820960e+01
0.000000000000000000e+00
3.684794885924073071e+01
5.653126563256289216e+01
0.000000000000000000e+00
4.263444045054499298e+01
6.804772847708996153e+01
3.630769995048028420e+01
4.019036015583812116e+01
6.122075019163980159e+01
6.122075019163980159e+01
0.000000000000000000e+00
3.668232998518402610e+01
3.485883503146544626e+01
4.122329793377251406e+01
0.000000000000000000e+00
4.049447949139013048e+01
5.983367531762198865e+01
3.767478366280167279e+01
6.377229615472932522e+01
5.165773590600496590e+01
3.098613645498747005e+01
2.969532372229876316e+01
0.000000000000000000e+00
4.230424873312362877e+01
0.000000000000000000e+00
0.000000000000000000e+00
4.626847583382943441e+01
4.008099768296536070e+01
4.625413579656065366e+01
6.305989468793598007e+01
4.008099768296536070e+01
6.486766885764328094e+01
4.563148801934540444e+01
0.000000000000000000e+00
6.486766885764328094e+01
6.486766885764328094e+01
4.007039083869596396e+01
3.528379297577075846e+01
0.000000000000000000e+00
0.000000000000000000e+00
0.000000000000000000e+00
4.569415457667984271e+01
0.000000000000000000e+00
5.089489975555722623e+01
6.305989468793598007e+01
4.439789247344271672e+01
3.819934528109865823e+01
4.563148801934540444e+01
4.707206770886789116e+01
4.418844729830316709e+01
4.278378731292539783e+01
3.248639634333068216e+01
0.000000000000000000e+00
5.768964709243535083e+01
4.328391112260614904e+01
0.000000000000000000e+00
6.486766885764328094e+01
3.248639634333068216e+01
5.768964709243535083e+01
0.000000000000000000e+00
5.768964709243535083e+01
4.117984040046950867e+01
4.040234683232559831e+01
4.230424873312362877e+01
4.008099768296536070e+01
4.626847583382943441e+01
4.696331431817974078e+01
4.230424873312362877e+01
4.953338352880060569e+01
0.000000000000000000e+00
4.974793375664044248e+01
0.000000000000000000e+00
4.165201353644387439e+01
6.169417167604630947e+01
5.161161104200551364e+01
0.000000000000000000e+00
5.161680270493064882e+01
3.274493276943938724e+01
5.248983791639785323e+01
4.008099768296536070e+01
0.000000000000000000e+00
0.000000000000000000e+00
0.000000000000000000e+00
0.000000000000000000e+00
3.995982480626749833e+01
4.007039083869596396e+01
4.576716064419674268e+01
4.439789247344271672e+01
5.248983791639785323e+01
0.000000000000000000e+00
4.563148801934540444e+01
4.439789247344271672e+01
0.000000000000000000e+00
0.000000000000000000e+00
4.117984040046950867e+01
0.000000000000000000e+00
0.000000000000000000e+00
5.919196033826378311e+01
4.165201353644387439e+01
4.953338352880060569e+01
0.000000000000000000e+00
3.844558266128890978e+01
0.000000000000000000e+00
5.226912362036871684e+01
5.919196033826378311e+01
0.000000000000000000e+00
4.007039083869596396e+01
3.721197819473433555e+01
4.439789247344271672e+01
4.165201353644387439e+01
4.426996188140888933e+01
0.000000000000000000e+00
0.000000000000000000e+00
4.230424873312362877e+01
0.000000000000000000e+00
4.278378731292539783e+01
4.563148801934540444e+01
4.014787234924200021e+01
8.261073872895953230e+01
3.763072776801887187e+01
4.208976122681356458e+01
3.224661869149542071e+01
4.517871071236193359e+01
0.000000000000000000e+00
4.302537004781939345e+01
4.091805831342806954e+01
3.491032520612220225e+01
3.321800710220411190e+01
0.000000000000000000e+00
3.865434120973961285e+01
0.000000000000000000e+00
2.608834092668692151e+01
4.831085361363199127e+01
3.687023939562124042e+01
3.689031327242868485e+01
4.125599003447369029e+01
4.693072776514915745e+01
2.608834092668692151e+01
4.551644593900354607e+01
3.687023939562124042e+01
0.000000000000000000e+00
0.000000000000000000e+00
4.551644593900354607e+01
3.680924462407686093e+01
0.000000000000000000e+00
5.099211699575417356e+01
3.795115906043101006e+01
0.000000000000000000e+00
5.261229161967624179e+01
3.670996306343759130e+01
3.491032520612220225e+01
4.901006768473963149e+01
5.196325927948984003e+01
4.693072776514915745e+01
3.680924462407686093e+01
3.747472511536008710e+01
0.000000000000000000e+00
0.000000000000000000e+00
3.687023939562124042e+01
3.600606428774946721e+01
4.855682257444237848e+01
0.000000000000000000e+00
5.767140758633954789e+01
4.855682257444237848e+01
3.820689708576507826e+01
3.687023939562124042e+01
3.689031327242868485e+01
3.159303867445214564e+01
0.000000000000000000e+00
3.491032520612220225e+01
5.351271315540849827e+01
5.196325927948984003e+01
3.600606428774946721e+01
4.901006768473963149e+01
3.096523284860638725e+01
0.000000000000000000e+00
5.225799306832440294e+01
5.051594196770992795e+01
4.439918091511616183e+01
4.831085361363199127e+01
4.254349217508261205e+01
4.693072776514915745e+01
7.599792081847336078e+01
4.619422965275172999e+01
0.000000000000000000e+00
3.820689708576507826e+01
4.831085361363199127e+01
4.131838675953906659e+01
0.000000000000000000e+00
4.950001722324646636e+01
4.950001722324646636e+01
0.000000000000000000e+00
4.026717316651766509e+01
4.026717316651766509e+01
2.867361155837756925e+01
3.670996306343759130e+01
4.524130183649953096e+01
5.351271315540849827e+01
0.000000000000000000e+00
0.000000000000000000e+00
6.574872312762801130e+01
3.724973530134156618e+01
3.600606428774946721e+01
4.950001722324646636e+01
0.000000000000000000e+00
0.000000000000000000e+00
4.855682257444237848e+01
3.689031327242868485e+01
4.254349217508261205e+01
0.000000000000000000e+00
5.196325927948984003e+01
5.225799306832440294e+01
3.865434120973961285e+01
5.758429563174829724e+01
5.051594196770992795e+01
5.261229161967624179e+01
0.000000000000000000e+00
7.599792081847336078e+01
5.225799306832440294e+01
5.758429563174829724e+01
3.491032520612220225e+01
0.000000000000000000e+00
4.135827082231025287e+01
3.566158325385592320e+01
3.369043853332623684e+01
5.477817641607018118e+01
5.719179129139780571e+01
3.816821934182694065e+01
5.062526975104012905e+01
4.252739562306109633e+01
0.000000000000000000e+00
4.290535261633675645e+01
0.000000000000000000e+00
0.000000000000000000e+00
0.000000000000000000e+00
4.719017440341289671e+01
4.376080975612125457e+01
5.246618929110610452e+01
3.816821934182694065e+01
3.511541245495357089e+01
3.537108565908825852e+01
4.506802155586917991e+01
3.876512651301539591e+01
3.791886240868252145e+01
3.845074604773298432e+01
0.000000000000000000e+00
3.437276574782924854e+01
3.650762827703948687e+01
0.000000000000000000e+00
0.000000000000000000e+00
4.565644027712674102e+01
4.606238976211754732e+01
0.000000000000000000e+00
4.179605936668009747e+01
4.375076543182783695e+01
0.000000000000000000e+00
4.214361495788865852e+01
5.903927252326194264e+01
0.000000000000000000e+00
4.532817910314808074e+01
0.000000000000000000e+00
6.555343550501424943e+01
4.495363976148139784e+01
4.484434989579535369e+01
3.778967579800216470e+01
0.000000000000000000e+00
4.220569808022001013e+01
4.506802155586917991e+01
3.656139250872980284e+01
4.946820524597610813e+01
0.000000000000000000e+00
6.428647356161380344e+01
4.051927869266535964e+01
0.000000000000000000e+00
7.011842074257178581e+01
7.385055253840009470e+01
5.903927252326194264e+01
4.506802155586917991e+01
4.894601429701445738e+01
4.135827082231025287e+01
4.794770354602424334e+01
3.855745358266049294e+01
4.290535261633675645e+01
0.000000000000000000e+00
4.173292510078701412e+01
4.278681099895330675e+01
3.488220032945152127e+01
3.488220032945152127e+01
4.171998276613228995e+01
0.000000000000000000e+00
4.220569808022001013e+01
0.000000000000000000e+00
0.000000000000000000e+00
0.000000000000000000e+00
3.866383287467380114e+01
3.369043853332623684e+01
3.855745358266049294e+01
4.007026424786587881e+01
3.830277485733694220e+01
0.000000000000000000e+00
4.220569808022001013e+01
0.000000000000000000e+00
0.000000000000000000e+00
3.437276574782924854e+01
0.000000000000000000e+00
5.576169340006176611e+01
0.000000000000000000e+00
0.000000000000000000e+00
5.701345473003184594e+01
4.437116985885813136e+01
0.000000000000000000e+00
4.794770354602424334e+01
3.830277485733694220e+01
5.494655724525271268e+01
5.441018278201410396e+01
0.000000000000000000e+00
0.000000000000000000e+00
4.238900280667265008e+01
4.023505992820219745e+01
0.000000000000000000e+00
5.705022551631161321e+01
7.492540594620517425e+01
0.000000000000000000e+00
3.412187740106390521e+01
5.129106479881012604e+01
4.920418505377122642e+01
4.533810974619503043e+01
0.000000000000000000e+00
0.000000000000000000e+00
2.973061627284200981e+01
0.000000000000000000e+00
7.604191829176869533e+01
0.000000000000000000e+00
5.105050616259713792e+01
0.000000000000000000e+00
7.604191829176869533e+01
4.533810974619503043e+01
0.000000000000000000e+00
0.000000000000000000e+00
3.831407337493255483e+01
0.000000000000000000e+00
0.000000000000000000e+00
0.000000000000000000e+00
3.935996849779052553e+01
3.935996849779052553e+01
4.057685640072907063e+01
4.099165516777703999e+01
5.213097052825895616e+01
5.797358481118072149e+01
0.000000000000000000e+00
0.000000000000000000e+00
3.935996849779052553e+01
0.000000000000000000e+00
0.000000000000000000e+00
4.727823616435851761e+01
0.000000000000000000e+00
4.099165516777703999e+01
4.594376558377661013e+01
0.000000000000000000e+00
5.105050616259713792e+01
0.000000000000000000e+00
0.000000000000000000e+00
0.000000000000000000e+00
3.714120660126060613e+01
7.604191829176869533e+01
3.935996849779052553e+01
0.000000000000000000e+00
4.134839339573859007e+01
0.000000000000000000e+00
5.105050616259713792e+01
3.935996849779052553e+01
5.105050616259713792e+01
3.860739143859105837e+01
7.604191829176869533e+01
4.727823616435851761e+01
4.920418505377122642e+01
0.000000000000000000e+00
0.000000000000000000e+00
3.831407337493255483e+01
0.000000000000000000e+00
0.000000000000000000e+00
4.099165516777703999e+01
3.935996849779052553e+01
0.000000000000000000e+00
0.000000000000000000e+00
0.000000000000000000e+00
6.504129751569865903e+01
4.057685640072907063e+01
5.797358481118072149e+01
4.868232022543969606e+01
4.979490845249524966e+01
0.000000000000000000e+00
0.000000000000000000e+00
3.354159367571138972e+01
0.000000000000000000e+00
0.000000000000000000e+00
0.000000000000000000e+00
0.000000000000000000e+00
0.000000000000000000e+00
0.000000000000000000e+00
0.000000000000000000e+00
5.213097052825895616e+01
0.000000000000000000e+00
5.105050616259713792e+01
4.442062167794750849e+01
0.000000000000000000e+00
0.000000000000000000e+00
0.000000000000000000e+00
4.134839339573859007e+01
4.281168456736339323e+01
7.604191829176869533e+01
4.979490845249524966e+01
5.105050616259713792e+01
0.000000000000000000e+00
0.000000000000000000e+00
7.604191829176869533e+01
7.604191829176869533e+01
4.727823616435851761e+01
0.000000000000000000e+00
7.604191829176869533e+01
0.000000000000000000e+00
3.612262908571467790e+01
5.615505652569900974e+01
4.320709878519183178e+01
0.000000000000000000e+00
0.000000000000000000e+00
5.301701341932130163e+01
4.430503703834789064e+01
3.612262908571467790e+01
4.480408343584310416e+01
3.772286249774732880e+01
4.348178602619104538e+01
5.502352031507073349e+01
5.502352031507073349e+01
3.709285075190355485e+01
6.739596163583578914e+01
0.000000000000000000e+00
3.909255376176168539e+01
4.681738399265786654e+01
0.000000000000000000e+00
4.430503703834789064e+01
6.023278471113977872e+01
0.000000000000000000e+00
4.499837388885407563e+01
0.000000000000000000e+00
3.709285075190355485e+01
3.709285075190355485e+01
3.772317077183458878e+01
3.428691856837424012e+01
3.428691856837424012e+01
3.428691856837424012e+01
4.681738399265786654e+01
3.428691856837424012e+01
4.499837388885407563e+01
3.522460576858905767e+01
4.330408677837504428e+01
0.000000000000000000e+00
5.502352031507073349e+01
3.861299550888729470e+01
0.000000000000000000e+00
0.000000000000000000e+00
3.451189075867492306e+01
3.428691856837424012e+01
4.499837388885407563e+01
4.480408343584310416e+01
4.330408677837504428e+01
0.000000000000000000e+00
3.709285075190355485e+01
4.411057319611525429e+01
4.666233263249473140e+01
5.478609180538474988e+01
4.499837388885407563e+01
4.348178602619104538e+01
4.835843997788820303e+01
4.100668508283954594e+01
4.330408677837504428e+01
4.323263826523864140e+01
4.932477856769504143e+01
4.323263826523864140e+01
6.903942319689934948e+01
0.000000000000000000e+00
3.772317077183458878e+01
3.861299550888729470e+01
3.928220032566922271e+01
4.549397022089257803e+01
0.000000000000000000e+00
3.709285075190355485e+01
0.000000000000000000e+00
4.681738399265786654e+01
4.816840590333460881e+01
4.411057319611525429e+01
4.097126526047293993e+01
4.348178602619104538e+01
3.709285075190355485e+01
5.203983089185454247e+01
0.000000000000000000e+00
4.703728492344058054e+01
3.709285075190355485e+01
0.000000000000000000e+00
4.480408343584310416e+01
5.335322707736419545e+01
3.428691856837424012e+01
3.709285075190355485e+01
3.428691856837424012e+01
4.835843997788820303e+01
4.097126526047293993e+01
4.348178602619104538e+01
0.000000000000000000e+00
5.121717136017328897e+01
0.000000000000000000e+00
4.330408677837504428e+01
0.000000000000000000e+00
5.615505652569900974e+01
5.093138459720566402e+01
4.238552134694913320e+01
0.000000000000000000e+00
3.709285075190355485e+01
3.954825297835004960e+01
0.000000000000000000e+00
5.570630014353115200e+01
0.000000000000000000e+00
0.000000000000000000e+00
3.843494784670848219e+01
5.261308438827680334e+01
5.399735069454242620e+01
5.887736497753852660e+01
0.000000000000000000e+00
5.104434055154551686e+01
3.559674793293892492e+01
0.000000000000000000e+00
3.355847408472578053e+01
4.893200944230683547e+01
0.000000000000000000e+00
4.777637956554315224e+01
0.000000000000000000e+00
4.162793993944341508e+01
3.973867303300777820e+01
3.341441957641300320e+01
5.029473122583486600e+01
4.083822718159774467e+01
0.000000000000000000e+00
5.129733296335903248e+01
3.355847408472578053e+01
0.000000000000000000e+00
3.432346878706660931e+01
5.170299755599005920e+01
4.237078558283580776e+01
0.000000000000000000e+00
5.328991806827841060e+01
0.000000000000000000e+00
3.432346878706660931e+01
0.000000000000000000e+00
7.357719574049070843e+01
5.054055485059873121e+01
0.000000000000000000e+00
0.000000000000000000e+00
4.495363976148139784e+01
7.357719574049070843e+01
0.000000000000000000e+00
0.000000000000000000e+00
0.000000000000000000e+00
6.105119259415978661e+01
3.559674793293892492e+01
0.000000000000000000e+00
8.185407567811778051e+01
5.227112898162544496e+01
0.000000000000000000e+00
4.622977712170399656e+01
5.326604069124960716e+01
0.000000000000000000e+00
3.432346878706660931e+01
5.104434055154551686e+01
5.500601107826771141e+01
0.000000000000000000e+00
6.203650248658335897e+01
0.000000000000000000e+00
4.917239428589897443e+01
4.778606508528085328e+01
4.113644876300524089e+01
3.663212027680408767e+01
3.663212027680408767e+01
5.129733296335903248e+01
3.432346878706660931e+01
4.843432443531313680e+01
0.000000000000000000e+00
4.001734946345190735e+01
0.000000000000000000e+00
0.000000000000000000e+00
0.000000000000000000e+00
0.000000000000000000e+00
4.640160570910050808e+01
4.749513645275789031e+01
0.000000000000000000e+00
0.000000000000000000e+00
7.238783272732638352e+01
8.185407567811778051e+01
8.185407567811778051e+01
4.761706863096601694e+01
4.624087999117826797e+01
4.368377531868450347e+01
0.000000000000000000e+00
3.973867303300777820e+01
5.063457116847602890e+01
4.843432443531313680e+01
3.432346878706660931e+01
5.054055485059873121e+01
6.144829980862825636e+01
4.204297979160101306e+01
3.973867303300777820e+01
4.622977712170399656e+01
4.203913503193076906e+01
0.000000000000000000e+00
5.054055485059873121e+01
6.317207300471208953e+01
0.000000000000000000e+00
4.204297979160101306e+01
4.778606508528085328e+01
4.203913503193076906e+01
0.000000000000000000e+00
5.621965379698112031e+01
0.000000000000000000e+00
5.910306057173671945e+01
3.926516628923604202e+01
3.850126617995147882e+01
0.000000000000000000e+00
3.319578328953710411e+01
3.055846467769696062e+01
4.189097724720257077e+01
4.107076496352078721e+01
4.613701115192235136e+01
0.000000000000000000e+00
4.406725136007053578e+01
4.189097724720257077e+01
3.764860493191127944e+01
0.000000000000000000e+00
3.667928879381754825e+01
0.000000000000000000e+00
0.000000000000000000e+00
3.205926537036068424e+01
0.000000000000000000e+00
0.000000000000000000e+00
3.154111092437466723e+01
3.606219304682673510e+01
3.764860493191127944e+01
4.974016519736455422e+01
4.406725136007053578e+01
4.406725136007053578e+01
3.916018715671226147e+01
0.000000000000000000e+00
0.000000000000000000e+00
6.589749094037011901e+01
6.298154436324178818e+01
0.000000000000000000e+00
6.332074708085478676e+01
6.589749094037011901e+01
7.238783272732638352e+01
6.589749094037011901e+01
0.000000000000000000e+00
4.406725136007053578e+01
3.660627857444283961e+01
3.205926537036068424e+01
3.850126617995147882e+01
0.000000000000000000e+00
0.000000000000000000e+00
3.603186733793795327e+01
3.915055746505241530e+01
3.667928879381754825e+01
0.000000000000000000e+00
3.926516628923604202e+01
6.203650248658335897e+01
5.620424405721317385e+01
3.660627857444283961e+01
0.000000000000000000e+00
3.032140876775979166e+01
4.703179465386894265e+01
5.046416676780349064e+01
5.309913641726927835e+01
0.000000000000000000e+00
4.406725136007053578e+01
4.882109070686050956e+01
4.406725136007053578e+01
4.189097724720257077e+01
0.000000000000000000e+00
3.943802443064631547e+01
5.182951978695855644e+01
3.606219304682673510e+01
3.606219304682673510e+01
3.764860493191127944e+01
3.606219304682673510e+01
5.235206700806421054e+01
3.575959027779309451e+01
0.000000000000000000e+00
0.000000000000000000e+00
4.974016519736455422e+01
4.189097724720257077e+01
0.000000000000000000e+00
0.000000000000000000e+00
5.198160139552010861e+01
0.000000000000000000e+00
0.000000000000000000e+00
0.000000000000000000e+00
3.926516628923604202e+01
0.000000000000000000e+00
4.406725136007053578e+01
4.227098108766343643e+01
4.107076496352078721e+01
0.000000000000000000e+00
5.046416676780349064e+01
3.606219304682673510e+01
6.411344420494437202e+01
3.804768385656323204e+01
4.974016519736455422e+01
4.974016519736455422e+01
0.000000000000000000e+00
3.660627857444283961e+01
4.191345971101941359e+01
5.693584994104017483e+01
0.000000000000000000e+00
3.926516628923604202e+01
0.000000000000000000e+00
0.000000000000000000e+00
5.028629063574238245e+01
3.463333843181310101e+01
4.634232198544484049e+01
4.569727248914094986e+01
2.843959653849757885e+01
3.571253274989016546e+01
3.446818227796225642e+01
3.151506675608821695e+01
0.000000000000000000e+00
2.764352124586543269e+01
8.778490792432752698e+01
6.389712991677795628e+01
2.845028486562570080e+01
0.000000000000000000e+00
4.785178306283405192e+01
4.011037662514020496e+01
3.258518927996325232e+01
4.380209408244727598e+01
0.000000000000000000e+00
0.000000000000000000e+00
4.634232198544484049e+01
0.000000000000000000e+00
4.785178306283405192e+01
4.634232198544484049e+01
0.000000000000000000e+00
0.000000000000000000e+00
0.000000000000000000e+00
5.306958193328357964e+01
3.677220734822856940e+01
0.000000000000000000e+00
5.372330297351840755e+01
0.000000000000000000e+00
4.569727248914094986e+01
4.569727248914094986e+01
2.764352124586543269e+01
5.325230187639328960e+01
4.569727248914094986e+01
2.843959653849757885e+01
4.540275203042270391e+01
0.000000000000000000e+00
0.000000000000000000e+00
2.869349406662512791e+01
3.251803720200895498e+01
4.891963310899588890e+01
4.525999542666063036e+01
0.000000000000000000e+00
4.905296868527153009e+01
0.000000000000000000e+00
4.668395103635524634e+01
0.000000000000000000e+00
0.000000000000000000e+00
5.390290906033952467e+01
3.242138642998280318e+01
3.229565682623497480e+01
0.000000000000000000e+00
4.908097715166515229e+01
3.344967876520613714e+01
3.056154802715698438e+01
4.785178306283405192e+01
0.000000000000000000e+00
3.344967876520613714e+01
0.000000000000000000e+00
4.785178306283405192e+01
4.287663221277653491e+01
0.000000000000000000e+00
0.000000000000000000e+00
5.310295740702797929e+01
0.000000000000000000e+00
4.569727248914094986e+01
3.845383289692062334e+01
4.471228120247427995e+01
0.000000000000000000e+00
0.000000000000000000e+00
3.463333843181310101e+01
6.000465263164045382e+01
5.372330297351840755e+01
5.306958193328357964e+01
0.000000000000000000e+00
0.000000000000000000e+00
0.000000000000000000e+00
6.273973342935776287e+01
4.891963310899588890e+01
4.751212526112430368e+01
0.000000000000000000e+00
3.933772005005641859e+01
6.629950459085729619e+01
3.677220734822856940e+01
0.000000000000000000e+00
0.000000000000000000e+00
0.000000000000000000e+00
0.000000000000000000e+00
4.107523003696093866e+01
0.000000000000000000e+00
0.000000000000000000e+00
4.908097715166515229e+01
0.000000000000000000e+00
5.540779950216428063e+01
0.000000000000000000e+00
2.869349406662512791e+01
4.569727248914094986e+01
4.565120282382395800e+01
4.063304102031183618e+01
4.479510189830958922e+01
0.000000000000000000e+00
3.208375402751100580e+01
0.000000000000000000e+00
3.200320241401083621e+01
0.000000000000000000e+00
5.954950777154917319e+01
4.268038484564551993e+01
7.011842074257178581e+01
5.219558352219566899e+01
3.834896810425092895e+01
3.405494215938625047e+01
4.191141175425887866e+01
5.550199262830414426e+01
4.573809145177104796e+01
3.602673661097303182e+01
6.428647356161380344e+01
4.531688655460397541e+01
0.000000000000000000e+00
0.000000000000000000e+00
4.440187063128670530e+01
3.458070147192982802e+01
3.208375402751100580e+01
3.402513694508932218e+01
5.122268695950246098e+01
3.973780032447064059e+01
6.032426471105520704e+01
4.844905694073089819e+01
3.615360155262952446e+01
5.115891651168665533e+01
4.894601429701445738e+01
3.602673661097303182e+01
4.560492882093383571e+01
3.267874087982873021e+01
3.267874087982873021e+01
0.000000000000000000e+00
3.492563706668055801e+01
4.059750568917957736e+01
0.000000000000000000e+00
7.991837992470621543e+01
5.233940292414991546e+01
3.609605660154114304e+01
4.619744341847550118e+01
3.267874087982873021e+01
5.555144206193477885e+01
4.164931105830181934e+01
0.000000000000000000e+00
0.000000000000000000e+00
3.511541245495357089e+01
4.268038484564551993e+01
5.550199262830414426e+01
3.980755341875003950e+01
3.971031836494903899e+01
0.000000000000000000e+00
5.335150662272629773e+01
0.000000000000000000e+00
4.068364948337070075e+01
4.461900072373059345e+01
4.949528763166183154e+01
4.722162197086342417e+01
3.609605660154114304e+01
0.000000000000000000e+00
6.174874459505401347e+01
4.478097625988248609e+01
3.421436333178593259e+01
4.875045630760725146e+01
4.458583295141607294e+01
3.930299549945669213e+01
3.369043853332623684e+01
3.121320441856797245e+01
3.402513694508932218e+01
3.622194626335053869e+01
4.051113129841107963e+01
5.115891651168665533e+01
5.122268695950246098e+01
4.116311792485593202e+01
4.556871102605541779e+01
3.586373547505665016e+01
4.422666785675456680e+01
7.108070759081921608e+01
0.000000000000000000e+00
0.000000000000000000e+00
7.991837992470621543e+01
3.121320441856797245e+01
4.510238776619868162e+01
5.484984858868830315e+01
3.882752679862988998e+01
4.098791534396506364e+01
5.122268695950246098e+01
4.173292510078701412e+01
6.008623676468030084e+01
3.402513694508932218e+01
0.000000000000000000e+00
6.000608816363993725e+01
6.540787935240696527e+01
3.511541245495357089e+01
3.615360155262952446e+01
3.602673661097303182e+01
3.937770800379522029e+01
5.211245466211694577e+01
3.399504502992137134e+01
0.000000000000000000e+00
4.685119622122862637e+01
5.787530458834967817e+01
5.558395147417115112e+01
4.651861684027102939e+01
3.940849895490693910e+01
4.230625167469182912e+01
4.502200247272122624e+01
4.023054347840881917e+01
4.599338257785534267e+01
7.069561677039827430e+01
4.279071960867544533e+01
4.201668686427196775e+01
5.351875129752793470e+01
3.491536513030299460e+01
6.565324605595516516e+01
5.073230803452317872e+01
3.627311861218792188e+01
0.000000000000000000e+00
0.000000000000000000e+00
6.531727389072139545e+01
2.964043995061898684e+01
3.911106719285429989e+01
0.000000000000000000e+00
3.077208688312578388e+01
4.599338257785534267e+01
3.881821228768552601e+01
4.585527414836259652e+01
4.880313879495560059e+01
0.000000000000000000e+00
0.000000000000000000e+00
0.000000000000000000e+00
3.693908661759815715e+01
0.000000000000000000e+00
0.000000000000000000e+00
3.077208688312578388e+01
0.000000000000000000e+00
4.381951224351653451e+01
0.000000000000000000e+00
6.070124523069343780e+01
3.400509935765990122e+01
4.617838098786745604e+01
4.214545017473508182e+01
7.004102363647875507e+01
3.722305329232235493e+01
3.332661626020348677e+01
4.191435051886624308e+01
3.139066389160280579e+01
8.002335540410282988e+01
4.132440777258226206e+01
0.000000000000000000e+00
0.000000000000000000e+00
0.000000000000000000e+00
4.849094773777001421e+01
4.639558214327918506e+01
3.467458699510225983e+01
4.209240334494852931e+01
4.467724655969615100e+01
4.075956537442731786e+01
0.000000000000000000e+00
4.188408916165247575e+01
4.188408916165247575e+01
5.187873517876824536e+01
4.206972878887531664e+01
5.226537164463147178e+01
4.348230774884935101e+01
3.384988732419932234e+01
3.990955281072886152e+01
0.000000000000000000e+00
5.771188477322419885e+01
0.000000000000000000e+00
3.400509935765990122e+01
4.197124598787775085e+01
0.000000000000000000e+00
4.940851820221182322e+01
6.246113450462594585e+01
0.000000000000000000e+00
3.874527428824270459e+01
4.207967391745821573e+01
0.000000000000000000e+00
3.400509935765990122e+01
3.981873797874735743e+01
3.981873797874735743e+01
4.209240334494852931e+01
4.981231785044460736e+01
4.575769805265375823e+01
4.209240334494852931e+01
3.519369828943620604e+01
4.214545017473508182e+01
4.701288579995264882e+01
4.064079399678330873e+01
4.096213569977962266e+01
7.447394690537257134e+01
3.532600066990976018e+01
0.000000000000000000e+00
4.609871382761161840e+01
4.780893146395998627e+01
4.856047632923946367e+01
4.025567152485417921e+01
3.557394026246754493e+01
5.551343425817695021e+01
3.522460576858905767e+01
0.000000000000000000e+00
0.000000000000000000e+00
4.894923857322128669e+01
4.355121412686563787e+01
5.710734343584352501e+01
0.000000000000000000e+00
0.000000000000000000e+00
5.710734343584352501e+01
5.710734343584352501e+01
0.000000000000000000e+00
4.442231845652550959e+01
0.000000000000000000e+00
0.000000000000000000e+00
3.646306308123030249e+01
4.860571667039013732e+01
4.521728942440132215e+01
6.613071954923206874e+01
4.856047632923946367e+01
4.955364676111698685e+01
0.000000000000000000e+00
4.129535701037638518e+01
5.325230187639328960e+01
5.492972440434268577e+01
0.000000000000000000e+00
0.000000000000000000e+00
5.767140758633954789e+01
5.325230187639328960e+01
4.392613340199842042e+01
4.521728942440132215e+01
4.607345186864055364e+01
0.000000000000000000e+00
4.021516592023324677e+01
7.074560824511877399e+01
4.235762534760382181e+01
0.000000000000000000e+00
3.933344637790494858e+01
3.359849988244150154e+01
3.241966928445544482e+01
3.241966928445544482e+01
4.443601580495751335e+01
3.241966928445544482e+01
3.359849988244150154e+01
3.241966928445544482e+01
4.443601580495751335e+01
3.496725994229466750e+01
4.392613340199842042e+01
3.521613095129164606e+01
6.613071954923206874e+01
0.000000000000000000e+00
0.000000000000000000e+00
0.000000000000000000e+00
6.940820838781688451e+01
4.260747700934792448e+01
4.860571667039013732e+01
3.265348740219128132e+01
4.860571667039013732e+01
4.260747700934792448e+01
4.202074723906869025e+01
6.940820838781688451e+01
0.000000000000000000e+00
4.004969344063354697e+01
3.804321429983589553e+01
3.693145118270994942e+01
4.209019655275600513e+01
4.443297469098422425e+01
4.232008418233914426e+01
3.841006269107489857e+01
5.788898347385062948e+01
0.000000000000000000e+00
3.241966928445544482e+01
3.521613095129164606e+01
4.443297469098422425e+01
0.000000000000000000e+00
3.270904789473563312e+01
4.521728942440132215e+01
4.021516592023324677e+01
3.933344637790494858e+01
4.521728942440132215e+01
0.000000000000000000e+00
3.270904789473563312e+01
3.804321429983589553e+01
3.880911103364930170e+01
0.000000000000000000e+00
0.000000000000000000e+00
0.000000000000000000e+00
5.105766213561899036e+01
4.260747700934792448e+01
3.359849988244150154e+01
4.847968344823269149e+01
4.594177773550212152e+01
4.894923857322128669e+01
4.260747700934792448e+01
5.249295775730060853e+01
5.183454073204966761e+01
3.933344637790494858e+01
0.000000000000000000e+00
3.654805293775294217e+01
4.796064821219334107e+01
3.431894423281441675e+01
0.000000000000000000e+00
3.382980904825399193e+01
4.089523119634962001e+01
3.286191337312410354e+01
0.000000000000000000e+00
5.445999129554822105e+01
5.445999129554822105e+01
3.431894423281441675e+01
4.051611118341027407e+01
4.743091514354386362e+01
3.431894423281441675e+01
5.445999129554822105e+01
5.445999129554822105e+01
4.108465203085712858e+01
3.429566827313407629e+01
3.915963031140714179e+01
3.801601249831951890e+01
3.569035561731244854e+01
4.962879436914906961e+01
3.660627857444283961e+01
3.286191337312410354e+01
4.406110725911475612e+01
4.206225230756506051e+01
3.703286967509980343e+01
4.051611118341027407e+01
3.587938864833367347e+01
0.000000000000000000e+00
3.654074025878164633e+01
3.654074025878164633e+01
4.311484676158402607e+01
3.429566827313407629e+01
5.599019182378535220e+01
7.169311399005202645e+01
4.189097724720257077e+01
0.000000000000000000e+00
6.662992578871461546e+01
3.654074025878164633e+01
3.429566827313407629e+01
3.569035561731244854e+01
4.323275444692945513e+01
4.310433758945623595e+01
3.382980904825399193e+01
3.382980904825399193e+01
3.431894423281441675e+01
3.331841896728731456e+01
3.286191337312410354e+01
3.286191337312410354e+01
3.197339577821227508e+01
3.654074025878164633e+01
3.587938864833367347e+01
0.000000000000000000e+00
0.000000000000000000e+00
3.431894423281441675e+01
3.429566827313407629e+01
3.654074025878164633e+01
3.912403979103888219e+01
0.000000000000000000e+00
0.000000000000000000e+00
0.000000000000000000e+00
3.915963031140714179e+01
3.569035561731244854e+01
3.654074025878164633e+01
3.331841896728731456e+01
4.089523119634962001e+01
0.000000000000000000e+00
3.965974827202549591e+01
4.324519144740230558e+01
5.445999129554822105e+01
3.569035561731244854e+01
5.445999129554822105e+01
3.432751781822874193e+01
3.091729595115270257e+01
0.000000000000000000e+00
3.569035561731244854e+01
3.429566827313407629e+01
0.000000000000000000e+00
3.654074025878164633e+01
0.000000000000000000e+00
3.197339577821227508e+01
0.000000000000000000e+00
3.286191337312410354e+01
0.000000000000000000e+00
0.000000000000000000e+00
3.987096695791721856e+01
3.407472449179027052e+01
3.286191337312410354e+01
0.000000000000000000e+00
4.546230643100286528e+01
4.743091514354386362e+01
3.587938864833367347e+01
3.431894423281441675e+01
3.429566827313407629e+01
3.795056153214805050e+01
3.587938864833367347e+01
3.331841896728731456e+01
4.743091514354386362e+01
3.743169932076929740e+01
5.136315012469899699e+01
0.000000000000000000e+00
0.000000000000000000e+00
4.412857209874361075e+01
4.740701619898620578e+01
0.000000000000000000e+00
4.545872786964942946e+01
4.947901639409229801e+01
6.569385851550418920e+01
3.753540765084220965e+01
4.705653706157159633e+01
0.000000000000000000e+00
4.107182445361856082e+01
5.045236727378019737e+01
0.000000000000000000e+00
4.001682996336004550e+01
5.045236727378019737e+01
4.094677716644547871e+01
4.001682996336004550e+01
5.894494405978733909e+01
4.635334351238938666e+01
4.220499706876699975e+01
5.894494405978733909e+01
5.045236727378019737e+01
0.000000000000000000e+00
4.083872004958512747e+01
0.000000000000000000e+00
4.083872004958512747e+01
0.000000000000000000e+00
6.238091457585780830e+01
4.412857209874361075e+01
5.686174715313446626e+01
4.083872004958512747e+01
0.000000000000000000e+00
6.676038455787239911e+01
4.219449066649612234e+01
5.153821568476561765e+01
6.587350516045215443e+01
5.075640309933162087e+01
3.968360990431492752e+01
6.676038455787239911e+01
6.676038455787239911e+01
4.175509270177801113e+01
4.635334351238938666e+01
5.045236727378019737e+01
4.545872786964942946e+01
4.487857961364099424e+01
4.175509270177801113e+01
5.512310667855403068e+01
4.220499706876699975e+01
4.193491176288394939e+01
6.238091457585780830e+01
4.544518319942700657e+01
4.781969374116716409e+01
3.753540765084220965e+01
4.845667106683094971e+01
0.000000000000000000e+00
3.972462613667242692e+01
3.901242084468056248e+01
4.083872004958512747e+01
0.000000000000000000e+00
3.753540765084220965e+01
4.001682996336004550e+01
4.001682996336004550e+01
5.045236727378019737e+01
4.543331013388647932e+01
4.083872004958512747e+01
4.470218331059892591e+01
4.219449066649612234e+01
4.755062449526568713e+01
4.755062449526568713e+01
5.045236727378019737e+01
0.000000000000000000e+00
4.175509270177801113e+01
6.238091457585780830e+01
4.187236292826682416e+01
3.972462613667242692e+01
4.487857961364099424e+01
6.459619629929636631e+01
3.968360990431492752e+01
3.901242084468056248e+01
4.755062449526568713e+01
4.412857209874361075e+01
4.633369544267219453e+01
0.000000000000000000e+00
4.001682996336004550e+01
4.193491176288394939e+01
4.083872004958512747e+01
4.599208198479161069e+01
0.000000000000000000e+00
4.845667106683094971e+01
4.175509270177801113e+01
5.045236727378019737e+01
4.412857209874361075e+01
3.901242084468056248e+01
0.000000000000000000e+00
6.459619629929636631e+01
0.000000000000000000e+00
0.000000000000000000e+00
4.566202711218581101e+01
5.183023460950603578e+01
5.676702066644458000e+01
4.011473404754827499e+01
0.000000000000000000e+00
0.000000000000000000e+00
4.408424566143501977e+01
4.538834914758398753e+01
3.309167135404649684e+01
6.239048970929363236e+01
3.492189011153894285e+01
0.000000000000000000e+00
0.000000000000000000e+00
0.000000000000000000e+00
4.571892006701720845e+01
0.000000000000000000e+00
5.183023460950603578e+01
5.183023460950603578e+01
3.637922983402660293e+01
4.228646901707688244e+01
4.408424566143501977e+01
3.309167135404649684e+01
0.000000000000000000e+00
4.668798950828873728e+01
0.000000000000000000e+00
4.566202711218581101e+01
3.978599426961290675e+01
4.408424566143501977e+01
3.492189011153894285e+01
3.990150326230621403e+01
5.040140778868966720e+01
3.663103093763150042e+01
5.226847396259440615e+01
6.319206917486295083e+01
0.000000000000000000e+00
4.679617877680577465e+01
3.309167135404649684e+01
4.868973283951158493e+01
3.891489939705128620e+01
4.607435131886133206e+01
3.978599426961290675e+01
0.000000000000000000e+00
5.183023460950603578e+01
3.637385039389627650e+01
3.339534794148669761e+01
0.000000000000000000e+00
3.638791396482394447e+01
4.566202711218581101e+01
5.083357537092886957e+01
3.638791396482394447e+01
3.638791396482394447e+01
4.269730036433371367e+01
4.875007859256346876e+01
5.040140778868966720e+01
4.679617877680577465e+01
0.000000000000000000e+00
0.000000000000000000e+00
5.378656510115061451e+01
3.637385039389627650e+01
3.339534794148669761e+01
6.319206917486295083e+01
4.179094190300656919e+01
3.992176557982475060e+01
4.868973283951158493e+01
4.561942543528773797e+01
4.868973283951158493e+01
3.492189011153894285e+01
0.000000000000000000e+00
5.578377881161853935e+01
0.000000000000000000e+00
4.668798950828873728e+01
4.609230475684088901e+01
3.637922983402660293e+01
0.000000000000000000e+00
3.637922983402660293e+01
3.722130956230231646e+01
3.309167135404649684e+01
4.280942976305914272e+01
3.992176557982475060e+01
7.445686944310949684e+01
3.492189011153894285e+01
4.408424566143501977e+01
5.183023460950603578e+01
6.332074708085478676e+01
4.571892006701720845e+01
4.571892006701720845e+01
4.228646901707688244e+01
4.841829791691599638e+01
4.699398626213553598e+01
3.978599426961290675e+01
5.085095893040529091e+01
0.000000000000000000e+00
5.296597173000097314e+01
0.000000000000000000e+00
4.841829791691599638e+01
0.000000000000000000e+00
3.990150326230621403e+01
3.638791396482394447e+01
4.566202711218581101e+01
4.166523519791774532e+01
5.213066496144264761e+01
3.919055430021733599e+01
4.342728938701755936e+01
5.477817641607018118e+01
6.142700051367790337e+01
0.000000000000000000e+00
0.000000000000000000e+00
0.000000000000000000e+00
3.826264271836355846e+01
0.000000000000000000e+00
0.000000000000000000e+00
0.000000000000000000e+00
4.636063820579800421e+01
0.000000000000000000e+00
7.162093196186079069e+01
0.000000000000000000e+00
0.000000000000000000e+00
0.000000000000000000e+00
3.622194626335053869e+01
5.111007797887118898e+01
4.515645192318475409e+01
5.335150662272629773e+01
6.560445202592370606e+01
6.629696222368305314e+01
0.000000000000000000e+00
4.166523519791774532e+01
6.198642341080331164e+01
6.676450810223535370e+01
0.000000000000000000e+00
4.417223204760929889e+01
4.342728938701755936e+01
5.167484904699468728e+01
5.065768476633981976e+01
0.000000000000000000e+00
0.000000000000000000e+00
4.515645192318475409e+01
5.508924948751681683e+01
3.942564871697118178e+01
5.214564245769514628e+01
0.000000000000000000e+00
4.751543854484229001e+01
3.919055430021733599e+01
4.587336134954523459e+01
4.679662804183767122e+01
4.417223204760929889e+01
4.166523519791774532e+01
4.549804721796978413e+01
4.919870598663025874e+01
3.919055430021733599e+01
3.919055430021733599e+01
4.514636626933280894e+01
6.460683976673239215e+01
3.967643444342581205e+01
9.847443360558135339e+01
4.499856802842165138e+01
4.462728131548008292e+01
0.000000000000000000e+00
5.284099727671664937e+01
6.915859051012196801e+01
5.561504504460784659e+01
5.167484904699468728e+01
5.508924948751681683e+01
5.214564245769514628e+01
4.549804721796978413e+01
0.000000000000000000e+00
0.000000000000000000e+00
4.715857343028727655e+01
6.915859051012196801e+01
4.342728938701755936e+01
5.508924948751681683e+01
6.142700051367790337e+01
4.629282441635525203e+01
0.000000000000000000e+00
0.000000000000000000e+00
4.641977794653702460e+01
5.834759504348267711e+01
4.166523519791774532e+01
5.508924948751681683e+01
4.417223204760929889e+01
4.061203277112296206e+01
6.198642341080331164e+01
6.198642341080331164e+01
5.167484904699468728e+01
5.453332614367685238e+01
6.676450810223535370e+01
5.219558352219566899e+01
5.508924948751681683e+01
0.000000000000000000e+00
5.472715167164516004e+01
6.142700051367790337e+01
0.000000000000000000e+00
0.000000000000000000e+00
5.065768476633981976e+01
7.521309413640682351e+01
3.834896810425092895e+01
5.561504504460784659e+01
4.790137092786997641e+01
4.342728938701755936e+01
4.339592002523141190e+01
6.070124523069343780e+01
0.000000000000000000e+00
4.454563629919615408e+01
0.000000000000000000e+00
4.933958346762381808e+01
0.000000000000000000e+00
5.351666160040584685e+01
0.000000000000000000e+00
5.226537164463147178e+01
0.000000000000000000e+00
6.711575364955403700e+01
5.531275279514063925e+01
4.880313879495560059e+01
0.000000000000000000e+00
5.440849896316201040e+01
4.933958346762381808e+01
0.000000000000000000e+00
7.850939858850428266e+01
5.419498986146727049e+01
4.821594477991950356e+01
0.000000000000000000e+00
5.378657137118990050e+01
5.525455166755435243e+01
4.639558214327918506e+01
4.906223747985477956e+01
4.295431276609452453e+01
5.223616511742129376e+01
5.771188477322419885e+01
5.226537164463147178e+01
5.771188477322419885e+01
4.780893146395998627e+01
0.000000000000000000e+00
3.815744608256522952e+01
0.000000000000000000e+00
5.531275279514063925e+01
4.201607000331716790e+01
0.000000000000000000e+00
7.081922668524894959e+01
6.372095190174039203e+01
0.000000000000000000e+00
4.821594477991950356e+01
0.000000000000000000e+00
4.773463708482533718e+01
5.440849896316201040e+01
4.999573735082467607e+01
0.000000000000000000e+00
4.933958346762381808e+01
0.000000000000000000e+00
0.000000000000000000e+00
6.046255098640176584e+01
5.717003073200029206e+01
4.933958346762381808e+01
4.999573735082467607e+01
5.914765320236536184e+01
4.142519231331232277e+01
7.074560824511877399e+01
0.000000000000000000e+00
0.000000000000000000e+00
4.841294527098140321e+01
0.000000000000000000e+00
5.226537164463147178e+01
5.351666160040584685e+01
4.295431276609452453e+01
5.626731135592321920e+01
6.132040666231819870e+01
7.000179867696328984e+01
0.000000000000000000e+00
4.454563629919615408e+01
0.000000000000000000e+00
5.583902535274479106e+01
5.531275279514063925e+01
4.995144571252865262e+01
6.267732469527984307e+01
0.000000000000000000e+00
4.848250475394914361e+01
0.000000000000000000e+00
6.046255098640176584e+01
5.837324710008586237e+01
0.000000000000000000e+00
4.901759291820389564e+01
4.914466776388365332e+01
4.821594477991950356e+01
4.999573735082467607e+01
5.782149509756912664e+01
0.000000000000000000e+00
5.579711125648965719e+01
0.000000000000000000e+00
4.988412711678218159e+01
5.604973686151895862e+01
5.226537164463147178e+01
0.000000000000000000e+00
5.107412592550493002e+01
5.378657137118990050e+01
0.000000000000000000e+00
6.632735662757924899e+01
0.000000000000000000e+00
5.626731135592321920e+01
4.339592002523141190e+01
0.000000000000000000e+00
6.526561864452554573e+01
4.412428611801465905e+01
4.182954157321394462e+01
4.312963073728496255e+01
5.182046502591171588e+01
5.902623030745204602e+01
3.912546182564036457e+01
0.000000000000000000e+00
0.000000000000000000e+00
0.000000000000000000e+00
4.188546503688519351e+01
4.955364676111698685e+01
6.662992578871461546e+01
4.151776499974879187e+01
4.266596717584274501e+01
4.514621216087385847e+01
4.266596717584274501e+01
0.000000000000000000e+00
3.829795968301721132e+01
3.837343068380297240e+01
5.218518632450273032e+01
5.076345154678504912e+01
3.940601892095936165e+01
0.000000000000000000e+00
4.416599046894170044e+01
4.416599046894170044e+01
3.672384468741544339e+01
3.999333189120083176e+01
4.919958575554807112e+01
0.000000000000000000e+00
4.167361127781646246e+01
3.999333189120083176e+01
6.039033934075402499e+01
4.412428611801465905e+01
0.000000000000000000e+00
3.829048495101824301e+01
0.000000000000000000e+00
4.114513000011764632e+01
0.000000000000000000e+00
6.597667423330696579e+01
0.000000000000000000e+00
0.000000000000000000e+00
5.612801203588477961e+01
4.416599046894170044e+01
4.167164512690347067e+01
3.890985409235267412e+01
4.145660234154341595e+01
6.039033934075402499e+01
0.000000000000000000e+00
3.665308749674044719e+01
4.412428611801465905e+01
0.000000000000000000e+00
0.000000000000000000e+00
4.227022509204214629e+01
5.345443404708208135e+01
4.053136787926408857e+01
0.000000000000000000e+00
0.000000000000000000e+00
0.000000000000000000e+00
6.153117252883750865e+01
0.000000000000000000e+00
0.000000000000000000e+00
0.000000000000000000e+00
0.000000000000000000e+00
0.000000000000000000e+00
6.000465263164045382e+01
4.151776499974879187e+01
0.000000000000000000e+00
5.117841152411816807e+01
3.582061928974928122e+01
4.960809079204803851e+01
0.000000000000000000e+00
4.902582255465085836e+01
0.000000000000000000e+00
4.241147730422765960e+01
5.182046502591171588e+01
0.000000000000000000e+00
4.164049046025673562e+01
3.939406731300815068e+01
3.736958396336471822e+01
5.061916025529190222e+01
0.000000000000000000e+00
5.182559515477007039e+01
4.148325420249075535e+01
0.000000000000000000e+00
5.218518632450273032e+01
0.000000000000000000e+00
5.612801203588477961e+01
0.000000000000000000e+00
0.000000000000000000e+00
4.734241661138641888e+01
0.000000000000000000e+00
4.128660814713167326e+01
6.385267376017140606e+01
6.230263891431279433e+01
4.810441614170175484e+01
5.699519254832262760e+01
6.323069668580685487e+01
0.000000000000000000e+00
5.050659130532365282e+01
3.286480532181097658e+01
5.582367536716850509e+01
5.582367536716850509e+01
3.955304527720402064e+01
4.819510179214360335e+01
3.953422667894690790e+01
3.955304527720402064e+01
3.955304527720402064e+01
3.955304527720402064e+01
3.077199755254734370e+01
3.500505194316782109e+01
0.000000000000000000e+00
0.000000000000000000e+00
3.953422667894690790e+01
5.866218495237669828e+01
0.000000000000000000e+00
4.060125222854654936e+01
0.000000000000000000e+00
0.000000000000000000e+00
0.000000000000000000e+00
7.086080671370621076e+01
0.000000000000000000e+00
4.654232622839644762e+01
4.727318883456045029e+01
0.000000000000000000e+00
4.654232622839644762e+01
6.275649038829919846e+01
7.126194890698953088e+01
4.697380196923852225e+01
4.654232622839644762e+01
5.866218495237669828e+01
5.282642322430755399e+01
0.000000000000000000e+00
2.968265099167217258e+01
5.582367536716850509e+01
0.000000000000000000e+00
7.086080671370621076e+01
0.000000000000000000e+00
5.045236727378019737e+01
5.099058712740205834e+01
0.000000000000000000e+00
0.000000000000000000e+00
3.322162934239679544e+01
3.955304527720402064e+01
0.000000000000000000e+00
4.059904929300266474e+01
3.504565673261346603e+01
3.272905901517111715e+01
4.223075296282299718e+01
6.323069668580685487e+01
0.000000000000000000e+00
6.209486331754622768e+01
4.060125222854654936e+01
0.000000000000000000e+00
0.000000000000000000e+00
0.000000000000000000e+00
6.826817975687382045e+01
0.000000000000000000e+00
0.000000000000000000e+00
6.230263891431279433e+01
5.431945176650453533e+01
4.548627802671492049e+01
0.000000000000000000e+00
5.099058712740205834e+01
4.654232622839644762e+01
3.977504203588896559e+01
4.214078871711083707e+01
5.050659130532365282e+01
3.500505194316782109e+01
4.513304612480824574e+01
5.212475170722836282e+01
5.282642322430755399e+01
4.060125222854654936e+01
0.000000000000000000e+00
5.793330739553581310e+01
0.000000000000000000e+00
0.000000000000000000e+00
3.411305623293722533e+01
5.050659130532365282e+01
4.654232622839644762e+01
2.995568362341710866e+01
6.922082362155623514e+01
3.500505194316782109e+01
0.000000000000000000e+00
0.000000000000000000e+00
0.000000000000000000e+00
4.576435923198698674e+01
4.727318883456045029e+01
4.214078871711083707e+01
5.099058712740205834e+01
0.000000000000000000e+00
6.045188747882854585e+01
0.000000000000000000e+00
0.000000000000000000e+00
0.000000000000000000e+00
3.124899110893197474e+01
4.447548095748350505e+01
0.000000000000000000e+00
0.000000000000000000e+00
3.045447976551952252e+01
3.521656858150190317e+01
6.045188747882854585e+01
2.930316408237322179e+01
3.003799111648950770e+01
2.904223989071881817e+01
0.000000000000000000e+00
5.920813460646406412e+01
6.045188747882854585e+01
3.972313679737180081e+01
0.000000000000000000e+00
3.726416370985811000e+01
3.431986043809379794e+01
4.686750743660794427e+01
0.000000000000000000e+00
0.000000000000000000e+00
0.000000000000000000e+00
0.000000000000000000e+00
3.972313679737180081e+01
2.981296408240606866e+01
0.000000000000000000e+00
3.218533383971402628e+01
3.003799111648950770e+01
3.466970863430776717e+01
3.218533383971402628e+01
3.581291840885653954e+01
0.000000000000000000e+00
0.000000000000000000e+00
0.000000000000000000e+00
0.000000000000000000e+00
0.000000000000000000e+00
0.000000000000000000e+00
0.000000000000000000e+00
0.000000000000000000e+00
4.373691763606086624e+01
4.622896146806819928e+01
0.000000000000000000e+00
0.000000000000000000e+00
3.960723037691804649e+01
4.628765441220982524e+01
0.000000000000000000e+00
0.000000000000000000e+00
5.663912171715559651e+01
3.118851673672740787e+01
0.000000000000000000e+00
2.981296408240606866e+01
0.000000000000000000e+00
0.000000000000000000e+00
2.904223989071881817e+01
0.000000000000000000e+00
3.365259187574658029e+01
3.674012529937260041e+01
4.378620000181206251e+01
5.920813460646406412e+01
3.180691070306783885e+01
3.003799111648950770e+01
3.003799111648950770e+01
5.663912171715559651e+01
3.086994016890909265e+01
0.000000000000000000e+00
0.000000000000000000e+00
4.373691763606086624e+01
4.421848995472134192e+01
0.000000000000000000e+00
0.000000000000000000e+00
6.045188747882854585e+01
4.686750743660794427e+01
0.000000000000000000e+00
5.663912171715559651e+01
4.622896146806819928e+01
0.000000000000000000e+00
3.044689277563540486e+01
2.981296408240606866e+01
4.421848995472134192e+01
2.889615092409016484e+01
0.000000000000000000e+00
0.000000000000000000e+00
3.664532906845968085e+01
0.000000000000000000e+00
3.365259187574658029e+01
2.904223989071881817e+01
2.904223989071881817e+01
4.628765441220982524e+01
4.373691763606086624e+01
0.000000000000000000e+00
4.006084353578100377e+01
3.735355609073980077e+01
3.646069512090093667e+01
0.000000000000000000e+00
0.000000000000000000e+00
4.188794890371821822e+01
