0.000000000000000000e+00
7.845591993067237979e+00
0.000000000000000000e+00
0.000000000000000000e+00
1.371180808719536870e+01
0.000000000000000000e+00
0.000000000000000000e+00
0.000000000000000000e+00
0.000000000000000000e+00
1.144616116850323095e+01
0.000000000000000000e+00
0.000000000000000000e+00
1.607946192481239578e+01
0.000000000000000000e+00
7.611000889543170445e+00
1.467025695802686514e+01
0.000000000000000000e+00
0.000000000000000000e+00
0.000000000000000000e+00
0.000000000000000000e+00
9.547031536456564993e+00
0.000000000000000000e+00
2.540074814171029871e+01
9.412344025280814819e+00
1.467025695802686514e+01
1.175996505796880776e+01
0.000000000000000000e+00
0.000000000000000000e+00
0.000000000000000000e+00
0.000000000000000000e+00
7.371520672593944390e+00
8.126002713529748789e+00
9.716602095946887729e+00
0.000000000000000000e+00
1.364457404451197853e+01
1.366638518844613337e+01
1.366638518844613337e+01
0.000000000000000000e+00
0.000000000000000000e+00
0.000000000000000000e+00
0.000000000000000000e+00
7.151773432388965901e+00
1.144616116850323095e+01
0.000000000000000000e+00
0.000000000000000000e+00
0.000000000000000000e+00
8.985565923185360404e+00
1.163442132564257214e+01
0.000000000000000000e+00
0.000000000000000000e+00
1.077665817760282607e+01
0.000000000000000000e+00
0.000000000000000000e+00
1.301518077861320144e+01
1.144616116850323095e+01
1.103286892797959062e+01
0.000000000000000000e+00
1.167938152890791947e+01
9.373765149885308290e+00
0.000000000000000000e+00
2.540074814171029871e+01
0.000000000000000000e+00
1.050456299032737917e+01
1.144616116850323095e+01
1.386705086957886124e+01
9.373765149885308290e+00
1.366638518844613337e+01
0.000000000000000000e+00
7.012924790072826653e+00
1.366638518844613337e+01
1.182153602114377300e+01
9.815446041574084290e+00
0.000000000000000000e+00
0.000000000000000000e+00
1.154182685011691412e+01
0.000000000000000000e+00
0.000000000000000000e+00
0.000000000000000000e+00
0.000000000000000000e+00
0.000000000000000000e+00
0.000000000000000000e+00
0.000000000000000000e+00
0.000000000000000000e+00
0.000000000000000000e+00
0.000000000000000000e+00
1.321186380323642062e+01
1.642439663146446449e+01
0.000000000000000000e+00
0.000000000000000000e+00
0.000000000000000000e+00
0.000000000000000000e+00
0.000000000000000000e+00
0.000000000000000000e+00
0.000000000000000000e+00
0.000000000000000000e+00
0.000000000000000000e+00
0.000000000000000000e+00
1.009415206019795264e+01
1.340182866998107514e+01
1.086360974989515249e+01
1.642092337909316058e+01
0.000000000000000000e+00
0.000000000000000000e+00
0.000000000000000000e+00
1.467025695802686514e+01
0.000000000000000000e+00
1.642092337909316058e+01
1.580679642729560186e+01
9.351616266229047625e+00
1.085604962602636725e+01
0.000000000000000000e+00
1.402125994386474694e+01
1.214929962971796762e+01
0.000000000000000000e+00
0.000000000000000000e+00
0.000000000000000000e+00
0.000000000000000000e+00
0.000000000000000000e+00
1.642092337909316058e+01
1.167301807710807005e+01
1.642439663146446449e+01
0.000000000000000000e+00
0.000000000000000000e+00
1.442232634862052265e+01
1.642092337909316058e+01
1.642439663146446449e+01
1.575958284944809407e+01
0.000000000000000000e+00
0.000000000000000000e+00
1.642439663146446449e+01
1.368859367356138890e+01
0.000000000000000000e+00
0.000000000000000000e+00
0.000000000000000000e+00
1.214929962971796762e+01
1.275808394779295796e+01
0.000000000000000000e+00
1.508127319760909835e+01
1.575958284944809407e+01
1.080600095598501120e+01
0.000000000000000000e+00
1.582504283794536981e+01
0.000000000000000000e+00
1.642092337909316058e+01
0.000000000000000000e+00
1.323522745303895221e+01
0.000000000000000000e+00
0.000000000000000000e+00
0.000000000000000000e+00
1.269981050360386199e+01
0.000000000000000000e+00
1.697293015643700897e+01
0.000000000000000000e+00
0.000000000000000000e+00
1.101947634862595926e+01
1.717466712904785453e+01
0.000000000000000000e+00
1.167938152890791947e+01
0.000000000000000000e+00
1.371180808719536870e+01
0.000000000000000000e+00
1.642092337909316058e+01
0.000000000000000000e+00
0.000000000000000000e+00
1.642092337909316058e+01
0.000000000000000000e+00
0.000000000000000000e+00
1.302815460250165458e+01
1.575958284944809407e+01
0.000000000000000000e+00
0.000000000000000000e+00
1.246139668659006539e+01
0.000000000000000000e+00
1.072927816322980377e+01
1.368859367356138890e+01
1.340182866998107514e+01
1.056587282220487367e+01
1.496893656725847954e+01
0.000000000000000000e+00
1.142507560802357069e+01
0.000000000000000000e+00
1.678327896326626956e+01
0.000000000000000000e+00
1.580679642729560186e+01
0.000000000000000000e+00
1.642092337909316058e+01
1.335527548489193528e+01
1.181630230585358277e+01
1.479328072627643031e+01
0.000000000000000000e+00
1.229670630245888852e+01
0.000000000000000000e+00
0.000000000000000000e+00
0.000000000000000000e+00
1.371033581591302664e+01
1.328608210844236659e+01
0.000000000000000000e+00
0.000000000000000000e+00
0.000000000000000000e+00
0.000000000000000000e+00
0.000000000000000000e+00
1.491497555145348919e+01
1.678327896326626956e+01
0.000000000000000000e+00
0.000000000000000000e+00
1.441623915799498512e+01
0.000000000000000000e+00
0.000000000000000000e+00
0.000000000000000000e+00
0.000000000000000000e+00
1.254103590865292084e+01
1.011746685419656977e+01
1.103286892797959062e+01
0.000000000000000000e+00
9.455032951476523451e+00
0.000000000000000000e+00
0.000000000000000000e+00
0.000000000000000000e+00
0.000000000000000000e+00
1.644304549111163283e+01
0.000000000000000000e+00
1.402125994386474694e+01
0.000000000000000000e+00
0.000000000000000000e+00
0.000000000000000000e+00
0.000000000000000000e+00
0.000000000000000000e+00
1.301991216756690406e+01
0.000000000000000000e+00
1.635495635811328796e+01
0.000000000000000000e+00
0.000000000000000000e+00
0.000000000000000000e+00
0.000000000000000000e+00
0.000000000000000000e+00
1.074778551305210605e+01
0.000000000000000000e+00
0.000000000000000000e+00
1.113792385013263342e+01
1.254900236515095457e+01
0.000000000000000000e+00
1.254103590865292084e+01
1.529535872467772606e+01
0.000000000000000000e+00
0.000000000000000000e+00
0.000000000000000000e+00
1.301518077861320144e+01
0.000000000000000000e+00
1.642092337909316058e+01
0.000000000000000000e+00
0.000000000000000000e+00
0.000000000000000000e+00
9.583839325492792938e+00
9.373765149885308290e+00
0.000000000000000000e+00
1.642092337909316058e+01
0.000000000000000000e+00
0.000000000000000000e+00
0.000000000000000000e+00
9.087962423633033637e+00
0.000000000000000000e+00
0.000000000000000000e+00
0.000000000000000000e+00
1.374334814651939674e+01
0.000000000000000000e+00
0.000000000000000000e+00
0.000000000000000000e+00
0.000000000000000000e+00
0.000000000000000000e+00
0.000000000000000000e+00
1.529535872467772606e+01
0.000000000000000000e+00
0.000000000000000000e+00
0.000000000000000000e+00
1.409170728751237078e+01
1.351161582398455430e+01
1.084145714133040350e+01
0.000000000000000000e+00
1.467025695802686514e+01
0.000000000000000000e+00
0.000000000000000000e+00
0.000000000000000000e+00
0.000000000000000000e+00
1.370126070224462111e+01
0.000000000000000000e+00
0.000000000000000000e+00
0.000000000000000000e+00
0.000000000000000000e+00
1.642439663146446449e+01
0.000000000000000000e+00
0.000000000000000000e+00
0.000000000000000000e+00
0.000000000000000000e+00
0.000000000000000000e+00
0.000000000000000000e+00
1.678327896326626956e+01
1.333392883643014848e+01
0.000000000000000000e+00
1.467025695802686514e+01
0.000000000000000000e+00
1.417971250337371636e+01
0.000000000000000000e+00
0.000000000000000000e+00
0.000000000000000000e+00
1.353794887074498021e+01
1.665333560338101648e+01
0.000000000000000000e+00
0.000000000000000000e+00
0.000000000000000000e+00
0.000000000000000000e+00
9.212176116512171831e+00
1.118261220819240442e+01
1.048348817899899288e+01
0.000000000000000000e+00
1.232472603684089130e+01
0.000000000000000000e+00
0.000000000000000000e+00
1.455930242481945669e+01
0.000000000000000000e+00
0.000000000000000000e+00
0.000000000000000000e+00
0.000000000000000000e+00
1.644304549111163283e+01
1.452174380882746441e+01
1.666381351006629785e+01
1.370126070224462111e+01
0.000000000000000000e+00
0.000000000000000000e+00
0.000000000000000000e+00
0.000000000000000000e+00
9.411120482349424776e+00
0.000000000000000000e+00
0.000000000000000000e+00
1.407879916704765932e+01
1.347745581969549278e+01
1.597558274281711199e+01
1.316376943211415806e+01
0.000000000000000000e+00
1.504369244612745682e+01
0.000000000000000000e+00
0.000000000000000000e+00
0.000000000000000000e+00
0.000000000000000000e+00
0.000000000000000000e+00
1.479328072627643031e+01
0.000000000000000000e+00
1.314891432129184778e+01
0.000000000000000000e+00
0.000000000000000000e+00
9.781111403122420000e+00
0.000000000000000000e+00
0.000000000000000000e+00
0.000000000000000000e+00
1.088315689328710079e+01
0.000000000000000000e+00
0.000000000000000000e+00
0.000000000000000000e+00
1.642092337909316058e+01
1.678327896326626956e+01
1.467025695802686514e+01
0.000000000000000000e+00
0.000000000000000000e+00
1.266083224990284251e+01
0.000000000000000000e+00
0.000000000000000000e+00
0.000000000000000000e+00
0.000000000000000000e+00
0.000000000000000000e+00
1.075916706615309870e+01
1.597558274281711199e+01
0.000000000000000000e+00
0.000000000000000000e+00
0.000000000000000000e+00
0.000000000000000000e+00
1.221256512391172500e+01
1.474025295759715526e+01
1.370126070224462111e+01
0.000000000000000000e+00
9.789969986428275206e+00
0.000000000000000000e+00
0.000000000000000000e+00
9.599226772488918868e+00
1.474025295759715526e+01
0.000000000000000000e+00
0.000000000000000000e+00
1.678327896326626956e+01
0.000000000000000000e+00
0.000000000000000000e+00
0.000000000000000000e+00
0.000000000000000000e+00
1.214628159480638736e+01
1.417231900513890963e+01
0.000000000000000000e+00
0.000000000000000000e+00
1.029935982407234185e+01
1.417231900513890963e+01
0.000000000000000000e+00
0.000000000000000000e+00
0.000000000000000000e+00
0.000000000000000000e+00
1.678327896326626956e+01
1.272033102838099161e+01
1.075916706615309870e+01
0.000000000000000000e+00
0.000000000000000000e+00
1.474025295759715526e+01
0.000000000000000000e+00
1.301197456978917266e+01
1.557936456193278296e+01
0.000000000000000000e+00
1.087733615593777081e+01
1.642092337909316058e+01
1.678327896326626956e+01
0.000000000000000000e+00
1.479328072627643031e+01
0.000000000000000000e+00
0.000000000000000000e+00
1.048348817899899288e+01
0.000000000000000000e+00
1.455930242481945669e+01
0.000000000000000000e+00
0.000000000000000000e+00
0.000000000000000000e+00
0.000000000000000000e+00
1.496893656725847954e+01
1.210745219871898826e+01
0.000000000000000000e+00
0.000000000000000000e+00
0.000000000000000000e+00
1.366638518844613337e+01
1.075916706615309870e+01
0.000000000000000000e+00
1.370849820044042922e+01
0.000000000000000000e+00
1.642092337909316058e+01
0.000000000000000000e+00
9.901800148664518630e+00
0.000000000000000000e+00
0.000000000000000000e+00
0.000000000000000000e+00
1.642439663146446449e+01
0.000000000000000000e+00
1.607946192481239578e+01
1.370126070224462111e+01
1.074778551305210605e+01
0.000000000000000000e+00
0.000000000000000000e+00
1.332008530910984767e+01
0.000000000000000000e+00
1.291832944028548980e+01
0.000000000000000000e+00
1.642439663146446449e+01
0.000000000000000000e+00
9.756993506458748300e+00
1.678327896326626956e+01
1.557936456193278296e+01
0.000000000000000000e+00
1.071853456090962631e+01
0.000000000000000000e+00
7.845591993067237979e+00
9.296746200357752343e+00
1.172894430790612574e+01
1.156982001543557637e+01
0.000000000000000000e+00
0.000000000000000000e+00
1.539381224878390064e+01
0.000000000000000000e+00
0.000000000000000000e+00
1.635223096811787258e+01
1.075117687100821939e+01
0.000000000000000000e+00
1.458219346824797391e+01
1.323522745303895221e+01
0.000000000000000000e+00
0.000000000000000000e+00
1.243393447792120554e+01
1.401674101037421494e+01
1.335678116023773576e+01
0.000000000000000000e+00
0.000000000000000000e+00
0.000000000000000000e+00
0.000000000000000000e+00
0.000000000000000000e+00
0.000000000000000000e+00
1.642092337909316058e+01
1.041619990072290314e+01
0.000000000000000000e+00
1.008219302338211065e+01
1.635495635811328796e+01
0.000000000000000000e+00
0.000000000000000000e+00
1.642092337909316058e+01
1.529535872467772606e+01
0.000000000000000000e+00
0.000000000000000000e+00
0.000000000000000000e+00
0.000000000000000000e+00
8.597018587428449266e+00
0.000000000000000000e+00
1.125997893926625792e+01
9.746336969736688616e+00
0.000000000000000000e+00
1.174150482834840581e+01
1.081965952187897173e+01
8.107915838306853473e+00
0.000000000000000000e+00
1.529325565425447842e+01
1.117250418204366902e+01
0.000000000000000000e+00
1.301518077861320144e+01
0.000000000000000000e+00
0.000000000000000000e+00
0.000000000000000000e+00
0.000000000000000000e+00
1.259824200313008191e+01
0.000000000000000000e+00
1.174150482834840581e+01
0.000000000000000000e+00
1.809583965249713344e+01
0.000000000000000000e+00
0.000000000000000000e+00
1.370126070224462111e+01
0.000000000000000000e+00
0.000000000000000000e+00
0.000000000000000000e+00
1.301518077861320144e+01
0.000000000000000000e+00
1.332464880880730718e+01
0.000000000000000000e+00
8.316241865582247428e+00
0.000000000000000000e+00
1.120572727508092470e+01
1.116376333039836055e+01
0.000000000000000000e+00
0.000000000000000000e+00
0.000000000000000000e+00
1.607946192481239578e+01
8.359776765017597810e+00
0.000000000000000000e+00
0.000000000000000000e+00
9.623959821735056153e+00
0.000000000000000000e+00
1.292669234637536846e+01
0.000000000000000000e+00
0.000000000000000000e+00
1.529325565425447842e+01
0.000000000000000000e+00
0.000000000000000000e+00
0.000000000000000000e+00
0.000000000000000000e+00
0.000000000000000000e+00
0.000000000000000000e+00
0.000000000000000000e+00
0.000000000000000000e+00
0.000000000000000000e+00
6.370606857550177970e+00
1.529535872467772606e+01
0.000000000000000000e+00
0.000000000000000000e+00
1.305136160871072804e+01
0.000000000000000000e+00
0.000000000000000000e+00
0.000000000000000000e+00
0.000000000000000000e+00
0.000000000000000000e+00
0.000000000000000000e+00
9.818619046780471038e+00
0.000000000000000000e+00
1.529535872467772606e+01
0.000000000000000000e+00
0.000000000000000000e+00
0.000000000000000000e+00
0.000000000000000000e+00
0.000000000000000000e+00
0.000000000000000000e+00
1.529535872467772606e+01
0.000000000000000000e+00
7.591484652847269921e+00
0.000000000000000000e+00
0.000000000000000000e+00
1.642092337909316058e+01
0.000000000000000000e+00
6.370606857550177970e+00
1.181562706909109117e+01
1.156982001543557637e+01
0.000000000000000000e+00
0.000000000000000000e+00
0.000000000000000000e+00
0.000000000000000000e+00
1.642092337909316058e+01
0.000000000000000000e+00
7.508914306177445042e+00
0.000000000000000000e+00
0.000000000000000000e+00
0.000000000000000000e+00
0.000000000000000000e+00
9.650538561239365265e+00
0.000000000000000000e+00
0.000000000000000000e+00
1.490529550049304675e+01
0.000000000000000000e+00
1.196844038406843147e+01
8.952743721839606650e+00
1.091908058274730031e+01
1.364457404451197853e+01
0.000000000000000000e+00
1.402951392248416163e+01
1.132480169370658274e+01
0.000000000000000000e+00
0.000000000000000000e+00
0.000000000000000000e+00
0.000000000000000000e+00
1.480812535147981102e+01
1.702003227257251439e+01
0.000000000000000000e+00
0.000000000000000000e+00
0.000000000000000000e+00
8.212598372788947998e+00
6.784722463753660726e+00
0.000000000000000000e+00
6.793437954115735700e+00
1.642439663146446449e+01
9.952772438210873318e+00
0.000000000000000000e+00
0.000000000000000000e+00
1.203450296700307121e+01
0.000000000000000000e+00
1.246139668659006539e+01
0.000000000000000000e+00
1.129135992325469040e+01
8.174364296122220708e+00
1.642439663146446449e+01
8.174364296122220708e+00
0.000000000000000000e+00
0.000000000000000000e+00
1.289776608399192881e+01
0.000000000000000000e+00
0.000000000000000000e+00
0.000000000000000000e+00
1.262706448458926012e+01
0.000000000000000000e+00
1.185138882412282335e+01
0.000000000000000000e+00
0.000000000000000000e+00
1.228724454043478787e+01
0.000000000000000000e+00
1.246139668659006539e+01
0.000000000000000000e+00
0.000000000000000000e+00
0.000000000000000000e+00
0.000000000000000000e+00
8.174364296122220708e+00
1.129135992325469040e+01
1.246139668659006539e+01
1.303181705768826504e+01
0.000000000000000000e+00
0.000000000000000000e+00
0.000000000000000000e+00
0.000000000000000000e+00
0.000000000000000000e+00
0.000000000000000000e+00
0.000000000000000000e+00
1.228724454043478787e+01
0.000000000000000000e+00
0.000000000000000000e+00
0.000000000000000000e+00
8.174364296122220708e+00
0.000000000000000000e+00
0.000000000000000000e+00
0.000000000000000000e+00
0.000000000000000000e+00
1.214676872512976580e+01
0.000000000000000000e+00
0.000000000000000000e+00
0.000000000000000000e+00
0.000000000000000000e+00
0.000000000000000000e+00
0.000000000000000000e+00
0.000000000000000000e+00
8.311247320487671786e+00
0.000000000000000000e+00
0.000000000000000000e+00
0.000000000000000000e+00
9.342561040464374855e+00
0.000000000000000000e+00
1.464981290253441948e+01
8.509234986145177260e+00
7.777870149028271562e+00
0.000000000000000000e+00
0.000000000000000000e+00
0.000000000000000000e+00
1.642439663146446449e+01
1.569960858085157795e+01
0.000000000000000000e+00
9.493883094624353092e+00
1.580679642729560186e+01
1.467025695802686514e+01
1.467025695802686514e+01
0.000000000000000000e+00
0.000000000000000000e+00
0.000000000000000000e+00
0.000000000000000000e+00
1.385767641138792250e+01
1.132480169370658274e+01
0.000000000000000000e+00
1.527460992823423780e+01
1.182153602114377300e+01
1.262706448458926012e+01
8.392385341271081600e+00
0.000000000000000000e+00
0.000000000000000000e+00
0.000000000000000000e+00
1.483337544439536870e+01
0.000000000000000000e+00
0.000000000000000000e+00
0.000000000000000000e+00
1.182153602114377300e+01
9.885314898720277910e+00
8.821217967141750549e+00
1.374812001618898272e+01
0.000000000000000000e+00
0.000000000000000000e+00
0.000000000000000000e+00
1.097110199119248186e+01
0.000000000000000000e+00
0.000000000000000000e+00
0.000000000000000000e+00
0.000000000000000000e+00
0.000000000000000000e+00
0.000000000000000000e+00
7.134054922268272314e+00
0.000000000000000000e+00
0.000000000000000000e+00
1.408494203341148676e+01
1.182153602114377300e+01
1.038233291526350577e+01
0.000000000000000000e+00
6.531815364113217726e+00
1.036666100499496146e+01
0.000000000000000000e+00
0.000000000000000000e+00
1.182497115453179148e+01
1.097110199119248186e+01
0.000000000000000000e+00
0.000000000000000000e+00
1.212080058420727191e+01
0.000000000000000000e+00
1.371180808719536870e+01
0.000000000000000000e+00
1.491497555145348919e+01
1.212080058420727191e+01
0.000000000000000000e+00
0.000000000000000000e+00
1.145338890966953471e+01
1.569960858085157795e+01
1.374812001618898272e+01
0.000000000000000000e+00
0.000000000000000000e+00
1.167938152890791947e+01
1.203450296700307121e+01
0.000000000000000000e+00
0.000000000000000000e+00
0.000000000000000000e+00
1.097941509964314832e+01
0.000000000000000000e+00
1.467025695802686514e+01
1.455930242481945669e+01
2.156647156492901374e+01
0.000000000000000000e+00
9.403330003314085417e+00
0.000000000000000000e+00
0.000000000000000000e+00
9.325276192609990744e+00
0.000000000000000000e+00
6.902131853687462737e+00
1.374812001618898272e+01
0.000000000000000000e+00
0.000000000000000000e+00
9.325276192609990744e+00
0.000000000000000000e+00
0.000000000000000000e+00
1.374812001618898272e+01
0.000000000000000000e+00
1.467025695802686514e+01
1.374812001618898272e+01
0.000000000000000000e+00
0.000000000000000000e+00
1.417231900513890963e+01
0.000000000000000000e+00
1.303533267888119695e+01
0.000000000000000000e+00
1.551962285195405400e+01
1.417231900513890963e+01
0.000000000000000000e+00
1.607946192481239578e+01
0.000000000000000000e+00
0.000000000000000000e+00
0.000000000000000000e+00
0.000000000000000000e+00
0.000000000000000000e+00
1.144616116850323095e+01
0.000000000000000000e+00
1.399857816618509432e+01
0.000000000000000000e+00
0.000000000000000000e+00
0.000000000000000000e+00
0.000000000000000000e+00
0.000000000000000000e+00
0.000000000000000000e+00
1.479328072627643031e+01
1.361314330291620500e+01
1.697293015643700897e+01
1.404265502935682441e+01
0.000000000000000000e+00
0.000000000000000000e+00
0.000000000000000000e+00
1.453826116413567249e+01
1.111588083198904364e+01
1.455930242481945669e+01
1.807183510759475453e+01
0.000000000000000000e+00
1.249692496444999001e+01
1.544727827886174509e+01
0.000000000000000000e+00
0.000000000000000000e+00
0.000000000000000000e+00
0.000000000000000000e+00
1.249692496444999001e+01
0.000000000000000000e+00
0.000000000000000000e+00
1.029454389687799143e+01
1.417971250337371636e+01
0.000000000000000000e+00
1.529535872467772606e+01
0.000000000000000000e+00
1.522196508017939820e+01
0.000000000000000000e+00
1.607946192481239578e+01
0.000000000000000000e+00
0.000000000000000000e+00
1.442232634862052265e+01
1.438592324147275292e+01
0.000000000000000000e+00
0.000000000000000000e+00
0.000000000000000000e+00
0.000000000000000000e+00
1.080387296975455058e+01
1.642092337909316058e+01
0.000000000000000000e+00
0.000000000000000000e+00
0.000000000000000000e+00
1.285535201422713314e+01
1.474025295759715526e+01
0.000000000000000000e+00
1.301197456978917266e+01
0.000000000000000000e+00
0.000000000000000000e+00
1.080387296975455058e+01
0.000000000000000000e+00
0.000000000000000000e+00
0.000000000000000000e+00
0.000000000000000000e+00
0.000000000000000000e+00
0.000000000000000000e+00
1.321186380323642062e+01
1.361314330291620500e+01
0.000000000000000000e+00
1.636352255444292680e+01
0.000000000000000000e+00
0.000000000000000000e+00
0.000000000000000000e+00
1.146645947943816601e+01
0.000000000000000000e+00
1.455930242481945669e+01
1.870828860998337362e+01
0.000000000000000000e+00
0.000000000000000000e+00
1.272033102838099161e+01
1.495799329078133866e+01
1.221256512391172500e+01
1.129177987507551606e+01
1.302314532122072599e+01
1.301518077861320144e+01
0.000000000000000000e+00
0.000000000000000000e+00
1.225295343345224630e+01
1.273175367437060501e+01
0.000000000000000000e+00
0.000000000000000000e+00
0.000000000000000000e+00
0.000000000000000000e+00
0.000000000000000000e+00
0.000000000000000000e+00
0.000000000000000000e+00
0.000000000000000000e+00
1.036666100499496146e+01
0.000000000000000000e+00
0.000000000000000000e+00
9.373765149885308290e+00
1.071407817565311760e+01
1.163442132564257214e+01
0.000000000000000000e+00
1.179654313319942283e+01
1.477188736811201508e+01
0.000000000000000000e+00
9.287848090784120103e+00
1.273175367437060501e+01
0.000000000000000000e+00
0.000000000000000000e+00
0.000000000000000000e+00
1.273175367437060501e+01
1.273175367437060501e+01
1.032097989892175249e+01
1.203566577228047585e+01
0.000000000000000000e+00
1.386705086957886124e+01
0.000000000000000000e+00
0.000000000000000000e+00
0.000000000000000000e+00
0.000000000000000000e+00
0.000000000000000000e+00
1.650336693044087610e+01
0.000000000000000000e+00
1.479328072627643031e+01
1.607946192481239578e+01
1.193501456759315715e+01
0.000000000000000000e+00
0.000000000000000000e+00
0.000000000000000000e+00
0.000000000000000000e+00
9.373765149885308290e+00
1.162992775763921571e+01
0.000000000000000000e+00
0.000000000000000000e+00
1.061119010838971732e+01
0.000000000000000000e+00
0.000000000000000000e+00
1.385767641138792250e+01
1.815495040999792309e+01
0.000000000000000000e+00
1.569960858085157795e+01
0.000000000000000000e+00
0.000000000000000000e+00
0.000000000000000000e+00
9.894290059141541249e+00
1.455844243253108772e+01
1.483337544439536870e+01
1.386705086957886124e+01
1.078583066656291756e+01
0.000000000000000000e+00
0.000000000000000000e+00
0.000000000000000000e+00
1.221425386811104197e+01
0.000000000000000000e+00
0.000000000000000000e+00
0.000000000000000000e+00
1.502818664079199174e+01
1.026810312160186101e+01
0.000000000000000000e+00
0.000000000000000000e+00
0.000000000000000000e+00
1.327379386866268440e+01
0.000000000000000000e+00
0.000000000000000000e+00
0.000000000000000000e+00
1.223629930686398026e+01
1.529535872467772606e+01
1.273175367437060501e+01
1.366638518844613337e+01
0.000000000000000000e+00
0.000000000000000000e+00
1.491497555145348919e+01
1.132513544879809686e+01
0.000000000000000000e+00
1.097920371421226626e+01
0.000000000000000000e+00
1.140643509925116739e+01
1.057624481475175848e+01
9.790363908325533160e+00
0.000000000000000000e+00
1.335527548489193528e+01
0.000000000000000000e+00
1.371033581591302664e+01
0.000000000000000000e+00
0.000000000000000000e+00
0.000000000000000000e+00
0.000000000000000000e+00
0.000000000000000000e+00
0.000000000000000000e+00
0.000000000000000000e+00
1.413849297480033051e+01
0.000000000000000000e+00
1.404265502935682441e+01
0.000000000000000000e+00
0.000000000000000000e+00
0.000000000000000000e+00
0.000000000000000000e+00
0.000000000000000000e+00
0.000000000000000000e+00
1.642092337909316058e+01
0.000000000000000000e+00
1.399857816618509432e+01
0.000000000000000000e+00
1.167301807710807005e+01
0.000000000000000000e+00
0.000000000000000000e+00
0.000000000000000000e+00
0.000000000000000000e+00
0.000000000000000000e+00
1.217132927593379854e+01
1.467025695802686514e+01
0.000000000000000000e+00
1.551962285195405400e+01
1.057597155782273646e+01
1.364043177244356819e+01
1.062976232825713829e+01
0.000000000000000000e+00
0.000000000000000000e+00
0.000000000000000000e+00
0.000000000000000000e+00
0.000000000000000000e+00
1.508127319760909835e+01
1.366638518844613337e+01
0.000000000000000000e+00
7.331290517551003028e+00
0.000000000000000000e+00
0.000000000000000000e+00
0.000000000000000000e+00
1.042119505101688937e+01
0.000000000000000000e+00
1.642092337909316058e+01
0.000000000000000000e+00
0.000000000000000000e+00
0.000000000000000000e+00
1.467025695802686514e+01
0.000000000000000000e+00
0.000000000000000000e+00
9.386078866395777709e+00
0.000000000000000000e+00
1.299056399905336612e+01
0.000000000000000000e+00
1.187543413632812239e+01
0.000000000000000000e+00
0.000000000000000000e+00
0.000000000000000000e+00
1.211597053958794135e+01
1.057597155782273646e+01
1.339071942098157386e+01
0.000000000000000000e+00
0.000000000000000000e+00
1.409170728751237078e+01
1.467025695802686514e+01
0.000000000000000000e+00
8.392385341271081600e+00
1.217132927593379854e+01
0.000000000000000000e+00
0.000000000000000000e+00
0.000000000000000000e+00
0.000000000000000000e+00
0.000000000000000000e+00
1.191700810618452522e+01
0.000000000000000000e+00
0.000000000000000000e+00
0.000000000000000000e+00
1.467025695802686514e+01
0.000000000000000000e+00
1.163442132564257214e+01
1.370126070224462111e+01
0.000000000000000000e+00
0.000000000000000000e+00
0.000000000000000000e+00
1.368859367356138890e+01
1.129135992325469040e+01
0.000000000000000000e+00
1.167938152890791947e+01
0.000000000000000000e+00
0.000000000000000000e+00
0.000000000000000000e+00
0.000000000000000000e+00
0.000000000000000000e+00
0.000000000000000000e+00
1.467025695802686514e+01
0.000000000000000000e+00
1.648345299975859390e+01
0.000000000000000000e+00
1.102921017822071725e+01
0.000000000000000000e+00
0.000000000000000000e+00
8.628281228285933580e+00
1.163442132564257214e+01
0.000000000000000000e+00
0.000000000000000000e+00
0.000000000000000000e+00
0.000000000000000000e+00
0.000000000000000000e+00
1.642439663146446449e+01
0.000000000000000000e+00
1.607946192481239578e+01
0.000000000000000000e+00
0.000000000000000000e+00
6.212725867091197784e+00
0.000000000000000000e+00
9.448144906246078278e+00
1.467025695802686514e+01
0.000000000000000000e+00
1.849998598955556872e+01
0.000000000000000000e+00
1.254900236515095457e+01
0.000000000000000000e+00
8.230871277938891950e+00
1.607946192481239578e+01
1.849998598955556872e+01
0.000000000000000000e+00
0.000000000000000000e+00
9.448144906246078278e+00
8.714234802274969383e+00
1.607946192481239578e+01
1.642439663146446449e+01
7.232441313358271451e+00
0.000000000000000000e+00
9.184508177512123339e+00
9.746336969736688616e+00
6.825356432449894761e+00
1.642092337909316058e+01
1.273175367437060501e+01
0.000000000000000000e+00
8.772464594017279182e+00
1.125997893926625792e+01
8.459046295993521980e+00
0.000000000000000000e+00
1.371033581591302664e+01
1.849998598955556872e+01
1.125997893926625792e+01
1.809583965249713344e+01
1.607946192481239578e+01
0.000000000000000000e+00
1.052547040391079136e+01
1.174150482834840581e+01
1.068195183737005927e+01
1.026780835952532733e+01
1.056587282220487367e+01
0.000000000000000000e+00
0.000000000000000000e+00
0.000000000000000000e+00
1.262977500339485104e+01
1.250279708195825634e+01
1.174150482834840581e+01
1.227098171071414612e+01
8.527617902224223556e+00
1.108829339692763760e+01
1.013511889308452929e+01
1.366638518844613337e+01
0.000000000000000000e+00
0.000000000000000000e+00
0.000000000000000000e+00
9.104448140783992116e+00
0.000000000000000000e+00
9.454010181184438366e+00
1.642092337909316058e+01
0.000000000000000000e+00
1.607946192481239578e+01
0.000000000000000000e+00
0.000000000000000000e+00
1.161413653221887010e+01
0.000000000000000000e+00
0.000000000000000000e+00
1.642439663146446449e+01
1.312868545635163642e+01
0.000000000000000000e+00
1.254900236515095457e+01
0.000000000000000000e+00
0.000000000000000000e+00
1.642439663146446449e+01
0.000000000000000000e+00
1.333398723305088929e+01
0.000000000000000000e+00
0.000000000000000000e+00
8.389899923703003637e+00
8.987789174540385062e+00
1.457655718715163928e+01
9.085475794285521545e+00
9.950573036768419755e+00
1.353794887074498021e+01
0.000000000000000000e+00
0.000000000000000000e+00
1.312868545635163642e+01
0.000000000000000000e+00
0.000000000000000000e+00
0.000000000000000000e+00
2.115067553880827234e+01
0.000000000000000000e+00
0.000000000000000000e+00
0.000000000000000000e+00
0.000000000000000000e+00
0.000000000000000000e+00
0.000000000000000000e+00
9.598296290406306497e+00
1.146937842161012533e+01
1.529535872467772606e+01
0.000000000000000000e+00
0.000000000000000000e+00
0.000000000000000000e+00
1.262977500339485104e+01
1.642092337909316058e+01
0.000000000000000000e+00
0.000000000000000000e+00
0.000000000000000000e+00
0.000000000000000000e+00
0.000000000000000000e+00
1.063147297823789650e+01
1.496893656725847954e+01
0.000000000000000000e+00
0.000000000000000000e+00
1.636352255444292680e+01
1.066483267822662917e+01
0.000000000000000000e+00
0.000000000000000000e+00
0.000000000000000000e+00
9.818619046780471038e+00
0.000000000000000000e+00
0.000000000000000000e+00
0.000000000000000000e+00
0.000000000000000000e+00
0.000000000000000000e+00
0.000000000000000000e+00
0.000000000000000000e+00
0.000000000000000000e+00
0.000000000000000000e+00
1.049381502236342101e+01
1.442232634862052265e+01
0.000000000000000000e+00
1.807183510759475453e+01
0.000000000000000000e+00
1.029454389687799143e+01
1.887112115978344207e+01
1.636352255444292680e+01
1.316376943211415806e+01
1.508127319760909835e+01
0.000000000000000000e+00
0.000000000000000000e+00
1.636352255444292680e+01
0.000000000000000000e+00
0.000000000000000000e+00
1.301518077861320144e+01
0.000000000000000000e+00
0.000000000000000000e+00
0.000000000000000000e+00
0.000000000000000000e+00
0.000000000000000000e+00
1.441842108487454510e+01
0.000000000000000000e+00
1.235593085480141973e+01
0.000000000000000000e+00
0.000000000000000000e+00
0.000000000000000000e+00
0.000000000000000000e+00
0.000000000000000000e+00
0.000000000000000000e+00
0.000000000000000000e+00
0.000000000000000000e+00
0.000000000000000000e+00
1.206237618101432574e+01
1.164920253050492072e+01
0.000000000000000000e+00
8.316241865582247428e+00
0.000000000000000000e+00
0.000000000000000000e+00
0.000000000000000000e+00
0.000000000000000000e+00
0.000000000000000000e+00
0.000000000000000000e+00
1.316376943211415806e+01
0.000000000000000000e+00
1.044004799867601996e+01
0.000000000000000000e+00
0.000000000000000000e+00
8.520357196832636149e+00
1.544727827886174509e+01
0.000000000000000000e+00
1.807183510759475453e+01
0.000000000000000000e+00
0.000000000000000000e+00
0.000000000000000000e+00
1.479328072627643031e+01
1.292669234637536846e+01
1.743901033411548696e+01
0.000000000000000000e+00
8.598597442246056488e+00
0.000000000000000000e+00
0.000000000000000000e+00
1.790640534923396032e+01
1.509324758544318179e+01
0.000000000000000000e+00
1.642092337909316058e+01
0.000000000000000000e+00
1.476846348836446055e+01
0.000000000000000000e+00
1.038982942768576656e+01
0.000000000000000000e+00
1.479328072627643031e+01
0.000000000000000000e+00
1.743901033411548696e+01
1.366638518844613337e+01
0.000000000000000000e+00
1.370126070224462111e+01
1.642092337909316058e+01
1.348447472143364401e+01
0.000000000000000000e+00
0.000000000000000000e+00
0.000000000000000000e+00
0.000000000000000000e+00
0.000000000000000000e+00
0.000000000000000000e+00
1.508127319760909835e+01
0.000000000000000000e+00
0.000000000000000000e+00
1.668533364319451451e+01
0.000000000000000000e+00
1.529535872467772606e+01
1.479328072627643031e+01
1.312868545635163642e+01
1.642092337909316058e+01
0.000000000000000000e+00
0.000000000000000000e+00
1.045554247905484857e+01
1.057624481475175848e+01
0.000000000000000000e+00
0.000000000000000000e+00
1.636352255444292680e+01
1.479328072627643031e+01
0.000000000000000000e+00
1.281827335124431322e+01
0.000000000000000000e+00
1.479328072627643031e+01
0.000000000000000000e+00
0.000000000000000000e+00
1.267401058749477016e+01
0.000000000000000000e+00
0.000000000000000000e+00
0.000000000000000000e+00
1.162711407348430015e+01
9.826211063384022282e+00
1.496893656725847954e+01
1.607946192481239578e+01
1.642092337909316058e+01
1.607946192481239578e+01
1.668533364319451451e+01
0.000000000000000000e+00
0.000000000000000000e+00
1.272033102838099161e+01
0.000000000000000000e+00
1.467025695802686514e+01
1.635495635811328796e+01
0.000000000000000000e+00
0.000000000000000000e+00
1.259824200313008191e+01
1.467025695802686514e+01
0.000000000000000000e+00
1.607946192481239578e+01
1.262977500339485104e+01
0.000000000000000000e+00
0.000000000000000000e+00
1.142638457945339781e+01
1.340182866998107514e+01
0.000000000000000000e+00
1.642439663146446449e+01
1.136408240425147298e+01
1.162601321144536826e+01
0.000000000000000000e+00
0.000000000000000000e+00
0.000000000000000000e+00
0.000000000000000000e+00
0.000000000000000000e+00
1.335527548489193528e+01
1.551962285195405400e+01
1.642092337909316058e+01
0.000000000000000000e+00
9.254104633793190260e+00
0.000000000000000000e+00
0.000000000000000000e+00
0.000000000000000000e+00
1.301602067033040377e+01
1.161054191273763259e+01
0.000000000000000000e+00
0.000000000000000000e+00
0.000000000000000000e+00
0.000000000000000000e+00
0.000000000000000000e+00
1.361270338968199134e+01
1.642439663146446449e+01
0.000000000000000000e+00
1.307754111031063893e+01
0.000000000000000000e+00
0.000000000000000000e+00
9.682007085595436990e+00
1.529535872467772606e+01
0.000000000000000000e+00
1.529535872467772606e+01
0.000000000000000000e+00
0.000000000000000000e+00
0.000000000000000000e+00
0.000000000000000000e+00
0.000000000000000000e+00
9.280471188424527895e+00
0.000000000000000000e+00
1.116563641718425970e+01
1.479328072627643031e+01
0.000000000000000000e+00
1.399857816618509432e+01
1.226606286841376736e+01
0.000000000000000000e+00
1.204125948143846792e+01
1.374334814651939674e+01
1.258336814455603303e+01
0.000000000000000000e+00
1.268381373711011051e+01
1.366638518844613337e+01
1.642439663146446449e+01
1.635495635811328796e+01
0.000000000000000000e+00
0.000000000000000000e+00
0.000000000000000000e+00
1.316376943211415806e+01
1.214374754997545658e+01
1.167938152890791947e+01
1.636352255444292680e+01
1.747571656321284550e+01
1.479328072627643031e+01
0.000000000000000000e+00
1.536510006511473669e+01
1.332008530910984767e+01
0.000000000000000000e+00
0.000000000000000000e+00
0.000000000000000000e+00
0.000000000000000000e+00
1.642439663146446449e+01
1.258336814455603303e+01
1.607946192481239578e+01
1.535205847296685988e+01
1.228985469004825681e+01
0.000000000000000000e+00
0.000000000000000000e+00
0.000000000000000000e+00
1.371180808719536870e+01
0.000000000000000000e+00
0.000000000000000000e+00
0.000000000000000000e+00
0.000000000000000000e+00
9.410605140216731002e+00
1.607946192481239578e+01
0.000000000000000000e+00
8.527617902224223556e+00
0.000000000000000000e+00
0.000000000000000000e+00
1.058563251515652759e+01
1.311071343020738489e+01
0.000000000000000000e+00
1.636352255444292680e+01
0.000000000000000000e+00
1.226905488304823244e+01
0.000000000000000000e+00
9.682770479252361895e+00
0.000000000000000000e+00
1.644304549111163283e+01
1.142190080195258872e+01
1.887112115978344207e+01
0.000000000000000000e+00
0.000000000000000000e+00
0.000000000000000000e+00
0.000000000000000000e+00
1.060481178348979192e+01
0.000000000000000000e+00
1.536510006511473669e+01
0.000000000000000000e+00
0.000000000000000000e+00
0.000000000000000000e+00
0.000000000000000000e+00
1.316376943211415806e+01
0.000000000000000000e+00
0.000000000000000000e+00
1.267358099414330752e+01
0.000000000000000000e+00
0.000000000000000000e+00
1.129135992325469040e+01
0.000000000000000000e+00
0.000000000000000000e+00
0.000000000000000000e+00
1.508127319760909835e+01
0.000000000000000000e+00
1.165414677815056166e+01
1.491497555145348919e+01
1.747571656321284550e+01
0.000000000000000000e+00
0.000000000000000000e+00
0.000000000000000000e+00
1.519539156264784552e+01
0.000000000000000000e+00
1.069305243209232614e+01
1.198634569026324392e+01
1.145808875653424685e+01
0.000000000000000000e+00
9.087962423633033637e+00
0.000000000000000000e+00
0.000000000000000000e+00
1.364457404451197853e+01
1.467025695802686514e+01
0.000000000000000000e+00
8.605538047599122109e+00
1.508127319760909835e+01
0.000000000000000000e+00
0.000000000000000000e+00
0.000000000000000000e+00
1.607946192481239578e+01
1.273175367437060501e+01
0.000000000000000000e+00
0.000000000000000000e+00
1.607946192481239578e+01
9.463213782513957284e+00
0.000000000000000000e+00
0.000000000000000000e+00
1.642092337909316058e+01
1.508127319760909835e+01
7.632337817080533604e+00
1.747571656321284550e+01
1.508127319760909835e+01
1.747571656321284550e+01
0.000000000000000000e+00
1.198634569026324392e+01
1.140328907633431754e+01
1.642439663146446449e+01
1.580679642729560186e+01
1.747571656321284550e+01
0.000000000000000000e+00
0.000000000000000000e+00
1.303533267888119695e+01
0.000000000000000000e+00
0.000000000000000000e+00
1.467025695802686514e+01
1.432946232741701387e+01
1.519539156264784552e+01
0.000000000000000000e+00
0.000000000000000000e+00
1.491497555145348919e+01
1.508127319760909835e+01
0.000000000000000000e+00
0.000000000000000000e+00
1.272388886067247604e+01
0.000000000000000000e+00
1.479328072627643031e+01
1.263271897251441622e+01
0.000000000000000000e+00
1.747571656321284550e+01
0.000000000000000000e+00
0.000000000000000000e+00
1.519539156264784552e+01
1.509324758544318179e+01
1.519539156264784552e+01
1.607946192481239578e+01
0.000000000000000000e+00
0.000000000000000000e+00
1.259824200313008191e+01
1.129135992325469040e+01
0.000000000000000000e+00
0.000000000000000000e+00
0.000000000000000000e+00
0.000000000000000000e+00
1.467025695802686514e+01
0.000000000000000000e+00
1.366638518844613337e+01
1.029185607358518162e+01
0.000000000000000000e+00
1.144616116850323095e+01
0.000000000000000000e+00
0.000000000000000000e+00
0.000000000000000000e+00
0.000000000000000000e+00
0.000000000000000000e+00
0.000000000000000000e+00
0.000000000000000000e+00
0.000000000000000000e+00
0.000000000000000000e+00
1.328608210844236659e+01
1.569960858085157795e+01
0.000000000000000000e+00
1.607946192481239578e+01
1.281827335124431322e+01
0.000000000000000000e+00
0.000000000000000000e+00
1.144616116850323095e+01
1.290929550464117526e+01
1.815495040999792309e+01
1.206237618101432574e+01
0.000000000000000000e+00
0.000000000000000000e+00
1.747571656321284550e+01
1.165414677815056166e+01
0.000000000000000000e+00
0.000000000000000000e+00
1.282674205907169629e+01
0.000000000000000000e+00
0.000000000000000000e+00
1.092043507476643427e+01
0.000000000000000000e+00
1.747571656321284550e+01
1.259824200313008191e+01
1.050922316479870311e+01
0.000000000000000000e+00
0.000000000000000000e+00
0.000000000000000000e+00
0.000000000000000000e+00
0.000000000000000000e+00
0.000000000000000000e+00
0.000000000000000000e+00
1.259824200313008191e+01
1.089618137758592020e+01
0.000000000000000000e+00
0.000000000000000000e+00
0.000000000000000000e+00
0.000000000000000000e+00
0.000000000000000000e+00
1.282674205907169629e+01
1.529535872467772606e+01
0.000000000000000000e+00
1.163442132564257214e+01
9.455032951476523451e+00
1.330577334760709718e+01
1.089959242285151220e+01
1.442232634862052265e+01
0.000000000000000000e+00
1.089618137758592020e+01
0.000000000000000000e+00
1.479328072627643031e+01
0.000000000000000000e+00
0.000000000000000000e+00
0.000000000000000000e+00
0.000000000000000000e+00
0.000000000000000000e+00
1.053100966221676060e+01
0.000000000000000000e+00
0.000000000000000000e+00
1.262977500339485104e+01
0.000000000000000000e+00
0.000000000000000000e+00
1.165414677815056166e+01
1.491497555145348919e+01
1.161054191273763259e+01
1.158500230575574363e+01
0.000000000000000000e+00
1.072971177793490583e+01
0.000000000000000000e+00
0.000000000000000000e+00
0.000000000000000000e+00
0.000000000000000000e+00
0.000000000000000000e+00
1.312868545635163642e+01
0.000000000000000000e+00
0.000000000000000000e+00
0.000000000000000000e+00
0.000000000000000000e+00
1.158500230575574363e+01
1.642439663146446449e+01
0.000000000000000000e+00
0.000000000000000000e+00
0.000000000000000000e+00
0.000000000000000000e+00
1.635495635811328796e+01
1.019210903903525178e+01
0.000000000000000000e+00
1.292669234637536846e+01
1.089959242285151220e+01
0.000000000000000000e+00
0.000000000000000000e+00
1.340182866998107514e+01
1.479328072627643031e+01
0.000000000000000000e+00
0.000000000000000000e+00
0.000000000000000000e+00
1.304812600725228577e+01
1.544727827886174509e+01
1.335527548489193528e+01
1.162711407348430015e+01
0.000000000000000000e+00
1.490529550049304675e+01
0.000000000000000000e+00
0.000000000000000000e+00
1.374334814651939674e+01
0.000000000000000000e+00
1.371180808719536870e+01
0.000000000000000000e+00
0.000000000000000000e+00
1.043779521903161900e+01
1.348447472143364401e+01
1.323396348190159166e+01
1.036267560702113144e+01
1.062913558207778486e+01
1.697293015643700897e+01
0.000000000000000000e+00
1.332008530910984767e+01
0.000000000000000000e+00
0.000000000000000000e+00
1.717466712904785453e+01
0.000000000000000000e+00
0.000000000000000000e+00
0.000000000000000000e+00
0.000000000000000000e+00
0.000000000000000000e+00
1.330577334760709718e+01
1.717466712904785453e+01
1.467025695802686514e+01
0.000000000000000000e+00
1.374334814651939674e+01
0.000000000000000000e+00
0.000000000000000000e+00
1.697293015643700897e+01
0.000000000000000000e+00
1.275808394779295796e+01
1.042119505101688937e+01
0.000000000000000000e+00
0.000000000000000000e+00
1.544727827886174509e+01
0.000000000000000000e+00
0.000000000000000000e+00
0.000000000000000000e+00
1.417971250337371636e+01
0.000000000000000000e+00
1.348447472143364401e+01
0.000000000000000000e+00
0.000000000000000000e+00
0.000000000000000000e+00
0.000000000000000000e+00
1.368859367356138890e+01
0.000000000000000000e+00
0.000000000000000000e+00
0.000000000000000000e+00
0.000000000000000000e+00
1.164371587398001928e+01
0.000000000000000000e+00
0.000000000000000000e+00
1.443715835529311953e+01
1.370126070224462111e+01
1.490529550049304675e+01
1.330577334760709718e+01
1.332008530910984767e+01
0.000000000000000000e+00
0.000000000000000000e+00
0.000000000000000000e+00
0.000000000000000000e+00
1.318442185360042451e+01
1.580679642729560186e+01
0.000000000000000000e+00
1.428149920407774509e+01
1.490529550049304675e+01
0.000000000000000000e+00
1.258979214262996216e+01
1.057202537411177623e+01
0.000000000000000000e+00
0.000000000000000000e+00
9.900402643046913198e+00
1.374334814651939674e+01
1.402951392248416163e+01
1.071756273342082721e+01
1.212710666800569648e+01
0.000000000000000000e+00
0.000000000000000000e+00
0.000000000000000000e+00
1.053368015094442711e+01
0.000000000000000000e+00
0.000000000000000000e+00
1.472549456660097889e+01
0.000000000000000000e+00
0.000000000000000000e+00
0.000000000000000000e+00
1.115399636772331249e+01
0.000000000000000000e+00
0.000000000000000000e+00
0.000000000000000000e+00
0.000000000000000000e+00
0.000000000000000000e+00
0.000000000000000000e+00
1.789131015657909884e+01
1.428149920407774509e+01
0.000000000000000000e+00
1.275963986954022999e+01
1.668533364319451451e+01
0.000000000000000000e+00
0.000000000000000000e+00
1.467025695802686514e+01
1.246139668659006539e+01
0.000000000000000000e+00
1.607946192481239578e+01
2.013003951702696881e+01
0.000000000000000000e+00
1.163442132564257214e+01
0.000000000000000000e+00
0.000000000000000000e+00
0.000000000000000000e+00
0.000000000000000000e+00
0.000000000000000000e+00
0.000000000000000000e+00
0.000000000000000000e+00
0.000000000000000000e+00
6.357101539009642366e+00
1.198876954451690935e+01
0.000000000000000000e+00
0.000000000000000000e+00
0.000000000000000000e+00
0.000000000000000000e+00
0.000000000000000000e+00
1.371033581591302664e+01
1.055898223860683238e+01
1.467025695802686514e+01
1.214676872512976580e+01
0.000000000000000000e+00
1.887112115978344207e+01
1.266780122176196599e+01
1.101271853305038562e+01
0.000000000000000000e+00
0.000000000000000000e+00
0.000000000000000000e+00
1.659401647981700378e+01
0.000000000000000000e+00
0.000000000000000000e+00
1.607946192481239578e+01
9.886467740932378234e+00
0.000000000000000000e+00
0.000000000000000000e+00
1.019210903903525178e+01
0.000000000000000000e+00
0.000000000000000000e+00
0.000000000000000000e+00
0.000000000000000000e+00
0.000000000000000000e+00
0.000000000000000000e+00
0.000000000000000000e+00
0.000000000000000000e+00
0.000000000000000000e+00
7.177732528233235598e+00
1.467025695802686514e+01
0.000000000000000000e+00
0.000000000000000000e+00
1.167938152890791947e+01
0.000000000000000000e+00
0.000000000000000000e+00
0.000000000000000000e+00
6.485106171482112991e+00
1.203450296700307121e+01
0.000000000000000000e+00
1.607946192481239578e+01
0.000000000000000000e+00
0.000000000000000000e+00
1.214676872512976580e+01
0.000000000000000000e+00
0.000000000000000000e+00
0.000000000000000000e+00
1.089959242285151220e+01
0.000000000000000000e+00
8.650494036137301279e+00
0.000000000000000000e+00
0.000000000000000000e+00
0.000000000000000000e+00
0.000000000000000000e+00
1.214676872512976580e+01
0.000000000000000000e+00
0.000000000000000000e+00
1.467025695802686514e+01
1.303533267888119695e+01
0.000000000000000000e+00
1.045061870379444002e+01
0.000000000000000000e+00
1.284674048943742264e+01
0.000000000000000000e+00
0.000000000000000000e+00
0.000000000000000000e+00
1.203450296700307121e+01
1.214676872512976580e+01
1.214676872512976580e+01
0.000000000000000000e+00
1.357136536284073891e+01
0.000000000000000000e+00
6.485106171482112991e+00
0.000000000000000000e+00
0.000000000000000000e+00
0.000000000000000000e+00
0.000000000000000000e+00
7.910450046027196258e+00
0.000000000000000000e+00
0.000000000000000000e+00
0.000000000000000000e+00
0.000000000000000000e+00
1.167938152890791947e+01
0.000000000000000000e+00
9.238786829149535862e+00
1.305663196031419737e+01
0.000000000000000000e+00
1.350515671340087387e+01
0.000000000000000000e+00
8.500486181542351360e+00
0.000000000000000000e+00
9.598296290406306497e+00
1.359132741574332748e+01
1.285535201422713314e+01
1.529535872467772606e+01
1.529535872467772606e+01
8.887030517240260608e+00
0.000000000000000000e+00
0.000000000000000000e+00
9.625732789430806235e+00
1.170452862083114809e+01
0.000000000000000000e+00
1.321186380323642062e+01
0.000000000000000000e+00
1.467025695802686514e+01
1.120227437316849439e+01
0.000000000000000000e+00
9.879310698190892026e+00
1.261978916266386541e+01
0.000000000000000000e+00
1.266780122176196599e+01
1.285535201422713314e+01
1.301602067033040377e+01
1.292669234637536846e+01
1.262977500339485104e+01
1.467025695802686514e+01
0.000000000000000000e+00
0.000000000000000000e+00
9.879310698190892026e+00
7.351447079837154952e+00
1.359132741574332748e+01
0.000000000000000000e+00
9.049087560232557337e+00
1.350515671340087387e+01
1.371180808719536870e+01
0.000000000000000000e+00
0.000000000000000000e+00
0.000000000000000000e+00
8.863668606994716370e+00
0.000000000000000000e+00
0.000000000000000000e+00
1.042587588267425325e+01
1.311071343020738489e+01
1.170452862083114809e+01
1.163442132564257214e+01
0.000000000000000000e+00
1.090071270491597488e+01
0.000000000000000000e+00
1.261978916266386541e+01
0.000000000000000000e+00
0.000000000000000000e+00
1.033574652420979412e+01
0.000000000000000000e+00
0.000000000000000000e+00
0.000000000000000000e+00
0.000000000000000000e+00
0.000000000000000000e+00
1.170452862083114809e+01
8.289291203966463684e+00
1.603523642698817042e+01
0.000000000000000000e+00
0.000000000000000000e+00
0.000000000000000000e+00
1.170452862083114809e+01
1.305663196031419737e+01
0.000000000000000000e+00
0.000000000000000000e+00
0.000000000000000000e+00
1.092494277145076431e+01
1.301518077861320144e+01
0.000000000000000000e+00
0.000000000000000000e+00
0.000000000000000000e+00
0.000000000000000000e+00
1.301518077861320144e+01
9.598296290406306497e+00
0.000000000000000000e+00
1.088315689328710079e+01
0.000000000000000000e+00
0.000000000000000000e+00
0.000000000000000000e+00
0.000000000000000000e+00
0.000000000000000000e+00
1.079465826987468091e+01
0.000000000000000000e+00
0.000000000000000000e+00
0.000000000000000000e+00
0.000000000000000000e+00
9.547031536456564993e+00
8.882730309156633197e+00
9.623959821735056153e+00
0.000000000000000000e+00
0.000000000000000000e+00
0.000000000000000000e+00
1.607946192481239578e+01
0.000000000000000000e+00
0.000000000000000000e+00
1.374812001618898272e+01
0.000000000000000000e+00
9.623959821735056153e+00
0.000000000000000000e+00
9.386350552617562570e+00
1.476909110017056115e+01
0.000000000000000000e+00
0.000000000000000000e+00
0.000000000000000000e+00
1.361270338968199134e+01
8.820382084398529443e+00
0.000000000000000000e+00
0.000000000000000000e+00
0.000000000000000000e+00
0.000000000000000000e+00
0.000000000000000000e+00
0.000000000000000000e+00
0.000000000000000000e+00
1.133902701683608427e+01
0.000000000000000000e+00
0.000000000000000000e+00
7.282659065781129648e+00
0.000000000000000000e+00
1.250279708195825634e+01
0.000000000000000000e+00
0.000000000000000000e+00
1.068195183737005927e+01
0.000000000000000000e+00
0.000000000000000000e+00
1.607946192481239578e+01
0.000000000000000000e+00
0.000000000000000000e+00
9.400478390091567604e+00
7.410225587439589034e+00
1.607946192481239578e+01
1.849998598955556872e+01
1.144616116850323095e+01
0.000000000000000000e+00
1.642439663146446449e+01
1.361314330291620500e+01
0.000000000000000000e+00
0.000000000000000000e+00
1.607946192481239578e+01
1.636352255444292680e+01
0.000000000000000000e+00
1.032059389436134822e+01
0.000000000000000000e+00
1.273175367437060501e+01
0.000000000000000000e+00
1.642439663146446449e+01
8.530760563982759948e+00
0.000000000000000000e+00
0.000000000000000000e+00
0.000000000000000000e+00
7.013225873107800545e+00
0.000000000000000000e+00
1.301518077861320144e+01
1.103286892797959062e+01
1.502818664079199174e+01
0.000000000000000000e+00
0.000000000000000000e+00
0.000000000000000000e+00
1.273175367437060501e+01
9.555515272581560637e+00
0.000000000000000000e+00
1.351161582398455430e+01
1.371033581591302664e+01
0.000000000000000000e+00
1.304735923768802763e+01
7.768050882993223993e+00
0.000000000000000000e+00
0.000000000000000000e+00
0.000000000000000000e+00
1.163442132564257214e+01
1.250279708195825634e+01
0.000000000000000000e+00
1.502818664079199174e+01
9.723271806285593399e+00
1.030089349482332928e+01
1.032059389436134822e+01
9.623959821735056153e+00
0.000000000000000000e+00
0.000000000000000000e+00
0.000000000000000000e+00
6.494286667820704295e+00
1.216058005476287640e+01
0.000000000000000000e+00
1.102921017822071725e+01
0.000000000000000000e+00
0.000000000000000000e+00
1.404265502935682441e+01
0.000000000000000000e+00
1.331585630832634948e+01
0.000000000000000000e+00
1.313558937622801004e+01
0.000000000000000000e+00
0.000000000000000000e+00
0.000000000000000000e+00
0.000000000000000000e+00
1.642092337909316058e+01
0.000000000000000000e+00
9.658179696444685547e+00
0.000000000000000000e+00
0.000000000000000000e+00
1.474025295759715526e+01
0.000000000000000000e+00
0.000000000000000000e+00
0.000000000000000000e+00
1.529535872467772606e+01
0.000000000000000000e+00
0.000000000000000000e+00
0.000000000000000000e+00
1.096049691094700229e+01
0.000000000000000000e+00
1.370126070224462111e+01
8.604195952409710912e+00
0.000000000000000000e+00
0.000000000000000000e+00
0.000000000000000000e+00
0.000000000000000000e+00
0.000000000000000000e+00
0.000000000000000000e+00
0.000000000000000000e+00
0.000000000000000000e+00
1.312868545635163642e+01
0.000000000000000000e+00
0.000000000000000000e+00
0.000000000000000000e+00
1.196126636868538462e+01
1.807183510759475453e+01
0.000000000000000000e+00
0.000000000000000000e+00
0.000000000000000000e+00
1.474025295759715526e+01
1.301518077861320144e+01
0.000000000000000000e+00
0.000000000000000000e+00
1.807183510759475453e+01
0.000000000000000000e+00
0.000000000000000000e+00
0.000000000000000000e+00
7.413250713160506322e+00
0.000000000000000000e+00
0.000000000000000000e+00
0.000000000000000000e+00
1.226825327435271618e+01
1.455930242481945669e+01
0.000000000000000000e+00
1.483337544439536870e+01
0.000000000000000000e+00
0.000000000000000000e+00
1.049381502236342101e+01
0.000000000000000000e+00
0.000000000000000000e+00
0.000000000000000000e+00
1.374812001618898272e+01
1.670397329201317405e+01
0.000000000000000000e+00
0.000000000000000000e+00
0.000000000000000000e+00
0.000000000000000000e+00
0.000000000000000000e+00
0.000000000000000000e+00
0.000000000000000000e+00
1.467025695802686514e+01
1.455930242481945669e+01
0.000000000000000000e+00
1.277591549671639548e+01
1.182153602114377300e+01
0.000000000000000000e+00
0.000000000000000000e+00
0.000000000000000000e+00
0.000000000000000000e+00
0.000000000000000000e+00
0.000000000000000000e+00
0.000000000000000000e+00
0.000000000000000000e+00
0.000000000000000000e+00
1.441842108487454510e+01
0.000000000000000000e+00
1.262977500339485104e+01
0.000000000000000000e+00
0.000000000000000000e+00
1.629030455507718855e+01
1.807183510759475453e+01
0.000000000000000000e+00
0.000000000000000000e+00
0.000000000000000000e+00
0.000000000000000000e+00
0.000000000000000000e+00
1.182153602114377300e+01
0.000000000000000000e+00
0.000000000000000000e+00
1.636352255444292680e+01
9.614873573941252971e+00
1.062256806905122986e+01
0.000000000000000000e+00
8.985565923185360404e+00
1.399857816618509432e+01
0.000000000000000000e+00
0.000000000000000000e+00
9.789514130674376702e+00
9.280471188424527895e+00
0.000000000000000000e+00
0.000000000000000000e+00
1.316376943211415806e+01
0.000000000000000000e+00
0.000000000000000000e+00
0.000000000000000000e+00
9.636584999961565146e+00
0.000000000000000000e+00
1.312868545635163642e+01
0.000000000000000000e+00
8.985565923185360404e+00
9.885314898720277910e+00
9.885314898720277910e+00
0.000000000000000000e+00
0.000000000000000000e+00
0.000000000000000000e+00
0.000000000000000000e+00
0.000000000000000000e+00
0.000000000000000000e+00
0.000000000000000000e+00
0.000000000000000000e+00
9.614873573941252971e+00
0.000000000000000000e+00
0.000000000000000000e+00
0.000000000000000000e+00
0.000000000000000000e+00
9.227010814546581230e+00
0.000000000000000000e+00
1.057624481475175848e+01
0.000000000000000000e+00
0.000000000000000000e+00
0.000000000000000000e+00
0.000000000000000000e+00
0.000000000000000000e+00
1.182153602114377300e+01
1.629030455507718855e+01
0.000000000000000000e+00
1.044004799867601996e+01
0.000000000000000000e+00
0.000000000000000000e+00
1.455930242481945669e+01
9.885314898720277910e+00
0.000000000000000000e+00
0.000000000000000000e+00
0.000000000000000000e+00
1.099585693890653459e+01
0.000000000000000000e+00
0.000000000000000000e+00
0.000000000000000000e+00
0.000000000000000000e+00
1.042541742032347685e+01
0.000000000000000000e+00
0.000000000000000000e+00
0.000000000000000000e+00
1.607946192481239578e+01
0.000000000000000000e+00
0.000000000000000000e+00
0.000000000000000000e+00
8.047993647304171105e+00
0.000000000000000000e+00
0.000000000000000000e+00
1.047972021959349753e+01
0.000000000000000000e+00
0.000000000000000000e+00
9.649183540181637042e+00
1.292669234637536846e+01
0.000000000000000000e+00
1.032111298181529691e+01
0.000000000000000000e+00
0.000000000000000000e+00
1.887112115978344207e+01
0.000000000000000000e+00
1.042541742032347685e+01
0.000000000000000000e+00
0.000000000000000000e+00
0.000000000000000000e+00
1.378990595335988090e+01
0.000000000000000000e+00
0.000000000000000000e+00
1.058821237917046609e+01
0.000000000000000000e+00
0.000000000000000000e+00
1.042541742032347685e+01
1.282674205907169629e+01
1.849998598955556872e+01
0.000000000000000000e+00
0.000000000000000000e+00
1.144616116850323095e+01
9.373765149885308290e+00
0.000000000000000000e+00
1.078583066656291756e+01
0.000000000000000000e+00
1.203530155285698378e+01
0.000000000000000000e+00
9.830596114264203322e+00
0.000000000000000000e+00
9.623959821735056153e+00
1.042119505101688937e+01
1.642439663146446449e+01
1.262450509404327192e+01
1.301518077861320144e+01
9.830596114264203322e+00
6.846035176728184624e+00
0.000000000000000000e+00
6.494286667820704295e+00
1.246139668659006539e+01
7.013225873107800545e+00
1.030089349482332928e+01
1.097125378119787165e+01
0.000000000000000000e+00
0.000000000000000000e+00
0.000000000000000000e+00
1.237828317115828192e+01
8.882730309156633197e+00
0.000000000000000000e+00
1.182153602114377300e+01
0.000000000000000000e+00
0.000000000000000000e+00
0.000000000000000000e+00
0.000000000000000000e+00
1.144616116850323095e+01
1.259824200313008191e+01
0.000000000000000000e+00
0.000000000000000000e+00
1.467025695802686514e+01
9.373765149885308290e+00
0.000000000000000000e+00
9.373765149885308290e+00
0.000000000000000000e+00
1.551962285195405400e+01
9.373765149885308290e+00
8.882730309156633197e+00
1.312868545635163642e+01
0.000000000000000000e+00
0.000000000000000000e+00
0.000000000000000000e+00
1.301518077861320144e+01
0.000000000000000000e+00
0.000000000000000000e+00
0.000000000000000000e+00
9.373765149885308290e+00
0.000000000000000000e+00
0.000000000000000000e+00
0.000000000000000000e+00
0.000000000000000000e+00
0.000000000000000000e+00
0.000000000000000000e+00
0.000000000000000000e+00
0.000000000000000000e+00
1.279898334453280206e+01
0.000000000000000000e+00
0.000000000000000000e+00
0.000000000000000000e+00
5.517945013434094825e+00
0.000000000000000000e+00
0.000000000000000000e+00
0.000000000000000000e+00
0.000000000000000000e+00
5.753870458103709673e+00
0.000000000000000000e+00
7.770615421790310506e+00
8.305269628033556728e+00
0.000000000000000000e+00
0.000000000000000000e+00
0.000000000000000000e+00
1.273175367437060501e+01
1.529291597176005091e+01
8.030365939352392957e+00
8.460796637131450026e+00
8.882730309156633197e+00
0.000000000000000000e+00
1.476909110017056115e+01
6.508523738022938154e+00
0.000000000000000000e+00
0.000000000000000000e+00
0.000000000000000000e+00
0.000000000000000000e+00
1.029012410092227903e+01
1.490529550049304675e+01
0.000000000000000000e+00
7.768050882993223993e+00
9.370889359120576856e+00
0.000000000000000000e+00
0.000000000000000000e+00
0.000000000000000000e+00
5.068372149646839020e+00
6.649594967864874029e+00
1.642439663146446449e+01
0.000000000000000000e+00
9.830596114264203322e+00
8.892615674755903754e+00
6.649594967864874029e+00
0.000000000000000000e+00
1.642092337909316058e+01
1.144616116850323095e+01
1.509324758544318179e+01
0.000000000000000000e+00
0.000000000000000000e+00
0.000000000000000000e+00
1.042119505101688937e+01
1.246139668659006539e+01
7.131494160312983333e+00
1.321186380323642062e+01
9.009996140843634649e+00
0.000000000000000000e+00
0.000000000000000000e+00
0.000000000000000000e+00
1.467025695802686514e+01
0.000000000000000000e+00
1.042119505101688937e+01
0.000000000000000000e+00
0.000000000000000000e+00
1.327379386866268440e+01
0.000000000000000000e+00
1.366638518844613337e+01
0.000000000000000000e+00
1.366638518844613337e+01
0.000000000000000000e+00
1.144616116850323095e+01
0.000000000000000000e+00
1.642439663146446449e+01
1.042119505101688937e+01
1.467025695802686514e+01
0.000000000000000000e+00
0.000000000000000000e+00
1.102108345062516470e+01
0.000000000000000000e+00
1.144616116850323095e+01
1.747571656321284550e+01
1.042119505101688937e+01
0.000000000000000000e+00
1.039791405641731714e+01
1.240989138844348183e+01
0.000000000000000000e+00
0.000000000000000000e+00
0.000000000000000000e+00
0.000000000000000000e+00
1.313558937622801004e+01
1.476909110017056115e+01
0.000000000000000000e+00
0.000000000000000000e+00
0.000000000000000000e+00
0.000000000000000000e+00
0.000000000000000000e+00
1.308486687712335161e+01
0.000000000000000000e+00
0.000000000000000000e+00
0.000000000000000000e+00
1.129135992325469040e+01
1.042119505101688937e+01
0.000000000000000000e+00
1.129135992325469040e+01
1.301518077861320144e+01
1.428149920407774509e+01
1.371180808719536870e+01
0.000000000000000000e+00
1.077007696407223314e+01
0.000000000000000000e+00
0.000000000000000000e+00
0.000000000000000000e+00
0.000000000000000000e+00
0.000000000000000000e+00
1.162992775763921571e+01
0.000000000000000000e+00
0.000000000000000000e+00
0.000000000000000000e+00
1.313653879682186698e+01
0.000000000000000000e+00
0.000000000000000000e+00
0.000000000000000000e+00
0.000000000000000000e+00
0.000000000000000000e+00
6.498728162050053214e+00
0.000000000000000000e+00
1.455930242481945669e+01
1.144616116850323095e+01
0.000000000000000000e+00
9.418611108492180861e+00
9.373765149885308290e+00
0.000000000000000000e+00
0.000000000000000000e+00
0.000000000000000000e+00
0.000000000000000000e+00
0.000000000000000000e+00
0.000000000000000000e+00
0.000000000000000000e+00
0.000000000000000000e+00
1.479328072627643031e+01
0.000000000000000000e+00
0.000000000000000000e+00
0.000000000000000000e+00
0.000000000000000000e+00
0.000000000000000000e+00
1.194433907131749351e+01
0.000000000000000000e+00
1.229456029180852283e+01
1.091713193277510285e+01
1.379849848572062143e+01
0.000000000000000000e+00
1.129177987507551606e+01
0.000000000000000000e+00
0.000000000000000000e+00
0.000000000000000000e+00
0.000000000000000000e+00
0.000000000000000000e+00
1.198876954451690935e+01
0.000000000000000000e+00
1.642092337909316058e+01
0.000000000000000000e+00
0.000000000000000000e+00
0.000000000000000000e+00
1.642439663146446449e+01
0.000000000000000000e+00
0.000000000000000000e+00
0.000000000000000000e+00
1.508127319760909835e+01
0.000000000000000000e+00
0.000000000000000000e+00
0.000000000000000000e+00
1.636352255444292680e+01
1.054885970592502531e+01
0.000000000000000000e+00
1.085604962602636725e+01
0.000000000000000000e+00
1.636352255444292680e+01
1.337788821873628820e+01
0.000000000000000000e+00
0.000000000000000000e+00
0.000000000000000000e+00
0.000000000000000000e+00
0.000000000000000000e+00
0.000000000000000000e+00
0.000000000000000000e+00
1.642092337909316058e+01
0.000000000000000000e+00
0.000000000000000000e+00
1.194433907131749351e+01
0.000000000000000000e+00
0.000000000000000000e+00
0.000000000000000000e+00
1.417971250337371636e+01
0.000000000000000000e+00
0.000000000000000000e+00
1.702003227257251439e+01
0.000000000000000000e+00
0.000000000000000000e+00
0.000000000000000000e+00
0.000000000000000000e+00
0.000000000000000000e+00
1.408494203341148676e+01
1.607946192481239578e+01
0.000000000000000000e+00
0.000000000000000000e+00
1.179270822104983196e+01
0.000000000000000000e+00
0.000000000000000000e+00
0.000000000000000000e+00
0.000000000000000000e+00
1.642092337909316058e+01
1.509324758544318179e+01
0.000000000000000000e+00
0.000000000000000000e+00
1.642092337909316058e+01
0.000000000000000000e+00
1.508127319760909835e+01
1.108125058634292515e+01
0.000000000000000000e+00
1.697293015643700897e+01
0.000000000000000000e+00
1.399857816618509432e+01
0.000000000000000000e+00
1.508127319760909835e+01
0.000000000000000000e+00
1.642092337909316058e+01
1.272388886067247604e+01
1.399857816618509432e+01
0.000000000000000000e+00
1.364457404451197853e+01
0.000000000000000000e+00
1.102921017822071725e+01
0.000000000000000000e+00
0.000000000000000000e+00
0.000000000000000000e+00
0.000000000000000000e+00
0.000000000000000000e+00
8.174364296122220708e+00
1.697293015643700897e+01
0.000000000000000000e+00
1.198272810310542980e+01
0.000000000000000000e+00
0.000000000000000000e+00
0.000000000000000000e+00
1.364457404451197853e+01
0.000000000000000000e+00
1.550060113839926856e+01
1.467025695802686514e+01
1.092064960970814624e+01
0.000000000000000000e+00
0.000000000000000000e+00
0.000000000000000000e+00
0.000000000000000000e+00
0.000000000000000000e+00
1.198634569026324392e+01
0.000000000000000000e+00
0.000000000000000000e+00
1.163442132564257214e+01
1.458219346824797391e+01
1.580679642729560186e+01
1.313558937622801004e+01
1.093028004930373775e+01
0.000000000000000000e+00
1.199950858336802995e+01
8.882730309156633197e+00
0.000000000000000000e+00
0.000000000000000000e+00
1.313558937622801004e+01
0.000000000000000000e+00
1.417971250337371636e+01
0.000000000000000000e+00
7.410012352733356344e+00
1.029012410092227903e+01
0.000000000000000000e+00
0.000000000000000000e+00
0.000000000000000000e+00
9.830596114264203322e+00
1.476909110017056115e+01
0.000000000000000000e+00
9.370889359120576856e+00
0.000000000000000000e+00
0.000000000000000000e+00
0.000000000000000000e+00
0.000000000000000000e+00
0.000000000000000000e+00
1.463392517206768773e+01
0.000000000000000000e+00
0.000000000000000000e+00
0.000000000000000000e+00
0.000000000000000000e+00
9.830596114264203322e+00
0.000000000000000000e+00
0.000000000000000000e+00
0.000000000000000000e+00
0.000000000000000000e+00
0.000000000000000000e+00
1.042234477436171325e+01
0.000000000000000000e+00
0.000000000000000000e+00
1.458219346824797391e+01
0.000000000000000000e+00
0.000000000000000000e+00
0.000000000000000000e+00
0.000000000000000000e+00
1.174150482834840581e+01
9.624009411391327262e+00
0.000000000000000000e+00
0.000000000000000000e+00
0.000000000000000000e+00
0.000000000000000000e+00
0.000000000000000000e+00
0.000000000000000000e+00
0.000000000000000000e+00
1.433036723930289646e+01
1.642439663146446449e+01
0.000000000000000000e+00
0.000000000000000000e+00
1.702003227257251439e+01
0.000000000000000000e+00
0.000000000000000000e+00
0.000000000000000000e+00
1.246139668659006539e+01
0.000000000000000000e+00
0.000000000000000000e+00
0.000000000000000000e+00
1.245906262173691736e+01
0.000000000000000000e+00
0.000000000000000000e+00
0.000000000000000000e+00
0.000000000000000000e+00
1.187543413632812239e+01
1.697293015643700897e+01
0.000000000000000000e+00
0.000000000000000000e+00
1.697293015643700897e+01
1.458219346824797391e+01
0.000000000000000000e+00
8.661125259569834256e+00
0.000000000000000000e+00
0.000000000000000000e+00
0.000000000000000000e+00
1.251748700773103096e+01
1.200388605515502150e+01
0.000000000000000000e+00
0.000000000000000000e+00
1.102921017822071725e+01
1.569960858085157795e+01
1.171981464723000776e+01
1.167301807710807005e+01
0.000000000000000000e+00
0.000000000000000000e+00
1.303533267888119695e+01
0.000000000000000000e+00
0.000000000000000000e+00
0.000000000000000000e+00
0.000000000000000000e+00
0.000000000000000000e+00
0.000000000000000000e+00
1.467025695802686514e+01
1.467025695802686514e+01
1.204947140394176941e+01
0.000000000000000000e+00
1.467025695802686514e+01
0.000000000000000000e+00
0.000000000000000000e+00
1.607946192481239578e+01
0.000000000000000000e+00
0.000000000000000000e+00
0.000000000000000000e+00
0.000000000000000000e+00
0.000000000000000000e+00
1.077260734311064105e+01
1.026810312160186101e+01
1.204947140394176941e+01
0.000000000000000000e+00
0.000000000000000000e+00
1.246139668659006539e+01
1.849998598955556872e+01
1.411697701373095271e+01
0.000000000000000000e+00
1.607946192481239578e+01
0.000000000000000000e+00
1.502818664079199174e+01
0.000000000000000000e+00
1.411697701373095271e+01
0.000000000000000000e+00
1.273175367437060501e+01
1.642439663146446449e+01
1.642439663146446449e+01
1.385767641138792250e+01
0.000000000000000000e+00
1.327379386866268440e+01
0.000000000000000000e+00
0.000000000000000000e+00
0.000000000000000000e+00
1.607946192481239578e+01
1.607946192481239578e+01
0.000000000000000000e+00
1.044222283136236129e+01
0.000000000000000000e+00
1.849998598955556872e+01
1.055060066923171647e+01
9.287848090784120103e+00
0.000000000000000000e+00
1.569960858085157795e+01
0.000000000000000000e+00
1.259824200313008191e+01
0.000000000000000000e+00
0.000000000000000000e+00
0.000000000000000000e+00
1.385767641138792250e+01
0.000000000000000000e+00
1.386705086957886124e+01
1.607946192481239578e+01
1.642092337909316058e+01
1.208756868352602964e+01
1.200388605515502150e+01
0.000000000000000000e+00
1.162992775763921571e+01
0.000000000000000000e+00
0.000000000000000000e+00
1.265107645688771676e+01
0.000000000000000000e+00
0.000000000000000000e+00
0.000000000000000000e+00
0.000000000000000000e+00
0.000000000000000000e+00
0.000000000000000000e+00
0.000000000000000000e+00
1.200388605515502150e+01
1.411697701373095271e+01
0.000000000000000000e+00
1.182153602114377300e+01
0.000000000000000000e+00
8.882730309156633197e+00
0.000000000000000000e+00
0.000000000000000000e+00
1.442232634862052265e+01
0.000000000000000000e+00
0.000000000000000000e+00
0.000000000000000000e+00
0.000000000000000000e+00
1.887112115978344207e+01
9.279220875808130486e+00
0.000000000000000000e+00
0.000000000000000000e+00
1.417971250337371636e+01
1.004168665444709418e+01
0.000000000000000000e+00
0.000000000000000000e+00
0.000000000000000000e+00
1.440421471906608808e+01
1.088315689328710079e+01
1.479328072627643031e+01
1.050334667956218837e+01
0.000000000000000000e+00
1.264835646655339119e+01
1.539381224878390064e+01
1.397908194731731335e+01
0.000000000000000000e+00
0.000000000000000000e+00
0.000000000000000000e+00
1.508127319760909835e+01
1.972426909312791565e+01
1.338575218260085009e+01
1.370126070224462111e+01
1.144616116850323095e+01
1.428149920407774509e+01
0.000000000000000000e+00
9.773882911729410594e+00
1.165897523535624636e+01
1.032876249652558975e+01
0.000000000000000000e+00
0.000000000000000000e+00
0.000000000000000000e+00
1.208630709157064231e+01
0.000000000000000000e+00
1.364871590036601212e+01
0.000000000000000000e+00
1.050334667956218837e+01
0.000000000000000000e+00
1.168076028298164992e+01
1.099981981256591013e+01
0.000000000000000000e+00
0.000000000000000000e+00
1.242642366081686411e+01
0.000000000000000000e+00
1.070775149957618488e+01
0.000000000000000000e+00
0.000000000000000000e+00
1.479328072627643031e+01
0.000000000000000000e+00
1.717466712904785453e+01
1.843858823447645889e+01
1.417971250337371636e+01
0.000000000000000000e+00
1.422699420792541325e+01
0.000000000000000000e+00
2.423881313796183079e+01
0.000000000000000000e+00
1.168076028298164992e+01
0.000000000000000000e+00
9.912439769900521114e+00
1.397908194731731335e+01
0.000000000000000000e+00
0.000000000000000000e+00
0.000000000000000000e+00
0.000000000000000000e+00
1.544727827886174509e+01
1.420987264532435823e+01
1.151794308603759021e+01
1.151794308603759021e+01
0.000000000000000000e+00
1.088315689328710079e+01
1.642439663146446449e+01
0.000000000000000000e+00
0.000000000000000000e+00
7.933726442314466887e+00
0.000000000000000000e+00
0.000000000000000000e+00
1.129177987507551606e+01
0.000000000000000000e+00
0.000000000000000000e+00
0.000000000000000000e+00
0.000000000000000000e+00
1.213827476424270557e+01
1.397908194731731335e+01
1.323522745303895221e+01
1.248077891004982121e+01
1.551962285195405400e+01
1.539381224878390064e+01
0.000000000000000000e+00
1.258180141785847006e+01
1.318442185360042451e+01
1.642439663146446449e+01
0.000000000000000000e+00
1.286291451269909203e+01
1.491497555145348919e+01
1.050360406419547843e+01
1.272388886067247604e+01
1.340182866998107514e+01
9.728918555183863504e+00
1.366638518844613337e+01
1.050360406419547843e+01
0.000000000000000000e+00
9.418611108492180861e+00
1.263271897251441622e+01
0.000000000000000000e+00
1.425243757872259742e+01
1.129135992325469040e+01
0.000000000000000000e+00
9.087962423633033637e+00
1.451602709000029812e+01
9.565101766327064325e+00
1.410187522557084705e+01
1.368859367356138890e+01
1.026894486745216994e+01
1.050360406419547843e+01
9.418611108492180861e+00
1.069305243209232614e+01
1.262450509404327192e+01
1.145808875653424685e+01
9.220797197592899508e+00
8.333674296003797721e+00
1.198634569026324392e+01
0.000000000000000000e+00
0.000000000000000000e+00
0.000000000000000000e+00
7.736607711357986084e+00
8.952743721839606650e+00
1.121390532626717373e+01
1.467025695802686514e+01
1.508127319760909835e+01
0.000000000000000000e+00
1.240989138844348183e+01
0.000000000000000000e+00
8.291332203295182168e+00
9.565101766327064325e+00
1.014428903938982174e+01
0.000000000000000000e+00
9.087962423633033637e+00
1.263271897251441622e+01
0.000000000000000000e+00
7.131494160312983333e+00
1.368859367356138890e+01
7.833439794905034503e+00
8.226763103277638933e+00
0.000000000000000000e+00
0.000000000000000000e+00
9.824149662794447124e+00
0.000000000000000000e+00
0.000000000000000000e+00
0.000000000000000000e+00
1.142320266088726477e+01
0.000000000000000000e+00
1.145808875653424685e+01
9.830596114264203322e+00
0.000000000000000000e+00
0.000000000000000000e+00
1.642092337909316058e+01
9.418611108492180861e+00
1.198634569026324392e+01
0.000000000000000000e+00
1.337532929763933787e+01
1.509324758544318179e+01
0.000000000000000000e+00
7.656856327829214770e+00
0.000000000000000000e+00
0.000000000000000000e+00
9.733412414819682112e+00
0.000000000000000000e+00
0.000000000000000000e+00
1.027397312572296073e+01
1.467025695802686514e+01
1.050360406419547843e+01
0.000000000000000000e+00
7.642052084568324410e+00
0.000000000000000000e+00
0.000000000000000000e+00
1.014428903938982174e+01
1.368859367356138890e+01
1.402125994386474694e+01
1.327379386866268440e+01
1.198634569026324392e+01
0.000000000000000000e+00
0.000000000000000000e+00
1.607946192481239578e+01
0.000000000000000000e+00
0.000000000000000000e+00
1.145808875653424685e+01
0.000000000000000000e+00
0.000000000000000000e+00
0.000000000000000000e+00
1.169391151382484750e+01
1.042119505101688937e+01
1.451602709000029812e+01
9.031967438101592194e+00
0.000000000000000000e+00
0.000000000000000000e+00
0.000000000000000000e+00
0.000000000000000000e+00
0.000000000000000000e+00
1.203566577228047585e+01
1.327379386866268440e+01
1.747571656321284550e+01
0.000000000000000000e+00
0.000000000000000000e+00
1.312868545635163642e+01
0.000000000000000000e+00
9.699695535617324893e+00
0.000000000000000000e+00
0.000000000000000000e+00
0.000000000000000000e+00
0.000000000000000000e+00
0.000000000000000000e+00
0.000000000000000000e+00
0.000000000000000000e+00
0.000000000000000000e+00
0.000000000000000000e+00
1.316376943211415806e+01
1.078583066656291756e+01
0.000000000000000000e+00
0.000000000000000000e+00
0.000000000000000000e+00
0.000000000000000000e+00
0.000000000000000000e+00
0.000000000000000000e+00
1.642092337909316058e+01
0.000000000000000000e+00
0.000000000000000000e+00
0.000000000000000000e+00
0.000000000000000000e+00
1.496893656725847954e+01
0.000000000000000000e+00
1.399857816618509432e+01
1.642439663146446449e+01
0.000000000000000000e+00
0.000000000000000000e+00
0.000000000000000000e+00
1.038233291526350577e+01
1.496893656725847954e+01
0.000000000000000000e+00
1.668533364319451451e+01
0.000000000000000000e+00
0.000000000000000000e+00
1.496893656725847954e+01
1.301991216756690406e+01
1.596867754615311341e+01
0.000000000000000000e+00
1.668533364319451451e+01
1.168249109505642735e+01
0.000000000000000000e+00
1.642439663146446449e+01
0.000000000000000000e+00
1.642439663146446449e+01
0.000000000000000000e+00
0.000000000000000000e+00
1.502818664079199174e+01
0.000000000000000000e+00
0.000000000000000000e+00
1.301991216756690406e+01
0.000000000000000000e+00
1.642439663146446449e+01
0.000000000000000000e+00
1.337672151772876106e+01
0.000000000000000000e+00
8.667944428765007814e+00
1.163442132564257214e+01
1.335527548489193528e+01
0.000000000000000000e+00
0.000000000000000000e+00
0.000000000000000000e+00
1.203566577228047585e+01
0.000000000000000000e+00
0.000000000000000000e+00
1.167938152890791947e+01
1.807183510759475453e+01
0.000000000000000000e+00
1.259824200313008191e+01
1.078583066656291756e+01
0.000000000000000000e+00
0.000000000000000000e+00
1.642439663146446449e+01
0.000000000000000000e+00
1.525509581624959488e+01
1.164920253050492072e+01
0.000000000000000000e+00
0.000000000000000000e+00
0.000000000000000000e+00
1.030089349482332928e+01
1.251752031643719754e+01
1.221425386811104197e+01
0.000000000000000000e+00
1.607946192481239578e+01
0.000000000000000000e+00
0.000000000000000000e+00
0.000000000000000000e+00
1.529325565425447842e+01
1.556993611374567621e+01
1.036664432764919397e+01
0.000000000000000000e+00
8.882465793152734435e+00
1.101947634862595926e+01
0.000000000000000000e+00
0.000000000000000000e+00
0.000000000000000000e+00
0.000000000000000000e+00
0.000000000000000000e+00
0.000000000000000000e+00
0.000000000000000000e+00
1.366638518844613337e+01
0.000000000000000000e+00
0.000000000000000000e+00
0.000000000000000000e+00
0.000000000000000000e+00
0.000000000000000000e+00
1.467025695802686514e+01
0.000000000000000000e+00
0.000000000000000000e+00
0.000000000000000000e+00
0.000000000000000000e+00
0.000000000000000000e+00
1.366638518844613337e+01
1.301518077861320144e+01
1.030339392345890204e+01
1.366638518844613337e+01
1.129135992325469040e+01
7.775951991782885209e+00
1.366638518844613337e+01
0.000000000000000000e+00
1.274776393721807821e+01
1.145808875653424685e+01
1.490529550049304675e+01
0.000000000000000000e+00
0.000000000000000000e+00
1.224561676542520061e+01
1.366638518844613337e+01
0.000000000000000000e+00
1.366638518844613337e+01
1.366638518844613337e+01
1.124071258218536862e+01
0.000000000000000000e+00
0.000000000000000000e+00
0.000000000000000000e+00
1.607946192481239578e+01
1.556993611374567621e+01
0.000000000000000000e+00
9.462512917791514155e+00
0.000000000000000000e+00
0.000000000000000000e+00
0.000000000000000000e+00
1.635223096811787258e+01
1.496893656725847954e+01
0.000000000000000000e+00
1.366638518844613337e+01
0.000000000000000000e+00
1.607946192481239578e+01
1.474025295759715526e+01
0.000000000000000000e+00
1.409170728751237078e+01
1.301518077861320144e+01
0.000000000000000000e+00
0.000000000000000000e+00
0.000000000000000000e+00
1.030339392345890204e+01
0.000000000000000000e+00
1.301518077861320144e+01
1.539381224878390064e+01
0.000000000000000000e+00
0.000000000000000000e+00
0.000000000000000000e+00
0.000000000000000000e+00
0.000000000000000000e+00
0.000000000000000000e+00
1.129135992325469040e+01
1.167938152890791947e+01
1.467025695802686514e+01
1.301518077861320144e+01
1.361270338968199134e+01
0.000000000000000000e+00
0.000000000000000000e+00
0.000000000000000000e+00
0.000000000000000000e+00
0.000000000000000000e+00
0.000000000000000000e+00
0.000000000000000000e+00
0.000000000000000000e+00
1.205761694854971999e+01
0.000000000000000000e+00
0.000000000000000000e+00
1.366638518844613337e+01
0.000000000000000000e+00
0.000000000000000000e+00
0.000000000000000000e+00
0.000000000000000000e+00
0.000000000000000000e+00
1.483337544439536870e+01
1.277941660060717233e+01
1.132480169370658274e+01
0.000000000000000000e+00
1.702003227257251439e+01
0.000000000000000000e+00
1.569960858085157795e+01
1.229456029180852283e+01
1.132480169370658274e+01
1.132480169370658274e+01
0.000000000000000000e+00
0.000000000000000000e+00
0.000000000000000000e+00
0.000000000000000000e+00
0.000000000000000000e+00
0.000000000000000000e+00
0.000000000000000000e+00
0.000000000000000000e+00
1.104430214417166312e+01
0.000000000000000000e+00
0.000000000000000000e+00
1.334141723628992793e+01
1.042119505101688937e+01
0.000000000000000000e+00
0.000000000000000000e+00
1.150149697642804014e+01
0.000000000000000000e+00
0.000000000000000000e+00
1.371180808719536870e+01
0.000000000000000000e+00
0.000000000000000000e+00
0.000000000000000000e+00
1.137920532030753407e+01
1.595228499718079362e+01
0.000000000000000000e+00
0.000000000000000000e+00
0.000000000000000000e+00
1.480812535147981102e+01
1.246139668659006539e+01
0.000000000000000000e+00
0.000000000000000000e+00
0.000000000000000000e+00
0.000000000000000000e+00
0.000000000000000000e+00
0.000000000000000000e+00
0.000000000000000000e+00
0.000000000000000000e+00
0.000000000000000000e+00
0.000000000000000000e+00
1.185138882412282335e+01
9.090272852110389934e+00
1.281165362719389300e+01
0.000000000000000000e+00
0.000000000000000000e+00
0.000000000000000000e+00
0.000000000000000000e+00
0.000000000000000000e+00
0.000000000000000000e+00
1.364457404451197853e+01
0.000000000000000000e+00
0.000000000000000000e+00
0.000000000000000000e+00
1.364457404451197853e+01
0.000000000000000000e+00
1.227370511687953858e+01
1.483337544439536870e+01
0.000000000000000000e+00
1.413849297480033051e+01
0.000000000000000000e+00
1.203450296700307121e+01
1.442232634862052265e+01
0.000000000000000000e+00
0.000000000000000000e+00
1.595228499718079362e+01
9.913960260422374660e+00
1.544727827886174509e+01
0.000000000000000000e+00
1.509324758544318179e+01
1.087554085263120740e+01
0.000000000000000000e+00
1.246139668659006539e+01
1.626793542665765457e+01
0.000000000000000000e+00
0.000000000000000000e+00
1.124012131948931703e+01
1.193112728083791474e+01
0.000000000000000000e+00
0.000000000000000000e+00
1.569960858085157795e+01
0.000000000000000000e+00
0.000000000000000000e+00
0.000000000000000000e+00
1.010069450629082155e+01
1.508127319760909835e+01
1.246139668659006539e+01
1.107305796726053160e+01
0.000000000000000000e+00
1.246139668659006539e+01
0.000000000000000000e+00
0.000000000000000000e+00
9.830596114264203322e+00
0.000000000000000000e+00
1.225579264316529660e+01
1.467025695802686514e+01
0.000000000000000000e+00
1.129135992325469040e+01
1.124719038087221712e+01
9.373765149885308290e+00
1.366638518844613337e+01
1.467025695802686514e+01
0.000000000000000000e+00
1.225579264316529660e+01
0.000000000000000000e+00
0.000000000000000000e+00
0.000000000000000000e+00
1.508127319760909835e+01
0.000000000000000000e+00
0.000000000000000000e+00
1.167301807710807005e+01
0.000000000000000000e+00
0.000000000000000000e+00
8.128042897844865777e+00
1.303533267888119695e+01
0.000000000000000000e+00
9.154223963182527513e+00
1.502818664079199174e+01
1.642439663146446449e+01
0.000000000000000000e+00
9.815446041574084290e+00
0.000000000000000000e+00
0.000000000000000000e+00
1.030089349482332928e+01
1.327379386866268440e+01
0.000000000000000000e+00
0.000000000000000000e+00
0.000000000000000000e+00
0.000000000000000000e+00
9.804659460640881008e+00
1.642092337909316058e+01
0.000000000000000000e+00
0.000000000000000000e+00
1.715538663611707193e+01
1.304735923768802763e+01
1.167301807710807005e+01
1.144616116850323095e+01
0.000000000000000000e+00
0.000000000000000000e+00
0.000000000000000000e+00
0.000000000000000000e+00
0.000000000000000000e+00
0.000000000000000000e+00
0.000000000000000000e+00
0.000000000000000000e+00
1.080760618445523491e+01
0.000000000000000000e+00
0.000000000000000000e+00
1.409170728751237078e+01
1.642439663146446449e+01
0.000000000000000000e+00
1.303533267888119695e+01
1.217758455621734903e+01
0.000000000000000000e+00
0.000000000000000000e+00
0.000000000000000000e+00
0.000000000000000000e+00
0.000000000000000000e+00
1.129135992325469040e+01
0.000000000000000000e+00
0.000000000000000000e+00
1.642092337909316058e+01
1.502818664079199174e+01
1.366638518844613337e+01
1.409170728751237078e+01
0.000000000000000000e+00
0.000000000000000000e+00
0.000000000000000000e+00
0.000000000000000000e+00
1.043618434309447629e+01
0.000000000000000000e+00
0.000000000000000000e+00
1.315074949703845775e+01
0.000000000000000000e+00
1.304245553718708095e+01
1.074778551305210605e+01
0.000000000000000000e+00
0.000000000000000000e+00
0.000000000000000000e+00
0.000000000000000000e+00
0.000000000000000000e+00
0.000000000000000000e+00
1.174150482834840581e+01
1.102921017822071725e+01
0.000000000000000000e+00
1.217758455621734903e+01
1.467025695802686514e+01
1.103286892797959062e+01
1.047693288179162430e+01
1.467025695802686514e+01
0.000000000000000000e+00
1.455930242481945669e+01
1.152070258367722388e+01
1.399857816618509432e+01
0.000000000000000000e+00
0.000000000000000000e+00
0.000000000000000000e+00
1.030653914635054313e+01
0.000000000000000000e+00
0.000000000000000000e+00
0.000000000000000000e+00
0.000000000000000000e+00
0.000000000000000000e+00
1.529535872467772606e+01
1.642092337909316058e+01
0.000000000000000000e+00
9.672015973216971929e+00
1.620905443911469135e+01
1.659401647981700378e+01
0.000000000000000000e+00
0.000000000000000000e+00
1.887112115978344207e+01
0.000000000000000000e+00
1.455930242481945669e+01
1.303533267888119695e+01
1.678327896326626956e+01
1.887112115978344207e+01
0.000000000000000000e+00
1.075916706615309870e+01
0.000000000000000000e+00
0.000000000000000000e+00
0.000000000000000000e+00
1.167938152890791947e+01
0.000000000000000000e+00
0.000000000000000000e+00
0.000000000000000000e+00
0.000000000000000000e+00
0.000000000000000000e+00
1.302815460250165458e+01
1.642092337909316058e+01
0.000000000000000000e+00
1.642092337909316058e+01
0.000000000000000000e+00
0.000000000000000000e+00
0.000000000000000000e+00
1.321186380323642062e+01
0.000000000000000000e+00
0.000000000000000000e+00
1.529535872467772606e+01
0.000000000000000000e+00
0.000000000000000000e+00
1.417231900513890963e+01
1.807183510759475453e+01
1.525509581624959488e+01
0.000000000000000000e+00
1.335527548489193528e+01
1.807183510759475453e+01
0.000000000000000000e+00
1.223442219545603749e+01
0.000000000000000000e+00
0.000000000000000000e+00
1.379849848572062143e+01
1.642092337909316058e+01
1.379849848572062143e+01
1.237828317115828192e+01
0.000000000000000000e+00
1.027570580774968967e+01
0.000000000000000000e+00
9.599226772488918868e+00
1.167938152890791947e+01
1.364043177244356819e+01
1.659401647981700378e+01
0.000000000000000000e+00
1.074897654519033630e+01
0.000000000000000000e+00
0.000000000000000000e+00
1.262977500339485104e+01
1.417231900513890963e+01
0.000000000000000000e+00
1.455930242481945669e+01
0.000000000000000000e+00
0.000000000000000000e+00
0.000000000000000000e+00
0.000000000000000000e+00
1.495514728731762766e+01
0.000000000000000000e+00
0.000000000000000000e+00
1.371180808719536870e+01
0.000000000000000000e+00
1.453168230829842678e+01
0.000000000000000000e+00
0.000000000000000000e+00
0.000000000000000000e+00
0.000000000000000000e+00
1.054713096421769514e+01
1.607946192481239578e+01
0.000000000000000000e+00
1.163442132564257214e+01
1.312868545635163642e+01
1.370126070224462111e+01
1.032059389436134822e+01
1.237461560890563383e+01
1.032059389436134822e+01
9.307216220121084405e+00
0.000000000000000000e+00
9.598296290406306497e+00
1.064743672538756059e+01
1.098917619012428482e+01
0.000000000000000000e+00
0.000000000000000000e+00
1.019210903903525178e+01
1.642092337909316058e+01
0.000000000000000000e+00
9.087962423633033637e+00
0.000000000000000000e+00
1.250279708195825634e+01
7.977656189230067696e+00
1.790640534923396032e+01
1.163442132564257214e+01
0.000000000000000000e+00
0.000000000000000000e+00
0.000000000000000000e+00
0.000000000000000000e+00
0.000000000000000000e+00
1.259824200313008191e+01
1.281827335124431322e+01
0.000000000000000000e+00
0.000000000000000000e+00
1.304812600725228577e+01
0.000000000000000000e+00
0.000000000000000000e+00
0.000000000000000000e+00
0.000000000000000000e+00
0.000000000000000000e+00
2.013003951702696881e+01
0.000000000000000000e+00
0.000000000000000000e+00
1.479328072627643031e+01
9.307216220121084405e+00
0.000000000000000000e+00
1.529535872467772606e+01
0.000000000000000000e+00
0.000000000000000000e+00
0.000000000000000000e+00
0.000000000000000000e+00
0.000000000000000000e+00
1.237461560890563383e+01
0.000000000000000000e+00
0.000000000000000000e+00
1.144616116850323095e+01
0.000000000000000000e+00
0.000000000000000000e+00
0.000000000000000000e+00
0.000000000000000000e+00
0.000000000000000000e+00
1.467025695802686514e+01
0.000000000000000000e+00
1.316376943211415806e+01
0.000000000000000000e+00
0.000000000000000000e+00
1.123253533580969155e+01
0.000000000000000000e+00
0.000000000000000000e+00
9.307216220121084405e+00
1.467025695802686514e+01
0.000000000000000000e+00
0.000000000000000000e+00
0.000000000000000000e+00
0.000000000000000000e+00
1.519539156264784552e+01
0.000000000000000000e+00
0.000000000000000000e+00
0.000000000000000000e+00
1.266780122176196599e+01
1.529535872467772606e+01
1.092494277145076431e+01
0.000000000000000000e+00
0.000000000000000000e+00
0.000000000000000000e+00
0.000000000000000000e+00
0.000000000000000000e+00
1.167938152890791947e+01
1.479328072627643031e+01
1.301602067033040377e+01
1.250279708195825634e+01
0.000000000000000000e+00
1.607946192481239578e+01
1.432946232741701387e+01
0.000000000000000000e+00
0.000000000000000000e+00
1.037044002033662338e+01
0.000000000000000000e+00
9.814375805097945715e+00
1.163442132564257214e+01
1.607946192481239578e+01
0.000000000000000000e+00
1.142190080195258872e+01
1.529325565425447842e+01
0.000000000000000000e+00
0.000000000000000000e+00
1.120227437316849439e+01
0.000000000000000000e+00
1.240786053672958822e+01
1.044680585591131994e+01
1.479328072627643031e+01
1.529535872467772606e+01
0.000000000000000000e+00
0.000000000000000000e+00
0.000000000000000000e+00
0.000000000000000000e+00
1.479328072627643031e+01
1.636352255444292680e+01
0.000000000000000000e+00
0.000000000000000000e+00
1.292669234637536846e+01
0.000000000000000000e+00
1.529535872467772606e+01
0.000000000000000000e+00
0.000000000000000000e+00
1.009713658472862541e+01
1.030089349482332928e+01
8.110076335158620253e+00
0.000000000000000000e+00
1.479328072627643031e+01
1.490529550049304675e+01
0.000000000000000000e+00
0.000000000000000000e+00
0.000000000000000000e+00
0.000000000000000000e+00
1.479328072627643031e+01
0.000000000000000000e+00
0.000000000000000000e+00
1.642439663146446449e+01
1.743901033411548696e+01
0.000000000000000000e+00
0.000000000000000000e+00
0.000000000000000000e+00
0.000000000000000000e+00
0.000000000000000000e+00
1.030653914635054313e+01
0.000000000000000000e+00
9.195084327770670640e+00
0.000000000000000000e+00
1.049381502236342101e+01
0.000000000000000000e+00
1.496893656725847954e+01
0.000000000000000000e+00
0.000000000000000000e+00
1.049381502236342101e+01
9.178964302505734807e+00
1.529535872467772606e+01
1.467025695802686514e+01
1.644304549111163283e+01
0.000000000000000000e+00
0.000000000000000000e+00
0.000000000000000000e+00
0.000000000000000000e+00
0.000000000000000000e+00
0.000000000000000000e+00
1.479328072627643031e+01
1.467025695802686514e+01
0.000000000000000000e+00
0.000000000000000000e+00
1.815495040999792309e+01
9.373765149885308290e+00
1.529535872467772606e+01
1.049381502236342101e+01
1.807183510759475453e+01
0.000000000000000000e+00
1.332464880880730718e+01
0.000000000000000000e+00
0.000000000000000000e+00
1.142190080195258872e+01
1.529535872467772606e+01
0.000000000000000000e+00
9.492643152428804854e+00
0.000000000000000000e+00
1.312868545635163642e+01
0.000000000000000000e+00
0.000000000000000000e+00
1.335527548489193528e+01
0.000000000000000000e+00
0.000000000000000000e+00
0.000000000000000000e+00
0.000000000000000000e+00
1.327284262492182165e+01
1.301518077861320144e+01
0.000000000000000000e+00
1.182153602114377300e+01
9.178964302505734807e+00
