1.340473006673546941e+01
1.406309607607287226e+01
1.315758120016541888e+01
1.277925520844543250e+01
1.479805096858210156e+01
1.199499372853379775e+01
0.000000000000000000e+00
1.130208490479257399e+01
1.213761417054332803e+01
1.482974068239339260e+01
1.647350769631659517e+01
1.064190369008047021e+01
1.285553674896006271e+01
1.389814331260670954e+01
0.000000000000000000e+00
0.000000000000000000e+00
1.463730265397911445e+01
1.340311662662494463e+01
1.575303375319964161e+01
1.350644791925324562e+01
0.000000000000000000e+00
1.498305525833974272e+01
1.134296589784241682e+01
1.290397876316195891e+01
1.238935844566845290e+01
1.064740621883107075e+01
1.299662472903443877e+01
0.000000000000000000e+00
1.236767071763742543e+01
1.230173711572075312e+01
1.343007842202021784e+01
1.588600443664129713e+01
0.000000000000000000e+00
1.305962790722853306e+01
0.000000000000000000e+00
1.287597986986683196e+01
1.390180905247497201e+01
1.449690502966256034e+01
1.163159810614435230e+01
1.517269607044744184e+01
1.430593516033036749e+01
1.162546543970076662e+01
0.000000000000000000e+00
0.000000000000000000e+00
1.508508989299460978e+01
1.380922435401569537e+01
1.647106138632428340e+01
0.000000000000000000e+00
1.268622347899079905e+01
0.000000000000000000e+00
1.501785854834014700e+01
1.131397162828762326e+01
1.064740621883107075e+01
1.307322765777114348e+01
1.778068574385745038e+01
1.261524278822417955e+01
0.000000000000000000e+00
1.165789353777830506e+01
1.439993012783081561e+01
1.344933220332839952e+01
1.359014480102281297e+01
1.484280983370678975e+01
1.432508302827324087e+01
1.526014550412783954e+01
1.648618408008849556e+01
0.000000000000000000e+00
1.187960577615596947e+01
1.324667794601372428e+01
0.000000000000000000e+00
1.470674844110894419e+01
1.348628121174260031e+01
1.237195611372901993e+01
1.410290191008749439e+01
1.452986334443795968e+01
1.267496377060167312e+01
1.282457154830535728e+01
1.569733220552195618e+01
0.000000000000000000e+00
1.356220569262859144e+01
1.816475162993880943e+01
1.328286764834723854e+01
1.500905977906807642e+01
1.253905620181142311e+01
1.318419267590591382e+01
1.470197135979354641e+01
1.349393335401237870e+01
0.000000000000000000e+00
1.312524863738839542e+01
1.194658309370419502e+01
0.000000000000000000e+00
1.153236355868463470e+01
1.312880388915767860e+01
1.112495174188180158e+01
1.473814601759868559e+01
1.277925520844543250e+01
1.399385952921975118e+01
1.320284762992282523e+01
1.367450618570806853e+01
1.343253739456837792e+01
1.528653980754678265e+01
1.380494069713380156e+01
1.459747271557418635e+01
1.139856684516759877e+01
1.291939922448658429e+01
1.859492062057270445e+01
1.324693772543673909e+01
1.131397162828762326e+01
1.360155562583305411e+01
1.525230969146433679e+01
1.200466308371182400e+01
1.275708342574900200e+01
1.231378105565857162e+01
1.268971186849196187e+01
1.375217835723018922e+01
0.000000000000000000e+00
1.714615319218880884e+01
1.464937468210010607e+01
1.399385952921975118e+01
1.767063329494412116e+01
1.484882661553977456e+01
1.266801042737768057e+01
1.290161878706918230e+01
1.109599013308625892e+01
1.276588400541447754e+01
1.360155562583305411e+01
1.955422076041296009e+01
1.268739069587368817e+01
1.472672115836784634e+01
1.696613987637448062e+01
0.000000000000000000e+00
1.422883081680640771e+01
1.447017568167645685e+01
1.301297204633778470e+01
1.557240155387754044e+01
1.532972940173948295e+01
1.204443503020445583e+01
1.166897513675503895e+01
1.597028262556371736e+01
1.371830628961376952e+01
1.172338387250911218e+01
1.422208848695271044e+01
1.159970877355268293e+01
1.583038021845842103e+01
1.437850703203855574e+01
1.472193035854527388e+01
1.435395212208240956e+01
1.135350479294522508e+01
1.574197567782531237e+01
1.396208389149063578e+01
1.495265617933659286e+01
0.000000000000000000e+00
0.000000000000000000e+00
1.401170744046274486e+01
1.282457154830535728e+01
1.365236646912497953e+01
1.281937226056651546e+01
0.000000000000000000e+00
0.000000000000000000e+00
1.257920790863361127e+01
1.465777652264622866e+01
1.568300051335434375e+01
1.570716036447625186e+01
1.547148003443365027e+01
1.620877550334519057e+01
1.690918406059910595e+01
1.451175725468581845e+01
1.382181935099290016e+01
1.205072847125993007e+01
0.000000000000000000e+00
1.284162802451960772e+01
1.105557000390656697e+01
1.444292110782834193e+01
1.255861694484800140e+01
1.346214680094868221e+01
1.381947374815562846e+01
1.260818194767518818e+01
0.000000000000000000e+00
0.000000000000000000e+00
1.382181935099290016e+01
1.281398028546148460e+01
1.301267889898080909e+01
0.000000000000000000e+00
1.382676615785048924e+01
1.270380054988568119e+01
1.415025366819146413e+01
0.000000000000000000e+00
1.473872505098420405e+01
1.915405308276454477e+01
0.000000000000000000e+00
1.418537039333830485e+01
1.284968599146214174e+01
1.337918826562348151e+01
1.543443916385799675e+01
1.226727374047085029e+01
1.315315169947108309e+01
1.414706580863130370e+01
1.079939391141521554e+01
1.472724996884353565e+01
0.000000000000000000e+00
1.275708342574900200e+01
1.482027950801571947e+01
1.295330811473185229e+01
1.366181481414639265e+01
1.097495346970747043e+01
1.388456952223356033e+01
1.492595628594525792e+01
9.706741572908677895e+00
1.283426178844589849e+01
1.406224949562698789e+01
1.529532280312172077e+01
1.283473046085073577e+01
1.464317858660740868e+01
1.327160408728168939e+01
1.229525930757553631e+01
1.237936725282030537e+01
1.605972644043574959e+01
1.165023382379944117e+01
0.000000000000000000e+00
1.114364832280941897e+01
1.210996193488918671e+01
1.331924005258224497e+01
1.392848000607230574e+01
1.459747271557418635e+01
1.256883032410879331e+01
1.495265617933659286e+01
1.478121303103230311e+01
0.000000000000000000e+00
0.000000000000000000e+00
1.007604634948631706e+01
1.254441327132794193e+01
1.331259313932100952e+01
1.528981663952051839e+01
1.371039937324195002e+01
1.479805096858210156e+01
1.610169984851231106e+01
1.327473318851722439e+01
1.496485740184662916e+01
1.457260869083725474e+01
1.205072847125993007e+01
1.375811666965994995e+01
1.328286764834723854e+01
1.204053467550823697e+01
1.331924005258224497e+01
1.268739069587368817e+01
1.450886742571281296e+01
0.000000000000000000e+00
1.320284762992282523e+01
1.693919952493491365e+01
1.178238019714623519e+01
1.139856684516759877e+01
1.135781728104076471e+01
1.526694760495038494e+01
1.203271929129984130e+01
1.061378845225556944e+01
1.688279534755148958e+01
1.454311762150229370e+01
0.000000000000000000e+00
1.215422976688934753e+01
1.331924005258224497e+01
1.217008287479265327e+01
1.279688550457063734e+01
1.420352780797114711e+01
1.451193923352310833e+01
1.317008780491256381e+01
1.356220569262859144e+01
1.536185706255641925e+01
1.354951256005161930e+01
1.371453321260669966e+01
1.079939391141521554e+01
1.444978718790503791e+01
1.356220569262859144e+01
1.288555016361687677e+01
1.523762109826977706e+01
1.417776453389178748e+01
1.263675048991713723e+01
0.000000000000000000e+00
1.966728478859411311e+01
1.195668292567710544e+01
1.180290016920381646e+01
1.774016474729366166e+01
0.000000000000000000e+00
1.336303389851427070e+01
1.407781639933194562e+01
0.000000000000000000e+00
1.412939601682519530e+01
1.313764127753298716e+01
1.288555016361687677e+01
1.335602918223682600e+01
0.000000000000000000e+00
1.280886179849093409e+01
3.127555830752212529e+01
0.000000000000000000e+00
1.347418967485470276e+01
1.323056064024751599e+01
1.592473683389130379e+01
1.420487348472374478e+01
1.495265617933659286e+01
1.403422927531847719e+01
0.000000000000000000e+00
1.229854234107778943e+01
0.000000000000000000e+00
1.398797917085836495e+01
1.472193035854527388e+01
1.400235505296634564e+01
1.709207745525340982e+01
1.397002477936321618e+01
1.526014550412783954e+01
1.717278981524788506e+01
1.484022656959913355e+01
1.532489410674845765e+01
1.475240562059624061e+01
1.328042125668946483e+01
1.508217422014306486e+01
1.416772586106940324e+01
1.528539625970239690e+01
1.147370042816948654e+01
0.000000000000000000e+00
1.160295781375283219e+01
1.533943506782674504e+01
0.000000000000000000e+00
1.639335975010742530e+01
1.301879110727850275e+01
1.435395212208240956e+01
0.000000000000000000e+00
1.487301184073983507e+01
1.458190794264819345e+01
1.537307390418041209e+01
1.612518562169850256e+01
0.000000000000000000e+00
1.482555168017701241e+01
1.324910918237019963e+01
1.185105418749334838e+01
1.307395104531954644e+01
1.901695318324850348e+01
1.333981737825010860e+01
1.415761200942038656e+01
1.603831891824039602e+01
1.220704087085344725e+01
9.686718713879015397e+00
1.225326538042352809e+01
1.364804195391133490e+01
1.278203363389648928e+01
1.647106138632428340e+01
1.258621424293026791e+01
1.204529209272082646e+01
1.280414854108700418e+01
1.400576248756415865e+01
1.721500438869381000e+01
0.000000000000000000e+00
0.000000000000000000e+00
1.222594049423280893e+01
0.000000000000000000e+00
1.144595341955763601e+01
1.292715234117083867e+01
0.000000000000000000e+00
0.000000000000000000e+00
1.652044041397882523e+01
1.660013318752130829e+01
1.254239546135802641e+01
1.403519219273882435e+01
1.194658309370419502e+01
1.558235002529336732e+01
1.415444326084691795e+01
1.158629757658898463e+01
1.207467915116871993e+01
1.410660726718810132e+01
1.438309618179502536e+01
0.000000000000000000e+00
1.078445330206274200e+01
1.205072847125993007e+01
1.144139500366102702e+01
1.557240155387754044e+01
1.470203348203117244e+01
1.233211206479524336e+01
1.293352298854390270e+01
1.365628540339324815e+01
1.331027467969564704e+01
1.307048690457660989e+01
1.228032123380402396e+01
1.240455932368333336e+01
0.000000000000000000e+00
1.404036986708134904e+01
1.904043750318611572e+01
1.288856862947610971e+01
0.000000000000000000e+00
0.000000000000000000e+00
1.429283543561633785e+01
1.438208626022284342e+01
1.636896701464004167e+01
1.269383957572549981e+01
1.168545462019076098e+01
1.261049716547629629e+01
1.189665113647158634e+01
1.141719737142117985e+01
1.344136024064926538e+01
1.700385980684340836e+01
1.966728478859411311e+01
1.321070706972496822e+01
1.496451411075409865e+01
1.215422976688934753e+01
1.498388225656075612e+01
1.231991648307787379e+01
1.256883032410879331e+01
1.188067782344392320e+01
0.000000000000000000e+00
1.298127099230423909e+01
1.261524278822417955e+01
1.393625610478062171e+01
1.660970181871561380e+01
1.130208490479257399e+01
1.309053585029507971e+01
1.624021592423015292e+01
1.698688055613795100e+01
1.992665854969337502e+01
0.000000000000000000e+00
1.427628873030595180e+01
1.207343462508229592e+01
1.413609060497678094e+01
1.757098768509385778e+01
0.000000000000000000e+00
1.258621424293026791e+01
1.529830814235684500e+01
1.270464471936964834e+01
1.125928350661371447e+01
0.000000000000000000e+00
1.408456525078079480e+01
0.000000000000000000e+00
1.493280540423639735e+01
1.271761312739578997e+01
1.459850206849624144e+01
1.288856862947610971e+01
1.416053971183879767e+01
1.541569993014735118e+01
1.165789353777830506e+01
1.488708098594179496e+01
1.301297204633778470e+01
1.225326538042352809e+01
0.000000000000000000e+00
0.000000000000000000e+00
1.440354571806775574e+01
0.000000000000000000e+00
1.353828153235769705e+01
1.283426178844589849e+01
2.261834793552834100e+01
1.343990147063582796e+01
1.248967866673111615e+01
0.000000000000000000e+00
0.000000000000000000e+00
1.653148701818310684e+01
1.328286764834723854e+01
1.459850206849624144e+01
1.648618408008849556e+01
1.422983547140812632e+01
0.000000000000000000e+00
1.402582364577545171e+01
1.900597934970285507e+01
1.405884196423261834e+01
1.389590528652992063e+01
0.000000000000000000e+00
1.496550363099123793e+01
1.233577212612898144e+01
1.357549205118663949e+01
1.368805822578985421e+01
1.660042396329487602e+01
0.000000000000000000e+00
1.379620280363035079e+01
1.344136024064926538e+01
1.220353574288383847e+01
1.147398506776064586e+01
1.424908132189847088e+01
1.501436252285134287e+01
1.271263204288743864e+01
1.470283524805607378e+01
1.272679436935948161e+01
0.000000000000000000e+00
1.217764607032690449e+01
1.248266690737126083e+01
1.369089942036145935e+01
1.139856684516759877e+01
1.314441931768865679e+01
0.000000000000000000e+00
1.303589683030438806e+01
1.287926450761951891e+01
1.433376820702648224e+01
0.000000000000000000e+00
0.000000000000000000e+00
1.274842792232540667e+01
0.000000000000000000e+00
1.183654500674646037e+01
1.411716841273038803e+01
1.472992245569798264e+01
0.000000000000000000e+00
1.451289946421396060e+01
1.355262400203828932e+01
1.227927497675233681e+01
1.111352046421575857e+01
1.342277000962048383e+01
1.438968622970763711e+01
0.000000000000000000e+00
1.227526341022926282e+01
1.391706420485679629e+01
1.414737192689402612e+01
1.158908549135173160e+01
1.079939391141521554e+01
1.435129091871403517e+01
1.250079525803877800e+01
1.547408917905694636e+01
1.580956597152762377e+01
1.283728454870339419e+01
1.344136024064926538e+01
1.239948750048842108e+01
1.366181481414639265e+01
1.215351855659139702e+01
0.000000000000000000e+00
1.395504814535600246e+01
1.159795637329647100e+01
0.000000000000000000e+00
1.490618469387599276e+01
1.462968045423664343e+01
1.264180744040518611e+01
1.379833335305808539e+01
0.000000000000000000e+00
1.067997547533730263e+01
0.000000000000000000e+00
1.159795637329647100e+01
1.273244848797177475e+01
1.121861313911555769e+01
1.525864931171507344e+01
0.000000000000000000e+00
1.261561483647740189e+01
1.531424537725337487e+01
1.279425522341318455e+01
0.000000000000000000e+00
0.000000000000000000e+00
1.377409268293001254e+01
1.382416793072582273e+01
1.026955545547666482e+01
1.217764607032690449e+01
1.241426751709385634e+01
1.239132597719365947e+01
1.204529209272082646e+01
1.135457955945799036e+01
1.295725889635961536e+01
1.284145311439180404e+01
1.635576764654361170e+01
1.130208490479257399e+01
1.528981663952051839e+01
1.385521533792197069e+01
1.450886742571281296e+01
0.000000000000000000e+00
1.295083545729640662e+01
0.000000000000000000e+00
2.260504392948866936e+01
1.835911094489270567e+01
1.321091917788056413e+01
0.000000000000000000e+00
1.698253262973445388e+01
0.000000000000000000e+00
1.434553029900115284e+01
1.296322268997854366e+01
0.000000000000000000e+00
1.786806756729149370e+01
0.000000000000000000e+00
0.000000000000000000e+00
1.608534281558341661e+01
0.000000000000000000e+00
0.000000000000000000e+00
1.196494455778554666e+01
1.651952104178706193e+01
1.168962458283406214e+01
1.744609579182570513e+01
1.230997340204789126e+01
1.145240849191369392e+01
1.235177597011586670e+01
1.902025588114459254e+01
0.000000000000000000e+00
1.431359806869595630e+01
1.056477535377780974e+01
0.000000000000000000e+00
1.306596597153056649e+01
1.301646279471960987e+01
1.344112768037159533e+01
0.000000000000000000e+00
2.013489832618230579e+01
0.000000000000000000e+00
1.252488882684251514e+01
1.902025588114459254e+01
0.000000000000000000e+00
0.000000000000000000e+00
1.422789368507887353e+01
1.324693772543673909e+01
1.641336570323700172e+01
1.624021592423015292e+01
1.441625395440867941e+01
0.000000000000000000e+00
1.467934387770116089e+01
1.430068136366218390e+01
1.538232549219448941e+01
1.425520203846901168e+01
1.328334653328822057e+01
1.644931787087563180e+01
1.374490472496401772e+01
1.471384694608081567e+01
1.057942289086665255e+01
1.644673630958160260e+01
1.168327890037333106e+01
1.457009923462518408e+01
1.427245517045479417e+01
1.403519219273882435e+01
1.267429002737779342e+01
1.387224961126954348e+01
1.326336254557580041e+01
1.239860655401649048e+01
1.232181167546619349e+01
1.558182906770108289e+01
1.253677227466188349e+01
1.150692786617997321e+01
1.287926450761951891e+01
1.647250693103607233e+01
1.412848390267947529e+01
1.448932624759186183e+01
0.000000000000000000e+00
0.000000000000000000e+00
1.355262400203828932e+01
1.284162802451960772e+01
1.378602583851601793e+01
1.440354571806775574e+01
0.000000000000000000e+00
1.101885265484668430e+01
1.471913098291550703e+01
1.287766389942434309e+01
1.216835498026777174e+01
1.229854234107778943e+01
1.268273496749013063e+01
1.398023264316136505e+01
1.234894150635973098e+01
1.344852623921040191e+01
0.000000000000000000e+00
1.144152906773013534e+01
1.661407739995620503e+01
1.647250693103607233e+01
1.217012843680478618e+01
1.131397162828762326e+01
1.293718769841194849e+01
1.331509184285360448e+01
1.453207971813242416e+01
1.497341443046788356e+01
1.237634518997594846e+01
1.153767631005067962e+01
1.220704087085344725e+01
1.189778083241891160e+01
1.369595209804939273e+01
1.258333638698138124e+01
1.257870704041356191e+01
1.518762391655640265e+01
0.000000000000000000e+00
1.156363805413572621e+01
1.562757913754761319e+01
0.000000000000000000e+00
0.000000000000000000e+00
1.405605125443072900e+01
1.492595628594525792e+01
1.312427970387757448e+01
1.224262261754985204e+01
1.780100856667327136e+01
1.272871162320408445e+01
1.231378105565857162e+01
1.448932624759186183e+01
1.333377223944103562e+01
1.237501675109750465e+01
1.446427524271189924e+01
1.424010831793098575e+01
1.210141603753872630e+01
1.375217835723018922e+01
1.287597986986683196e+01
1.416053971183879767e+01
1.698688055613795100e+01
1.428658822931042849e+01
1.375078461196506119e+01
1.389814331260670954e+01
1.296441902595003803e+01
1.254239546135802641e+01
1.500462045294619706e+01
1.172338387250911218e+01
1.497725169160248981e+01
1.336839546650209520e+01
1.198877970290224404e+01
1.329244159112186097e+01
0.000000000000000000e+00
1.171622445614861441e+01
1.343253739456837792e+01
1.345753008648861027e+01
1.143246601147719765e+01
1.152679821583173592e+01
0.000000000000000000e+00
1.237936725282030537e+01
1.399644460010320302e+01
1.744533256361457774e+01
1.920934893989768355e+01
1.260818194767518818e+01
1.386265991420664534e+01
1.538320060592494976e+01
1.317008780491256381e+01
1.538320060592494976e+01
1.450294582826707845e+01
1.131397162828762326e+01
0.000000000000000000e+00
1.242979624193059074e+01
1.450186010200435049e+01
0.000000000000000000e+00
0.000000000000000000e+00
1.484280983370678975e+01
1.570030106882779464e+01
1.446178247405850392e+01
1.416585194810764570e+01
1.626480019688128920e+01
0.000000000000000000e+00
0.000000000000000000e+00
0.000000000000000000e+00
0.000000000000000000e+00
0.000000000000000000e+00
0.000000000000000000e+00
1.632188961091538104e+01
1.382495719092812081e+01
1.344136024064926538e+01
1.622633071801040572e+01
1.604186276948497181e+01
1.356220569262859144e+01
1.778068574385745038e+01
1.382495719092812081e+01
1.457869683791568249e+01
0.000000000000000000e+00
1.799514436630473213e+01
1.788027875531236788e+01
0.000000000000000000e+00
1.431510907282785716e+01
1.353325653118107397e+01
1.459747271557418635e+01
1.788027875531236788e+01
1.588600443664129713e+01
1.217071609830415113e+01
1.345119680459793976e+01
1.382495719092812081e+01
2.237472058179248435e+01
1.526014550412783954e+01
1.512675363957908203e+01
1.445253300586502654e+01
1.465001781954531879e+01
0.000000000000000000e+00
1.543898951196619507e+01
0.000000000000000000e+00
1.444483373815646488e+01
1.309266914704173601e+01
1.375299748782475362e+01
1.378218123251344274e+01
1.565520375823895805e+01
1.317055734907123998e+01
1.168802903244406011e+01
1.278418949293951989e+01
1.344136024064926538e+01
1.929928235585305174e+01
1.824996010086137233e+01
3.059489959022021921e+01
1.620506632069522723e+01
1.662554460830100922e+01
1.303802279273956088e+01
1.556772848553220356e+01
1.477410694159675053e+01
1.311824153184308450e+01
1.533877592574936521e+01
1.291036469471199588e+01
1.288856862947610971e+01
1.788027875531236788e+01
1.867918980492200376e+01
0.000000000000000000e+00
1.338274234716084088e+01
0.000000000000000000e+00
1.406632973220914629e+01
1.518342663676685333e+01
0.000000000000000000e+00
1.326336254557580041e+01
1.265432114419368403e+01
1.565950673375587243e+01
1.276212576331802850e+01
0.000000000000000000e+00
1.917522552048525242e+01
1.223600852135586514e+01
1.399951404141419076e+01
1.592473683389130379e+01
1.393428631036615251e+01
0.000000000000000000e+00
1.575303375319964161e+01
1.490438208924446428e+01
1.312867077157911133e+01
1.465777652264622866e+01
1.389590528652992063e+01
1.233577212612898144e+01
1.130477134739481571e+01
1.359310927493641685e+01
1.492675005585523884e+01
1.237499351880926746e+01
1.224884558774099474e+01
2.038954755422309262e+01
1.309826292510176593e+01
1.489119531407559016e+01
1.301098241584051962e+01
1.946458517234896135e+01
0.000000000000000000e+00
1.431816418902406873e+01
1.103280533243417416e+01
1.312100862383502431e+01
1.168962458283406214e+01
0.000000000000000000e+00
1.237499351880926746e+01
1.387867790095121201e+01
1.263305907941714246e+01
1.477794625013376795e+01
1.165789353777830506e+01
1.293038154814675522e+01
1.498305525833974272e+01
1.302195936895226502e+01
1.528086962937384108e+01
1.417597938691665682e+01
1.385521533792197069e+01
1.295083545729640662e+01
1.966728478859411311e+01
0.000000000000000000e+00
1.197019906636460185e+01
1.147770789770312483e+01
1.141953487389836752e+01
1.330168301056640345e+01
1.786806756729149370e+01
1.367983220152611956e+01
1.309053585029507971e+01
1.445667514843834489e+01
0.000000000000000000e+00
1.292070681327166959e+01
1.251117056277085560e+01
1.320284762992282523e+01
1.288101339320883909e+01
0.000000000000000000e+00
1.248967866673111615e+01
1.105064607333424043e+01
1.133866921256958094e+01
1.263940524670043963e+01
1.187960577615596947e+01
1.348872448191736417e+01
1.214962044568276056e+01
1.399439951019730266e+01
1.241754745116568870e+01
1.324910918237019963e+01
0.000000000000000000e+00
1.630278015450379669e+01
0.000000000000000000e+00
1.624021592423015292e+01
1.366359249946719956e+01
1.459716170128685953e+01
1.217012843680478618e+01
1.198963127815906482e+01
1.413436077860109563e+01
1.365236646912497953e+01
1.205494315867962385e+01
1.319600893539069730e+01
0.000000000000000000e+00
1.152679821583173592e+01
1.418537039333830485e+01
1.199499372853379775e+01
0.000000000000000000e+00
1.451235489946664892e+01
1.253581004691364065e+01
1.253581004691364065e+01
1.128507014042954459e+01
0.000000000000000000e+00
1.396767788297119317e+01
1.386193512249136184e+01
2.005626030404432925e+01
1.241426751709385634e+01
1.438208626022284342e+01
1.171534605501984494e+01
1.150355894043332405e+01
1.226215781278490802e+01
0.000000000000000000e+00
1.159335045290800181e+01
1.992665854969337502e+01
1.517269607044744184e+01
1.153767631005067962e+01
1.313831751902996103e+01
1.471913098291550703e+01
1.263166571848799258e+01
0.000000000000000000e+00
0.000000000000000000e+00
1.451246865203180114e+01
1.224352666822389146e+01
0.000000000000000000e+00
0.000000000000000000e+00
0.000000000000000000e+00
1.165288585922620257e+01
1.599475386791041309e+01
1.106059477546175351e+01
0.000000000000000000e+00
0.000000000000000000e+00
0.000000000000000000e+00
1.426276145365589088e+01
1.059356101069865197e+01
1.157701878901180592e+01
1.329289224105285960e+01
1.218111683948987434e+01
1.660970181871561380e+01
2.228356329531496627e+01
1.276605437376500696e+01
1.645661240751417154e+01
1.345753008648861027e+01
1.660970181871561380e+01
1.472075369139769130e+01
1.346474015208600861e+01
1.144152906773013534e+01
1.503325889708346530e+01
1.342554302113429543e+01
0.000000000000000000e+00
1.702734150027917792e+01
1.445902886459665737e+01
1.130208490479257399e+01
1.526382334181107048e+01
1.514523689691644748e+01
0.000000000000000000e+00
1.191769627868893799e+01
1.212643886327012410e+01
0.000000000000000000e+00
1.331924005258224497e+01
1.615615796866308074e+01
1.312235453495786430e+01
1.050765222794254683e+01
1.263675048991713723e+01
1.271412686547276039e+01
1.212622895917731647e+01
1.207343462508229592e+01
1.608534281558341661e+01
1.335979192414042416e+01
1.330777060680615520e+01
1.156908603889155351e+01
1.153767631005067962e+01
1.102695462731030140e+01
1.282501566970819340e+01
1.615615796866308074e+01
1.122289994243810263e+01
1.057942289086665255e+01
1.315315169947108309e+01
0.000000000000000000e+00
1.394317712239334206e+01
1.139899769273772101e+01
1.244932306991039184e+01
1.068429897968539422e+01
1.227927497675233681e+01
1.494516764877889692e+01
1.271734770595073982e+01
1.400776583865632929e+01
1.345327563016771322e+01
0.000000000000000000e+00
0.000000000000000000e+00
1.238072325090064396e+01
1.315234884114647684e+01
0.000000000000000000e+00
1.156717982907947473e+01
1.279481530702420855e+01
0.000000000000000000e+00
1.829758303005896991e+01
1.283191596117795719e+01
1.447869994629651380e+01
1.370355861701508182e+01
1.391706420485679629e+01
1.218971232737122889e+01
1.513835057388697791e+01
0.000000000000000000e+00
0.000000000000000000e+00
1.403422927531847719e+01
1.272973534738100732e+01
1.210996193488918671e+01
1.297992146604911134e+01
1.672695098970751815e+01
1.400050799784373545e+01
1.219358811833507161e+01
1.281254480284324160e+01
1.217288041659018560e+01
1.166479108264362630e+01
0.000000000000000000e+00
1.428852256634653273e+01
1.226600116269064245e+01
0.000000000000000000e+00
1.312326006704683401e+01
1.519596402707810867e+01
1.012082210378615343e+01
0.000000000000000000e+00
1.535788152470874657e+01
1.435395212208240956e+01
1.401170744046274486e+01
1.222051902449405958e+01
1.255891506481248321e+01
1.107283212957437080e+01
1.003075701798345598e+01
1.303000771439730876e+01
1.305962790722853306e+01
1.495315741490691153e+01
1.409627686656758883e+01
1.459747271557418635e+01
1.297652932716479590e+01
1.128938233704231386e+01
1.360822056899003307e+01
1.451289946421396060e+01
1.194567893149033644e+01
0.000000000000000000e+00
1.391706420485679629e+01
1.462968045423664343e+01
1.952237578715516975e+01
1.592815708893742155e+01
2.129847755436309953e+01
1.235411464786311697e+01
1.092188440448731157e+01
1.186106163680311809e+01
1.264454168802778788e+01
1.531371942047290169e+01
1.247090107787794544e+01
1.246398518070935779e+01
1.223506152760221077e+01
1.331372570107840048e+01
1.345258930673361952e+01
0.000000000000000000e+00
1.263240507875224772e+01
1.514109288611222937e+01
1.153767631005067962e+01
1.370942818635545635e+01
1.237986538672401871e+01
1.677922426375139509e+01
1.393193389118629533e+01
0.000000000000000000e+00
1.068012110087425803e+01
1.524794515353578639e+01
1.359685511154122928e+01
1.439462635708510696e+01
1.306801054033631537e+01
0.000000000000000000e+00
1.229980869468246674e+01
2.364994291010851057e+01
1.426276145365589088e+01
1.428403033676218925e+01
1.304245992658244191e+01
1.651431296191295317e+01
1.968781684343823812e+01
1.432952281155408514e+01
1.539549000350135444e+01
1.019881367384363635e+01
1.345260770469593048e+01
1.766243514640191847e+01
1.311423258020487914e+01
1.532121683014519675e+01
1.340332648317962772e+01
1.337631998420042834e+01
0.000000000000000000e+00
1.566566605419092184e+01
1.424775262272278553e+01
1.538848563879924036e+01
1.431816418902406873e+01
1.360822056899003307e+01
1.312235453495786430e+01
1.428153221603192335e+01
1.368728182584174569e+01
0.000000000000000000e+00
1.188705887557594032e+01
0.000000000000000000e+00
1.354158131805921883e+01
1.470674844110894419e+01
1.458995659628870811e+01
1.392595757103671339e+01
1.206381060074131817e+01
1.237259973516547440e+01
1.067997547533730263e+01
1.966728478859411311e+01
1.276386348789791825e+01
1.582294761604879341e+01
1.409658696444854442e+01
1.343253739456837792e+01
1.353093080470088516e+01
1.403519219273882435e+01
0.000000000000000000e+00
1.237936725282030537e+01
1.251391014606329399e+01
1.184825014762811968e+01
1.324693772543673909e+01
1.261524278822417955e+01
0.000000000000000000e+00
1.222594049423280893e+01
1.394895408833145822e+01
1.586164747921846541e+01
1.369595209804939273e+01
1.189778083241891160e+01
1.257561004130026561e+01
1.102695462731030140e+01
1.588347457623390646e+01
1.179343019430033834e+01
1.434544767146292621e+01
0.000000000000000000e+00
1.471018297169897160e+01
1.208325106435303198e+01
0.000000000000000000e+00
1.294415968429746400e+01
1.269303455421104587e+01
1.229535269941232123e+01
1.401397966944054829e+01
1.365628540339324815e+01
1.495265617933659286e+01
1.346474015208600861e+01
0.000000000000000000e+00
1.364354021673161732e+01
1.492595628594525792e+01
1.248266690737126083e+01
1.271775665739234462e+01
1.102362949232758105e+01
1.297500259796771260e+01
0.000000000000000000e+00
1.034247535832479770e+01
1.218544354840432753e+01
1.187425269833700803e+01
1.282154327901742441e+01
1.320657478432324794e+01
1.225323492653508595e+01
1.147398506776064586e+01
1.079255441366087176e+01
9.925576801164094576e+00
1.403519219273882435e+01
1.359014480102281297e+01
1.160455878360284387e+01
1.263001460338413473e+01
1.302068190004223958e+01
1.414737192689402612e+01
1.282473243927676343e+01
1.239666648057729503e+01
0.000000000000000000e+00
0.000000000000000000e+00
1.225787446737875896e+01
1.394317712239334206e+01
1.176677683191381263e+01
1.106163477771359105e+01
1.475240562059624061e+01
1.365628540339324815e+01
1.934712983581995616e+01
1.274855297457456693e+01
1.104534878943452547e+01
1.830139980805457611e+01
1.459716170128685953e+01
1.385521533792197069e+01
0.000000000000000000e+00
1.880281679076134793e+01
1.422376376368030471e+01
1.379114003792778753e+01
1.425525044414860787e+01
1.595720625786371905e+01
1.223181482290030964e+01
1.237477779730679472e+01
1.403821251565423900e+01
1.342277000962048383e+01
1.376491756075472139e+01
0.000000000000000000e+00
1.440607467078461390e+01
1.300947011611779480e+01
1.538232549219448941e+01
1.507672538548282759e+01
1.296618815699151916e+01
1.267429002737779342e+01
1.508264853246041781e+01
1.215351855659139702e+01
1.152136993145238897e+01
0.000000000000000000e+00
1.245260365150966742e+01
0.000000000000000000e+00
1.455469485349123460e+01
1.444802187435271179e+01
0.000000000000000000e+00
1.321315012160781421e+01
1.424950452320757499e+01
1.475240562059624061e+01
0.000000000000000000e+00
0.000000000000000000e+00
1.260818194767518818e+01
1.739926370732406369e+01
1.218407755463771025e+01
0.000000000000000000e+00
1.330199595624547548e+01
1.235016933151813667e+01
1.179509694791114605e+01
1.253417264318101054e+01
1.371369371308795060e+01
1.260639062497666352e+01
1.334199863705990374e+01
1.330899602863793163e+01
1.189665113647158634e+01
1.082216102423642035e+01
1.133116821352438564e+01
1.184825014762811968e+01
1.413017773610664563e+01
0.000000000000000000e+00
1.237499351880926746e+01
1.391835759786915183e+01
1.385521533792197069e+01
1.291036469471199588e+01
1.376803654710625757e+01
1.401729327337180209e+01
1.528596013418992428e+01
1.288856862947610971e+01
0.000000000000000000e+00
1.390180905247497201e+01
1.199499372853379775e+01
1.297652932716479590e+01
1.210141603753872630e+01
1.359647481827033033e+01
1.717278981524788506e+01
1.293352298854390270e+01
1.131397162828762326e+01
1.280430499889866525e+01
1.439462635708510696e+01
1.556772848553220356e+01
1.295083545729640662e+01
1.255891506481248321e+01
1.472193035854527388e+01
1.941801816253087765e+01
1.514141476342987858e+01
1.545983985934004679e+01
1.288101339320883909e+01
1.376913964087835218e+01
1.369188730497192630e+01
1.153236355868463470e+01
1.823987144801441573e+01
1.830139980805457611e+01
1.788027875531236788e+01
1.237499351880926746e+01
1.246398518070935779e+01
1.397002477936321618e+01
1.451805795961605838e+01
1.222614348197546441e+01
1.482027950801571947e+01
1.307818864078856080e+01
1.611174870465510267e+01
1.256001378230816634e+01
1.368096266203091638e+01
0.000000000000000000e+00
1.333617933177273329e+01
1.203271929129984130e+01
1.217288041659018560e+01
1.112495174188180158e+01
1.216835498026777174e+01
1.407781639933194562e+01
1.528981663952051839e+01
1.304036162139479060e+01
1.425110580513059766e+01
1.390020982069889044e+01
1.345327563016771322e+01
1.257177416096875078e+01
1.452571427451121977e+01
1.431591315626012850e+01
1.174781454067808895e+01
1.740433613024635662e+01
1.644776015505042821e+01
1.389240741250488220e+01
1.268823673953467868e+01
1.152679821583173592e+01
1.231016360529709530e+01
1.195034133590532299e+01
1.702716183154504037e+01
1.379597903838064354e+01
0.000000000000000000e+00
1.197019906636460185e+01
1.688513945689483364e+01
1.263305907941714246e+01
1.253465346031258321e+01
1.375078461196506119e+01
1.247681641867887770e+01
1.121327821102170397e+01
1.571118350782214890e+01
1.348628121174260031e+01
0.000000000000000000e+00
1.357549205118663949e+01
1.431510907282785716e+01
1.331991176123352894e+01
1.612518562169850256e+01
1.779879063276250761e+01
1.290835385055651763e+01
1.554555986514277066e+01
1.374876820453027726e+01
1.348519308261429828e+01
1.454854225215026275e+01
1.255269672195004560e+01
1.533580318774892959e+01
1.439993012783081561e+01
1.251386661212166374e+01
0.000000000000000000e+00
1.208971515865028934e+01
1.231378105565857162e+01
1.330199595624547548e+01
1.399815686105121770e+01
0.000000000000000000e+00
1.834266394679735512e+01
1.597028262556371736e+01
1.134825623231021297e+01
1.295083545729640662e+01
1.207343462508229592e+01
0.000000000000000000e+00
1.290361902571552655e+01
1.308887554259831631e+01
1.112462328455334237e+01
1.147770789770312483e+01
0.000000000000000000e+00
1.299017107088633161e+01
1.268743387600861894e+01
0.000000000000000000e+00
1.268971186849196187e+01
1.388888656969227497e+01
1.034247535832479770e+01
1.218499536762403501e+01
1.243797992149160336e+01
1.489495671410383260e+01
1.435395212208240956e+01
1.429283543561633785e+01
1.312959316388315045e+01
0.000000000000000000e+00
1.356839002341289913e+01
1.473439463518420922e+01
1.350068939594262929e+01
0.000000000000000000e+00
1.251144379736104817e+01
1.521625685254788962e+01
1.237634518997594846e+01
1.329618088158333933e+01
1.120759733000943470e+01
1.213711107399281453e+01
1.082259605003995695e+01
1.231605791850168075e+01
1.260639062497666352e+01
1.233685229139517325e+01
1.597028262556371736e+01
1.159795637329647100e+01
1.350068939594262929e+01
1.779879063276250761e+01
1.279481530702420855e+01
1.312669220736674802e+01
1.560417239783988386e+01
0.000000000000000000e+00
2.237472058179248435e+01
1.198963127815906482e+01
1.229072479752724867e+01
1.257177416096875078e+01
1.105633778985911420e+01
0.000000000000000000e+00
1.298127099230423909e+01
1.237986538672401871e+01
1.283426178844589849e+01
1.331924005258224497e+01
1.217288041659018560e+01
1.294415968429746400e+01
1.202709525842026395e+01
1.235411464786311697e+01
1.496550363099123793e+01
1.668913968912618628e+01
1.283614733728589030e+01
1.233685229139517325e+01
1.462086722151327223e+01
1.332362995133336092e+01
1.359310927493641685e+01
1.396208389149063578e+01
1.273311375765559106e+01
1.222594049423280893e+01
1.641336570323700172e+01
1.157546563119943173e+01
1.359685511154122928e+01
1.504113854091216496e+01
1.377344112495949169e+01
1.968386412412832343e+01
1.621943850630115236e+01
2.051584252943659337e+01
1.315667915949011402e+01
1.325279900067110539e+01
1.139719899348880539e+01
1.156936061431609097e+01
1.150355894043332405e+01
1.237195611372901993e+01
1.381621446224156635e+01
1.144595341955763601e+01
1.490609539298318076e+01
1.477410694159675053e+01
1.501436252285134287e+01
1.538232549219448941e+01
1.344136024064926538e+01
1.363938935795007801e+01
1.304889025357202392e+01
1.354233031077459337e+01
1.451235489946664892e+01
1.739888270110454016e+01
1.717278981524788506e+01
1.461277834010339305e+01
1.411649794523263779e+01
1.222305158770349465e+01
1.457009923462518408e+01
1.224513072683564907e+01
1.204919323104594397e+01
1.328557352132988179e+01
1.333196844509669887e+01
1.240455932368333336e+01
1.604186276948497181e+01
0.000000000000000000e+00
1.264253911449861967e+01
1.269303455421104587e+01
1.462846010219585935e+01
1.610169984851231106e+01
1.218407755463771025e+01
1.241426751709385634e+01
1.409658696444854442e+01
0.000000000000000000e+00
1.119584788462673330e+01
1.131891830496615370e+01
1.450738824828396645e+01
1.364753773400987846e+01
1.313764127753298716e+01
1.382416793072582273e+01
1.553448429636441119e+01
1.234869977272200536e+01
1.788027875531236788e+01
1.313831751902996103e+01
0.000000000000000000e+00
1.319058188410589949e+01
1.414737192689402612e+01
1.295330811473185229e+01
1.144139500366102702e+01
0.000000000000000000e+00
1.267496377060167312e+01
1.315444181400864210e+01
1.190934598053762272e+01
1.297500259796771260e+01
1.305289466958830147e+01
1.289221581586831711e+01
0.000000000000000000e+00
1.460210662108051238e+01
1.153767631005067962e+01
1.144272011123455535e+01
0.000000000000000000e+00
1.359310927493641685e+01
1.429425919240496334e+01
1.609410424573653842e+01
1.291939922448658429e+01
1.269303455421104587e+01
1.371830628961376952e+01
1.511747696665268670e+01
1.470980242967740281e+01
1.369606985155050438e+01
1.153936965419335792e+01
1.414419196611584439e+01
1.698836768364526151e+01
2.108814030633547532e+01
1.717278981524788506e+01
1.413946443346278947e+01
1.298127099230423909e+01
1.290678913404548211e+01
1.366041623511720715e+01
1.693919952493491365e+01
0.000000000000000000e+00
0.000000000000000000e+00
1.332190341420409041e+01
0.000000000000000000e+00
1.445667514843834489e+01
0.000000000000000000e+00
1.444802187435271179e+01
1.272796017686222925e+01
1.219568228172454560e+01
1.263305907941714246e+01
0.000000000000000000e+00
1.422376376368030471e+01
1.337956476817386786e+01
1.236954441559044682e+01
1.159335045290800181e+01
1.344136024064926538e+01
1.432508302827324087e+01
1.535788152470874657e+01
1.358887410587982103e+01
1.307818864078856080e+01
1.267496377060167312e+01
1.177578490894842211e+01
1.341104689462498456e+01
1.424597550817928138e+01
1.251144379736104817e+01
1.251516610642387306e+01
1.124109766042615988e+01
0.000000000000000000e+00
1.105557000390656697e+01
1.491802710799621146e+01
1.567838597009620827e+01
1.522403942643022390e+01
1.403422927531847719e+01
1.538599818718713941e+01
1.261561483647740189e+01
1.097681092023925231e+01
1.238809291424148817e+01
0.000000000000000000e+00
0.000000000000000000e+00
1.472724996884353565e+01
1.513621825984141012e+01
1.142470217609380434e+01
1.273311375765559106e+01
1.560417239783988386e+01
1.435792026581345127e+01
1.264180744040518611e+01
0.000000000000000000e+00
0.000000000000000000e+00
1.288856862947610971e+01
1.403212520831610810e+01
1.389788295198532708e+01
0.000000000000000000e+00
1.102362949232758105e+01
1.025040910679177841e+01
1.406309607607287226e+01
1.333783111059169357e+01
0.000000000000000000e+00
1.259288428551493944e+01
1.621838854407291208e+01
0.000000000000000000e+00
0.000000000000000000e+00
1.525864931171507344e+01
0.000000000000000000e+00
1.720342851080557267e+01
1.124019511683706618e+01
1.369916553108457080e+01
0.000000000000000000e+00
1.409303677325162063e+01
1.600500375594813107e+01
1.557415070588890238e+01
1.655841956168145401e+01
1.586083616312468259e+01
1.447869994629651380e+01
1.202876320338816463e+01
1.372793448631175117e+01
1.380789856267704607e+01
1.380922435401569537e+01
1.153236355868463470e+01
1.409658696444854442e+01
1.423339539888248950e+01
1.227526341022926282e+01
1.208839092421320416e+01
1.441041270264302021e+01
0.000000000000000000e+00
0.000000000000000000e+00
0.000000000000000000e+00
1.329244159112186097e+01
1.229719710338576455e+01
1.195668292567710544e+01
0.000000000000000000e+00
1.208971515865028934e+01
1.412525399989758412e+01
1.410519840874171926e+01
1.285553674896006271e+01
1.303802279273956088e+01
1.105633778985911420e+01
1.323604984983659172e+01
0.000000000000000000e+00
1.156717982907947473e+01
1.698253262973445388e+01
1.369916553108457080e+01
1.212812519896968766e+01
1.329618088158333933e+01
0.000000000000000000e+00
0.000000000000000000e+00
1.169481648668913110e+01
1.816985474438397574e+01
1.209915362982132692e+01
1.477193397266470676e+01
1.120759733000943470e+01
1.183043537962696057e+01
1.496779021608629456e+01
1.329244159112186097e+01
1.210812350304285800e+01
1.190795148062384001e+01
1.360822056899003307e+01
1.109599013308625892e+01
1.210485488505745444e+01
1.539393021208640633e+01
1.535788152470874657e+01
1.198963127815906482e+01
1.127271436110085467e+01
1.261049716547629629e+01
1.301646279471960987e+01
1.056477535377780974e+01
1.285150240931006671e+01
1.234470299746103450e+01
1.366359249946719956e+01
0.000000000000000000e+00
1.248967866673111615e+01
1.313764127753298716e+01
1.134143450890113058e+01
1.356696156934435571e+01
1.370524431650830621e+01
1.323081687951984620e+01
1.321907537396331911e+01
1.172058904301579219e+01
0.000000000000000000e+00
1.069629726720436302e+01
1.254441327132794193e+01
1.261049716547629629e+01
1.505808073723587981e+01
1.528793916861024549e+01
1.308320990443139387e+01
1.092089865979686003e+01
1.832444731954122830e+01
1.258378439011176120e+01
1.303589683030438806e+01
1.116881781433231424e+01
1.203470102460094893e+01
1.495545217780205860e+01
1.353074702922453376e+01
1.069629726720436302e+01
1.105633778985911420e+01
1.224381622021986438e+01
0.000000000000000000e+00
1.477410694159675053e+01
0.000000000000000000e+00
1.263305907941714246e+01
1.416053971183879767e+01
1.836407792105211811e+01
1.321315012160781421e+01
1.193098331424596914e+01
1.276976480705328498e+01
1.238072325090064396e+01
0.000000000000000000e+00
1.035950111736208967e+01
1.308320990443139387e+01
1.227140823919225632e+01
1.342069247017095179e+01
1.623273560321417364e+01
1.386443606206299251e+01
1.592815708893742155e+01
1.217764607032690449e+01
1.361460063751999350e+01
1.400235505296634564e+01
1.321070706972496822e+01
1.084429617508438248e+01
1.425675716893491973e+01
1.597597606236691092e+01
1.290161878706918230e+01
1.374328359271679645e+01
1.546051282601899679e+01
1.025040910679177841e+01
1.559134651267678606e+01
1.503632087194318601e+01
1.582760998368046401e+01
1.544338826030011447e+01
1.069629726720436302e+01
0.000000000000000000e+00
1.538320060592494976e+01
1.547397994579408120e+01
1.499143734554971807e+01
1.324130556709866724e+01
1.041995669974316918e+01
1.162495684824255449e+01
1.176709740795887171e+01
0.000000000000000000e+00
1.231605791850168075e+01
1.124186537905726091e+01
1.291036469471199588e+01
1.307512061446836071e+01
1.337304242969038093e+01
1.603523317651201197e+01
1.365400675691779497e+01
1.451805795961605838e+01
0.000000000000000000e+00
1.532121683014519675e+01
1.241562578541306472e+01
1.285150240931006671e+01
1.186106163680311809e+01
1.470497602908731594e+01
1.432412176194495679e+01
1.297500259796771260e+01
1.183654500674646037e+01
1.218749830325432804e+01
1.327712324169524472e+01
1.137228744764630228e+01
1.199740082535283037e+01
1.544786576138398360e+01
1.125628489283525013e+01
1.122086547010407820e+01
1.359685511154122928e+01
1.298144544421491986e+01
1.321633487508579741e+01
1.213711107399281453e+01
1.331622707159140617e+01
1.602645678383855454e+01
1.379114003792778753e+01
1.494397627626245040e+01
0.000000000000000000e+00
1.702716183154504037e+01
0.000000000000000000e+00
1.208273672923157349e+01
1.420352780797114711e+01
1.416053971183879767e+01
1.138759841452242760e+01
1.340850063064656794e+01
1.500462045294619706e+01
1.624559538130701952e+01
1.365998235313669440e+01
0.000000000000000000e+00
0.000000000000000000e+00
1.285732447615963103e+01
1.214606861617611244e+01
1.227115177928221357e+01
1.397130978717860117e+01
1.234869977272200536e+01
0.000000000000000000e+00
1.326250204657459442e+01
1.295083545729640662e+01
1.440880608680869024e+01
1.580924225281165540e+01
1.220353574288383847e+01
1.230997340204789126e+01
0.000000000000000000e+00
1.492675005585523884e+01
0.000000000000000000e+00
1.464945857862977441e+01
1.740433613024635662e+01
1.341104689462498456e+01
1.283426178844589849e+01
1.422883081680640771e+01
1.368805822578985421e+01
1.145549318255461557e+01
1.564515066746703731e+01
1.260639062497666352e+01
1.269303455421104587e+01
1.370524431650830621e+01
1.449948548838208673e+01
1.399951404141419076e+01
1.231605791850168075e+01
1.446093333990875607e+01
1.141953487389836752e+01
1.300727775036884459e+01
1.721500438869381000e+01
1.391706420485679629e+01
1.235294109761182391e+01
1.200764661597812122e+01
1.078445330206274200e+01
1.750731836089828874e+01
0.000000000000000000e+00
1.604757364095439698e+01
1.247090107787794544e+01
1.295659231622758689e+01
0.000000000000000000e+00
1.788027875531236788e+01
0.000000000000000000e+00
1.568847607779902731e+01
1.399815686105121770e+01
1.568280078445914150e+01
1.582104680430110299e+01
1.324910918237019963e+01
1.433847838511319139e+01
1.271775665739234462e+01
1.630278015450379669e+01
1.237031028273435496e+01
1.505808073723587981e+01
1.213711107399281453e+01
1.634396705404478567e+01
1.258378439011176120e+01
1.241426751709385634e+01
1.142442246380221249e+01
1.890814493799858909e+01
1.503325889708346530e+01
1.218407755463771025e+01
1.354951256005161930e+01
1.105064607333424043e+01
1.255891506481248321e+01
1.368937848121378309e+01
1.454914423482143171e+01
1.217012843680478618e+01
1.356330543274416733e+01
1.234470299746103450e+01
1.263240507875224772e+01
1.418025099983298354e+01
1.217682060109896369e+01
1.233442890473504860e+01
1.295608384554994075e+01
1.624559538130701952e+01
1.230997340204789126e+01
1.156936061431609097e+01
1.182040036909285874e+01
1.109597669514228357e+01
1.326336254557580041e+01
1.200001569663622369e+01
1.439271562743484978e+01
1.097681092023925231e+01
1.250596201978360611e+01
1.580345775796629404e+01
1.453207971813242416e+01
0.000000000000000000e+00
1.255861694484800140e+01
1.197488992927801199e+01
1.342801426419163668e+01
1.484139172932168016e+01
1.188952599373669372e+01
1.200466308371182400e+01
1.214962044568276056e+01
1.396208389149063578e+01
1.269303455421104587e+01
1.005888617804292906e+01
1.339744917323607432e+01
1.692296848305949197e+01
1.186410037420515451e+01
1.260802494422896380e+01
1.309053585029507971e+01
1.321797334719357231e+01
1.266035590388913334e+01
1.080756983603478005e+01
1.526965950132229999e+01
1.122985972499663276e+01
0.000000000000000000e+00
1.336598716615429083e+01
1.334596291918029820e+01
1.389586895780885278e+01
1.274956643184894745e+01
1.227137411232121522e+01
1.199499372853379775e+01
1.341733748666939086e+01
1.294635816551711116e+01
1.350068939594262929e+01
1.312537397017022123e+01
1.124019511683706618e+01
1.160625811482186975e+01
1.277689662653487268e+01
1.401773743150903329e+01
1.186137201962607435e+01
1.529532280312172077e+01
1.203543708927349520e+01
1.226215781278490802e+01
1.331991176123352894e+01
1.116881781433231424e+01
1.127095863447827817e+01
1.301098241584051962e+01
1.189778083241891160e+01
0.000000000000000000e+00
1.523353846247974275e+01
1.260818194767518818e+01
1.237501675109750465e+01
1.444978718790503791e+01
1.359647481827033033e+01
1.472088902932033960e+01
1.396208389149063578e+01
1.255861694484800140e+01
1.406310251166911307e+01
1.103842245888811568e+01
1.187058583321542393e+01
1.312290714917471846e+01
1.968781684343823812e+01
1.200293887852809860e+01
1.346435109250601947e+01
1.235294109761182391e+01
1.465198551348336586e+01
1.208971515865028934e+01
0.000000000000000000e+00
1.194658309370419502e+01
1.040806453100125850e+01
1.172323865860460224e+01
0.000000000000000000e+00
0.000000000000000000e+00
1.080009595208937689e+01
1.081878382156119400e+01
1.495040527555660859e+01
1.254239546135802641e+01
1.063384987641311241e+01
1.209941488864412307e+01
1.132237099857871243e+01
1.270380054988568119e+01
1.318037533180627463e+01
1.221952427039461320e+01
1.172338387250911218e+01
1.603589461288063589e+01
1.497598447089818130e+01
1.206381060074131817e+01
1.121327821102170397e+01
1.237986538672401871e+01
1.088575542678800723e+01
1.508264853246041781e+01
1.328948391437632459e+01
1.180223169929595350e+01
1.347145066608117858e+01
1.186899772212648863e+01
1.975659949350122702e+01
1.471346951747695186e+01
1.124473102566660998e+01
0.000000000000000000e+00
1.284862911297389587e+01
1.199499372853379775e+01
1.530397352380835940e+01
1.554555986514277066e+01
1.092089865979686003e+01
1.313831751902996103e+01
1.452819357647448406e+01
1.227526341022926282e+01
1.757276669201055341e+01
1.501436252285134287e+01
1.116771875660207058e+01
1.567884682153471765e+01
1.528886911194859266e+01
1.264253911449861967e+01
1.562757913754761319e+01
1.471082275627371416e+01
1.365236646912497953e+01
1.284538911684782470e+01
1.103429820424278773e+01
1.261120455018635056e+01
1.199499372853379775e+01
1.428658822931042849e+01
1.293352298854390270e+01
1.114407773844490279e+01
1.294415968429746400e+01
1.189665113647158634e+01
1.410358021094001479e+01
1.393428631036615251e+01
1.245293624900672569e+01
1.062350376414916830e+01
1.335836048613845861e+01
1.168327890037333106e+01
1.137326610877236277e+01
1.209764132533392811e+01
1.471468633203518905e+01
1.324637038586926430e+01
0.000000000000000000e+00
1.268648837417044817e+01
1.224958055093627074e+01
1.239666648057729503e+01
1.459285839611603386e+01
1.060265864583676354e+01
1.057942289086665255e+01
1.267230247739730764e+01
1.208839092421320416e+01
1.288564188214686013e+01
1.342603753786142029e+01
1.160455878360284387e+01
1.227115177928221357e+01
1.139899769273772101e+01
1.307818864078856080e+01
1.234572158823567101e+01
1.166479108264362630e+01
1.322066161820492347e+01
1.250796412990350426e+01
0.000000000000000000e+00
1.230997340204789126e+01
0.000000000000000000e+00
1.313263800386969216e+01
1.264454168802778788e+01
1.384754216669288418e+01
0.000000000000000000e+00
1.249170011141939796e+01
1.597210342741067279e+01
1.562118493968325161e+01
1.217071609830415113e+01
1.206381060074131817e+01
1.137326610877236277e+01
1.171534605501984494e+01
0.000000000000000000e+00
1.532972940173948295e+01
1.223454355627112555e+01
1.702827799655509722e+01
1.436626019802489473e+01
1.063967162981707126e+01
1.186410037420515451e+01
1.345879127193412295e+01
1.297500259796771260e+01
1.213711107399281453e+01
1.378602583851601793e+01
1.353454027786912306e+01
1.331622707159140617e+01
1.500991414666919432e+01
1.340850063064656794e+01
1.624081593939085622e+01
1.209416914648666541e+01
1.168025523256218889e+01
1.169660317508731318e+01
1.440607467078461390e+01
1.342539050040922710e+01
1.226727374047085029e+01
1.301646279471960987e+01
1.284489652869556764e+01
1.046742516382986743e+01
1.045652577089344604e+01
1.538986034302149797e+01
1.503842947718911205e+01
0.000000000000000000e+00
1.570536591183059549e+01
0.000000000000000000e+00
1.330777060680615520e+01
1.769313607093620888e+01
1.403263676495629575e+01
1.165023382379944117e+01
1.334919453909807174e+01
1.183654500674646037e+01
1.314797345267089312e+01
0.000000000000000000e+00
1.241426751709385634e+01
1.367450618570806853e+01
1.243147021387049733e+01
1.199322130072417458e+01
1.466685051000794715e+01
1.608689294456194219e+01
0.000000000000000000e+00
1.178950721779232147e+01
1.593333638945878228e+01
0.000000000000000000e+00
1.476218098352113373e+01
0.000000000000000000e+00
1.365219429993851641e+01
1.204053467550823697e+01
1.577856314715894825e+01
0.000000000000000000e+00
1.432714979962918811e+01
1.130208490479257399e+01
1.422376376368030471e+01
1.353484717020762673e+01
1.356635207418886857e+01
1.422376376368030471e+01
1.394895408833145822e+01
1.369476885064095484e+01
1.265432114419368403e+01
1.494779494183525692e+01
1.568848822350533112e+01
1.502969949722224818e+01
1.614719009542930905e+01
1.391706420485679629e+01
0.000000000000000000e+00
1.546051282601899679e+01
1.757098768509385778e+01
2.005626030404432925e+01
1.282688057803446746e+01
0.000000000000000000e+00
1.536146441347549718e+01
0.000000000000000000e+00
1.308887554259831631e+01
0.000000000000000000e+00
1.830139980805457611e+01
2.229539045768681405e+01
1.192637804927012546e+01
1.715052313373856663e+01
1.272740145769596509e+01
1.611681700999658773e+01
1.295083545729640662e+01
1.268971186849196187e+01
1.389788295198532708e+01
1.447664303947262354e+01
1.435395212208240956e+01
1.313764127753298716e+01
1.444483373815646488e+01
0.000000000000000000e+00
1.415444326084691795e+01
9.925576801164094576e+00
1.740433613024635662e+01
1.364594998674835580e+01
1.169481648668913110e+01
1.183553048049139456e+01
1.277273324899764972e+01
0.000000000000000000e+00
1.253581004691364065e+01
1.311230908724272837e+01
1.208325106435303198e+01
1.526382334181107048e+01
1.255891506481248321e+01
1.639335975010742530e+01
1.387747488669811702e+01
1.505808073723587981e+01
1.268648837417044817e+01
1.635576764654361170e+01
1.388282381750802408e+01
1.203543708927349520e+01
1.322000888820339526e+01
0.000000000000000000e+00
1.325036025921687077e+01
0.000000000000000000e+00
1.241426751709385634e+01
0.000000000000000000e+00
1.427002119664446766e+01
0.000000000000000000e+00
1.740433613024635662e+01
0.000000000000000000e+00
1.384996335014642099e+01
1.431359806869595630e+01
1.442214720325309152e+01
1.427043973061973858e+01
0.000000000000000000e+00
0.000000000000000000e+00
1.461174927359649800e+01
1.398408376494358052e+01
1.318037533180627463e+01
1.230997340204789126e+01
1.636896701464004167e+01
0.000000000000000000e+00
1.186410037420515451e+01
1.407412794957855517e+01
1.326336254557580041e+01
0.000000000000000000e+00
1.204053467550823697e+01
0.000000000000000000e+00
1.381553647911605331e+01
1.398708113261935893e+01
1.442357251992716982e+01
1.398708113261935893e+01
1.524533156062573092e+01
1.493280540423639735e+01
1.236402317034457354e+01
1.336303389851427070e+01
1.247713485523908439e+01
1.568391692438299678e+01
1.841021371565037867e+01
1.757276669201055341e+01
1.480181708652055939e+01
1.422883081680640771e+01
1.538488992001138023e+01
1.479745294148702861e+01
1.500303481465513400e+01
1.256911890410691690e+01
1.480939911438158418e+01
1.528086962937384108e+01
1.263166571848799258e+01
1.230023697193509591e+01
1.122086547010407820e+01
1.644161315637860454e+01
1.183036604465433683e+01
0.000000000000000000e+00
0.000000000000000000e+00
1.156936061431609097e+01
1.366344993615185643e+01
1.353828153235769705e+01
1.701721804128462523e+01
1.646356942343253849e+01
1.409658696444854442e+01
1.526685035051178119e+01
0.000000000000000000e+00
1.200001569663622369e+01
0.000000000000000000e+00
1.225374386919047609e+01
1.219108203464349138e+01
1.632859824048124509e+01
1.549093302812546646e+01
1.582760998368046401e+01
0.000000000000000000e+00
1.917522552048525242e+01
1.538320060592494976e+01
0.000000000000000000e+00
0.000000000000000000e+00
1.451805795961605838e+01
1.653669332364019340e+01
0.000000000000000000e+00
1.144272011123455535e+01
0.000000000000000000e+00
1.045284689775010811e+01
1.359685511154122928e+01
1.475240562059624061e+01
0.000000000000000000e+00
1.473023814946949095e+01
1.490703186378678957e+01
1.215422976688934753e+01
1.734498997974049317e+01
0.000000000000000000e+00
1.218640138748619250e+01
1.400056718753685381e+01
1.239137000946591272e+01
1.832444731954122830e+01
0.000000000000000000e+00
1.239677165773329115e+01
1.459747271557418635e+01
1.459716170128685953e+01
1.260818194767518818e+01
2.026718363361207409e+01
1.326336254557580041e+01
1.420704368025069719e+01
0.000000000000000000e+00
1.578488842203718434e+01
1.349753875969314265e+01
0.000000000000000000e+00
1.244009269943345508e+01
0.000000000000000000e+00
1.153236355868463470e+01
1.204919323104594397e+01
1.377284571607244601e+01
1.518762391655640265e+01
1.189778083241891160e+01
1.230997340204789126e+01
1.500574864716001677e+01
1.437641179645153322e+01
1.365628540339324815e+01
1.336303389851427070e+01
1.434547303188011291e+01
1.370033097608385475e+01
1.231991648307787379e+01
1.128938233704231386e+01
1.982132573842534029e+01
1.636605798881990026e+01
1.688513945689483364e+01
1.234743555780466906e+01
1.790874980389204296e+01
1.496485740184662916e+01
1.472220625697567087e+01
1.282473243927676343e+01
1.096860271412697507e+01
1.242978289092057409e+01
0.000000000000000000e+00
1.276513848780492744e+01
1.450186010200435049e+01
1.416772586106940324e+01
1.276605437376500696e+01
1.823987144801441573e+01
1.425520203846901168e+01
0.000000000000000000e+00
1.496075412391039805e+01
1.438342247910997607e+01
1.688513945689483364e+01
1.526033399226560761e+01
1.313764127753298716e+01
1.371574506061047671e+01
1.260549907938965752e+01
1.520533899617571194e+01
0.000000000000000000e+00
1.504113854091216496e+01
1.096860271412697507e+01
1.479805096858210156e+01
1.256477028336688484e+01
1.562118493968325161e+01
1.260818194767518818e+01
1.562118493968325161e+01
1.235411464786311697e+01
1.695669015566343418e+01
0.000000000000000000e+00
1.245293624900672569e+01
1.326903772188423325e+01
1.512675363957908203e+01
1.597597606236691092e+01
1.508264853246041781e+01
1.371453321260669966e+01
0.000000000000000000e+00
1.312499911030862343e+01
1.451193923352310833e+01
0.000000000000000000e+00
0.000000000000000000e+00
1.438342247910997607e+01
1.593914752848888305e+01
1.222594049423280893e+01
1.408422763495702057e+01
1.653346670435691124e+01
1.373850628831289633e+01
1.510929343536739999e+01
1.343233621749920026e+01
1.130208490479257399e+01
1.400235505296634564e+01
1.309053585029507971e+01
1.613285149627908410e+01
1.245293624900672569e+01
2.154801207420667808e+01
1.365400675691779497e+01
1.279425522341318455e+01
1.361601891241079265e+01
1.511169097411960571e+01
1.269303455421104587e+01
1.384644401038095474e+01
1.966873371011859106e+01
1.215446496048886615e+01
1.622920257367774965e+01
1.462973455621587249e+01
0.000000000000000000e+00
1.524926053155578920e+01
1.616347445677090633e+01
1.528981663952051839e+01
1.208971515865028934e+01
1.429246015372913980e+01
1.269777408204179281e+01
1.422133522189158761e+01
1.218263511751715100e+01
1.345327563016771322e+01
1.287399284644562591e+01
1.433847838511319139e+01
1.698836768364526151e+01
0.000000000000000000e+00
1.449646862380788193e+01
1.450186010200435049e+01
1.266043370010882008e+01
0.000000000000000000e+00
1.538320060592494976e+01
1.264253911449861967e+01
0.000000000000000000e+00
1.312427970387757448e+01
1.566243376938829890e+01
1.662554460830100922e+01
1.768401880576718099e+01
1.193782528500724105e+01
1.107769217007832552e+01
0.000000000000000000e+00
0.000000000000000000e+00
1.280886179849093409e+01
1.223181482290030964e+01
1.227526341022926282e+01
0.000000000000000000e+00
1.587058726855123147e+01
1.356635207418886857e+01
0.000000000000000000e+00
1.626883778036177119e+01
0.000000000000000000e+00
0.000000000000000000e+00
1.315758120016541888e+01
0.000000000000000000e+00
1.265444667047420957e+01
1.398951944372837630e+01
0.000000000000000000e+00
0.000000000000000000e+00
1.203543708927349520e+01
1.555918541789666065e+01
1.427043973061973858e+01
0.000000000000000000e+00
1.699877516837774394e+01
1.308887554259831631e+01
0.000000000000000000e+00
0.000000000000000000e+00
1.542152989719792799e+01
1.297968006806848074e+01
1.526014550412783954e+01
1.073850687329630915e+01
1.638877693807499725e+01
1.278003375076347048e+01
1.306154718202589571e+01
1.194832542774665107e+01
1.471384694608081567e+01
0.000000000000000000e+00
1.498305525833974272e+01
1.316911450182066901e+01
0.000000000000000000e+00
1.455038666242192136e+01
0.000000000000000000e+00
1.314797345267089312e+01
0.000000000000000000e+00
1.559822170940240404e+01
1.237986538672401871e+01
1.461350124182857435e+01
1.395703108580780238e+01
1.237501675109750465e+01
1.079616988581875958e+01
1.235294109761182391e+01
0.000000000000000000e+00
1.528596013418992428e+01
1.259777032504753080e+01
1.378868669240160649e+01
1.512866200109648318e+01
1.223454355627112555e+01
1.225323492653508595e+01
1.091166990228330391e+01
1.323930710828086177e+01
1.374452237907314078e+01
0.000000000000000000e+00
1.192637804927012546e+01
1.448469640666970726e+01
1.080009595208937689e+01
0.000000000000000000e+00
0.000000000000000000e+00
1.330777060680615520e+01
0.000000000000000000e+00
1.327357084458133407e+01
1.134515352923026299e+01
0.000000000000000000e+00
1.210301297891086847e+01
0.000000000000000000e+00
1.059356101069865197e+01
1.478121303103230311e+01
1.225374386919047609e+01
1.201556197637380130e+01
1.374691707042132727e+01
1.060307622660257110e+01
1.523816411778906321e+01
1.662554460830100922e+01
1.156936061431609097e+01
1.528745492882935331e+01
1.127040124900493545e+01
1.304742915866395236e+01
1.172323865860460224e+01
1.328032362188846172e+01
1.194507842385752028e+01
0.000000000000000000e+00
1.223748982918042216e+01
0.000000000000000000e+00
1.312704020739204580e+01
1.379114003792778753e+01
1.179509694791114605e+01
1.358428955730799359e+01
1.380665273054290054e+01
1.502969949722224818e+01
1.225318438107358610e+01
1.216835498026777174e+01
1.206675513416577772e+01
1.126343586111300077e+01
1.289391696171677637e+01
1.447869994629651380e+01
1.208839092421320416e+01
0.000000000000000000e+00
1.628372156869777498e+01
1.338896922061895367e+01
1.504657415485341865e+01
1.235931526287710369e+01
1.212812519896968766e+01
1.329289224105285960e+01
1.701921040612312552e+01
0.000000000000000000e+00
1.555168976107691670e+01
1.302870676384029203e+01
1.644776015505042821e+01
1.259777032504753080e+01
0.000000000000000000e+00
1.271159112410263781e+01
0.000000000000000000e+00
1.319667644617221036e+01
1.211971648097225973e+01
1.266019178419658608e+01
0.000000000000000000e+00
1.284292490711086288e+01
1.870316994269973421e+01
1.390223447528270384e+01
1.154415182015758745e+01
1.078445330206274200e+01
1.134515352923026299e+01
1.564628670178461078e+01
1.323930710828086177e+01
1.110292507804620676e+01
1.276650003348016860e+01
1.305962790722853306e+01
0.000000000000000000e+00
1.132237099857871243e+01
0.000000000000000000e+00
1.263675048991713723e+01
1.224266614148694465e+01
1.101885265484668430e+01
1.274855297457456693e+01
1.364794823304169746e+01
1.225442030236348856e+01
1.237643831302562880e+01
1.295927299263881238e+01
1.555168976107691670e+01
1.171622445614861441e+01
1.314797345267089312e+01
1.744533256361457774e+01
1.231378105565857162e+01
1.490438208924446428e+01
1.653148701818310684e+01
1.168684756122189761e+01
0.000000000000000000e+00
1.510869893892373206e+01
1.111352046421575857e+01
1.026104636864941000e+01
1.542152989719792799e+01
1.257506562889488322e+01
1.135350479294522508e+01
1.256883032410879331e+01
1.218749830325432804e+01
1.238318328763772946e+01
1.346474015208600861e+01
1.124319099678318779e+01
1.116997000966470566e+01
1.389590528652992063e+01
1.315234884114647684e+01
1.314797345267089312e+01
1.394895408833145822e+01
1.235294109761182391e+01
1.522029869004651736e+01
1.333196844509669887e+01
0.000000000000000000e+00
1.523353846247974275e+01
1.404380319000125077e+01
1.435395212208240956e+01
1.616913018889540155e+01
1.040742314277646052e+01
1.255861694484800140e+01
1.493501926572169936e+01
1.525864931171507344e+01
1.439462635708510696e+01
0.000000000000000000e+00
1.090746155733494938e+01
1.224262261754985204e+01
1.133866921256958094e+01
0.000000000000000000e+00
0.000000000000000000e+00
0.000000000000000000e+00
1.288148579992083675e+01
1.840580740285711059e+01
1.420414276841587053e+01
1.312867077157911133e+01
0.000000000000000000e+00
1.400235505296634564e+01
1.366976331592428195e+01
1.298144544421491986e+01
1.299017107088633161e+01
1.331372570107840048e+01
0.000000000000000000e+00
1.221824809563432801e+01
1.568280078445914150e+01
0.000000000000000000e+00
1.384127728254751410e+01
1.251144379736104817e+01
0.000000000000000000e+00
1.499041253793739692e+01
1.384754216669288418e+01
1.426276145365589088e+01
1.266035590388913334e+01
9.732233284948430097e+00
1.263305907941714246e+01
1.366181481414639265e+01
1.229072479752724867e+01
1.218499536762403501e+01
1.176835468845660770e+01
1.374490472496401772e+01
1.117365362633328196e+01
1.331372570107840048e+01
1.259288428551493944e+01
1.159795637329647100e+01
1.422208848695271044e+01
1.341656501996332551e+01
1.564671194093760498e+01
1.168025523256218889e+01
1.228844144266488314e+01
1.246398518070935779e+01
1.277027490044526736e+01
1.565950673375587243e+01
1.435979530427892392e+01
1.400056718753685381e+01
1.319058188410589949e+01
1.420487348472374478e+01
1.371039937324195002e+01
1.186137201962607435e+01
1.528086962937384108e+01
1.287550767344800740e+01
1.422376376368030471e+01
1.320284762992282523e+01
1.365628540339324815e+01
1.256883032410879331e+01
1.241920854766549454e+01
1.131397162828762326e+01
1.265432114419368403e+01
0.000000000000000000e+00
1.304889025357202392e+01
1.413946443346278947e+01
1.258621424293026791e+01
1.517269607044744184e+01
1.432412176194495679e+01
1.180290016920381646e+01
1.097144133148176870e+01
1.155461489147361931e+01
1.218407755463771025e+01
1.434766446509747340e+01
1.543901827014395245e+01
1.580956597152762377e+01
1.321070706972496822e+01
0.000000000000000000e+00
1.209416914648666541e+01
1.295073983955551000e+01
0.000000000000000000e+00
2.034015705317511191e+01
1.333397013583607915e+01
1.617201076077478916e+01
1.313114367673327720e+01
1.400867170904002101e+01
1.151796771032168998e+01
1.345594064295152670e+01
1.752280208921132498e+01
1.415444326084691795e+01
1.279333801502241919e+01
1.220704087085344725e+01
1.313831751902996103e+01
1.199740082535283037e+01
1.026104636864905650e+01
1.282220344074987928e+01
1.306154718202589571e+01
1.321070706972496822e+01
0.000000000000000000e+00
0.000000000000000000e+00
1.231605791850168075e+01
1.547381051028613719e+01
1.176742932742222081e+01
1.301879110727850275e+01
0.000000000000000000e+00
1.507095201948801133e+01
0.000000000000000000e+00
1.418998342329058815e+01
1.290678913404548211e+01
1.335836048613845861e+01
1.437850703203855574e+01
1.361883438524276890e+01
1.364913353661903805e+01
1.406309607607287226e+01
1.435792026581345127e+01
1.233577212612898144e+01
1.564628670178461078e+01
9.359398634773603121e+00
1.224262261754985204e+01
1.468948993847171813e+01
0.000000000000000000e+00
1.267230247739730764e+01
1.461277834010339305e+01
1.342254156378263552e+01
1.148670572868583051e+01
1.218421829320141470e+01
1.230023697193509591e+01
1.106059477546175351e+01
0.000000000000000000e+00
1.350478166914973777e+01
1.251117056277085560e+01
1.353074702922453376e+01
1.313114367673327720e+01
1.331915752970710010e+01
1.188067782344392320e+01
0.000000000000000000e+00
1.340463324813426205e+01
1.370562638345130324e+01
1.387224961126954348e+01
0.000000000000000000e+00
1.159795637329647100e+01
1.482555168017701241e+01
0.000000000000000000e+00
1.111826956647964160e+01
0.000000000000000000e+00
1.327357084458133407e+01
1.271159112410263781e+01
1.384996335014642099e+01
0.000000000000000000e+00
1.248267369072933697e+01
0.000000000000000000e+00
1.580924225281165540e+01
1.298144544421491986e+01
1.166897513675503895e+01
0.000000000000000000e+00
1.495265617933659286e+01
0.000000000000000000e+00
1.177578490894842211e+01
1.158737029242626981e+01
1.223181482290030964e+01
1.085897858813556383e+01
1.136688593088888055e+01
1.200764661597812122e+01
1.615615796866308074e+01
1.624285908841364900e+01
1.384996335014642099e+01
1.112495174188180158e+01
0.000000000000000000e+00
1.247713485523908439e+01
1.336839546650209520e+01
1.193919041756307919e+01
1.380280401949384306e+01
1.744609579182570513e+01
1.393731225290708942e+01
1.617536492323184660e+01
0.000000000000000000e+00
1.258621424293026791e+01
0.000000000000000000e+00
1.528745492882935331e+01
1.496485740184662916e+01
1.619474671084961415e+01
0.000000000000000000e+00
1.417389285807336030e+01
0.000000000000000000e+00
0.000000000000000000e+00
1.345327563016771322e+01
1.251391014606329399e+01
1.398266944253937361e+01
1.177578490894842211e+01
1.250869862012833700e+01
0.000000000000000000e+00
0.000000000000000000e+00
1.488708098594179496e+01
1.298645873003706619e+01
1.182260559835744473e+01
1.060307622660257110e+01
1.160703988195542813e+01
1.112495174188180158e+01
1.153767631005067962e+01
1.178238019714623519e+01
1.409658696444854442e+01
1.272546182763665712e+01
1.026104636864905650e+01
1.135350479294522508e+01
0.000000000000000000e+00
1.104519784252801173e+01
1.437486161217697855e+01
1.546315979226789494e+01
1.127040124900493545e+01
1.277833909767917930e+01
1.290835385055651763e+01
1.512431104977867946e+01
1.617536492323184660e+01
1.145075852670743188e+01
1.079616988581875958e+01
1.734498997974049317e+01
1.116881781433231424e+01
1.413017773610664563e+01
1.955422076041296009e+01
1.034247535832479770e+01
1.568087690433834780e+01
0.000000000000000000e+00
1.512478114343232072e+01
1.230023697193509591e+01
1.378602583851601793e+01
1.613285149627908410e+01
1.271775665739234462e+01
1.209416914648666541e+01
1.304176853859969754e+01
0.000000000000000000e+00
1.122985972499663276e+01
1.293718769841194849e+01
1.247999789408484084e+01
1.114407773844490279e+01
1.169660317508731318e+01
1.206381060074131817e+01
1.230345134582745281e+01
0.000000000000000000e+00
0.000000000000000000e+00
1.702827799655509722e+01
1.166358132948626114e+01
0.000000000000000000e+00
1.348519308261429828e+01
1.305962790722853306e+01
1.218544354840432753e+01
1.176709740795887171e+01
1.138759841452242760e+01
1.426276145365589088e+01
1.364913353661903805e+01
1.317936119072357037e+01
1.552007422929161251e+01
1.354951256005161930e+01
1.283473046085073577e+01
1.671162572569301474e+01
1.353368916824453905e+01
1.548958025416932038e+01
0.000000000000000000e+00
1.172697989469001101e+01
1.713967785574605074e+01
1.286411680696630100e+01
0.000000000000000000e+00
1.327357084458133407e+01
1.259288428551493944e+01
1.281937226056651546e+01
1.234642446211747036e+01
1.351999581778153470e+01
1.518900768674351909e+01
1.091053774280174871e+01
1.264253911449861967e+01
0.000000000000000000e+00
1.220353574288383847e+01
1.518900768674351909e+01
1.431816418902406873e+01
0.000000000000000000e+00
1.403821251565423900e+01
1.766212133129518591e+01
1.440354571806775574e+01
0.000000000000000000e+00
1.660970181871561380e+01
1.075541092750573213e+01
1.131891830496615370e+01
1.340934371976837447e+01
1.224182960776526485e+01
1.365236646912497953e+01
1.389586895780885278e+01
1.269077873381324295e+01
1.284292490711086288e+01
1.578234771652492796e+01
0.000000000000000000e+00
1.526290188212797361e+01
1.235265589157146060e+01
0.000000000000000000e+00
1.417597938691665682e+01
0.000000000000000000e+00
1.233577212612898144e+01
1.557413067176544175e+01
1.153936965419335792e+01
1.365628540339324815e+01
0.000000000000000000e+00
1.622735737369053410e+01
1.181427519041542418e+01
1.174781454067808895e+01
0.000000000000000000e+00
1.047570761336972467e+01
0.000000000000000000e+00
0.000000000000000000e+00
1.501436252285134287e+01
1.507095201948801133e+01
1.500925799558972429e+01
1.258378439011176120e+01
1.258378439011176120e+01
1.522081944282670030e+01
1.399385952921975118e+01
1.225787446737875896e+01
1.317599273359515166e+01
1.349393335401237870e+01
1.606668394631760677e+01
1.565845883003236949e+01
1.218971232737122889e+01
1.331924005258224497e+01
1.257314291119848448e+01
1.279619469603913728e+01
1.343990147063582796e+01
1.425520203846901168e+01
1.327712324169524472e+01
1.389814331260670954e+01
1.685877132404418077e+01
1.331924005258224497e+01
1.369916553108457080e+01
1.405884196423261834e+01
1.605972644043574959e+01
1.366359249946719956e+01
1.396767788297119317e+01
0.000000000000000000e+00
1.332190341420409041e+01
1.422729813545126198e+01
1.397962232728216669e+01
0.000000000000000000e+00
1.312326006704683401e+01
1.136248562414108321e+01
1.116881781433231424e+01
1.464945857862977441e+01
1.328334653328822057e+01
1.437486161217697855e+01
1.381553647911605331e+01
1.063384987641311241e+01
1.487301184073983507e+01
0.000000000000000000e+00
1.208273672923157349e+01
1.556772848553220356e+01
0.000000000000000000e+00
1.400576248756415865e+01
1.295083545729640662e+01
1.284968599146214174e+01
1.288856862947610971e+01
1.571762240233740471e+01
1.653148701818310684e+01
1.435792026581345127e+01
1.387867790095121201e+01
1.459730094270939027e+01
1.366982135034735357e+01
1.528981663952051839e+01
1.217682060109896369e+01
1.171870302353448601e+01
1.249875040021932371e+01
1.372578519837064803e+01
1.904043750318611572e+01
1.234891675466250760e+01
1.301267889898080909e+01
1.399644460010320302e+01
1.480611324013828600e+01
1.323930710828086177e+01
1.160703988195542813e+01
1.495104926718624583e+01
1.359370983911569120e+01
1.239230742979329136e+01
1.301267889898080909e+01
1.702802512373900612e+01
1.203470102460094893e+01
1.270892488691428213e+01
1.255861694484800140e+01
1.295725889635961536e+01
0.000000000000000000e+00
1.399385952921975118e+01
9.519308108287864556e+00
0.000000000000000000e+00
1.251516610642387306e+01
0.000000000000000000e+00
1.163937939540177702e+01
1.634396705404478567e+01
1.416772586106940324e+01
1.289911088606086409e+01
1.660042396329487602e+01
1.548124863757867331e+01
1.237499351880926746e+01
1.150742716505607888e+01
1.904043750318611572e+01
1.465001781954531879e+01
0.000000000000000000e+00
1.442214720325309152e+01
1.356330543274416733e+01
1.698253262973445388e+01
1.463596238325850329e+01
1.280270044759796733e+01
1.225787446737875896e+01
1.637727646516322011e+01
1.413946443346278947e+01
1.966728478859411311e+01
1.310658985368713836e+01
1.406632973220914629e+01
1.345258930673361952e+01
1.480611324013828600e+01
1.409966021797375468e+01
1.294974487949460951e+01
1.500925799558972429e+01
1.476602320553375947e+01
1.539393021208640633e+01
1.234891675466250760e+01
1.549083881188079026e+01
1.451662600419503057e+01
0.000000000000000000e+00
1.254110971720437639e+01
0.000000000000000000e+00
1.317720218615281347e+01
1.523600176287179764e+01
1.265029125596668891e+01
1.224192992420277903e+01
1.057942289086665255e+01
1.699391013387512928e+01
1.372822330969890636e+01
1.293171756376949411e+01
0.000000000000000000e+00
0.000000000000000000e+00
1.393512382664756544e+01
1.245260365150966742e+01
0.000000000000000000e+00
1.284292490711086288e+01
1.128985813547087602e+01
0.000000000000000000e+00
1.194061178272154500e+01
1.121327821102170397e+01
0.000000000000000000e+00
1.273311375765559106e+01
1.337943000797628734e+01
1.447869994629651380e+01
1.330199595624547548e+01
1.558182906770108289e+01
1.695619399896763113e+01
1.233685229139517325e+01
0.000000000000000000e+00
1.259722289878669699e+01
0.000000000000000000e+00
1.142470217609380434e+01
1.216835498026777174e+01
1.005888617804292906e+01
1.191314284864746575e+01
1.523851780269886724e+01
1.531371942047290169e+01
1.473217053003431154e+01
1.097144133148176870e+01
1.267429002737779342e+01
1.226462552758931146e+01
1.225323492653508595e+01
1.217764607032690449e+01
1.221924342939557029e+01
1.496430318737425580e+01
0.000000000000000000e+00
1.698253262973445388e+01
1.534655123637949536e+01
1.551309355254468336e+01
1.249656106920251020e+01
1.560417239783988386e+01
1.328596962222340139e+01
0.000000000000000000e+00
1.495265617933659286e+01
1.346474015208600861e+01
1.580179915160766058e+01
1.361460063751999350e+01
2.228356329531496627e+01
1.165447243164091518e+01
0.000000000000000000e+00
1.328767985963435194e+01
1.379609564015052570e+01
1.396208389149063578e+01
1.301317551550321561e+01
1.199740082535283037e+01
1.251144379736104817e+01
1.482738463299635434e+01
1.502969949722224818e+01
1.194658309370419502e+01
1.222343644294547538e+01
0.000000000000000000e+00
0.000000000000000000e+00
0.000000000000000000e+00
1.683244271092859634e+01
0.000000000000000000e+00
1.236736162033598596e+01
1.615615796866308074e+01
1.653669332364019340e+01
1.079255441366087176e+01
1.113784232479863867e+01
1.632188961091538104e+01
1.422883081680640771e+01
1.282688057803446746e+01
2.032306968455617735e+01
1.251051705360266908e+01
1.238072325090064396e+01
0.000000000000000000e+00
1.742936594539159856e+01
1.397002477936321618e+01
0.000000000000000000e+00
0.000000000000000000e+00
1.295927299263881238e+01
1.231991648307787379e+01
1.144595341955763601e+01
1.788274318352090120e+01
1.193549270753459801e+01
1.154415182015758745e+01
1.466685051000794715e+01
1.116881781433231424e+01
1.552010879157139911e+01
2.038954755422309262e+01
1.250869862012833700e+01
0.000000000000000000e+00
1.624285908841364900e+01
1.365628540339324815e+01
1.578610611094701888e+01
0.000000000000000000e+00
1.168327890037333106e+01
1.602403576334784674e+01
1.683244271092859634e+01
1.356220569262859144e+01
0.000000000000000000e+00
1.595720625786371905e+01
1.381621446224156635e+01
1.493280540423639735e+01
1.709253134020972453e+01
1.737683467616201582e+01
1.342277000962048383e+01
0.000000000000000000e+00
1.374490472496401772e+01
1.734414449176307116e+01
1.397002477936321618e+01
1.380652897582658234e+01
1.336303389851427070e+01
1.450725050641875846e+01
1.538232549219448941e+01
1.832444731954122830e+01
1.497598447089818130e+01
1.471829207873395262e+01
0.000000000000000000e+00
0.000000000000000000e+00
1.346297994138407716e+01
0.000000000000000000e+00
1.870316994269973421e+01
1.285570468111234455e+01
1.210996193488918671e+01
1.326903772188423325e+01
0.000000000000000000e+00
0.000000000000000000e+00
0.000000000000000000e+00
1.301646279471960987e+01
1.568337520928877282e+01
1.702716183154504037e+01
1.313126700102407618e+01
1.306596597153056649e+01
1.295725889635961536e+01
1.422883081680640771e+01
1.274247777835539175e+01
1.486485095331010875e+01
1.288856862947610971e+01
1.353093080470088516e+01
0.000000000000000000e+00
1.444930365726997579e+01
1.343253739456837792e+01
0.000000000000000000e+00
1.489119531407559016e+01
1.280996806503910612e+01
1.244959786745117647e+01
1.392848000607230574e+01
1.232181167546619349e+01
1.449948548838208673e+01
1.445667514843834489e+01
1.354233031077459337e+01
1.473122709581367573e+01
1.263675048991713723e+01
1.644776015505042821e+01
1.392958718393516904e+01
9.732233284948430097e+00
1.992665854969337502e+01
2.059601664599718163e+01
1.237501675109750465e+01
1.273208639423635624e+01
0.000000000000000000e+00
1.280430499889866525e+01
1.314797345267089312e+01
1.408302153108240518e+01
1.450886742571281296e+01
1.287319966670358262e+01
1.138714014927106000e+01
1.350732153663121515e+01
1.228032123380402396e+01
1.215422976688934753e+01
1.229072479752724867e+01
1.237501675109750465e+01
1.464945857862977441e+01
1.379609564015052570e+01
1.471346951747695186e+01
1.771793592587703614e+01
1.226131034898219063e+01
1.133116821352438564e+01
1.272796017686222925e+01
1.493280540423639735e+01
1.159917300988286293e+01
1.401305901724875547e+01
1.477794625013376795e+01
1.237986538672401871e+01
1.455038666242192136e+01
1.547443002699906245e+01
1.879488456944060459e+01
1.078445330206274200e+01
1.221855969918387075e+01
1.698836768364526151e+01
1.547148003443365027e+01
1.688513945689483364e+01
1.080756983603478005e+01
0.000000000000000000e+00
1.154415182015758745e+01
1.830139980805457611e+01
1.459642193595206905e+01
1.279619469603913728e+01
1.568697822685006216e+01
1.202709525842026395e+01
1.127271436110085467e+01
0.000000000000000000e+00
0.000000000000000000e+00
1.428153221603192335e+01
1.318746810583005846e+01
1.512431104977867946e+01
1.230023697193509591e+01
1.198873981866645089e+01
1.012082210378615343e+01
1.222547972498965407e+01
1.097681092023925231e+01
1.351591461650336434e+01
1.360560775967065439e+01
1.181427519041542418e+01
1.199499372853379775e+01
1.130477134739481571e+01
1.403519219273882435e+01
1.133623018615446654e+01
1.290678913404548211e+01
0.000000000000000000e+00
1.751519761934720876e+01
1.509992004395502896e+01
1.191561490365777765e+01
0.000000000000000000e+00
0.000000000000000000e+00
1.047010354785805397e+01
1.312290714917471846e+01
1.273015741443983018e+01
1.721500438869381000e+01
1.255861694484800140e+01
1.237643831302562880e+01
1.254892118459365058e+01
0.000000000000000000e+00
1.413946443346278947e+01
0.000000000000000000e+00
0.000000000000000000e+00
0.000000000000000000e+00
1.258378439011176120e+01
1.324130556709866724e+01
1.092188440448731157e+01
1.506738433606518512e+01
1.316347778550585623e+01
1.265029125596668891e+01
1.206675513416577772e+01
1.439462635708510696e+01
1.506738433606518512e+01
0.000000000000000000e+00
1.403519219273882435e+01
0.000000000000000000e+00
1.213711107399281453e+01
1.345814455355394657e+01
1.425506765717733515e+01
1.565845883003236949e+01
0.000000000000000000e+00
1.287597986986683196e+01
1.377194230994817126e+01
1.229719710338576455e+01
1.511169097411960571e+01
1.344933220332839952e+01
1.635576764654361170e+01
1.239740423853768903e+01
0.000000000000000000e+00
1.279619469603913728e+01
1.323930710828086177e+01
1.350644791925324562e+01
1.997781109563766933e+01
1.217764607032690449e+01
0.000000000000000000e+00
1.435792026581345127e+01
0.000000000000000000e+00
1.451235489946664892e+01
1.367450618570806853e+01
1.256883032410879331e+01
1.182260559835744473e+01
0.000000000000000000e+00
1.231991648307787379e+01
1.606668394631760677e+01
1.373850628831289633e+01
0.000000000000000000e+00
1.221699953937648075e+01
0.000000000000000000e+00
0.000000000000000000e+00
1.114407773844490279e+01
1.177578490894842211e+01
1.375217835723018922e+01
1.482027950801571947e+01
1.160295781375283219e+01
1.566566605419092184e+01
1.207870625088561667e+01
1.217012843680478618e+01
1.435792026581345127e+01
1.313131025211342084e+01
1.548958025416932038e+01
1.462541611655267815e+01
1.410278300189212253e+01
1.312427970387757448e+01
1.420414276841587053e+01
1.224352666822389146e+01
1.210693604735349815e+01
1.134825623231021297e+01
1.154415182015758745e+01
1.288101339320883909e+01
0.000000000000000000e+00
0.000000000000000000e+00
1.602529410187650427e+01
1.489604835786027692e+01
1.405502147190729367e+01
0.000000000000000000e+00
1.557317280142781435e+01
1.274842792232540667e+01
1.554555986514277066e+01
1.337918826562348151e+01
1.413380007142274053e+01
1.177900829065427324e+01
1.342277000962048383e+01
1.044910570664094429e+01
1.351591461650336434e+01
1.417289553886539011e+01
1.244837752987080037e+01
1.824103848522283400e+01
1.223789919683054350e+01
1.582294761604879341e+01
1.103257249522742711e+01
1.310301419050201766e+01
1.397002477936321618e+01
1.946458517234896135e+01
1.347145066608117858e+01
1.328286764834723854e+01
1.372888258732475997e+01
1.285677792660680652e+01
1.271734770595073982e+01
1.394895408833145822e+01
0.000000000000000000e+00
1.622633071801040572e+01
1.375811666965994995e+01
1.331372570107840048e+01
1.346672763033831544e+01
9.979524466738633137e+00
1.404313574840544909e+01
1.247090107787794544e+01
1.346366444269705198e+01
1.508264853246041781e+01
1.425675716893491973e+01
1.369599740888908634e+01
1.785354835672276508e+01
1.150355894043332405e+01
1.398797917085836495e+01
0.000000000000000000e+00
1.171870302353448601e+01
1.526685035051178119e+01
1.336609306933089947e+01
1.312880388915767860e+01
1.406912641262885622e+01
1.324910918237019963e+01
1.226462552758931146e+01
0.000000000000000000e+00
1.290673460371414905e+01
0.000000000000000000e+00
1.178238019714623519e+01
1.233211206479524336e+01
1.510081182623565077e+01
1.248106086464051856e+01
1.543191653993268453e+01
1.525230969146433679e+01
1.278418949293951989e+01
1.389590528652992063e+01
0.000000000000000000e+00
1.137228744764630228e+01
1.244837752987080037e+01
1.526684639881307248e+01
1.406611820445996308e+01
0.000000000000000000e+00
1.661323174875577990e+01
1.429283543561633785e+01
0.000000000000000000e+00
1.246398518070935779e+01
1.179509694791114605e+01
1.444978718790503791e+01
1.568337520928877282e+01
1.082216102423642035e+01
0.000000000000000000e+00
1.387149980853627795e+01
1.163937939540177702e+01
1.026104636864905650e+01
1.427043973061973858e+01
1.626883778036177119e+01
1.479184639710030957e+01
1.743187857694695353e+01
1.512478114343232072e+01
1.377409268293001254e+01
1.176742932742222081e+01
0.000000000000000000e+00
0.000000000000000000e+00
0.000000000000000000e+00
0.000000000000000000e+00
1.547381051028613719e+01
1.712813193097857933e+01
1.179182690598624283e+01
1.156936061431609097e+01
0.000000000000000000e+00
0.000000000000000000e+00
1.547408917905694636e+01
1.472193035854527388e+01
0.000000000000000000e+00
0.000000000000000000e+00
1.403519219273882435e+01
1.420352780797114711e+01
1.299017107088633161e+01
1.102362949232758105e+01
1.107962263662077973e+01
1.790874980389204296e+01
1.413436077860109563e+01
0.000000000000000000e+00
0.000000000000000000e+00
1.551309355254468336e+01
1.195034133590532299e+01
0.000000000000000000e+00
1.177964954118540142e+01
1.901695318324850348e+01
0.000000000000000000e+00
0.000000000000000000e+00
1.397800461881369039e+01
1.900597934970285507e+01
0.000000000000000000e+00
1.079939391141521554e+01
0.000000000000000000e+00
1.205718834839420595e+01
1.279619469603913728e+01
1.459759988369498807e+01
1.588600443664129713e+01
1.757276669201055341e+01
1.520533899617571194e+01
1.521295447613318963e+01
1.092089865979686003e+01
1.293718769841194849e+01
1.353102285914931713e+01
1.206675513416577772e+01
1.635576764654361170e+01
2.940432589249048689e+01
1.671558077164803890e+01
1.422208848695271044e+01
2.038954755422309262e+01
1.426835378821028577e+01
1.558235002529336732e+01
1.405884196423261834e+01
1.573465938387546359e+01
1.338893374802822755e+01
1.405665906276071908e+01
1.294415968429746400e+01
1.503842947718911205e+01
0.000000000000000000e+00
1.623485935609749831e+01
1.555310749204520171e+01
1.621764075404257710e+01
1.574614576791875109e+01
1.327738767258833086e+01
1.225787446737875896e+01
1.079616988581875958e+01
1.283191596117795719e+01
1.575303375319964161e+01
1.481095563159529505e+01
1.644161315637860454e+01
0.000000000000000000e+00
0.000000000000000000e+00
1.065874207365939874e+01
0.000000000000000000e+00
1.415444326084691795e+01
1.138759841452242760e+01
0.000000000000000000e+00
1.543191653993268453e+01
1.188067782344392320e+01
1.146550008541584553e+01
1.237643831302562880e+01
1.406309607607287226e+01
1.541569993014735118e+01
1.343990147063582796e+01
1.480237654236516498e+01
1.605972644043574959e+01
1.620506632069522723e+01
1.547397994579408120e+01
1.399618498898858654e+01
1.437764845125285262e+01
0.000000000000000000e+00
1.731603971925052932e+01
1.631907867629508146e+01
1.336598716615429083e+01
0.000000000000000000e+00
1.379833335305808539e+01
1.410967667183019003e+01
1.395703108580780238e+01
1.313813537954921529e+01
1.202709525842026395e+01
1.335031795769901386e+01
1.356635207418886857e+01
1.144139500366102702e+01
1.291939922448658429e+01
1.369188730497192630e+01
1.547148003443365027e+01
1.206381060074131817e+01
1.788027875531236788e+01
1.545983985934004679e+01
1.196440877031777639e+01
1.312235453495786430e+01
1.267863635140744449e+01
1.304176853859969754e+01
0.000000000000000000e+00
1.352377356386698715e+01
2.635300570392092823e+01
1.352377356386698715e+01
1.411649794523263779e+01
0.000000000000000000e+00
1.124019511683706618e+01
1.600429431878009723e+01
1.340311662662494463e+01
0.000000000000000000e+00
1.624021592423015292e+01
0.000000000000000000e+00
1.138759841452242760e+01
1.219568228172454560e+01
1.141405045933269058e+01
1.472992245569798264e+01
1.279333801502241919e+01
1.788027875531236788e+01
0.000000000000000000e+00
1.320152858165995013e+01
1.168962458283406214e+01
1.331292928225355965e+01
0.000000000000000000e+00
1.426409066865818787e+01
0.000000000000000000e+00
1.489604835786027692e+01
1.453207971813242416e+01
1.238809291424148817e+01
1.568087690433834780e+01
1.279333801502241919e+01
1.263608052362539347e+01
1.499041253793739692e+01
0.000000000000000000e+00
2.026718363361207409e+01
0.000000000000000000e+00
0.000000000000000000e+00
1.311538946785073634e+01
1.223600852135586514e+01
1.118828774724500619e+01
1.407412794957855517e+01
0.000000000000000000e+00
1.388456952223356033e+01
1.097681092023925231e+01
1.312413695631475719e+01
1.368583985168706363e+01
1.351430038183900351e+01
1.199499372853379775e+01
1.445902886459665737e+01
1.119584788462673330e+01
1.539549000350135444e+01
2.108814030633547532e+01
1.218580642703725125e+01
1.040742314277646052e+01
1.354158131805921883e+01
1.606668394631760677e+01
1.506143779732378007e+01
1.459012290394175615e+01
1.737683467616201582e+01
1.417597938691665682e+01
1.400050799784373545e+01
1.450362926690864995e+01
1.267863635140744449e+01
1.255104533149848933e+01
1.380280401949384306e+01
1.425306643368537962e+01
1.274855297457456693e+01
1.408896950434415629e+01
1.161508637445186665e+01
1.451662600419503057e+01
1.146002573033261207e+01
1.239740423853768903e+01
1.141953487389836752e+01
1.431680956216376188e+01
1.213652415074913549e+01
1.427043973061973858e+01
1.187425269833700803e+01
1.208971515865028934e+01
1.481095563159529505e+01
1.345327563016771322e+01
1.482027950801571947e+01
1.609070659942259596e+01
1.026955545547666482e+01
1.573830178588098860e+01
0.000000000000000000e+00
1.358887410587982103e+01
1.183553048049139456e+01
1.824996010086137233e+01
1.234894150635973098e+01
1.239044896734518808e+01
1.433376820702648224e+01
0.000000000000000000e+00
1.034247535832479770e+01
1.567024446004531768e+01
1.115853053987440724e+01
1.366982135034735357e+01
1.312867077157911133e+01
1.460619491036024442e+01
1.163937939540177702e+01
1.233211206479524336e+01
1.176709740795887171e+01
1.317936119072357037e+01
0.000000000000000000e+00
1.468948993847171813e+01
1.239887903322113516e+01
1.638877693807499725e+01
1.461625649012148109e+01
0.000000000000000000e+00
1.205939072124826517e+01
1.557240155387754044e+01
1.189665113647158634e+01
1.435792026581345127e+01
1.239132597719365947e+01
0.000000000000000000e+00
1.268823673953467868e+01
1.138759841452242760e+01
1.056477535377780974e+01
1.344933220332839952e+01
1.315234884114647684e+01
1.192637804927012546e+01
1.544773308842782633e+01
1.381643188786429910e+01
1.435395212208240956e+01
1.414419196611584439e+01
0.000000000000000000e+00
1.113784232479863867e+01
0.000000000000000000e+00
1.235177597011586670e+01
1.518082565229073211e+01
1.582320870781371447e+01
1.207870625088561667e+01
1.334687455677448575e+01
0.000000000000000000e+00
1.309871353682182793e+01
1.308320990443139387e+01
1.712813193097857933e+01
0.000000000000000000e+00
1.688513945689483364e+01
1.295608384554994075e+01
1.372384622728589676e+01
1.662554460830100922e+01
1.314797345267089312e+01
0.000000000000000000e+00
0.000000000000000000e+00
1.401032418156505877e+01
1.431591315626012850e+01
1.273176675275504266e+01
1.317720218615281347e+01
1.693919952493491365e+01
1.366359249946719956e+01
1.482555168017701241e+01
1.363489750131654965e+01
1.330855254574563062e+01
0.000000000000000000e+00
1.314502375003092105e+01
1.500462045294619706e+01
1.128985813547087602e+01
0.000000000000000000e+00
1.116881781433231424e+01
1.447965150615766738e+01
1.231605791850168075e+01
1.426835378821028577e+01
1.144595341955763601e+01
1.331952371758989173e+01
1.282473243927676343e+01
1.289221581586831711e+01
1.370942818635545635e+01
1.383849746677515924e+01
1.411480687202199924e+01
9.732233284948430097e+00
0.000000000000000000e+00
1.247090107787794544e+01
1.295017842066929425e+01
1.360763124283159264e+01
0.000000000000000000e+00
1.384754216669288418e+01
1.346366444269705198e+01
1.219568228172454560e+01
1.268648837417044817e+01
0.000000000000000000e+00
1.451193923352310833e+01
1.301646279471960987e+01
1.136895075861171556e+01
1.473872505098420405e+01
1.646620650378463679e+01
1.155461489147361931e+01
1.346798725666512908e+01
1.711065743418477325e+01
1.121327821102170397e+01
1.475816835800853077e+01
1.572883017440027764e+01
1.705667632396782807e+01
1.234642446211747036e+01
1.288466333273929720e+01
1.363489750131654965e+01
1.183222536149315829e+01
1.201826148788410720e+01
0.000000000000000000e+00
1.116771875660207058e+01
1.215674086074684546e+01
1.183043537962696057e+01
1.206381060074131817e+01
1.237195611372901993e+01
1.660013318752130829e+01
0.000000000000000000e+00
0.000000000000000000e+00
1.500925799558972429e+01
0.000000000000000000e+00
1.274842792232540667e+01
1.137326610877236277e+01
1.272871162320408445e+01
1.319667975372337487e+01
1.125628489283525013e+01
1.617536492323184660e+01
1.442643386682581585e+01
1.450725050641875846e+01
1.339868232806210457e+01
1.141719737142117985e+01
1.396208389149063578e+01
1.401305901724875547e+01
1.186137201962607435e+01
0.000000000000000000e+00
1.683337220884273933e+01
1.358590773385144068e+01
1.522403942643022390e+01
1.179509694791114605e+01
1.012260680502649457e+01
1.135350479294522508e+01
0.000000000000000000e+00
1.244009269943345508e+01
1.199740082535283037e+01
1.140094981012099318e+01
1.281090578472282360e+01
1.130208490479257399e+01
0.000000000000000000e+00
1.499041253793739692e+01
0.000000000000000000e+00
1.231016360529709530e+01
0.000000000000000000e+00
1.476218098352113373e+01
0.000000000000000000e+00
1.349393335401237870e+01
1.137228744764630228e+01
1.270048207294219722e+01
1.189665113647158634e+01
1.482974068239339260e+01
1.441041270264302021e+01
1.246016989836804534e+01
1.199499372853379775e+01
0.000000000000000000e+00
1.312880388915767860e+01
1.408921744344058524e+01
1.524926053155578920e+01
1.126343586111300077e+01
1.934640490828894244e+01
1.395761051325356306e+01
0.000000000000000000e+00
1.380652897582658234e+01
1.360560775967065439e+01
0.000000000000000000e+00
