4.705624526988519563e+01
0.000000000000000000e+00
5.069725537460064402e+01
6.260187390676814800e+01
3.311022064718376612e+01
0.000000000000000000e+00
5.195751122623596530e+01
2.882717649457724107e+01
5.437456809061050222e+01
3.295573985184353205e+01
0.000000000000000000e+00
3.311022064718376612e+01
3.267290601329632693e+01
3.295573985184353205e+01
0.000000000000000000e+00
0.000000000000000000e+00
0.000000000000000000e+00
3.829604053216559123e+01
3.295573985184353205e+01
3.311022064718376612e+01
0.000000000000000000e+00
3.295573985184353205e+01
4.315386808721971335e+01
5.069725537460064402e+01
4.146914643542432799e+01
4.315386808721971335e+01
6.319293834260631115e+01
0.000000000000000000e+00
3.801373037642061092e+01
0.000000000000000000e+00
3.736411410648716469e+01
0.000000000000000000e+00
0.000000000000000000e+00
0.000000000000000000e+00
4.801800794491249746e+01
0.000000000000000000e+00
0.000000000000000000e+00
4.618963224063322315e+01
4.084702541801364362e+01
0.000000000000000000e+00
4.078873390219895612e+01
3.736411410648716469e+01
4.801800794491249746e+01
3.885691365443533840e+01
0.000000000000000000e+00
3.326800570487439757e+01
3.270062706127568219e+01
0.000000000000000000e+00
0.000000000000000000e+00
3.995122934905754164e+01
3.995122934905754164e+01
2.708765045917917647e+01
4.146914643542432799e+01
0.000000000000000000e+00
3.995122934905754164e+01
2.823608845081342977e+01
3.089420837148770005e+01
0.000000000000000000e+00
3.995122934905754164e+01
5.228694919967138333e+01
5.013735764471439182e+01
3.736411410648716469e+01
4.242887008508523650e+01
2.882717649457724107e+01
4.618963224063322315e+01
2.882717649457724107e+01
3.830707967512271495e+01
0.000000000000000000e+00
3.825595818979740415e+01
4.242887008508523650e+01
0.000000000000000000e+00
0.000000000000000000e+00
0.000000000000000000e+00
0.000000000000000000e+00
3.695185271578994701e+01
4.752528338877023373e+01
0.000000000000000000e+00
4.268944518463933946e+01
4.256772156495353698e+01
0.000000000000000000e+00
3.664070202348369776e+01
3.958751834265231651e+01
3.895286180783541852e+01
2.708765045917917647e+01
0.000000000000000000e+00
0.000000000000000000e+00
3.520449816928407927e+01
3.356406463534054296e+01
4.425677668808789633e+01
3.825595818979740415e+01
0.000000000000000000e+00
0.000000000000000000e+00
3.653995602740941706e+01
0.000000000000000000e+00
0.000000000000000000e+00
3.270062706127568219e+01
5.093922597936641949e+01
4.069273087552037538e+01
5.136728068218084076e+01
4.580528213573069252e+01
5.458894970277882663e+01
0.000000000000000000e+00
4.373615531273155455e+01
0.000000000000000000e+00
4.580528213573069252e+01
4.477532002742917427e+01
4.373615531273155455e+01
4.580528213573069252e+01
0.000000000000000000e+00
4.373615531273155455e+01
5.126048520054679614e+01
4.373615531273155455e+01
4.373615531273155455e+01
0.000000000000000000e+00
4.583422276244839821e+01
3.820408543341891772e+01
3.494853573878014430e+01
3.494853573878014430e+01
0.000000000000000000e+00
0.000000000000000000e+00
4.583422276244839821e+01
3.215078752136425067e+01
0.000000000000000000e+00
0.000000000000000000e+00
4.369944826750562328e+01
0.000000000000000000e+00
3.370962919879241326e+01
3.370962919879241326e+01
3.714110684509780214e+01
3.370962919879241326e+01
0.000000000000000000e+00
3.215078752136425067e+01
0.000000000000000000e+00
6.105520186126411630e+01
3.439502095526422920e+01
3.448346202913959502e+01
4.303112498264631114e+01
5.073803725141996779e+01
3.475752578719767882e+01
3.475752578719767882e+01
3.509842209543558766e+01
3.316750583520125417e+01
4.021418446451500728e+01
5.295684917474895315e+01
0.000000000000000000e+00
0.000000000000000000e+00
4.653906695632936419e+01
3.637915802738574911e+01
3.044610358288139906e+01
4.252881501169970591e+01
3.673693546882473981e+01
0.000000000000000000e+00
3.316750583520125417e+01
0.000000000000000000e+00
4.712871153745894759e+01
3.316750583520125417e+01
4.853005899179252935e+01
6.369509780708452240e+01
4.134807654651721975e+01
0.000000000000000000e+00
4.907009952831489130e+01
3.522034520109978217e+01
6.492255112755822211e+01
4.252881501169970591e+01
3.843717840263386876e+01
3.316750583520125417e+01
0.000000000000000000e+00
4.853005899179252935e+01
3.354687068169162245e+01
3.551926259736436009e+01
3.673693546882473981e+01
4.373615531273155455e+01
3.752549954598582360e+01
3.850932916563854036e+01
3.448346202913959502e+01
5.106588409852234633e+01
3.583898837015394889e+01
3.608192535713349258e+01
0.000000000000000000e+00
3.215078752136425067e+01
3.439502095526422920e+01
3.316750583520125417e+01
3.111043016984748988e+01
3.551926259736436009e+01
5.434551337892917644e+01
4.583422276244839821e+01
4.836040046260109904e+01
4.424747913080327777e+01
6.267625055471516049e+01
3.776585227698448932e+01
3.776585227698448932e+01
4.712871153745894759e+01
3.740240076701240213e+01
5.136728068218084076e+01
5.198207857481691718e+01
0.000000000000000000e+00
3.202144718050197270e+01
3.222231878345554179e+01
0.000000000000000000e+00
0.000000000000000000e+00
3.919753912410530461e+01
4.214187904452098365e+01
5.473918724529224278e+01
4.607031102166551051e+01
3.902051557941749138e+01
0.000000000000000000e+00
4.212559242075921162e+01
3.956123257025672046e+01
0.000000000000000000e+00
5.193988690836709310e+01
4.736420573741316531e+01
4.808200664956448378e+01
0.000000000000000000e+00
4.603889441705699426e+01
0.000000000000000000e+00
0.000000000000000000e+00
0.000000000000000000e+00
5.396194578511570228e+01
5.006780687626756077e+01
4.470838856546885154e+01
4.442295472211319662e+01
5.825611264565549874e+01
3.439502095526422920e+01
5.006780687626756077e+01
0.000000000000000000e+00
0.000000000000000000e+00
3.919753912410530461e+01
0.000000000000000000e+00
3.802038418679258314e+01
5.340152676110844254e+01
0.000000000000000000e+00
0.000000000000000000e+00
5.018353389006817622e+01
5.006780687626756077e+01
5.136728068218084076e+01
0.000000000000000000e+00
0.000000000000000000e+00
0.000000000000000000e+00
4.661641479336522309e+01
3.913706160291156522e+01
3.653019480749821213e+01
4.184703850237364264e+01
0.000000000000000000e+00
0.000000000000000000e+00
0.000000000000000000e+00
0.000000000000000000e+00
0.000000000000000000e+00
0.000000000000000000e+00
4.387638953630878547e+01
0.000000000000000000e+00
0.000000000000000000e+00
0.000000000000000000e+00
4.434665170047425420e+01
4.251722598982465939e+01
3.702751756032569119e+01
0.000000000000000000e+00
0.000000000000000000e+00
0.000000000000000000e+00
0.000000000000000000e+00
3.804029039036526427e+01
5.180319483347125242e+01
4.470838856546885154e+01
0.000000000000000000e+00
4.470838856546885154e+01
0.000000000000000000e+00
4.310959021918082357e+01
5.560013620062338902e+01
4.184703850237364264e+01
3.702751756032569119e+01
0.000000000000000000e+00
0.000000000000000000e+00
4.184703850237364264e+01
4.184703850237364264e+01
5.294657238787681308e+01
4.184703850237364264e+01
0.000000000000000000e+00
3.766583605493101317e+01
4.302481962341422417e+01
4.719225671756542084e+01
4.310959021918082357e+01
5.006780687626756077e+01
0.000000000000000000e+00
4.184703850237364264e+01
0.000000000000000000e+00
0.000000000000000000e+00
0.000000000000000000e+00
5.698087775799066890e+01
5.396194578511570228e+01
0.000000000000000000e+00
0.000000000000000000e+00
0.000000000000000000e+00
0.000000000000000000e+00
0.000000000000000000e+00
5.825611264565549874e+01
0.000000000000000000e+00
3.637915802738574911e+01
0.000000000000000000e+00
4.303112498264631114e+01
0.000000000000000000e+00
4.358994227999204440e+01
0.000000000000000000e+00
0.000000000000000000e+00
4.952965770316994565e+01
0.000000000000000000e+00
0.000000000000000000e+00
0.000000000000000000e+00
2.885962679431090194e+01
3.117933815243027595e+01
3.557767748060165047e+01
3.339873724772058949e+01
3.117933815243027595e+01
4.952965770316994565e+01
3.309801576017933655e+01
4.189874256384759832e+01
4.043502779540528991e+01
4.952965770316994565e+01
4.080530916357493254e+01
3.323923574302578743e+01
0.000000000000000000e+00
3.349812969864055390e+01
4.393780289416679352e+01
0.000000000000000000e+00
3.336108727274983465e+01
4.793916502793348400e+01
3.095001840273527449e+01
3.525164351795359607e+01
0.000000000000000000e+00
2.885962679431090194e+01
3.131461843165001113e+01
3.686644504951189560e+01
0.000000000000000000e+00
3.585342564556353295e+01
3.263739788514068607e+01
3.525164351795359607e+01
3.142881480452596676e+01
3.605471473221264489e+01
0.000000000000000000e+00
3.370905764184130504e+01
3.144264180167534661e+01
3.095001840273527449e+01
3.586816293685055967e+01
3.731396334376851343e+01
4.080530916357493254e+01
3.380708624946649365e+01
3.148301540385871178e+01
3.117933815243027595e+01
3.323923574302578743e+01
0.000000000000000000e+00
3.117933815243027595e+01
0.000000000000000000e+00
3.870544097592753729e+01
0.000000000000000000e+00
3.141029375178919736e+01
0.000000000000000000e+00
3.908751387040856429e+01
0.000000000000000000e+00
3.908751387040856429e+01
3.416046185847000771e+01
5.554557016456456608e+01
0.000000000000000000e+00
4.169095086520906790e+01
3.591081939722763394e+01
4.043502779540528991e+01
2.948119405717437047e+01
4.793916502793348400e+01
2.948119405717437047e+01
4.139410443798403350e+01
4.063959524003067969e+01
0.000000000000000000e+00
3.452733784430481023e+01
3.492441883128236668e+01
3.492441883128236668e+01
3.577101764167165499e+01
2.948119405717437047e+01
0.000000000000000000e+00
5.073601113329097245e+01
0.000000000000000000e+00
3.144264180167534661e+01
2.974163451568963978e+01
0.000000000000000000e+00
3.336108727274983465e+01
3.148301540385871178e+01
4.037045778118012151e+01
3.144264180167534661e+01
4.043502779540528991e+01
4.879688270834437702e+01
0.000000000000000000e+00
0.000000000000000000e+00
0.000000000000000000e+00
3.336108727274983465e+01
3.585342564556353295e+01
0.000000000000000000e+00
3.370905764184130504e+01
3.492441883128236668e+01
4.189874256384759832e+01
0.000000000000000000e+00
4.642475832493479260e+01
3.196192663138360146e+01
3.796993140075819184e+01
5.371817470649281745e+01
4.060325845078713769e+01
0.000000000000000000e+00
4.050803976393147821e+01
3.796993140075819184e+01
0.000000000000000000e+00
3.450915673527169503e+01
0.000000000000000000e+00
4.974910635822593719e+01
4.974910635822593719e+01
4.378479578434297537e+01
4.080908231813739917e+01
6.840220220920173233e+01
0.000000000000000000e+00
4.060325845078713769e+01
0.000000000000000000e+00
4.268903034851791034e+01
4.139410443798403350e+01
4.183647462513464887e+01
5.295684917474895315e+01
0.000000000000000000e+00
4.974910635822593719e+01
0.000000000000000000e+00
0.000000000000000000e+00
3.516924574374071000e+01
0.000000000000000000e+00
4.136175438207437338e+01
0.000000000000000000e+00
0.000000000000000000e+00
3.820970848509978168e+01
4.039368045482934377e+01
0.000000000000000000e+00
4.136175438207437338e+01
4.002333518212612518e+01
3.450915673527169503e+01
4.974910635822593719e+01
3.225570504723174281e+01
4.139410443798403350e+01
0.000000000000000000e+00
0.000000000000000000e+00
4.974910635822593719e+01
4.954634633227556151e+01
3.171783930726466139e+01
0.000000000000000000e+00
4.954634633227556151e+01
3.171783930726466139e+01
3.452733784430481023e+01
5.201585620131066889e+01
4.135880414966963770e+01
4.136175438207437338e+01
4.197326288917843584e+01
4.197326288917843584e+01
5.136728068218084076e+01
4.363779809438169366e+01
0.000000000000000000e+00
3.669056942106095676e+01
0.000000000000000000e+00
3.448084481173435023e+01
4.642475832493479260e+01
0.000000000000000000e+00
0.000000000000000000e+00
3.796993140075819184e+01
4.085853495470700381e+01
3.633524938623656197e+01
3.762160311084004150e+01
3.452733784430481023e+01
4.954634633227556151e+01
4.136175438207437338e+01
3.346526830348255288e+01
4.085853495470700381e+01
4.197326288917843584e+01
4.197326288917843584e+01
3.171783930726466139e+01
0.000000000000000000e+00
4.136175438207437338e+01
5.293038593185914920e+01
4.954634633227556151e+01
3.448084481173435023e+01
4.136175438207437338e+01
4.974910635822593719e+01
3.452733784430481023e+01
4.136175438207437338e+01
3.448084481173435023e+01
3.339873724772058949e+01
3.450915673527169503e+01
0.000000000000000000e+00
4.136175438207437338e+01
4.139410443798403350e+01
3.171783930726466139e+01
5.201585620131066889e+01
0.000000000000000000e+00
0.000000000000000000e+00
0.000000000000000000e+00
4.415459062955669367e+01
0.000000000000000000e+00
4.039368045482934377e+01
4.136175438207437338e+01
3.308693709745256228e+01
3.448084481173435023e+01
0.000000000000000000e+00
2.946854410755221210e+01
0.000000000000000000e+00
4.813703249869275425e+01
2.617458006324914166e+01
4.436761798735334850e+01
0.000000000000000000e+00
3.267290601329632693e+01
4.436761798735334850e+01
4.157906688697310926e+01
3.299826774462714241e+01
3.830707967512271495e+01
0.000000000000000000e+00
5.386545316465969080e+01
3.970086518706926881e+01
4.478925922311899654e+01
0.000000000000000000e+00
0.000000000000000000e+00
0.000000000000000000e+00
0.000000000000000000e+00
3.750404392855256219e+01
0.000000000000000000e+00
0.000000000000000000e+00
0.000000000000000000e+00
3.834612918958936945e+01
3.349591637655796461e+01
3.984016893538078818e+01
0.000000000000000000e+00
3.970086518706926881e+01
0.000000000000000000e+00
0.000000000000000000e+00
5.139763256711599837e+01
0.000000000000000000e+00
2.801898930829550594e+01
3.807028810695344845e+01
0.000000000000000000e+00
2.942179039904468141e+01
4.157906688697310926e+01
0.000000000000000000e+00
0.000000000000000000e+00
2.801898930829550594e+01
0.000000000000000000e+00
5.478281038640541567e+01
0.000000000000000000e+00
3.819781737087641460e+01
3.518500131841766176e+01
0.000000000000000000e+00
4.478925922311899654e+01
5.386545316465969080e+01
0.000000000000000000e+00
0.000000000000000000e+00
0.000000000000000000e+00
4.092937454456263424e+01
0.000000000000000000e+00
4.988000711450808922e+01
5.437456809061050222e+01
2.813942793382582508e+01
2.942179039904468141e+01
4.478925922311899654e+01
4.462441737860433477e+01
3.782019097678212916e+01
2.813942793382582508e+01
4.587501441806037406e+01
0.000000000000000000e+00
3.356406463534054296e+01
0.000000000000000000e+00
0.000000000000000000e+00
4.988000711450808922e+01
4.988000711450808922e+01
0.000000000000000000e+00
2.813942793382582508e+01
0.000000000000000000e+00
4.435655361820458609e+01
0.000000000000000000e+00
4.157906688697310926e+01
3.999694291600681595e+01
0.000000000000000000e+00
0.000000000000000000e+00
3.443198745001963346e+01
4.157906688697310926e+01
0.000000000000000000e+00
0.000000000000000000e+00
0.000000000000000000e+00
2.942179039904468141e+01
3.525096538330394935e+01
0.000000000000000000e+00
0.000000000000000000e+00
2.882717649457724107e+01
0.000000000000000000e+00
0.000000000000000000e+00
3.438584531581988557e+01
0.000000000000000000e+00
7.616762497963040346e+01
4.988000711450808922e+01
2.942179039904468141e+01
3.984016893538078818e+01
2.942179039904468141e+01
4.772277501585342208e+01
3.123024984432070639e+01
0.000000000000000000e+00
4.506952598446425640e+01
0.000000000000000000e+00
4.306441457364356751e+01
0.000000000000000000e+00
0.000000000000000000e+00
2.998454692754859607e+01
3.824600467638276058e+01
3.790015500635362855e+01
0.000000000000000000e+00
0.000000000000000000e+00
4.304403181555079527e+01
4.150976670330108931e+01
4.580815723817394769e+01
3.820144807622181560e+01
4.472318392687663646e+01
0.000000000000000000e+00
0.000000000000000000e+00
4.067403037742849392e+01
3.523180127061485933e+01
0.000000000000000000e+00
0.000000000000000000e+00
0.000000000000000000e+00
4.639207107754390336e+01
0.000000000000000000e+00
0.000000000000000000e+00
2.617855481021506137e+01
0.000000000000000000e+00
0.000000000000000000e+00
4.796476765459274105e+01
2.983199689651044295e+01
3.187128925221167464e+01
3.532172188824264936e+01
0.000000000000000000e+00
3.093732892196641870e+01
3.185297973788862436e+01
3.355719055914315163e+01
3.851783053604399498e+01
0.000000000000000000e+00
3.505304621675141163e+01
3.523180127061485933e+01
3.314801556072632849e+01
3.470363863630510082e+01
0.000000000000000000e+00
4.212193725558021384e+01
2.726458491440045862e+01
3.162734568502374088e+01
2.726458491440045862e+01
0.000000000000000000e+00
3.176401638445003073e+01
3.523180127061485933e+01
4.391395727532151483e+01
3.695546297513734402e+01
3.851783053604399498e+01
2.819044065687121758e+01
3.994226627797840479e+01
4.928292835153781226e+01
2.819033653340397549e+01
3.090558312127057405e+01
0.000000000000000000e+00
3.415170052634977083e+01
3.361559618240431035e+01
0.000000000000000000e+00
0.000000000000000000e+00
5.456874473146296367e+01
3.451871553353141309e+01
2.819033653340397549e+01
4.700776122946118107e+01
3.293658578929851899e+01
3.532172188824264936e+01
3.690371771138465817e+01
4.952433489882768214e+01
3.415170052634977083e+01
0.000000000000000000e+00
3.427923129520987544e+01
3.523180127061485933e+01
3.566681725098365519e+01
3.547909953754842860e+01
2.819044065687121758e+01
0.000000000000000000e+00
3.532172188824264936e+01
4.304403181555079527e+01
3.285648499789801491e+01
0.000000000000000000e+00
0.000000000000000000e+00
3.977547855248623421e+01
3.176401638445003073e+01
4.506952598446425640e+01
3.649144020041904923e+01
3.292467565802275686e+01
3.292719106366198645e+01
0.000000000000000000e+00
4.700776122946118107e+01
6.824259584006817647e+01
0.000000000000000000e+00
3.746095420231486628e+01
3.365453500399139131e+01
3.205779172049405901e+01
3.805383468130996505e+01
4.304403181555079527e+01
5.456874473146296367e+01
3.558679496799357622e+01
3.202258940529686981e+01
0.000000000000000000e+00
6.194206549107072846e+01
2.817141460208688031e+01
0.000000000000000000e+00
0.000000000000000000e+00
3.199216199591493393e+01
4.234508206777655914e+01
0.000000000000000000e+00
3.202258940529686981e+01
5.217449756314662324e+01
3.682162656082458341e+01
3.984142706002275247e+01
3.190168589465484317e+01
0.000000000000000000e+00
0.000000000000000000e+00
0.000000000000000000e+00
4.348191451536994379e+01
4.238428255221752039e+01
3.544723039857134950e+01
0.000000000000000000e+00
4.849909782204370856e+01
0.000000000000000000e+00
3.330089541331484781e+01
0.000000000000000000e+00
0.000000000000000000e+00
3.672648368387257278e+01
0.000000000000000000e+00
4.764831426088775146e+01
0.000000000000000000e+00
3.964569467643767808e+01
4.777631405416119748e+01
6.194206549107072846e+01
0.000000000000000000e+00
3.984142706002275247e+01
3.653652480852368711e+01
4.234508206777655914e+01
3.821249197241047568e+01
3.190168589465484317e+01
3.199216199591493393e+01
3.624422537718820791e+01
0.000000000000000000e+00
3.682162656082458341e+01
0.000000000000000000e+00
4.009728941434547522e+01
2.817141460208688031e+01
3.199216199591493393e+01
0.000000000000000000e+00
0.000000000000000000e+00
3.818984616345664307e+01
5.331883517389589855e+01
3.232121393182647040e+01
0.000000000000000000e+00
2.906950158299812870e+01
6.194206549107072846e+01
4.159718371264111170e+01
3.617082336403895226e+01
0.000000000000000000e+00
4.849909782204370856e+01
3.375680800445035601e+01
0.000000000000000000e+00
0.000000000000000000e+00
4.036224847941010552e+01
5.128844041022011169e+01
3.253786556659728291e+01
3.444231735793740512e+01
5.123901787369582195e+01
5.320879112297912883e+01
3.612382509563750688e+01
0.000000000000000000e+00
3.653652480852368711e+01
0.000000000000000000e+00
0.000000000000000000e+00
3.672648368387257278e+01
0.000000000000000000e+00
3.680131951943336333e+01
2.906950158299812870e+01
0.000000000000000000e+00
0.000000000000000000e+00
3.185813682706199046e+01
5.217449756314662324e+01
0.000000000000000000e+00
2.882855706820403086e+01
3.507511393160855562e+01
5.123901787369582195e+01
3.914284565503581348e+01
3.964569467643767808e+01
0.000000000000000000e+00
3.450838616948357895e+01
6.824259584006817647e+01
0.000000000000000000e+00
0.000000000000000000e+00
0.000000000000000000e+00
0.000000000000000000e+00
3.354687068169162245e+01
0.000000000000000000e+00
3.426690519583606687e+01
3.062833126370044567e+01
4.939536349962472883e+01
0.000000000000000000e+00
0.000000000000000000e+00
0.000000000000000000e+00
3.285221704397265086e+01
5.018353389006817622e+01
3.044610358288139906e+01
0.000000000000000000e+00
3.740240076701240213e+01
3.062833126370044567e+01
2.929749028970418934e+01
3.077497498065060100e+01
4.132340669956529666e+01
3.062833126370044567e+01
3.631161451535545126e+01
0.000000000000000000e+00
3.062833126370044567e+01
5.198207857481691718e+01
0.000000000000000000e+00
3.074018162255575959e+01
3.062833126370044567e+01
3.528943269508486935e+01
0.000000000000000000e+00
3.062833126370044567e+01
4.021418446451500728e+01
3.753043696046989197e+01
3.524890087178886944e+01
3.223551104119950139e+01
5.221991277181351165e+01
0.000000000000000000e+00
3.321588496903402898e+01
4.702597240625691910e+01
0.000000000000000000e+00
6.267625055471516049e+01
3.610219616818190502e+01
3.631142549918828877e+01
3.524890087178886944e+01
4.244973130661767868e+01
0.000000000000000000e+00
4.132340669956529666e+01
6.267625055471516049e+01
3.044610358288139906e+01
3.321588496903402898e+01
3.475239352479347588e+01
0.000000000000000000e+00
3.368391449221554979e+01
3.272524178742340695e+01
4.511558558951835352e+01
0.000000000000000000e+00
3.032034024426091889e+01
6.692336037551888239e+01
4.902488842045610795e+01
2.929749028970418934e+01
0.000000000000000000e+00
0.000000000000000000e+00
4.858300140304085346e+01
0.000000000000000000e+00
3.288186429639726072e+01
0.000000000000000000e+00
3.528943269508486935e+01
3.321588496903402898e+01
4.858300140304085346e+01
0.000000000000000000e+00
0.000000000000000000e+00
3.272524178742340695e+01
0.000000000000000000e+00
3.920606316648878931e+01
2.929749028970418934e+01
4.859945032531800990e+01
4.859945032531800990e+01
3.272524178742340695e+01
0.000000000000000000e+00
3.631142549918828877e+01
3.631142549918828877e+01
0.000000000000000000e+00
3.032034024426091889e+01
5.153510042651482337e+01
3.285221704397265086e+01
5.464025686177304664e+01
3.223551104119950139e+01
3.631142549918828877e+01
3.426690519583606687e+01
3.426690519583606687e+01
3.528943269508486935e+01
3.160145051255496540e+01
0.000000000000000000e+00
3.920606316648878931e+01
3.062833126370044567e+01
4.044996452165447920e+01
3.356432501298920101e+01
0.000000000000000000e+00
0.000000000000000000e+00
3.282013656730121909e+01
0.000000000000000000e+00
0.000000000000000000e+00
3.970086518706926881e+01
0.000000000000000000e+00
4.171522807796032595e+01
3.585006641608319455e+01
4.066165705568483446e+01
4.044996452165447920e+01
3.599493091868467332e+01
0.000000000000000000e+00
3.232121393182647040e+01
3.159265765583548458e+01
3.820100781748697472e+01
4.366591092095955418e+01
5.024971580076562105e+01
3.599388596947672170e+01
3.985461245829820598e+01
3.518834601723263944e+01
4.128908809504937238e+01
5.276169746897840440e+01
3.820100781748697472e+01
3.370262150099215148e+01
3.669825867199246261e+01
4.757568131692910640e+01
4.610686809839817357e+01
3.473405754519749422e+01
5.623909064711986616e+01
3.775779153539508570e+01
4.800282197366173875e+01
0.000000000000000000e+00
3.820100781748697472e+01
6.260187390676814800e+01
3.569481956683267754e+01
4.819335125765910277e+01
4.526212317729002876e+01
0.000000000000000000e+00
3.820100781748697472e+01
3.822080626965765759e+01
0.000000000000000000e+00
4.026955775634738899e+01
4.051116221989825306e+01
4.443499868350775017e+01
4.023129658688542776e+01
3.326942273400067052e+01
0.000000000000000000e+00
0.000000000000000000e+00
0.000000000000000000e+00
4.019861278339776334e+01
3.606088286980264002e+01
0.000000000000000000e+00
0.000000000000000000e+00
3.436221273602171067e+01
3.721684350627057114e+01
3.541556695333969174e+01
3.441737683979667395e+01
3.199216199591493393e+01
3.853903100379990576e+01
4.045788237900660533e+01
3.944227934466879759e+01
3.706813619352720934e+01
0.000000000000000000e+00
0.000000000000000000e+00
3.801829745694533358e+01
0.000000000000000000e+00
3.317108772981651299e+01
0.000000000000000000e+00
0.000000000000000000e+00
4.233130750201742387e+01
3.891192328155727154e+01
3.891192328155727154e+01
0.000000000000000000e+00
0.000000000000000000e+00
3.599493091868467332e+01
4.825936236320777084e+01
4.021130828625737763e+01
3.946536536868293865e+01
0.000000000000000000e+00
3.500545499200399746e+01
4.268944518463933946e+01
0.000000000000000000e+00
5.044010120495373428e+01
4.757568131692910640e+01
4.729997994941450656e+01
6.260187390676814800e+01
4.526212317729002876e+01
0.000000000000000000e+00
0.000000000000000000e+00
4.019861278339776334e+01
3.599493091868467332e+01
4.019861278339776334e+01
0.000000000000000000e+00
3.159265765583548458e+01
3.921495329101890803e+01
3.356432501298920101e+01
0.000000000000000000e+00
0.000000000000000000e+00
0.000000000000000000e+00
0.000000000000000000e+00
4.227683516278981557e+01
6.356078292313751632e+01
4.009266488691861241e+01
0.000000000000000000e+00
3.725768466123788869e+01
3.991795492515161925e+01
4.254593530505465537e+01
0.000000000000000000e+00
4.329946816945210486e+01
4.254593530505465537e+01
0.000000000000000000e+00
5.460538562128624562e+01
4.006970810165918095e+01
5.228694919967138333e+01
4.254593530505465537e+01
0.000000000000000000e+00
0.000000000000000000e+00
0.000000000000000000e+00
0.000000000000000000e+00
0.000000000000000000e+00
4.006970810165918095e+01
0.000000000000000000e+00
4.733549248866589210e+01
4.497288786393995252e+01
0.000000000000000000e+00
4.095618901416776225e+01
4.095618901416776225e+01
5.427461484351974264e+01
4.095618901416776225e+01
4.006970810165918095e+01
0.000000000000000000e+00
4.254593530505465537e+01
5.036074575265164555e+01
0.000000000000000000e+00
5.036074575265164555e+01
4.095618901416776225e+01
4.254593530505465537e+01
0.000000000000000000e+00
4.254593530505465537e+01
4.181115638076174434e+01
0.000000000000000000e+00
4.662926390207843497e+01
5.036074575265164555e+01
0.000000000000000000e+00
4.254593530505465537e+01
4.006970810165918095e+01
0.000000000000000000e+00
4.181115638076174434e+01
5.768093019549142042e+01
4.293565938914128566e+01
5.643172889611605569e+01
5.036074575265164555e+01
0.000000000000000000e+00
0.000000000000000000e+00
4.201651366658270348e+01
0.000000000000000000e+00
4.254593530505465537e+01
4.864211548463453738e+01
0.000000000000000000e+00
4.505405730427123245e+01
3.743622041194338124e+01
5.036074575265164555e+01
3.743622041194338124e+01
0.000000000000000000e+00
4.095618901416776225e+01
4.505405730427123245e+01
0.000000000000000000e+00
4.505405730427123245e+01
3.990223663400006160e+01
4.254593530505465537e+01
4.505405730427123245e+01
4.505405730427123245e+01
3.743622041194338124e+01
4.254593530505465537e+01
5.111684659197040759e+01
4.006970810165918095e+01
0.000000000000000000e+00
0.000000000000000000e+00
0.000000000000000000e+00
5.036074575265164555e+01
0.000000000000000000e+00
5.583053171589676111e+01
0.000000000000000000e+00
4.497288786393995252e+01
4.201651366658270348e+01
3.743622041194338124e+01
0.000000000000000000e+00
0.000000000000000000e+00
3.743622041194338124e+01
4.254593530505465537e+01
0.000000000000000000e+00
4.643157790534933582e+01
4.181115638076174434e+01
4.475432205172136690e+01
0.000000000000000000e+00
4.006970810165918095e+01
3.725768466123788869e+01
0.000000000000000000e+00
3.128469204528539294e+01
3.406620641061178389e+01
3.842778912080432718e+01
3.295539344551980321e+01
4.253870806274603211e+01
3.643383267177009088e+01
0.000000000000000000e+00
3.035920733565362895e+01
4.117165462950344335e+01
5.678202634191885068e+01
3.629116496433366024e+01
0.000000000000000000e+00
0.000000000000000000e+00
0.000000000000000000e+00
3.889954813166221470e+01
2.819555669740950776e+01
2.617458006324914166e+01
3.607440869904274905e+01
3.562049630585632087e+01
4.325867754923179120e+01
7.616762497963040346e+01
3.012822381193718968e+01
0.000000000000000000e+00
3.744873185329626608e+01
4.117165462950344335e+01
3.607440869904274905e+01
3.035920733565362895e+01
4.436761798735334850e+01
3.444100244319787407e+01
3.319913590498915568e+01
4.304300940951628718e+01
0.000000000000000000e+00
3.558569713593562511e+01
2.801898930829550594e+01
3.299654528495215544e+01
3.032245499196560701e+01
3.864014914476073415e+01
2.708765045917917647e+01
3.418202473081151282e+01
2.942179039904468141e+01
5.050488866737681803e+01
3.013473430440877365e+01
3.828882893081529915e+01
0.000000000000000000e+00
7.616762497963040346e+01
0.000000000000000000e+00
6.062100752476310106e+01
0.000000000000000000e+00
4.196749480191826365e+01
2.890102915060826660e+01
0.000000000000000000e+00
4.574881750402173708e+01
4.092937454456263424e+01
0.000000000000000000e+00
3.817959413764959464e+01
0.000000000000000000e+00
3.444100244319787407e+01
3.810168280722479039e+01
4.084702541801364362e+01
3.817959413764959464e+01
3.013473430440877365e+01
0.000000000000000000e+00
2.890102915060826660e+01
2.844760252128044442e+01
3.299654528495215544e+01
0.000000000000000000e+00
3.607440869904274905e+01
2.890102915060826660e+01
5.028630130624670613e+01
3.438088094778731829e+01
3.955713519514155507e+01
5.212955404351477995e+01
0.000000000000000000e+00
3.013473430440877365e+01
3.326800570487439757e+01
0.000000000000000000e+00
0.000000000000000000e+00
0.000000000000000000e+00
2.946854410755221210e+01
0.000000000000000000e+00
4.034216742686960799e+01
0.000000000000000000e+00
3.418202473081151282e+01
4.474593319800115410e+01
3.810168280722479039e+01
4.474593319800115410e+01
3.828882893081529915e+01
4.117165462950344335e+01
3.739006224419687641e+01
3.377045550719680023e+01
2.844545773043090620e+01
2.819555669740950776e+01
3.334813523960964687e+01
3.864014914476073415e+01
4.482493159238845948e+01
3.299654528495215544e+01
4.289818924397538780e+01
3.781723607286129152e+01
5.016470316567312437e+01
5.054794476657428248e+01
4.004110991188247937e+01
3.990769676394345566e+01
3.781723607286129152e+01
3.781723607286129152e+01
4.170880387372628206e+01
4.503598344671335241e+01
5.095673725604719806e+01
0.000000000000000000e+00
4.019293399382321041e+01
0.000000000000000000e+00
4.503598344671335241e+01
4.175151571151497620e+01
4.175151571151497620e+01
0.000000000000000000e+00
0.000000000000000000e+00
4.634203084623691637e+01
0.000000000000000000e+00
3.857742901305286409e+01
4.503598344671335241e+01
0.000000000000000000e+00
5.261225466061357992e+01
4.258994151202315237e+01
4.258994151202315237e+01
0.000000000000000000e+00
4.503598344671335241e+01
0.000000000000000000e+00
4.718945050482544445e+01
0.000000000000000000e+00
4.634203084623691637e+01
4.536268578214493630e+01
3.857742901305286409e+01
0.000000000000000000e+00
4.751732189080122026e+01
0.000000000000000000e+00
4.486228325341157586e+01
0.000000000000000000e+00
4.151607480515489357e+01
0.000000000000000000e+00
4.634203084623691637e+01
4.634203084623691637e+01
4.809273754328421546e+01
0.000000000000000000e+00
0.000000000000000000e+00
0.000000000000000000e+00
4.296812107842458062e+01
0.000000000000000000e+00
4.751732189080122026e+01
4.575239531645396340e+01
3.970211093254957291e+01
4.634203084623691637e+01
4.262988884020013103e+01
3.433634148706261868e+01
0.000000000000000000e+00
3.675489251166687410e+01
3.675489251166687410e+01
5.141831345729316638e+01
0.000000000000000000e+00
0.000000000000000000e+00
3.677696250279083756e+01
3.677696250279083756e+01
4.503598344671335241e+01
3.677696250279083756e+01
4.718945050482544445e+01
4.480747854560975441e+01
3.857742901305286409e+01
0.000000000000000000e+00
4.478648972452079136e+01
3.677696250279083756e+01
4.436059363198095440e+01
4.486228325341157586e+01
3.857742901305286409e+01
0.000000000000000000e+00
3.675489251166687410e+01
4.436059363198095440e+01
0.000000000000000000e+00
0.000000000000000000e+00
3.677696250279083756e+01
4.116603338766054065e+01
3.675489251166687410e+01
4.289818924397538780e+01
3.884199121833518831e+01
0.000000000000000000e+00
4.333423967825457623e+01
4.436059363198095440e+01
4.751732189080122026e+01
4.333423967825457623e+01
3.675489251166687410e+01
4.436059363198095440e+01
4.718945050482544445e+01
0.000000000000000000e+00
3.857742901305286409e+01
3.677696250279083756e+01
4.515566925683466337e+01
4.634203084623691637e+01
5.801688512092215433e+01
4.634203084623691637e+01
4.426967439442071850e+01
4.644121115399247657e+01
4.700608790200350029e+01
5.078220589201404067e+01
4.633148076729731457e+01
4.101102150271040614e+01
5.073601113329097245e+01
0.000000000000000000e+00
4.182720835712491692e+01
4.101102150271040614e+01
4.449138947397025134e+01
4.038268616284583601e+01
0.000000000000000000e+00
4.168251004428390161e+01
0.000000000000000000e+00
4.644121115399247657e+01
0.000000000000000000e+00
3.957606265733414830e+01
4.486228325341157586e+01
4.778913920852035346e+01
4.405411190374055508e+01
0.000000000000000000e+00
0.000000000000000000e+00
4.415459062955669367e+01
4.333423967825457623e+01
4.845252243773745704e+01
6.105520186126411630e+01
4.168251004428390161e+01
5.073818910666835080e+01
3.932025140858766576e+01
0.000000000000000000e+00
6.187741035376610199e+01
5.349935840457924741e+01
5.327822097336881768e+01
4.296812107842458062e+01
4.168251004428390161e+01
4.182720835712491692e+01
4.182720835712491692e+01
0.000000000000000000e+00
4.700608790200350029e+01
0.000000000000000000e+00
5.430017949644700792e+01
3.931413879301575776e+01
4.203606239965989744e+01
4.168251004428390161e+01
4.839759451150936087e+01
4.743665151900005839e+01
0.000000000000000000e+00
4.415459062955669367e+01
4.449138947397025134e+01
4.448696146663468198e+01
3.834470692089038835e+01
0.000000000000000000e+00
3.834470692089038835e+01
0.000000000000000000e+00
4.203606239965989744e+01
5.518065330141237013e+01
0.000000000000000000e+00
4.061623406665165703e+01
4.700608790200350029e+01
4.700608790200350029e+01
4.486228325341157586e+01
4.182720835712491692e+01
0.000000000000000000e+00
5.349935840457924741e+01
4.168251004428390161e+01
4.203606239965989744e+01
4.168251004428390161e+01
0.000000000000000000e+00
4.700608790200350029e+01
4.296812107842458062e+01
3.933223427253197002e+01
4.633420547523097355e+01
4.700608790200350029e+01
4.633420547523097355e+01
4.168251004428390161e+01
0.000000000000000000e+00
5.110390741907476553e+01
4.700608790200350029e+01
3.743200187357201969e+01
0.000000000000000000e+00
4.415459062955669367e+01
0.000000000000000000e+00
0.000000000000000000e+00
4.168251004428390161e+01
5.349935840457924741e+01
4.449138947397025134e+01
4.743665151900005839e+01
0.000000000000000000e+00
4.700608790200350029e+01
4.296812107842458062e+01
5.349935840457924741e+01
5.073818910666835080e+01
5.349935840457924741e+01
0.000000000000000000e+00
5.822273506754515893e+01
0.000000000000000000e+00
4.700608790200350029e+01
5.349935840457924741e+01
4.830586186064689969e+01
5.492252219069857944e+01
0.000000000000000000e+00
0.000000000000000000e+00
0.000000000000000000e+00
3.726397313006531675e+01
3.726397313006531675e+01
0.000000000000000000e+00
0.000000000000000000e+00
3.726397313006531675e+01
3.212474539723660172e+01
0.000000000000000000e+00
0.000000000000000000e+00
4.193125794019409369e+01
3.458060229007163855e+01
4.114375766126641309e+01
0.000000000000000000e+00
4.661964690922113164e+01
3.209462939955831473e+01
3.209462939955831473e+01
0.000000000000000000e+00
0.000000000000000000e+00
3.859527987685025607e+01
4.387196107326531802e+01
3.870264628196223100e+01
6.267625055471516049e+01
4.650933523939582415e+01
0.000000000000000000e+00
4.157852004917966582e+01
4.166986356872071440e+01
3.661769975129535482e+01
4.035181545237986711e+01
3.218215843187934411e+01
5.977687518921253940e+01
5.977687518921253940e+01
0.000000000000000000e+00
0.000000000000000000e+00
4.342463513439462020e+01
4.692504713887998236e+01
3.934947265244841219e+01
3.955801801698036968e+01
4.565641940943493893e+01
3.859527987685025607e+01
0.000000000000000000e+00
3.870264628196223100e+01
4.912904805556762966e+01
5.449982104371654401e+01
0.000000000000000000e+00
5.449982104371654401e+01
6.234531293578785949e+01
3.870264628196223100e+01
0.000000000000000000e+00
0.000000000000000000e+00
3.458060229007163855e+01
0.000000000000000000e+00
4.428531881516542512e+01
5.340152676110844254e+01
6.234531293578785949e+01
4.675745197519533747e+01
4.216759942969225250e+01
0.000000000000000000e+00
3.945751715382128566e+01
3.955801801698036968e+01
3.897789443222342243e+01
3.458060229007163855e+01
3.209462939955831473e+01
3.661769975129535482e+01
4.157852004917966582e+01
0.000000000000000000e+00
3.897789443222342243e+01
4.157852004917966582e+01
0.000000000000000000e+00
0.000000000000000000e+00
4.661964690922113164e+01
4.196161599144583931e+01
3.404782818353680796e+01
3.897789443222342243e+01
3.870264628196223100e+01
3.897789443222342243e+01
0.000000000000000000e+00
3.404782818353680796e+01
4.430823316200654460e+01
3.934947265244841219e+01
4.692504713887998236e+01
4.157852004917966582e+01
3.945751715382128566e+01
3.951221179988419152e+01
3.768032234736524089e+01
3.212474539723660172e+01
3.951221179988419152e+01
3.458060229007163855e+01
3.209462939955831473e+01
3.218215843187934411e+01
0.000000000000000000e+00
4.157852004917966582e+01
3.897789443222342243e+01
0.000000000000000000e+00
4.245828971561890341e+01
4.692504713887998236e+01
4.216759942969225250e+01
3.458060229007163855e+01
3.792394586375159093e+01
5.005936288663570366e+01
3.867546405925228470e+01
5.361978201831993829e+01
4.759807543879246339e+01
0.000000000000000000e+00
0.000000000000000000e+00
3.725991034345089048e+01
3.806440336217915643e+01
4.106428170915152265e+01
3.468095123863601259e+01
3.960439246750499365e+01
3.679096534379382177e+01
3.760393779735824893e+01
0.000000000000000000e+00
0.000000000000000000e+00
4.002079884466081694e+01
4.312652943942139672e+01
0.000000000000000000e+00
5.005936288663570366e+01
3.959428658698224979e+01
0.000000000000000000e+00
0.000000000000000000e+00
4.100734034456980481e+01
0.000000000000000000e+00
3.761628816888013205e+01
0.000000000000000000e+00
3.844239727873581103e+01
3.761628816888013205e+01
0.000000000000000000e+00
0.000000000000000000e+00
5.201310577961432813e+01
0.000000000000000000e+00
0.000000000000000000e+00
0.000000000000000000e+00
0.000000000000000000e+00
0.000000000000000000e+00
6.534702106359404183e+01
0.000000000000000000e+00
3.725991034345089048e+01
0.000000000000000000e+00
0.000000000000000000e+00
3.792394586375159093e+01
3.960439246750499365e+01
0.000000000000000000e+00
4.101671232302126668e+01
3.518448134555895024e+01
0.000000000000000000e+00
4.310271149200624308e+01
4.184763948025793212e+01
0.000000000000000000e+00
0.000000000000000000e+00
0.000000000000000000e+00
3.786764304069053821e+01
3.468095123863601259e+01
0.000000000000000000e+00
4.104165269809602279e+01
3.936743870840458470e+01
4.118491865765084725e+01
0.000000000000000000e+00
4.118491865765084725e+01
3.725991034345089048e+01
4.118491865765084725e+01
3.758564227678029113e+01
3.740994486914181039e+01
3.758564227678029113e+01
0.000000000000000000e+00
3.725991034345089048e+01
3.778125884710745197e+01
0.000000000000000000e+00
4.700608790200350029e+01
4.130799524531450118e+01
3.778125884710745197e+01
3.957026902238365551e+01
4.763714765359512882e+01
0.000000000000000000e+00
3.851222892059357861e+01
0.000000000000000000e+00
0.000000000000000000e+00
5.825611264565549874e+01
0.000000000000000000e+00
0.000000000000000000e+00
3.532840886095958410e+01
4.159413008812058621e+01
0.000000000000000000e+00
0.000000000000000000e+00
5.201310577961432813e+01
4.417873756786809736e+01
3.844239727873581103e+01
3.873772247898221366e+01
3.805573511520519503e+01
3.758564227678029113e+01
3.957026902238365551e+01
3.841514477797300486e+01
5.376946361990822254e+01
4.585821085108757700e+01
3.792394586375159093e+01
5.390292648152930610e+01
3.996907887641401658e+01
3.844239727873581103e+01
0.000000000000000000e+00
4.090516246174942694e+01
4.319280090109797499e+01
3.548127318021128218e+01
5.135792114311180967e+01
4.609598411012445496e+01
4.082356924475255511e+01
4.955443689647268002e+01
5.368848661063140071e+01
4.388031250032010888e+01
0.000000000000000000e+00
3.948384473255404004e+01
4.226983071138206327e+01
4.226983071138206327e+01
4.079037259251063574e+01
4.388031250032010888e+01
0.000000000000000000e+00
0.000000000000000000e+00
4.079037259251063574e+01
0.000000000000000000e+00
4.388031250032010888e+01
3.740089160045021544e+01
4.085959026126331395e+01
4.575944088463230486e+01
4.226524807542270423e+01
4.388031250032010888e+01
3.740089160045021544e+01
3.740089160045021544e+01
4.388031250032010888e+01
4.587769091530992682e+01
4.079037259251063574e+01
4.079037259251063574e+01
3.740089160045021544e+01
3.778368706820702272e+01
4.248451204418488913e+01
4.251918884630048723e+01
4.130307590880482849e+01
4.082356924475255511e+01
3.928949366473943172e+01
4.193954044625542821e+01
0.000000000000000000e+00
5.166739010512398522e+01
0.000000000000000000e+00
0.000000000000000000e+00
4.079037259251063574e+01
3.948384473255404004e+01
0.000000000000000000e+00
4.079037259251063574e+01
3.948384473255404004e+01
3.955003772600488787e+01
4.082356924475255511e+01
4.226983071138206327e+01
5.054794476657428248e+01
0.000000000000000000e+00
4.079037259251063574e+01
4.410817122526237455e+01
5.824063097874056893e+01
4.466800616853396377e+01
5.135792114311180967e+01
3.740089160045021544e+01
0.000000000000000000e+00
3.548127318021128218e+01
3.928949366473943172e+01
4.988714260981509341e+01
0.000000000000000000e+00
0.000000000000000000e+00
4.079037259251063574e+01
0.000000000000000000e+00
4.450804724784713784e+01
3.955003772600488787e+01
4.226524807542270423e+01
5.108516927913110806e+01
5.636078101159473874e+01
4.226524807542270423e+01
4.948863688486028423e+01
3.548127318021128218e+01
4.988714260981509341e+01
3.778368706820702272e+01
0.000000000000000000e+00
4.090516246174942694e+01
3.983743948444504923e+01
0.000000000000000000e+00
4.149064543169760810e+01
0.000000000000000000e+00
3.548127318021128218e+01
4.340881582579257980e+01
4.177964677956012451e+01
4.466800616853396377e+01
0.000000000000000000e+00
0.000000000000000000e+00
4.079037259251063574e+01
4.082356924475255511e+01
0.000000000000000000e+00
4.609598411012445496e+01
3.928949366473943172e+01
4.394818949949187470e+01
4.226524807542270423e+01
3.740089160045021544e+01
4.177964677956012451e+01
3.765848695551188996e+01
3.881548053998034220e+01
0.000000000000000000e+00
0.000000000000000000e+00
0.000000000000000000e+00
3.352335060528385213e+01
0.000000000000000000e+00
3.439191687152176513e+01
0.000000000000000000e+00
3.323251375776168715e+01
3.881548053998034220e+01
3.312252854241379652e+01
2.919864362103984234e+01
3.346862268345304869e+01
3.881548053998034220e+01
0.000000000000000000e+00
0.000000000000000000e+00
0.000000000000000000e+00
0.000000000000000000e+00
2.962622910717790248e+01
0.000000000000000000e+00
2.962622910717790248e+01
3.407768914900433543e+01
3.312252854241379652e+01
0.000000000000000000e+00
0.000000000000000000e+00
3.492523133095004795e+01
0.000000000000000000e+00
4.032306935509053858e+01
0.000000000000000000e+00
3.682163609485529321e+01
0.000000000000000000e+00
3.836986049514367636e+01
4.032306935509053858e+01
3.326898148278526435e+01
0.000000000000000000e+00
4.403912001819325894e+01
4.216143086383990379e+01
4.008952067521431673e+01
4.357967547391861274e+01
0.000000000000000000e+00
2.962622910717790248e+01
2.962622910717790248e+01
4.033158534938704065e+01
0.000000000000000000e+00
3.715902214782841639e+01
3.536638223373412160e+01
4.262909967209007789e+01
3.439191687152176513e+01
3.201999270721911728e+01
0.000000000000000000e+00
0.000000000000000000e+00
4.131504849937907409e+01
0.000000000000000000e+00
0.000000000000000000e+00
0.000000000000000000e+00
0.000000000000000000e+00
0.000000000000000000e+00
4.747222914762827628e+01
2.962622910717790248e+01
3.368240083391400219e+01
4.230379391285266877e+01
4.216143086383990379e+01
3.904695972631166256e+01
0.000000000000000000e+00
0.000000000000000000e+00
2.962622910717790248e+01
4.406893756734362455e+01
3.525760888178489694e+01
3.697272083666531728e+01
3.368240083391400219e+01
4.403912001819325894e+01
3.164618588367322261e+01
4.998017696127455878e+01
0.000000000000000000e+00
0.000000000000000000e+00
3.352335060528385213e+01
0.000000000000000000e+00
3.304832062137973026e+01
0.000000000000000000e+00
2.919864362103984234e+01
0.000000000000000000e+00
0.000000000000000000e+00
2.983004581268772171e+01
5.096467042740235343e+01
3.697272083666531728e+01
4.270135061727973635e+01
5.201310577961432813e+01
5.201310577961432813e+01
3.652339997048080278e+01
3.525760888178489694e+01
2.962622910717790248e+01
4.262909967209007789e+01
0.000000000000000000e+00
4.388070012710571888e+01
4.403912001819325894e+01
3.407768914900433543e+01
0.000000000000000000e+00
4.410586281361362637e+01
3.652339997048080278e+01
3.676098645415130761e+01
3.751676853246972598e+01
3.398499526068082588e+01
0.000000000000000000e+00
3.946125360558892226e+01
0.000000000000000000e+00
3.313908355724451127e+01
3.444805970237542425e+01
0.000000000000000000e+00
3.821960391159417014e+01
5.132004417102284322e+01
4.685862245628918288e+01
4.475220051973402491e+01
4.705962184483557564e+01
4.705962184483557564e+01
3.774613616079270884e+01
3.128969162497897827e+01
4.103755232785103857e+01
0.000000000000000000e+00
0.000000000000000000e+00
3.120862736564157558e+01
4.103755232785103857e+01
3.326571353656120777e+01
0.000000000000000000e+00
3.120862736564157558e+01
0.000000000000000000e+00
4.607826662629450709e+01
4.607826662629450709e+01
0.000000000000000000e+00
3.128969162497897827e+01
3.500281899912361894e+01
3.481440104962126725e+01
0.000000000000000000e+00
3.326571353656120777e+01
3.326571353656120777e+01
4.705962184483557564e+01
4.939082744712549555e+01
3.681120485882330939e+01
0.000000000000000000e+00
0.000000000000000000e+00
3.120862736564157558e+01
0.000000000000000000e+00
3.116431593273605216e+01
3.161632757477620359e+01
3.313908355724451127e+01
0.000000000000000000e+00
0.000000000000000000e+00
3.344947916044718994e+01
0.000000000000000000e+00
3.574380531830831842e+01
4.939082744712549555e+01
4.705962184483557564e+01
4.215925516851432775e+01
0.000000000000000000e+00
5.530539117099757362e+01
4.117769314255761515e+01
3.344947916044718994e+01
4.021590766441966025e+01
3.833246246834712423e+01
3.128969162497897827e+01
0.000000000000000000e+00
3.344947916044718994e+01
0.000000000000000000e+00
3.614079691458828592e+01
3.532217605917826830e+01
4.685862245628918288e+01
3.628540186503447273e+01
0.000000000000000000e+00
0.000000000000000000e+00
4.324442795079798429e+01
0.000000000000000000e+00
0.000000000000000000e+00
0.000000000000000000e+00
3.387643462375809378e+01
3.161632757477620359e+01
3.481440104962126725e+01
0.000000000000000000e+00
3.344947916044718994e+01
4.607826662629450709e+01
3.326571353656120777e+01
3.444805970237542425e+01
3.326571353656120777e+01
3.398499526068082588e+01
3.628540186503447273e+01
4.117769314255761515e+01
3.469409883087887891e+01
3.481440104962126725e+01
5.530539117099757362e+01
3.481440104962126725e+01
4.685862245628918288e+01
5.132004417102284322e+01
0.000000000000000000e+00
3.821960391159417014e+01
3.031753775184598254e+01
3.116431593273605216e+01
0.000000000000000000e+00
3.751676853246972598e+01
4.705962184483557564e+01
3.161632757477620359e+01
3.628540186503447273e+01
3.603654662984432377e+01
3.603654662984432377e+01
4.345298803922969455e+01
3.448906344340812069e+01
3.517195187710068893e+01
3.368993313636009646e+01
3.368993313636009646e+01
0.000000000000000000e+00
3.484226717536356688e+01
0.000000000000000000e+00
3.396781890500442813e+01
0.000000000000000000e+00
3.889995161853920536e+01
4.729203974271150912e+01
4.561270146177751883e+01
0.000000000000000000e+00
3.484226717536356688e+01
3.984926183508207487e+01
4.561270146177751883e+01
0.000000000000000000e+00
3.484226717536356688e+01
3.910218959910402248e+01
3.754544978780440090e+01
0.000000000000000000e+00
0.000000000000000000e+00
3.866830125723600275e+01
4.785121041447548151e+01
5.487111770144661449e+01
3.642484332309033590e+01
0.000000000000000000e+00
0.000000000000000000e+00
5.390292648152930610e+01
4.512853640568167179e+01
3.643343774409580504e+01
4.128162111568727255e+01
4.512853640568167179e+01
5.586186574939294047e+01
4.332822445635842001e+01
3.866830125723600275e+01
4.112361301927679591e+01
4.432895418717815517e+01
0.000000000000000000e+00
5.448544721090377152e+01
3.642484332309033590e+01
4.729203974271150912e+01
4.785121041447548151e+01
0.000000000000000000e+00
4.547187261034483186e+01
3.368993313636009646e+01
3.878246380793542158e+01
5.390292648152930610e+01
3.538067139827636964e+01
3.368993313636009646e+01
0.000000000000000000e+00
0.000000000000000000e+00
4.547187261034483186e+01
4.992517291277697922e+01
0.000000000000000000e+00
0.000000000000000000e+00
4.197899850834072311e+01
4.732964007556829245e+01
4.197899850834072311e+01
3.642484332309033590e+01
0.000000000000000000e+00
3.642484332309033590e+01
5.046361298876428236e+01
4.128162111568727255e+01
0.000000000000000000e+00
4.128162111568727255e+01
3.714235675231383738e+01
0.000000000000000000e+00
3.368993313636009646e+01
3.368993313636009646e+01
3.484226717536356688e+01
3.484226717536356688e+01
5.328708259792945512e+01
3.984926183508207487e+01
4.992339361845550627e+01
5.328708259792945512e+01
4.732964007556829245e+01
0.000000000000000000e+00
0.000000000000000000e+00
4.562404553607394320e+01
4.098230922564908241e+01
3.368993313636009646e+01
4.098230922564908241e+01
4.112361301927679591e+01
3.878246380793542158e+01
0.000000000000000000e+00
0.000000000000000000e+00
3.754544978780440090e+01
4.098230922564908241e+01
0.000000000000000000e+00
0.000000000000000000e+00
4.547187261034483186e+01
5.390292648152930610e+01
0.000000000000000000e+00
4.098230922564908241e+01
4.729203974271150912e+01
3.368993313636009646e+01
4.999534377326547485e+01
3.366618665237199082e+01
3.040065575117968066e+01
3.979750831167508096e+01
0.000000000000000000e+00
3.557363573746168584e+01
3.342111837406772423e+01
0.000000000000000000e+00
4.518355193615168730e+01
0.000000000000000000e+00
3.275860525146303814e+01
3.425412091009575732e+01
3.666802892827752203e+01
0.000000000000000000e+00
4.529544458306646959e+01
3.525096538330394935e+01
0.000000000000000000e+00
3.612236884867360232e+01
0.000000000000000000e+00
0.000000000000000000e+00
0.000000000000000000e+00
3.750404392855256219e+01
4.258094708452431831e+01
0.000000000000000000e+00
3.803601461816868579e+01
3.249999632089238588e+01
3.344177466037604063e+01
0.000000000000000000e+00
0.000000000000000000e+00
4.219273950454898170e+01
4.529544458306646959e+01
3.599218161502373192e+01
3.558321529374948966e+01
0.000000000000000000e+00
3.605642349035738903e+01
3.443198745001963346e+01
3.904804983769960103e+01
5.069714713715053023e+01
3.599218161502373192e+01
0.000000000000000000e+00
0.000000000000000000e+00
4.529544458306646959e+01
5.310724770626060121e+01
3.249999632089238588e+01
0.000000000000000000e+00
4.258094708452431831e+01
3.366618665237199082e+01
3.747078136009132976e+01
0.000000000000000000e+00
4.310065404022155633e+01
0.000000000000000000e+00
4.310065404022155633e+01
0.000000000000000000e+00
3.854144900085078262e+01
0.000000000000000000e+00
4.256669986384654436e+01
0.000000000000000000e+00
0.000000000000000000e+00
3.578663648702405453e+01
3.921294800097692956e+01
3.205779172049405901e+01
3.587546733420456491e+01
0.000000000000000000e+00
3.557363573746168584e+01
3.366618665237199082e+01
0.000000000000000000e+00
3.747078136009132976e+01
3.518500131841766176e+01
0.000000000000000000e+00
3.641809908256220041e+01
0.000000000000000000e+00
0.000000000000000000e+00
3.780466585643997490e+01
0.000000000000000000e+00
3.249999632089238588e+01
3.558321529374948966e+01
3.803601461816868579e+01
3.518500131841766176e+01
3.249999632089238588e+01
3.904804983769960103e+01
3.561315606556840407e+01
0.000000000000000000e+00
3.249999632089238588e+01
3.438584531581988557e+01
0.000000000000000000e+00
0.000000000000000000e+00
0.000000000000000000e+00
0.000000000000000000e+00
0.000000000000000000e+00
0.000000000000000000e+00
4.836477989357620544e+01
3.854144900085078262e+01
3.970086518706926881e+01
0.000000000000000000e+00
0.000000000000000000e+00
3.979750831167508096e+01
3.897096775664605417e+01
3.690371771138465817e+01
3.443198745001963346e+01
0.000000000000000000e+00
0.000000000000000000e+00
4.913062512837300488e+01
3.621450872946247301e+01
4.287137877613529469e+01
0.000000000000000000e+00
3.090691425099026546e+01
4.098728005014410058e+01
0.000000000000000000e+00
3.284557214804224401e+01
0.000000000000000000e+00
4.472701951065702275e+01
0.000000000000000000e+00
3.803289766781854553e+01
4.651310887495517221e+01
5.823207462114775979e+01
3.803289766781854553e+01
0.000000000000000000e+00
4.058749719062557659e+01
5.260683036010169644e+01
3.654093408131118537e+01
0.000000000000000000e+00
0.000000000000000000e+00
0.000000000000000000e+00
4.058749719062557659e+01
4.181115638076174434e+01
0.000000000000000000e+00
0.000000000000000000e+00
4.320873036438644021e+01
0.000000000000000000e+00
0.000000000000000000e+00
0.000000000000000000e+00
0.000000000000000000e+00
4.949441366006332288e+01
4.472701951065702275e+01
0.000000000000000000e+00
2.776790882078644884e+01
4.322064177545447450e+01
0.000000000000000000e+00
5.299687879794123546e+01
4.427446132202219076e+01
3.829059942243448944e+01
0.000000000000000000e+00
3.582941012538341852e+01
0.000000000000000000e+00
3.457381635804219400e+01
3.715988681352789769e+01
4.399824599941153735e+01
4.949441366006332288e+01
3.654093408131118537e+01
4.320873036438644021e+01
3.782720499770660183e+01
3.715988681352789769e+01
5.823207462114775979e+01
5.823207462114775979e+01
4.427446132202219076e+01
0.000000000000000000e+00
4.913062512837300488e+01
3.654093408131118537e+01
3.803289766781854553e+01
5.823207462114775979e+01
0.000000000000000000e+00
3.457381635804219400e+01
3.654093408131118537e+01
3.654093408131118537e+01
0.000000000000000000e+00
4.813359562083364551e+01
3.353645053409449162e+01
0.000000000000000000e+00
0.000000000000000000e+00
3.968093753612291863e+01
0.000000000000000000e+00
5.823207462114775979e+01
3.803289766781854553e+01
0.000000000000000000e+00
0.000000000000000000e+00
4.060016323887001732e+01
0.000000000000000000e+00
0.000000000000000000e+00
4.813359562083364551e+01
5.715098250154397164e+01
4.472701951065702275e+01
0.000000000000000000e+00
0.000000000000000000e+00
3.802038418679258314e+01
4.648624821038821864e+01
0.000000000000000000e+00
0.000000000000000000e+00
4.181115638076174434e+01
3.968093753612291863e+01
5.823207462114775979e+01
0.000000000000000000e+00
3.829059942243448944e+01
4.949441366006332288e+01
0.000000000000000000e+00
4.300220687426014621e+01
4.623165887103481708e+01
4.412161742185727320e+01
0.000000000000000000e+00
4.913062512837300488e+01
4.334167005061037514e+01
3.217845363764937616e+01
4.330633453075532913e+01
4.330633453075532913e+01
0.000000000000000000e+00
0.000000000000000000e+00
4.016722614977757644e+01
0.000000000000000000e+00
3.351226193653192809e+01
4.226877769981290811e+01
3.759822572987917511e+01
5.537337849623708053e+01
0.000000000000000000e+00
0.000000000000000000e+00
3.818023862651636335e+01
0.000000000000000000e+00
0.000000000000000000e+00
4.198336847555042795e+01
3.913776444235438134e+01
0.000000000000000000e+00
0.000000000000000000e+00
0.000000000000000000e+00
0.000000000000000000e+00
5.017004051803272802e+01
5.183349989991415896e+01
4.251221864407018813e+01
3.759822572987917511e+01
4.016722614977757644e+01
3.796262891093849134e+01
3.796262891093849134e+01
3.818023862651636335e+01
0.000000000000000000e+00
3.759822572987917511e+01
0.000000000000000000e+00
4.598250697899960215e+01
4.464827383694633767e+01
4.526297235755024673e+01
0.000000000000000000e+00
0.000000000000000000e+00
0.000000000000000000e+00
0.000000000000000000e+00
3.943270829699777380e+01
3.759822572987917511e+01
0.000000000000000000e+00
3.818023862651636335e+01
5.183349989991415896e+01
0.000000000000000000e+00
5.183349989991415896e+01
4.503598344671335241e+01
3.889061841521265706e+01
5.773682186297914143e+01
0.000000000000000000e+00
3.943270829699777380e+01
4.661975620602928672e+01
4.785561367268740440e+01
4.013492184516012173e+01
3.943270829699777380e+01
3.796262891093849134e+01
4.789385295205541127e+01
0.000000000000000000e+00
3.759822572987917511e+01
4.085094456080817338e+01
3.759822572987917511e+01
0.000000000000000000e+00
3.913776444235438134e+01
0.000000000000000000e+00
4.526297235755024673e+01
4.703270780218221603e+01
3.913776444235438134e+01
0.000000000000000000e+00
3.913776444235438134e+01
3.913776444235438134e+01
4.785561367268740440e+01
4.242243177718168567e+01
5.038702161218975561e+01
0.000000000000000000e+00
4.703270780218221603e+01
3.919089808123252539e+01
4.242243177718168567e+01
0.000000000000000000e+00
4.688738299277120802e+01
3.943270829699777380e+01
3.943270829699777380e+01
3.943270829699777380e+01
3.943270829699777380e+01
4.789385295205541127e+01
3.943270829699777380e+01
4.758855324924270747e+01
5.773682186297914143e+01
5.183349989991415896e+01
4.758855324924270747e+01
0.000000000000000000e+00
0.000000000000000000e+00
4.085094456080817338e+01
4.526297235755024673e+01
4.070202962109380707e+01
3.943270829699777380e+01
0.000000000000000000e+00
4.703270780218221603e+01
4.526297235755024673e+01
4.471669499712828610e+01
0.000000000000000000e+00
4.124853111158353869e+01
6.796639854570639727e+01
4.987769170283439735e+01
4.510166892549344908e+01
0.000000000000000000e+00
3.866414030796509849e+01
0.000000000000000000e+00
0.000000000000000000e+00
3.641372620867655030e+01
3.599658081319429215e+01
3.683759779114214439e+01
0.000000000000000000e+00
4.257402444362589478e+01
4.257402444362589478e+01
3.145882861075970993e+01
3.308094731293213897e+01
0.000000000000000000e+00
4.898728190145692452e+01
0.000000000000000000e+00
0.000000000000000000e+00
3.682538449580611228e+01
0.000000000000000000e+00
2.934587924293863637e+01
4.836477989357620544e+01
3.401008139941839659e+01
0.000000000000000000e+00
4.284062635281223663e+01
5.009491050236387366e+01
3.444334368199932328e+01
0.000000000000000000e+00
4.392430095659582179e+01
3.014644003301641106e+01
0.000000000000000000e+00
0.000000000000000000e+00
0.000000000000000000e+00
4.091151840607500390e+01
4.510166892549344908e+01
3.419295206723819547e+01
0.000000000000000000e+00
4.392430095659582179e+01
3.403534826706936656e+01
0.000000000000000000e+00
2.851046883617117800e+01
4.898728190145692452e+01
0.000000000000000000e+00
3.490910624447078447e+01
0.000000000000000000e+00
0.000000000000000000e+00
3.650203776932505662e+01
4.392430095659582179e+01
0.000000000000000000e+00
5.574064775884668421e+01
3.650203776932505662e+01
3.641372620867655030e+01
4.232973740749926606e+01
3.408605193650507204e+01
3.419295206723819547e+01
3.412919477232643573e+01
0.000000000000000000e+00
4.016320506504113297e+01
4.318511133636996391e+01
0.000000000000000000e+00
4.604265982647279287e+01
3.417600423914021235e+01
0.000000000000000000e+00
0.000000000000000000e+00
0.000000000000000000e+00
0.000000000000000000e+00
3.308094731293213897e+01
3.904804983769960103e+01
0.000000000000000000e+00
0.000000000000000000e+00
4.288962196180111874e+01
3.105884344411222386e+01
0.000000000000000000e+00
3.632490126309367184e+01
4.875317681770583533e+01
4.334323917816463023e+01
0.000000000000000000e+00
2.851046883617117800e+01
3.650203776932505662e+01
0.000000000000000000e+00
2.934587924293863637e+01
2.934587924293863637e+01
0.000000000000000000e+00
3.419295206723819547e+01
3.490910624447078447e+01
3.490910624447078447e+01
3.632490126309367184e+01
0.000000000000000000e+00
2.934587924293863637e+01
3.587774993436803328e+01
0.000000000000000000e+00
3.145882861075970993e+01
4.253731055698991526e+01
3.788003278337539825e+01
0.000000000000000000e+00
3.994958998955849694e+01
0.000000000000000000e+00
4.471344512330906440e+01
3.341471048435523272e+01
4.414579983276918540e+01
0.000000000000000000e+00
3.513806677903310316e+01
3.434909541600761429e+01
4.845577868276387790e+01
3.341471048435523272e+01
4.793599818636317167e+01
5.377366400734229046e+01
3.627053077183801122e+01
4.284062635281223663e+01
4.141750251371699676e+01
4.475296979155259436e+01
0.000000000000000000e+00
4.386019104195118956e+01
4.473832050388244852e+01
3.596820743296260758e+01
0.000000000000000000e+00
0.000000000000000000e+00
3.881475305715511581e+01
3.985921177783519909e+01
3.721681592735955491e+01
4.141750251371699676e+01
3.721681592735955491e+01
0.000000000000000000e+00
0.000000000000000000e+00
0.000000000000000000e+00
0.000000000000000000e+00
5.377366400734229046e+01
5.377366400734229046e+01
0.000000000000000000e+00
4.265129625379921663e+01
3.596820743296260758e+01
0.000000000000000000e+00
4.265129625379921663e+01
0.000000000000000000e+00
4.475220051973402491e+01
3.596820743296260758e+01
3.398171274584314716e+01
4.265129625379921663e+01
0.000000000000000000e+00
0.000000000000000000e+00
4.475220051973402491e+01
4.184455608504029556e+01
0.000000000000000000e+00
0.000000000000000000e+00
3.721681592735955491e+01
0.000000000000000000e+00
3.721681592735955491e+01
0.000000000000000000e+00
3.823024103183151823e+01
3.513214065247476015e+01
4.118684086006099676e+01
4.710941743547758165e+01
4.386019104195118956e+01
0.000000000000000000e+00
5.377366400734229046e+01
4.118684086006099676e+01
3.881475305715511581e+01
3.838215160003940696e+01
4.141750251371699676e+01
4.284062635281223663e+01
4.529260401984807771e+01
3.152339026894666674e+01
3.152339026894666674e+01
3.197079492434042791e+01
4.710941743547758165e+01
0.000000000000000000e+00
0.000000000000000000e+00
4.284062635281223663e+01
4.529260401984807771e+01
4.141750251371699676e+01
4.284062635281223663e+01
0.000000000000000000e+00
0.000000000000000000e+00
0.000000000000000000e+00
3.928566019326075320e+01
0.000000000000000000e+00
0.000000000000000000e+00
4.529260401984807771e+01
0.000000000000000000e+00
4.529260401984807771e+01
3.197079492434042791e+01
3.823024103183151823e+01
4.141750251371699676e+01
5.377366400734229046e+01
3.823024103183151823e+01
0.000000000000000000e+00
3.881475305715511581e+01
4.141750251371699676e+01
4.284062635281223663e+01
3.833034780778352513e+01
3.721681592735955491e+01
0.000000000000000000e+00
0.000000000000000000e+00
0.000000000000000000e+00
3.341471048435523272e+01
0.000000000000000000e+00
3.928566019326075320e+01
5.041051330230398975e+01
3.430163480904271722e+01
5.106588409852234633e+01
3.313790292598894638e+01
2.941113112390308615e+01
3.019597922752875974e+01
2.212486164456369409e+01
2.389496874618040678e+01
0.000000000000000000e+00
2.304417863900045660e+01
0.000000000000000000e+00
3.107212421163948335e+01
2.804099588704657720e+01
3.295073260951549798e+01
2.389496874618040678e+01
0.000000000000000000e+00
3.940518774554164594e+01
0.000000000000000000e+00
0.000000000000000000e+00
0.000000000000000000e+00
0.000000000000000000e+00
0.000000000000000000e+00
2.389496874618040678e+01
3.659807691282370001e+01
0.000000000000000000e+00
0.000000000000000000e+00
0.000000000000000000e+00
3.659807691282370001e+01
0.000000000000000000e+00
3.969097628232253072e+01
3.969097628232253072e+01
0.000000000000000000e+00
3.659807691282370001e+01
3.969097628232253072e+01
2.498880826248229070e+01
3.659807691282370001e+01
3.969097628232253072e+01
3.295073260951549798e+01
3.079219170996074340e+01
2.918208408039182800e+01
0.000000000000000000e+00
2.668706937055741335e+01
2.560982776601132826e+01
3.117822261861543964e+01
3.428355306831250715e+01
0.000000000000000000e+00
0.000000000000000000e+00
0.000000000000000000e+00
0.000000000000000000e+00
2.702644721557522800e+01
0.000000000000000000e+00
3.052972816384302845e+01
4.269097332851337256e+01
2.560982776601132826e+01
0.000000000000000000e+00
0.000000000000000000e+00
0.000000000000000000e+00
3.295073260951549798e+01
0.000000000000000000e+00
0.000000000000000000e+00
0.000000000000000000e+00
0.000000000000000000e+00
2.668706937055741335e+01
3.129477535410732614e+01
0.000000000000000000e+00
0.000000000000000000e+00
2.668706937055741335e+01
0.000000000000000000e+00
4.373292304874622261e+01
2.899325457998565270e+01
3.075011881182874873e+01
0.000000000000000000e+00
6.223684573287312816e+01
2.702644721557522800e+01
0.000000000000000000e+00
0.000000000000000000e+00
2.932899310120912162e+01
3.129477535410732614e+01
0.000000000000000000e+00
0.000000000000000000e+00
0.000000000000000000e+00
2.668706937055741335e+01
0.000000000000000000e+00
2.668706937055741335e+01
2.903686648824790240e+01
0.000000000000000000e+00
2.389496874618040678e+01
0.000000000000000000e+00
3.079597909755931440e+01
3.659807691282370001e+01
0.000000000000000000e+00
4.725171730543799953e+01
0.000000000000000000e+00
3.295073260951549798e+01
2.668706937055741335e+01
0.000000000000000000e+00
3.079597909755931440e+01
3.117822261861543964e+01
2.668706937055741335e+01
3.659807691282370001e+01
0.000000000000000000e+00
3.129695910885503807e+01
3.607659708937646315e+01
0.000000000000000000e+00
0.000000000000000000e+00
0.000000000000000000e+00
3.599658081319429215e+01
3.599658081319429215e+01
4.380987417781138049e+01
3.293658578929851899e+01
0.000000000000000000e+00
4.541011742831384623e+01
3.420007739313422235e+01
0.000000000000000000e+00
4.529544458306646959e+01
4.357967547391861274e+01
3.919381905763862051e+01
3.249999632089238588e+01
0.000000000000000000e+00
3.919381905763862051e+01
4.424402635756551661e+01
0.000000000000000000e+00
4.474348256089366060e+01
3.114168426899333042e+01
0.000000000000000000e+00
3.599658081319429215e+01
0.000000000000000000e+00
3.093732892196641870e+01
4.474348256089366060e+01
3.205779172049405901e+01
2.983199689651044295e+01
0.000000000000000000e+00
0.000000000000000000e+00
0.000000000000000000e+00
0.000000000000000000e+00
3.197107647041093514e+01
3.123897143652596853e+01
0.000000000000000000e+00
3.362632950897358342e+01
3.993522353574039840e+01
4.124853111158353869e+01
5.511532083252632930e+01
0.000000000000000000e+00
3.114168426899333042e+01
3.496505741555419178e+01
3.685355969388749742e+01
0.000000000000000000e+00
4.076644330437101615e+01
0.000000000000000000e+00
3.093732892196641870e+01
0.000000000000000000e+00
4.268593587356724584e+01
0.000000000000000000e+00
0.000000000000000000e+00
0.000000000000000000e+00
5.044010120495373428e+01
3.287460930732331832e+01
4.825936236320777084e+01
2.998454692754859607e+01
3.380800608031456278e+01
0.000000000000000000e+00
0.000000000000000000e+00
3.187128925221167464e+01
4.825936236320777084e+01
5.511532083252632930e+01
3.531632197356104541e+01
3.129695910885503807e+01
0.000000000000000000e+00
4.478392169416154900e+01
3.303379827131730906e+01
3.114168426899333042e+01
0.000000000000000000e+00
3.129695910885503807e+01
3.004966431241370728e+01
3.685355969388749742e+01
0.000000000000000000e+00
6.439142849719799244e+01
3.925051236049097980e+01
3.393493194173461802e+01
4.999336583307230342e+01
2.772789604460189139e+01
4.800282197366173875e+01
0.000000000000000000e+00
0.000000000000000000e+00
4.195869409078358814e+01
3.222360783823467756e+01
3.861405048892624592e+01
3.353414884521145467e+01
3.187128925221167464e+01
3.129695910885503807e+01
4.646701840059456856e+01
4.685158186401945812e+01
0.000000000000000000e+00
3.674720008792581183e+01
0.000000000000000000e+00
0.000000000000000000e+00
0.000000000000000000e+00
0.000000000000000000e+00
3.090558312127057405e+01
4.825936236320777084e+01
4.133771257134807797e+01
3.392186821139311093e+01
3.424117471505656596e+01
3.613655733182613261e+01
0.000000000000000000e+00
5.800158678884942276e+01
3.497144648303100212e+01
0.000000000000000000e+00
0.000000000000000000e+00
3.565485588738221168e+01
3.613655733182613261e+01
3.585006641608319455e+01
4.171522807796032595e+01
0.000000000000000000e+00
3.378422759865550518e+01
4.541011742831384623e+01
0.000000000000000000e+00
4.005486177785814306e+01
0.000000000000000000e+00
5.458265328357811086e+01
3.375680800445035601e+01
4.309518804781642132e+01
0.000000000000000000e+00
3.748061869058500406e+01
3.054379036167019734e+01
3.964569467643767808e+01
0.000000000000000000e+00
3.232930420597402588e+01
5.331883517389589855e+01
3.829604053216559123e+01
4.171522807796032595e+01
4.069273087552037538e+01
5.705218207307220979e+01
0.000000000000000000e+00
5.800158678884942276e+01
3.601514376885756263e+01
3.613655733182613261e+01
3.949462915151571707e+01
3.232930420597402588e+01
0.000000000000000000e+00
3.497144648303100212e+01
3.545084923819525358e+01
0.000000000000000000e+00
3.737424720800026989e+01
0.000000000000000000e+00
0.000000000000000000e+00
5.786377519742570286e+01
3.575443379191207072e+01
3.232930420597402588e+01
4.443499868350775017e+01
0.000000000000000000e+00
0.000000000000000000e+00
4.443499868350775017e+01
0.000000000000000000e+00
6.011286072585851059e+01
0.000000000000000000e+00
3.696576550762708280e+01
4.551306645997176759e+01
4.578828529984147622e+01
5.800158678884942276e+01
0.000000000000000000e+00
0.000000000000000000e+00
4.244752802390943458e+01
4.236649889767603838e+01
5.074742468735736622e+01
0.000000000000000000e+00
3.545084923819525358e+01
4.171522807796032595e+01
3.519009716610825222e+01
3.545084923819525358e+01
0.000000000000000000e+00
0.000000000000000000e+00
6.515749053867492080e+01
3.465376411496914244e+01
3.545084923819525358e+01
3.232930420597402588e+01
0.000000000000000000e+00
6.040005484256055723e+01
0.000000000000000000e+00
4.734918262268399047e+01
3.196577848530445110e+01
0.000000000000000000e+00
4.947877804340645014e+01
3.545084923819525358e+01
4.947877804340645014e+01
3.441737683979667395e+01
3.441737683979667395e+01
5.383340786585331017e+01
4.688909187731857742e+01
4.610686809839817357e+01
0.000000000000000000e+00
3.497144648303100212e+01
0.000000000000000000e+00
4.443499868350775017e+01
3.356432501298920101e+01
4.722909851003855408e+01
3.433024997183404992e+01
0.000000000000000000e+00
0.000000000000000000e+00
4.618963224063322315e+01
4.357867135897750899e+01
4.322805815319802036e+01
4.869710368023262248e+01
0.000000000000000000e+00
0.000000000000000000e+00
0.000000000000000000e+00
3.832532513805398366e+01
4.205109390472357944e+01
0.000000000000000000e+00
4.542138495337885473e+01
0.000000000000000000e+00
0.000000000000000000e+00
0.000000000000000000e+00
0.000000000000000000e+00
5.233402997441266535e+01
4.104935072791612072e+01
0.000000000000000000e+00
0.000000000000000000e+00
2.893876202423343713e+01
3.936017267453811286e+01
3.004258318127230609e+01
3.578658871639565575e+01
0.000000000000000000e+00
0.000000000000000000e+00
0.000000000000000000e+00
3.578658871639565575e+01
5.473918724529224278e+01
3.767252046553323197e+01
4.864046441453332648e+01
0.000000000000000000e+00
5.193431866770542626e+01
0.000000000000000000e+00
0.000000000000000000e+00
3.687440180394335698e+01
3.491077929359875043e+01
0.000000000000000000e+00
4.140139306495015603e+01
4.320262413211784747e+01
3.491077929359875043e+01
0.000000000000000000e+00
3.760362336569456687e+01
3.356891410539643772e+01
3.536388231684536265e+01
3.280002288086178908e+01
3.125053986304189380e+01
2.893876202423343713e+01
3.868261939042110953e+01
3.280002288086178908e+01
2.996336651419624530e+01
3.075373243224539621e+01
3.125053986304189380e+01
4.140753152983123897e+01
4.495753858561940319e+01
4.140139306495015603e+01
5.651603785385233181e+01
0.000000000000000000e+00
4.488949924453330453e+01
3.936017267453811286e+01
0.000000000000000000e+00
3.536388231684536265e+01
3.936017267453811286e+01
3.491077929359875043e+01
0.000000000000000000e+00
4.858300140304085346e+01
4.140753152983123897e+01
5.025795623029037529e+01
3.833118143740858841e+01
4.068320643557640892e+01
3.578658871639565575e+01
3.757646413778027750e+01
4.488949924453330453e+01
3.957841802054713298e+01
4.252881501169970591e+01
4.383054555270702224e+01
3.600883150030519886e+01
4.066422056244253724e+01
0.000000000000000000e+00
4.104935072791612072e+01
0.000000000000000000e+00
3.833118143740858841e+01
3.687440180394335698e+01
3.578658871639565575e+01
3.759136588009712199e+01
3.864053778684996843e+01
3.125053986304189380e+01
3.536388231684536265e+01
3.075373243224539621e+01
0.000000000000000000e+00
3.864053778684996843e+01
4.823301144129021623e+01
4.490555434765582987e+01
3.868261939042110953e+01
4.383054555270702224e+01
3.356891410539643772e+01
3.555963282469834752e+01
4.140139306495015603e+01
3.075373243224539621e+01
4.490555434765582987e+01
4.869710368023262248e+01
0.000000000000000000e+00
0.000000000000000000e+00
3.766562689962713506e+01
4.070484266044908850e+01
4.470552083590225578e+01
3.462798348039423502e+01
3.766562689962713506e+01
3.703857877617208061e+01
4.660374456361137874e+01
0.000000000000000000e+00
4.101671232302126668e+01
3.279567836891257571e+01
4.048802443475291568e+01
3.222294182023922815e+01
3.312345925726615548e+01
3.851222892059357861e+01
3.786764304069053821e+01
3.786764304069053821e+01
3.076091955317694016e+01
3.064858701448344647e+01
3.410376662541891335e+01
3.312345925726615548e+01
3.823277941237911648e+01
0.000000000000000000e+00
3.794111501365964756e+01
2.706518075296822801e+01
3.657405542471221338e+01
4.470552083590225578e+01
4.417873756786809736e+01
3.657405542471221338e+01
3.823277941237911648e+01
3.466529423058891979e+01
3.800626340298295958e+01
3.571005329793401017e+01
3.207324521785692184e+01
2.706518075296822801e+01
4.149036283502757527e+01
0.000000000000000000e+00
3.466529423058891979e+01
3.466529423058891979e+01
4.731147946840188467e+01
3.207324521785692184e+01
3.064858701448344647e+01
4.007839034457914806e+01
4.131424806718857212e+01
3.312345925726615548e+01
3.351014586932341643e+01
4.092967581006544009e+01
3.115895945172632864e+01
3.312345925726615548e+01
3.312345925726615548e+01
3.279567836891257571e+01
4.470552083590225578e+01
0.000000000000000000e+00
4.226397098095609550e+01
0.000000000000000000e+00
0.000000000000000000e+00
4.660374456361137874e+01
3.823277941237911648e+01
3.222294182023922815e+01
3.623741122701857620e+01
3.883511438727402520e+01
0.000000000000000000e+00
0.000000000000000000e+00
0.000000000000000000e+00
3.351014586932341643e+01
2.915184828344126799e+01
3.308964498838954427e+01
3.462798348039423502e+01
3.728875766939906811e+01
0.000000000000000000e+00
3.794111501365964756e+01
4.149036283502757527e+01
3.351014586932341643e+01
3.800626340298295958e+01
3.207324521785692184e+01
3.115895945172632864e+01
4.131424806718857212e+01
3.650660797962635229e+01
2.706518075296822801e+01
0.000000000000000000e+00
0.000000000000000000e+00
5.735829330804580195e+01
3.400047004303111464e+01
0.000000000000000000e+00
3.657405542471221338e+01
0.000000000000000000e+00
0.000000000000000000e+00
4.101671232302126668e+01
4.007839034457914806e+01
3.400047004303111464e+01
0.000000000000000000e+00
0.000000000000000000e+00
3.800626340298295958e+01
3.222294182023922815e+01
3.312345925726615548e+01
3.351014586932341643e+01
3.823277941237911648e+01
3.646018284642105556e+01
3.400047004303111464e+01
2.706518075296822801e+01
3.637553781125774321e+01
4.351798662916860394e+01
0.000000000000000000e+00
3.704697854193517514e+01
4.660018500725998791e+01
3.700479103648217460e+01
4.086931221570612394e+01
4.402871563496706386e+01
6.206552301274096095e+01
0.000000000000000000e+00
3.637553781125774321e+01
4.108795324107364166e+01
0.000000000000000000e+00
4.278451430158734325e+01
4.578473285278069227e+01
0.000000000000000000e+00
0.000000000000000000e+00
4.919766389832489750e+01
4.501888106652673116e+01
3.637553781125774321e+01
0.000000000000000000e+00
3.637553781125774321e+01
0.000000000000000000e+00
0.000000000000000000e+00
4.578473285278069227e+01
0.000000000000000000e+00
3.637553781125774321e+01
4.250523020362016524e+01
3.398104790782890916e+01
0.000000000000000000e+00
0.000000000000000000e+00
4.919766389832489750e+01
0.000000000000000000e+00
3.398104790782890916e+01
3.764291168343480365e+01
4.097578123650114890e+01
3.764291168343480365e+01
3.764291168343480365e+01
0.000000000000000000e+00
4.329179213029166107e+01
4.086931221570612394e+01
0.000000000000000000e+00
4.813149072843429366e+01
4.353525319696048967e+01
3.704697854193517514e+01
0.000000000000000000e+00
0.000000000000000000e+00
0.000000000000000000e+00
3.337187555503179226e+01
3.845723811082110188e+01
3.637553781125774321e+01
3.845723811082110188e+01
4.919766389832489750e+01
4.329179213029166107e+01
3.700112798464398622e+01
3.637553781125774321e+01
0.000000000000000000e+00
0.000000000000000000e+00
4.329179213029166107e+01
3.700479103648217460e+01
3.938963309450846850e+01
3.641125807303364326e+01
3.764291168343480365e+01
0.000000000000000000e+00
3.845723811082110188e+01
4.501888106652673116e+01
0.000000000000000000e+00
3.637553781125774321e+01
3.337187555503179226e+01
3.938963309450846850e+01
4.919766389832489750e+01
5.584127969748969633e+01
4.578473285278069227e+01
0.000000000000000000e+00
4.185222081201163746e+01
0.000000000000000000e+00
3.974622043997605658e+01
0.000000000000000000e+00
3.537237354157333158e+01
0.000000000000000000e+00
3.700112798464398622e+01
4.549581205073293688e+01
4.164791637487157772e+01
4.578473285278069227e+01
3.974622043997605658e+01
3.700479103648217460e+01
3.700112798464398622e+01
4.108795324107364166e+01
3.919315680513154376e+01
3.700479103648217460e+01
0.000000000000000000e+00
3.337187555503179226e+01
4.353525319696048967e+01
4.578473285278069227e+01
4.501888106652673116e+01
3.337187555503179226e+01
4.164791637487157772e+01
0.000000000000000000e+00
0.000000000000000000e+00
0.000000000000000000e+00
3.998162905411987822e+01
3.940778253203426829e+01
4.006695299624096407e+01
4.026896020693369849e+01
0.000000000000000000e+00
0.000000000000000000e+00
4.027884646130890900e+01
5.022426157890620857e+01
3.454965444466101587e+01
3.677853845874058436e+01
3.495773448438631448e+01
5.195751122623596530e+01
0.000000000000000000e+00
0.000000000000000000e+00
3.973958261937983139e+01
5.966927460891088231e+01
3.940778253203426829e+01
0.000000000000000000e+00
3.662068986741436305e+01
3.677853845874058436e+01
5.130214335537104375e+01
3.454965444466101587e+01
4.470552083590225578e+01
3.483890201377874263e+01
4.204814491179337921e+01
4.227313527008408300e+01
3.483890201377874263e+01
5.294657238787681308e+01
4.427076897707438263e+01
3.495773448438631448e+01
3.495773448438631448e+01
3.495773448438631448e+01
3.495773448438631448e+01
0.000000000000000000e+00
0.000000000000000000e+00
3.863437706116291537e+01
3.495773448438631448e+01
5.022426157890620857e+01
0.000000000000000000e+00
3.495773448438631448e+01
4.204814491179337921e+01
4.290326057005530913e+01
4.427076897707438263e+01
3.454965444466101587e+01
3.495773448438631448e+01
0.000000000000000000e+00
3.594517485372074361e+01
4.175017756121152246e+01
4.781333422897049701e+01
0.000000000000000000e+00
0.000000000000000000e+00
3.454965444466101587e+01
4.290326057005530913e+01
4.242641406887389621e+01
4.654983389241431979e+01
0.000000000000000000e+00
0.000000000000000000e+00
0.000000000000000000e+00
3.940778253203426829e+01
3.495773448438631448e+01
6.105520186126411630e+01
3.646717433675078723e+01
5.130214335537104375e+01
0.000000000000000000e+00
0.000000000000000000e+00
5.966927460891088231e+01
3.495773448438631448e+01
3.226617686481615266e+01
3.606110600277283851e+01
0.000000000000000000e+00
3.495773448438631448e+01
5.966927460891088231e+01
3.454965444466101587e+01
0.000000000000000000e+00
0.000000000000000000e+00
3.723114811159227600e+01
3.483890201377874263e+01
3.594517485372074361e+01
5.003725324462154589e+01
6.055491369717570649e+01
3.723114811159227600e+01
0.000000000000000000e+00
3.966044999571368379e+01
4.249224574083986283e+01
3.454965444466101587e+01
4.204814491179337921e+01
4.204814491179337921e+01
4.649158995305874953e+01
0.000000000000000000e+00
4.987262766523301849e+01
0.000000000000000000e+00
3.940778253203426829e+01
5.966927460891088231e+01
6.017785740941144468e+01
4.117760444476405723e+01
0.000000000000000000e+00
0.000000000000000000e+00
3.486698445268989843e+01
4.227313527008408300e+01
3.108509002623109652e+01
4.784269978436343251e+01
3.572539126535834697e+01
4.541011742831384623e+01
0.000000000000000000e+00
3.704351976219385989e+01
0.000000000000000000e+00
0.000000000000000000e+00
4.610126893745052001e+01
3.751913860667267642e+01
3.599658081319429215e+01
0.000000000000000000e+00
0.000000000000000000e+00
2.990116762379791737e+01
3.420007739313422235e+01
0.000000000000000000e+00
4.022043762237447595e+01
0.000000000000000000e+00
3.108509002623109652e+01
3.851783053604399498e+01
3.559218484211027089e+01
2.990116762379791737e+01
3.678030246403164227e+01
0.000000000000000000e+00
0.000000000000000000e+00
4.999336583307230342e+01
2.983199689651044295e+01
0.000000000000000000e+00
4.283184792636865268e+01
3.532172188824264936e+01
3.948997091711443375e+01
2.910494053434671358e+01
3.864184675644558808e+01
0.000000000000000000e+00
0.000000000000000000e+00
3.458475514049826671e+01
2.910494053434671358e+01
0.000000000000000000e+00
3.699403330961196446e+01
4.728103329511229447e+01
2.910494053434671358e+01
3.108509002623109652e+01
2.983199689651044295e+01
3.320172436947832750e+01
4.373331898380242677e+01
2.851883862237512801e+01
2.935571624206987451e+01
3.765029592451305263e+01
5.074742468735736622e+01
2.913811226013980971e+01
3.293658578929851899e+01
2.990116762379791737e+01
2.913811226013980971e+01
0.000000000000000000e+00
7.025169662015849781e+01
3.699403330961196446e+01
4.951084231594082041e+01
0.000000000000000000e+00
0.000000000000000000e+00
0.000000000000000000e+00
0.000000000000000000e+00
0.000000000000000000e+00
3.847875205128158171e+01
0.000000000000000000e+00
3.128438137775613015e+01
0.000000000000000000e+00
0.000000000000000000e+00
3.320172436947832750e+01
0.000000000000000000e+00
4.048274254831268593e+01
3.606228836520870118e+01
0.000000000000000000e+00
3.690567590519458463e+01
0.000000000000000000e+00
0.000000000000000000e+00
2.913811226013980971e+01
0.000000000000000000e+00
3.324222202443893792e+01
0.000000000000000000e+00
3.201147922804761947e+01
3.430018668795980119e+01
4.999336583307230342e+01
0.000000000000000000e+00
3.751913860667267642e+01
0.000000000000000000e+00
3.532172188824264936e+01
3.458475514049826671e+01
3.606228836520870118e+01
3.108509002623109652e+01
2.908922460028430734e+01
0.000000000000000000e+00
4.650717795647669561e+01
0.000000000000000000e+00
0.000000000000000000e+00
6.040005484256055723e+01
3.847875205128158171e+01
4.328645643863552550e+01
3.420007739313422235e+01
2.910494053434671358e+01
4.993496084610000452e+01
3.903031843643703525e+01
5.436014625011992507e+01
0.000000000000000000e+00
0.000000000000000000e+00
4.227110535987196016e+01
3.932749220868515039e+01
0.000000000000000000e+00
0.000000000000000000e+00
0.000000000000000000e+00
4.076355955210074455e+01
4.227110535987196016e+01
5.272472976252743848e+01
5.125764158131492110e+01
5.125764158131492110e+01
5.427461484351974264e+01
4.174710705203613514e+01
6.273119570291451907e+01
5.788285410171093304e+01
0.000000000000000000e+00
4.227110535987196016e+01
0.000000000000000000e+00
4.632483633768858056e+01
4.651824212906335987e+01
5.272472976252743848e+01
3.632099388089371672e+01
3.830850431287507263e+01
5.272472976252743848e+01
4.227110535987196016e+01
5.196212243142880283e+01
0.000000000000000000e+00
0.000000000000000000e+00
0.000000000000000000e+00
4.988000711450808922e+01
3.875290524828154304e+01
4.419780269005737949e+01
3.903031843643703525e+01
5.577361336185330032e+01
0.000000000000000000e+00
0.000000000000000000e+00
0.000000000000000000e+00
3.900441086205833585e+01
0.000000000000000000e+00
0.000000000000000000e+00
0.000000000000000000e+00
4.363108824477831149e+01
0.000000000000000000e+00
4.076355955210074455e+01
0.000000000000000000e+00
4.076355955210074455e+01
4.174710705203613514e+01
5.075761175349059329e+01
4.011715585045911325e+01
4.099708997409798883e+01
4.409277188412902149e+01
4.632483633768858056e+01
6.319293834260631115e+01
0.000000000000000000e+00
0.000000000000000000e+00
4.363108824477831149e+01
4.805015151106707805e+01
4.632332436524133357e+01
0.000000000000000000e+00
4.011752991013247538e+01
5.272472976252743848e+01
0.000000000000000000e+00
4.618050584626623589e+01
5.272472976252743848e+01
4.688228119912324843e+01
0.000000000000000000e+00
4.011715585045911325e+01
4.965253587559356419e+01
0.000000000000000000e+00
0.000000000000000000e+00
0.000000000000000000e+00
3.830850431287507263e+01
0.000000000000000000e+00
0.000000000000000000e+00
0.000000000000000000e+00
0.000000000000000000e+00
4.227110535987196016e+01
0.000000000000000000e+00
5.053389250411494515e+01
4.076355955210074455e+01
4.097091052999839178e+01
4.643157790534933582e+01
4.993496084610000452e+01
0.000000000000000000e+00
4.632332436524133357e+01
3.632099388089371672e+01
0.000000000000000000e+00
0.000000000000000000e+00
5.053389250411494515e+01
4.965253587559356419e+01
0.000000000000000000e+00
0.000000000000000000e+00
4.254733671455547039e+01
4.651824212906335987e+01
4.421947541943182358e+01
0.000000000000000000e+00
6.266162954894449655e+01
4.101689378052046209e+01
0.000000000000000000e+00
0.000000000000000000e+00
5.229377052923205582e+01
6.267625055471516049e+01
3.615951575938893825e+01
3.717419483819704595e+01
0.000000000000000000e+00
0.000000000000000000e+00
4.470838856546885154e+01
0.000000000000000000e+00
0.000000000000000000e+00
0.000000000000000000e+00
3.756690015995896914e+01
4.442295472211319662e+01
4.719225671756542084e+01
0.000000000000000000e+00
3.726156762794926181e+01
4.284426185811916810e+01
3.634986291398044500e+01
0.000000000000000000e+00
3.609066798902549777e+01
0.000000000000000000e+00
3.723532473611136595e+01
3.552980933906516015e+01
3.634986291398044500e+01
4.442295472211319662e+01
4.320262413211784747e+01
3.804029039036526427e+01
0.000000000000000000e+00
3.913706160291156522e+01
0.000000000000000000e+00
0.000000000000000000e+00
4.667007816664722242e+01
3.634986291398044500e+01
0.000000000000000000e+00
3.802038418679258314e+01
0.000000000000000000e+00
0.000000000000000000e+00
0.000000000000000000e+00
0.000000000000000000e+00
4.209458227055235113e+01
3.552980933906516015e+01
0.000000000000000000e+00
3.615951575938893825e+01
0.000000000000000000e+00
0.000000000000000000e+00
6.105520186126411630e+01
3.885743298436868542e+01
4.101689378052046209e+01
0.000000000000000000e+00
3.634986291398044500e+01
5.229377052923205582e+01
4.340912344624860708e+01
3.885743298436868542e+01
4.262189904306288213e+01
4.969365795745981984e+01
0.000000000000000000e+00
0.000000000000000000e+00
0.000000000000000000e+00
0.000000000000000000e+00
4.712871153745894759e+01
0.000000000000000000e+00
0.000000000000000000e+00
5.003725324462154589e+01
0.000000000000000000e+00
4.858300140304085346e+01
5.111684659197040759e+01
0.000000000000000000e+00
3.448346202913959502e+01
0.000000000000000000e+00
4.652321288904089869e+01
4.511558558951835352e+01
0.000000000000000000e+00
5.229377052923205582e+01
3.802038418679258314e+01
0.000000000000000000e+00
3.597776551631159947e+01
3.609066798902549777e+01
0.000000000000000000e+00
4.251722598982465939e+01
4.719225671756542084e+01
3.892150266798094549e+01
4.696973219169177582e+01
4.348823615804781895e+01
3.439502095526422920e+01
0.000000000000000000e+00
0.000000000000000000e+00
4.719225671756542084e+01
3.714921423517099441e+01
3.621433909146414720e+01
3.276938476711403325e+01
4.630290963712348429e+01
0.000000000000000000e+00
0.000000000000000000e+00
3.474107965883097648e+01
0.000000000000000000e+00
6.534702106359404183e+01
5.464252519200859126e+01
4.267082610750794203e+01
0.000000000000000000e+00
0.000000000000000000e+00
5.464252519200859126e+01
4.931658560495532839e+01
5.139883992969483728e+01
4.355818970586719274e+01
0.000000000000000000e+00
0.000000000000000000e+00
5.044985707222643612e+01
4.728343293437741579e+01
0.000000000000000000e+00
5.545482443845597231e+01
3.400809344561313452e+01
0.000000000000000000e+00
0.000000000000000000e+00
4.728343293437741579e+01
0.000000000000000000e+00
0.000000000000000000e+00
0.000000000000000000e+00
4.728343293437741579e+01
0.000000000000000000e+00
4.229876795431261627e+01
4.267082610750794203e+01
0.000000000000000000e+00
4.087978520295724394e+01
0.000000000000000000e+00
5.371176520567162527e+01
4.253069013185629643e+01
4.234125156999290596e+01
0.000000000000000000e+00
4.281639323969089617e+01
5.464252519200859126e+01
3.145800245115755445e+01
4.253069013185629643e+01
0.000000000000000000e+00
5.545482443845597231e+01
5.376946361990822254e+01
0.000000000000000000e+00
5.548679791106302872e+01
6.534702106359404183e+01
6.534702106359404183e+01
3.810673969388592752e+01
4.312707202984020682e+01
0.000000000000000000e+00
0.000000000000000000e+00
4.281639323969089617e+01
3.915026645026696173e+01
4.829020925849192025e+01
4.728343293437741579e+01
0.000000000000000000e+00
5.242476456446830468e+01
4.573637503487790923e+01
0.000000000000000000e+00
0.000000000000000000e+00
0.000000000000000000e+00
5.108516927913110806e+01
4.253069013185629643e+01
4.829020925849192025e+01
5.019170544470089368e+01
0.000000000000000000e+00
4.253069013185629643e+01
6.534702106359404183e+01
5.139883992969483728e+01
4.586525359214231656e+01
0.000000000000000000e+00
4.586525359214231656e+01
5.108516927913110806e+01
4.728343293437741579e+01
5.371176520567162527e+01
4.673110524903303542e+01
4.253069013185629643e+01
4.608077971849091625e+01
5.371176520567162527e+01
0.000000000000000000e+00
0.000000000000000000e+00
0.000000000000000000e+00
4.179765588347346039e+01
4.310835111010737819e+01
5.014234903064907911e+01
4.267082610750794203e+01
0.000000000000000000e+00
3.456237467777827277e+01
4.234125156999290596e+01
0.000000000000000000e+00
4.253069013185629643e+01
0.000000000000000000e+00
5.139883992969483728e+01
3.533306493335761900e+01
4.728343293437741579e+01
3.084958895645762667e+01
0.000000000000000000e+00
0.000000000000000000e+00
4.376182003933310938e+01
0.000000000000000000e+00
3.663805447530300796e+01
4.214475555001867235e+01
4.214475555001867235e+01
0.000000000000000000e+00
3.955003772600488787e+01
0.000000000000000000e+00
0.000000000000000000e+00
4.703780527333559291e+01
3.663805447530300796e+01
3.070055322817214716e+01
0.000000000000000000e+00
0.000000000000000000e+00
5.288867858566878510e+01
5.288867858566878510e+01
0.000000000000000000e+00
3.810153841106737360e+01
0.000000000000000000e+00
5.272014767651563005e+01
0.000000000000000000e+00
0.000000000000000000e+00
4.327096941121909879e+01
0.000000000000000000e+00
0.000000000000000000e+00
3.304478297572875078e+01
0.000000000000000000e+00
3.663805447530300796e+01
4.541325720346879535e+01
4.541325720346879535e+01
4.666730794642995761e+01
0.000000000000000000e+00
4.282455078089944323e+01
0.000000000000000000e+00
0.000000000000000000e+00
4.703780527333559291e+01
0.000000000000000000e+00
0.000000000000000000e+00
3.479798066662332445e+01
5.154161326138097365e+01
0.000000000000000000e+00
3.437309443886751126e+01
0.000000000000000000e+00
0.000000000000000000e+00
3.497789977862186817e+01
0.000000000000000000e+00
4.388031250032010888e+01
0.000000000000000000e+00
0.000000000000000000e+00
3.479798066662332445e+01
3.498824258251092090e+01
3.479798066662332445e+01
0.000000000000000000e+00
0.000000000000000000e+00
3.206628757357462689e+01
3.332971783755358786e+01
3.304478297572875078e+01
4.065325144073692343e+01
4.327096941121909879e+01
0.000000000000000000e+00
0.000000000000000000e+00
3.435734158997642140e+01
3.608915226222324435e+01
5.154161326138097365e+01
3.206628757357462689e+01
0.000000000000000000e+00
3.498824258251092090e+01
0.000000000000000000e+00
4.666730794642995761e+01
0.000000000000000000e+00
0.000000000000000000e+00
4.471504612007045409e+01
5.272014767651563005e+01
0.000000000000000000e+00
5.154161326138097365e+01
0.000000000000000000e+00
3.479798066662332445e+01
0.000000000000000000e+00
3.084958895645762667e+01
4.666730794642995761e+01
4.541325720346879535e+01
4.327096941121909879e+01
0.000000000000000000e+00
4.065325144073692343e+01
0.000000000000000000e+00
3.479798066662332445e+01
4.666730794642995761e+01
3.714864301187142814e+01
4.499525763112034582e+01
4.214475555001867235e+01
0.000000000000000000e+00
0.000000000000000000e+00
4.214475555001867235e+01
0.000000000000000000e+00
0.000000000000000000e+00
4.666730794642995761e+01
5.078499447996585303e+01
