4.739998003886872798e-05
3.828160800327012799e-05
3.269622677650295818e-05
5.432144546820643450e-05
3.262165184027596116e-05
3.295592657679025518e-05
6.952707644464722989e-05
4.051822860785273472e-05
6.581398211770462788e-05
3.748765814829404456e-05
4.567971371737499631e-05
4.528120310563124026e-05
7.185285965275233302e-05
0.000000000000000000e+00
3.899636809825319676e-05
5.767570113677146385e-05
8.476866674953450228e-05
4.476963726200955770e-05
5.740868134347845963e-05
7.650615938471376281e-05
4.026317873416262642e-05
0.000000000000000000e+00
3.332632691179066676e-05
3.718119097724596192e-05
0.000000000000000000e+00
6.632472855772891395e-05
3.198702641959236140e-05
3.756086813522288142e-05
6.230507118935843850e-05
5.500998147428753178e-05
0.000000000000000000e+00
9.574777649200691334e-05
7.760222784654713759e-05
4.608152489082266158e-05
4.608034376026667758e-05
0.000000000000000000e+00
4.203998455649799707e-05
2.886558091485880441e-05
4.067443794911963415e-05
3.266001817609116164e-05
1.710337609769959494e-04
3.890488840797861101e-05
4.927143523611185672e-05
5.119046712436889926e-05
9.292509916415768857e-05
4.454319613739352783e-05
4.642442846231361719e-05
0.000000000000000000e+00
6.159057537599825505e-05
0.000000000000000000e+00
5.954680832229352825e-05
4.954747855278175092e-05
5.443651591169081495e-05
7.934499023295890846e-05
4.531728083101661732e-05
4.470594857891754234e-05
5.518131745390855741e-05
4.250797525824593780e-05
3.691652261665899119e-05
0.000000000000000000e+00
2.713185640081409314e-05
6.159057537599825505e-05
3.160494987851738581e-05
6.230507118935843850e-05
2.939750325337631219e-05
5.471650551876783985e-05
0.000000000000000000e+00
4.954747855278175092e-05
3.091127114432291894e-05
5.188101306168834131e-05
7.011931752499106594e-05
3.099563312865165555e-05
3.419057161132454714e-05
3.419057161132454714e-05
2.436726143653872387e-05
5.888472434958636175e-05
4.084008614254134429e-05
4.644408154431358993e-05
4.600596610259672341e-05
0.000000000000000000e+00
7.684958576005811604e-05
0.000000000000000000e+00
0.000000000000000000e+00
2.351470893522048379e-05
5.592532602166274140e-05
4.071718892731059401e-05
2.325307461581380819e-05
5.518131745390855741e-05
0.000000000000000000e+00
7.825207772054555743e-05
2.954434166752990787e-05
4.974813465788228267e-05
8.692650503586456993e-05
4.028705582496908691e-05
3.441822374814050030e-05
7.582211182882993522e-05
1.541676910359770873e-04
4.570445764560231714e-05
4.715960689096489856e-05
3.711094669766640844e-05
0.000000000000000000e+00
0.000000000000000000e+00
8.258743111510037942e-05
6.503708745194398239e-05
6.787298406406199803e-05
3.093141103030038456e-05
4.741798069761669887e-05
7.035180985192044680e-05
4.797856327734348342e-05
9.574777649200691334e-05
6.387537234190042944e-05
3.319920788631783190e-05
4.373629020169326548e-05
0.000000000000000000e+00
4.476963726200955770e-05
3.823614827221367794e-05
3.269622677650295818e-05
3.377240548135036107e-05
3.106920525851089555e-05
4.034944266642532813e-05
7.185285965275233302e-05
6.521881836255454575e-05
6.710739048088997915e-05
5.354463863500300214e-05
2.419071594395696536e-05
5.586523789096087169e-05
6.197238480460466646e-05
3.725462545500360454e-05
4.982595798893517348e-05
2.075934645930253698e-05
3.879951283366113587e-05
6.682033842763766688e-05
4.926882351502414790e-05
4.101709800797571497e-05
3.435399144989763202e-05
5.093364005365858086e-05
5.665586032680052853e-05
7.274447890054233027e-05
0.000000000000000000e+00
3.422773099080459922e-05
1.541676910359770873e-04
4.114227287321270703e-05
4.018001879469646273e-05
0.000000000000000000e+00
5.438934725360275511e-05
4.201642681700834406e-05
5.479495741913826407e-05
4.713894403010035657e-05
0.000000000000000000e+00
3.763596548116580139e-05
4.245025755554096293e-05
7.391006943262118086e-05
5.586523789096087169e-05
8.602520439506066796e-05
6.439334091463086733e-05
7.698682065201602621e-05
4.438979104995709028e-05
0.000000000000000000e+00
3.033976634079503688e-05
4.850925518817341428e-05
3.322717395885047009e-05
0.000000000000000000e+00
4.078236517559286609e-05
5.376876667467721227e-05
6.107591455674691010e-05
5.539679460579101296e-05
3.844246114622925736e-05
1.059180817033075154e-04
0.000000000000000000e+00
0.000000000000000000e+00
5.825752159011920778e-05
5.302410600870088083e-05
2.644681799410087447e-05
5.195159355084090768e-05
3.091127114432291894e-05
3.080626616195215450e-05
5.810546140025605569e-05
4.939557178393578167e-05
6.167967532160048344e-05
3.354152690138289942e-05
4.469021619354437036e-05
3.282860331886357528e-05
6.159024033703705385e-05
4.173543943173377090e-05
5.191633087978258680e-05
1.421879522415859837e-04
2.122969522998684733e-05
3.219919037583528914e-05
3.884094844847979570e-05
4.470594857891754234e-05
4.868228135167114695e-05
6.393667954051471193e-05
6.348580407966611058e-05
6.116002463597197735e-05
3.763596548116580139e-05
6.411769063653000348e-05
1.478791298859448932e-04
2.874035431269272685e-05
6.771793015435862188e-05
0.000000000000000000e+00
4.360886646080613233e-05
7.676833741625893549e-05
5.304408183717693686e-05
4.915749332909346810e-05
5.283883034127218509e-05
3.949148545405371753e-05
2.326969621636692365e-05
7.056461895745665613e-05
1.164816195721148567e-04
6.461051368901243527e-05
8.553881451383347578e-05
4.412320842311327225e-05
4.385150448787551703e-05
3.546279396047711635e-05
2.855176979284104153e-05
6.968449247075860951e-05
3.752078330155224204e-05
5.104330050382696707e-05
0.000000000000000000e+00
5.833923949345275054e-05
4.454134528881413492e-05
3.868411911641274879e-05
3.033976634079503688e-05
7.099582251195934665e-05
3.982800885810218461e-05
0.000000000000000000e+00
2.499390981710180747e-05
0.000000000000000000e+00
5.322366002554742908e-05
3.397650084291770447e-05
5.895974925227099396e-05
4.874760888488106528e-05
3.950246783535536451e-05
4.146059006131933754e-05
4.531728083101661732e-05
4.697889132288800453e-05
3.052707087800176516e-05
4.187159368554956658e-05
1.026652510460350823e-04
1.108817338418231757e-04
0.000000000000000000e+00
5.518131745390855741e-05
5.686349947027866141e-05
0.000000000000000000e+00
4.091494866933616329e-05
4.622832376600562859e-05
1.105540354609750163e-04
4.733309413442446698e-05
0.000000000000000000e+00
4.140087083526746640e-05
6.585342414901592572e-05
3.045656564244082941e-05
7.374748885298438921e-05
6.278756386590052534e-05
6.193925741521029990e-05
0.000000000000000000e+00
5.651542338544307510e-05
4.624414303908249075e-05
4.644408154431358993e-05
3.964714178007591511e-05
4.009149230532659740e-05
5.089824250264135324e-05
2.810235240799697590e-05
4.738877287136150830e-05
4.071718892731059401e-05
9.681226492838955000e-05
2.987461555289832154e-05
6.109841438103217682e-05
7.851666907604010106e-05
5.707462964699611162e-05
3.820144621450921249e-05
0.000000000000000000e+00
4.912318803783975838e-05
4.693344389863232880e-05
9.163547699702527874e-05
5.280201690275383475e-05
3.502267038016958683e-05
0.000000000000000000e+00
0.000000000000000000e+00
2.641702795131990988e-05
0.000000000000000000e+00
9.161279038839836983e-05
6.042194617601027935e-05
5.742042083988341798e-05
3.951754074106700977e-05
6.393667954051471193e-05
6.074811704023871538e-05
4.689176604704585401e-05
2.842758762784340220e-05
4.974813465788228267e-05
4.608034376026667758e-05
6.610470226758295589e-05
4.144078015530370434e-05
4.190054244738846209e-05
6.264705397905399951e-05
5.767570113677146385e-05
4.313306050075386343e-05
5.054700714427914178e-05
5.902131958758201433e-04
7.770458332156333415e-05
5.583857318122571159e-05
5.089824250264135324e-05
4.499714316834586109e-05
5.081323315240751935e-05
9.157385939076333116e-05
3.282860331886357528e-05
3.382694308909090229e-05
2.641702795131990988e-05
4.484243321875277713e-05
5.089833166156738394e-05
3.519627675055315167e-05
3.774628841504593606e-05
6.767778873877678834e-05
1.148238129543297984e-04
4.683407132084882311e-05
6.724875611000295447e-05
4.104511799798492251e-05
3.756086813522288142e-05
4.567486556021142617e-05
4.567616231550931461e-05
9.616978258751870772e-05
4.701615228277104060e-05
6.330566837586626774e-05
6.653329728669567591e-05
4.977507848668161482e-05
4.433825290789748634e-05
3.926892415000893022e-05
4.345753226553042544e-05
6.107591455674691010e-05
4.339441645713238175e-05
5.176628323649131380e-05
3.691652261665899119e-05
0.000000000000000000e+00
3.642903993791112542e-05
0.000000000000000000e+00
3.223830869028189184e-05
3.997784316450433506e-05
9.292509916415768857e-05
4.555845078444872279e-05
4.939557178393578167e-05
2.970449119244977044e-05
4.715960689096489856e-05
4.677801022316156260e-05
4.081315196914683796e-05
0.000000000000000000e+00
5.833923949345275054e-05
0.000000000000000000e+00
7.027340387156859010e-05
3.861579345416734813e-05
6.672717113506339574e-05
5.011544309668639410e-05
3.509471522682661648e-05
4.007122592127884626e-05
0.000000000000000000e+00
3.931478976640142967e-05
5.707462964699611162e-05
6.844946061172151573e-05
9.616978258751870772e-05
0.000000000000000000e+00
1.478791298859448932e-04
5.720950116153168799e-05
5.008271449544340025e-05
5.396895499024314407e-05
0.000000000000000000e+00
4.104511799798492251e-05
6.549214219707159780e-05
0.000000000000000000e+00
4.028705582496908691e-05
3.868299802893220940e-05
4.751851052383706012e-05
5.656945535877188193e-05
8.776005082950065624e-05
4.605262484365167219e-05
4.974957102896503992e-05
5.563085597911672378e-05
5.427875609921994096e-05
5.504264111355654303e-05
4.669760764377717033e-05
3.374152989067674143e-05
6.408971001194262043e-05
6.890145659285171296e-05
8.779672396608616096e-05
0.000000000000000000e+00
5.254409933299758744e-05
0.000000000000000000e+00
4.185737002008948159e-05
9.532994107539638365e-05
5.038328253738198108e-05
6.325106726573826213e-05
3.812709649679224219e-05
5.302410600870088083e-05
3.068121112409509423e-05
9.532994107539638365e-05
4.481990586046994719e-05
5.169184059470990423e-05
5.006318963536449113e-05
4.151897497576786293e-05
3.928805168106675502e-05
4.485051088233498433e-05
5.121189064389586196e-05
2.436726143653872387e-05
6.138725484474319536e-05
5.043610451732236463e-05
4.173543943173377090e-05
6.518981506771717878e-05
4.302499289550639345e-05
3.756086813522288142e-05
5.932979136735523927e-05
6.695372557514541096e-05
5.459083552494079666e-05
6.280520666006291560e-05
3.223830869028189184e-05
5.571037833349823105e-05
5.323712161552681798e-05
5.811946288158876850e-05
4.187305226697608356e-05
3.763764410919116018e-05
1.147570371453951167e-04
6.250452298992484183e-05
2.713185640081409314e-05
4.915667096718923400e-05
5.043610451732236463e-05
0.000000000000000000e+00
2.891642825116689166e-05
4.733309413442446698e-05
6.001987562649641609e-05
5.302410600870088083e-05
4.150749716018982107e-05
4.564250181923510628e-05
4.376368100866861359e-05
5.289469822174731141e-05
5.874433859929755175e-05
4.779453763987991246e-05
5.147005149674524309e-05
4.530145203803622649e-05
0.000000000000000000e+00
4.808931597085131703e-05
0.000000000000000000e+00
3.153401824877695377e-05
4.721833143533525276e-05
1.129097615152724164e-04
3.046036175171385358e-05
4.952851340442061806e-05
3.899033430739235422e-05
5.354463863500300214e-05
5.645626482066558923e-05
6.211507874009098286e-05
4.953638784684336098e-05
5.630628262656231660e-05
3.706997143676308280e-05
4.556803281735779404e-05
1.101588554108137952e-04
4.640756158598434466e-05
4.142877499115540100e-05
4.009380938072051024e-05
5.318054366890980714e-05
4.277934973173547933e-05
6.612436960509524692e-05
4.476963726200955770e-05
6.737183816619248726e-05
3.164839008636072075e-05
4.254162309679839903e-05
3.191150768133749389e-05
6.060617348940670109e-05
0.000000000000000000e+00
5.802130916733823417e-05
5.500391901124061745e-05
6.347974687895174459e-05
8.236130705492629141e-05
4.469021619354437036e-05
2.896608580561464821e-05
4.567486556021142617e-05
4.394303721174588076e-05
3.332392944337384026e-05
5.272641653387013605e-05
2.839436514380690377e-05
6.628912790932077795e-05
3.270585166605287976e-05
2.891642825116689166e-05
4.117839410352053372e-05
5.656945535877188193e-05
6.387322318259789418e-05
4.931401138375240273e-05
4.842549768084104188e-05
6.010700525982707129e-05
5.655576936080945229e-05
4.723315418011483539e-05
0.000000000000000000e+00
0.000000000000000000e+00
6.555434663957743723e-05
4.133546372073743086e-05
3.774628841504593606e-05
3.164839008636072075e-05
3.443134271797795544e-05
5.096956535744798331e-05
0.000000000000000000e+00
1.012783816468697349e-04
3.899636809825319676e-05
5.663246059070255694e-05
3.714374657487333372e-05
5.699455616280234581e-05
3.269622677650295818e-05
4.046996731259555103e-05
4.896994295842909116e-05
5.043629758605452240e-05
3.734078935601095291e-05
4.301528042555091116e-05
3.647794928707442024e-05
4.049926172996063436e-05
3.868299802893220940e-05
5.949602683902772564e-05
3.917453268168309330e-05
3.789774236142583094e-05
0.000000000000000000e+00
3.152514876639994949e-05
7.263165255236474021e-05
4.754615025636279408e-05
5.995173103183202884e-05
3.711094669766640844e-05
5.731396115912429433e-05
2.075934645930253698e-05
3.106920525851089555e-05
9.208244709120477376e-05
5.173297600987052428e-05
0.000000000000000000e+00
2.784903363470317067e-05
5.741836712177330075e-05
6.704444786548461124e-05
4.123076369548553638e-05
8.360693945490228415e-05
7.011931752499106594e-05
9.768448577843865581e-05
5.867487288041481352e-05
4.150345253285520866e-05
4.301528042555091116e-05
3.987611800302049087e-05
3.368968940937004111e-05
7.097751374359357332e-05
8.061578468191480881e-05
9.532994107539638365e-05
6.249489443178525723e-05
5.895974925227099396e-05
3.982795106553488980e-05
4.879901937877413013e-05
4.234024208291911791e-05
2.810235240799697590e-05
0.000000000000000000e+00
0.000000000000000000e+00
5.835973658318532984e-05
4.622327361726227823e-05
3.222199311512639224e-05
3.861579345416734813e-05
5.689190616929210411e-05
5.687661563806469932e-05
4.622832376600562859e-05
3.158213305245090319e-05
3.718119097724596192e-05
5.304408183717693686e-05
3.495183405365326850e-05
4.190054244738846209e-05
1.221066439398091623e-04
3.085993087899604163e-05
4.196184475636443554e-05
0.000000000000000000e+00
4.103836079355690505e-05
4.938666952483789868e-05
7.819583286838193347e-05
4.613230011231141760e-05
5.676873133242927005e-05
4.512601573735863569e-05
3.033976634079503688e-05
4.558363986090676598e-05
4.360843858426537471e-05
4.622832376600562859e-05
4.313306050075386343e-05
4.275687439214784788e-05
3.759860994231021582e-05
3.750475439231617896e-05
9.616978258751870772e-05
5.443651591169081495e-05
9.261306203198455911e-05
3.195228729346659256e-05
5.810100352090786087e-05
4.727764383583252261e-05
3.753398470819516668e-05
5.198451830778004587e-05
5.803775020734912380e-05
0.000000000000000000e+00
3.803989072798899963e-05
4.730823734385115810e-05
5.396895499024314407e-05
3.170708500279616996e-05
4.992361801418818145e-05
5.907545782768146601e-05
3.422773099080459922e-05
6.064895157884490201e-05
6.771793015435862188e-05
6.362136842326839416e-05
4.656037384473460985e-05
8.004654182380865120e-05
5.323712161552681798e-05
4.978946919967070748e-05
8.460097581778888763e-05
5.781385367106770407e-05
3.770546048319311334e-05
5.843975769258743109e-05
3.926892415000893022e-05
5.651542338544307510e-05
5.551306225460953014e-05
4.927143523611185672e-05
4.098000998857342187e-05
6.138725484474319536e-05
5.504264111355654303e-05
5.941929641279231604e-05
7.274447890054233027e-05
6.496464272083636083e-05
5.316789848726400806e-05
5.477912042412870914e-05
5.420520723455881859e-05
0.000000000000000000e+00
9.607718249339533621e-05
3.941974901160895796e-05
3.233664031564884792e-05
4.476963726200955770e-05
3.177712099099785768e-05
4.250797525824593780e-05
4.729401402717232548e-05
0.000000000000000000e+00
5.365862831913976614e-05
6.868019564894867483e-05
9.011845665706774418e-05
5.457321200527257075e-05
5.679326271917831110e-05
4.948114753403585353e-05
4.665479161553582867e-05
4.931857405033980633e-05
3.440064743038399230e-05
3.642903993791112542e-05
2.525953983340225353e-05
9.540912563249542193e-05
3.106920525851089555e-05
0.000000000000000000e+00
6.401138747791305776e-05
5.235427552022685284e-05
4.728127144638699148e-05
9.934684461358339873e-05
4.645845171190453614e-05
4.702212779870309600e-05
5.563085597911672378e-05
6.513727898446267117e-05
0.000000000000000000e+00
6.632472855772891395e-05
0.000000000000000000e+00
0.000000000000000000e+00
2.077581929177513593e-05
2.912942071253730593e-05
4.032241072835679349e-05
6.571902921745306780e-05
0.000000000000000000e+00
5.169184059470990423e-05
9.133392304726500703e-05
4.995089070659662855e-05
2.807154509079835434e-05
4.021747715599145392e-05
3.397650084291770447e-05
4.264748910081601397e-05
6.411769063653000348e-05
7.169561732539421017e-05
3.469608518464862245e-05
6.150527451576290609e-05
0.000000000000000000e+00
9.893678654442491724e-05
0.000000000000000000e+00
0.000000000000000000e+00
3.753398470819516668e-05
4.750544606424643267e-05
0.000000000000000000e+00
3.844138410559927617e-05
4.150749716018982107e-05
4.360886646080613233e-05
5.472249188732638452e-05
4.269308988253513670e-05
6.910014416006616709e-05
4.669760764377717033e-05
4.491372397933841572e-05
4.218439239986957731e-05
3.269622677650295818e-05
3.725462545500360454e-05
3.753398470819516668e-05
1.421879522415859837e-04
0.000000000000000000e+00
0.000000000000000000e+00
4.009380938072051024e-05
2.970449119244977044e-05
2.749830954897675617e-05
3.510789905436179564e-05
1.221066439398091623e-04
6.581416416541564026e-05
3.438435679289906003e-05
5.731396115912429433e-05
4.350024833300918580e-05
0.000000000000000000e+00
6.273297871692966614e-05
0.000000000000000000e+00
6.305481632139596081e-05
5.147005149674524309e-05
3.763476932414564071e-05
5.088053778244029131e-05
0.000000000000000000e+00
0.000000000000000000e+00
3.618237114464894978e-05
0.000000000000000000e+00
4.912318803783975838e-05
9.540912563249542193e-05
0.000000000000000000e+00
3.853866900646783452e-05
4.350743288842913171e-05
5.708748225369351253e-05
8.215385140906604977e-05
3.771008615657734547e-05
5.258561435887339084e-05
5.336195834135254993e-05
4.430220694426849478e-05
4.567616231550931461e-05
4.191173257445643169e-05
5.731396115912429433e-05
0.000000000000000000e+00
3.813316561961143172e-05
4.979655724488426486e-05
4.357612315584381049e-05
5.843975769258743109e-05
4.394789189924103103e-05
4.846845774865083707e-05
5.089824250264135324e-05
4.938666952483789868e-05
5.358630234192019506e-05
8.613565829315441788e-05
0.000000000000000000e+00
5.235427552022685284e-05
4.656037384473460985e-05
7.494057235419170797e-05
2.284761144583264558e-05
4.391547410921463806e-05
5.169184059470990423e-05
4.608152489082266158e-05
5.304408183717693686e-05
5.291443437974131873e-05
0.000000000000000000e+00
3.130036706300354298e-05
5.343326989828097899e-05
4.009380938072051024e-05
0.000000000000000000e+00
3.397453024482185633e-05
4.874760888488106528e-05
4.950491457665885068e-05
0.000000000000000000e+00
8.486863811307365345e-05
7.374748885298438921e-05
3.869035765579783811e-05
4.928139221478625452e-05
0.000000000000000000e+00
4.159677162093220165e-05
3.945155495521413284e-05
3.189424058147857029e-05
3.269622677650295818e-05
0.000000000000000000e+00
7.386673885951399062e-05
3.760704670163400246e-05
0.000000000000000000e+00
4.996941212218308895e-05
1.336664724168679444e-04
3.061003450167195939e-05
5.888472434958636175e-05
8.624279102835138782e-05
3.830933308044044174e-05
4.056744703721861667e-05
3.647794928707442024e-05
2.366672066043701977e-05
5.514544780260952252e-05
0.000000000000000000e+00
3.512931529223412252e-05
3.866459406396722956e-05
1.158378877724786543e-04
5.780441444043133196e-05
4.187305226697608356e-05
3.052707087800176516e-05
1.084854483351146954e-04
4.089527590738921458e-05
2.441728731863869242e-05
7.028394116123734146e-05
5.699455616280234581e-05
5.846829636451341176e-05
3.718119097724596192e-05
6.866017939582390328e-05
6.710831511795741205e-05
5.139411521859950252e-05
8.868805146779405854e-05
0.000000000000000000e+00
7.792953900464807623e-05
6.942607942047946594e-05
4.779453763987991246e-05
3.903462563897449174e-05
3.648020160773624585e-05
4.358606290092175464e-05
4.669415132482436563e-05
3.842816787066050664e-05
3.711094669766640844e-05
3.711094669766640844e-05
4.360886646080613233e-05
4.947356494900294251e-05
0.000000000000000000e+00
4.729401402717232548e-05
4.350024833300918580e-05
5.741836712177330075e-05
3.191150768133749389e-05
4.857059332267228132e-05
4.360843858426537471e-05
5.114165283819042539e-05
8.215385140906604977e-05
0.000000000000000000e+00
4.416199694924325840e-05
4.357612315584381049e-05
4.418545533309789112e-05
9.616062803753244877e-05
0.000000000000000000e+00
6.330566837586626774e-05
4.454319613739352783e-05
5.046279310407084020e-05
4.594763838765907965e-05
4.948114753403585353e-05
5.777601266595446395e-05
3.176675769511187362e-05
3.897388248213721199e-05
3.435636917120613173e-05
0.000000000000000000e+00
0.000000000000000000e+00
8.853195515375258267e-05
4.317061037516883962e-05
4.017512012260389474e-05
4.318363964671733041e-05
6.230507118935843850e-05
3.820144621450921249e-05
0.000000000000000000e+00
3.354152690138289942e-05
3.075790519484357778e-05
8.486863811307365345e-05
7.219756156666475174e-05
3.770945977088593540e-05
1.737351238967783443e-05
6.015919419764493507e-05
3.370790061620840158e-05
0.000000000000000000e+00
0.000000000000000000e+00
7.770458332156333415e-05
1.944716824806479118e-05
3.130036706300354298e-05
0.000000000000000000e+00
4.388700581905536307e-05
3.438435679289906003e-05
5.010378037488463082e-05
7.838093836355381622e-05
4.731384852442543871e-05
3.438435679289906003e-05
4.314626466348058783e-05
3.354152690138289942e-05
5.471650551876783985e-05
3.951754074106700977e-05
4.091494866933616329e-05
2.970449119244977044e-05
3.695568185595203201e-05
3.620057693475592933e-05
2.546532007177750045e-05
4.357612315584381049e-05
0.000000000000000000e+00
0.000000000000000000e+00
2.325570360589949924e-05
1.541676910359770873e-04
0.000000000000000000e+00
4.761092549710869190e-05
3.191150768133749389e-05
4.359520380869642630e-05
4.451200173732165473e-05
3.223830869028189184e-05
0.000000000000000000e+00
5.992808686181284015e-05
0.000000000000000000e+00
6.643280677672279725e-05
3.331470726921817422e-05
9.073036143478313792e-05
6.868019564894867483e-05
6.064895157884490201e-05
4.454134528881413492e-05
3.653849158098592054e-05
0.000000000000000000e+00
0.000000000000000000e+00
5.624424052982889553e-05
5.665586032680052853e-05
4.592339407739892140e-05
2.436726143653872387e-05
6.042194617601027935e-05
3.546279396047711635e-05
3.897388248213721199e-05
4.101417677946247829e-05
0.000000000000000000e+00
4.503991673088664362e-05
5.620208118198466603e-05
3.191150768133749389e-05
4.463177421138104020e-05
3.191150768133749389e-05
5.367630650109770133e-05
1.084854483351146954e-04
3.404533017551460454e-05
3.558283103208584422e-05
4.202068691285826697e-05
4.301528042555091116e-05
3.842829518775340338e-05
2.946520319853225298e-05
4.954747855278175092e-05
2.444727949435478235e-05
3.216332547373614150e-05
6.290521768466168665e-05
0.000000000000000000e+00
8.115530386383108807e-05
4.840615594740721315e-05
4.003547129504707509e-05
0.000000000000000000e+00
4.531728083101661732e-05
2.954434166752990787e-05
7.185285965275233302e-05
7.650615938471376281e-05
4.977507848668161482e-05
7.819583286838193347e-05
8.360366377689544722e-05
3.631524326971594970e-05
9.321317412070856412e-05
3.440064743038399230e-05
3.083185990872425403e-05
1.233296844246146507e-04
3.470193988051462883e-05
4.213530200092385720e-05
4.608034376026667758e-05
0.000000000000000000e+00
0.000000000000000000e+00
3.759860994231021582e-05
0.000000000000000000e+00
5.266235428320382604e-05
0.000000000000000000e+00
4.644408154431358993e-05
3.785176739179107693e-05
9.161279038839836983e-05
4.176381282299151048e-05
4.196184475636443554e-05
0.000000000000000000e+00
3.804181925343511490e-05
5.149338831205662562e-05
4.239741014934244131e-05
4.339484179681509342e-05
1.108817338418231757e-04
4.180027088667952190e-05
3.759860994231021582e-05
6.767778873877678834e-05
0.000000000000000000e+00
4.146059006131933754e-05
2.325307461581380819e-05
0.000000000000000000e+00
2.974583708420309831e-05
3.027033907008461791e-05
0.000000000000000000e+00
0.000000000000000000e+00
3.664128886940444079e-05
4.173543943173377090e-05
3.351653658396285229e-05
5.096956535744798331e-05
5.316789848726400806e-05
0.000000000000000000e+00
4.541707862277503412e-05
4.481990586046994719e-05
4.056744703721861667e-05
6.048564732993424510e-05
8.520418949952907116e-05
0.000000000000000000e+00
1.026652510460350823e-04
3.075905738220029764e-05
4.142877499115540100e-05
6.643280677672279725e-05
6.521881836255454575e-05
3.322717395885047009e-05
6.246405726991227268e-05
0.000000000000000000e+00
4.982595798893517348e-05
8.258743111510037942e-05
5.699455616280234581e-05
4.362048299999763545e-05
4.185079629265260555e-05
6.704444786548461124e-05
3.759860994231021582e-05
6.612436960509524692e-05
0.000000000000000000e+00
5.521820507827028920e-05
2.326969621636692365e-05
4.689699718863259771e-05
5.990491792202077697e-05
5.651542338544307510e-05
6.138725484474319536e-05
4.840615594740721315e-05
3.792986799107372621e-05
0.000000000000000000e+00
0.000000000000000000e+00
7.792953900464807623e-05
4.003547129504707509e-05
3.867323143646152141e-05
3.725462545500360454e-05
4.847075558695295843e-05
4.896994295842909116e-05
8.668477113297785169e-05
3.503447848161587080e-05
5.971999557695008553e-05
6.789899850561813320e-05
3.753398470819516668e-05
4.219863407570213223e-05
6.084329466174745563e-05
4.940186977456891335e-05
8.135044574956453670e-05
5.105673264938513699e-05
5.708748225369351253e-05
0.000000000000000000e+00
5.923769009316317148e-05
3.446475408195542829e-05
3.393781804353524525e-05
4.376368100866861359e-05
5.533979340613298160e-05
0.000000000000000000e+00
0.000000000000000000e+00
7.087052612373328847e-05
6.695372557514541096e-05
3.576245209079433973e-05
2.075934645930253698e-05
5.689190616929210411e-05
3.269622677650295818e-05
3.949521241585117823e-05
6.278756386590052534e-05
4.530145203803622649e-05
7.011931752499106594e-05
0.000000000000000000e+00
4.613230011231141760e-05
4.250884967151532276e-05
2.441728731863869242e-05
9.616062803753244877e-05
2.713185640081409314e-05
1.147570371453951167e-04
0.000000000000000000e+00
4.437140176732708201e-05
5.679326271917831110e-05
9.227787595462308358e-05
1.944716824806479118e-05
4.017075886671393070e-05
4.135496565917420978e-05
6.711902599400640509e-05
5.500391901124061745e-05
5.096956535744798331e-05
9.937735506997436605e-05
6.042194617601027935e-05
4.534919587482546952e-05
6.659491531463179368e-05
3.823614827221367794e-05
4.360886646080613233e-05
0.000000000000000000e+00
5.518131745390855741e-05
5.365862831913976614e-05
8.776005082950065624e-05
3.051735367793525887e-05
1.225763572965401192e-04
0.000000000000000000e+00
4.751851052383706012e-05
6.478046152348490214e-05
3.143889054674150622e-05
4.201642681700834406e-05
5.518131745390855741e-05
2.889936955225434992e-05
5.500998147428753178e-05
3.774628841504593606e-05
8.486863811307365345e-05
4.702212779870309600e-05
2.972147485900164358e-05
0.000000000000000000e+00
3.985395886839480651e-05
3.853866900646783452e-05
3.664128886940444079e-05
5.266235428320382604e-05
8.868805146779405854e-05
7.650615938471376281e-05
5.500998147428753178e-05
6.183966183566154027e-05
4.433942416545798954e-05
2.419071594395696536e-05
3.756086813522288142e-05
6.232046781844333941e-05
4.392666964532051708e-05
3.349035486239112629e-05
2.874035431269272685e-05
