5.757579802860504150e+11
5.051088616661630249e+11
0.000000000000000000e+00
4.659560998601778564e+11
7.824936707052183838e+11
7.047443218432288818e+11
7.113015146974796143e+11
5.727461130417386475e+11
4.812146461710257568e+11
4.482835500155330811e+11
0.000000000000000000e+00
4.914720752218504028e+11
6.254184708498697510e+11
5.833969938835799561e+11
4.775203546939071045e+11
4.137806504820022583e+11
0.000000000000000000e+00
0.000000000000000000e+00
6.180837366990411377e+11
7.285218752639124756e+11
0.000000000000000000e+00
4.079854342804556274e+11
5.103564576914453735e+11
5.242216237129403687e+11
7.483172996358496094e+11
4.633522732870374146e+11
5.384222286193602905e+11
5.481669949354306030e+11
0.000000000000000000e+00
4.484965898921912842e+11
0.000000000000000000e+00
0.000000000000000000e+00
0.000000000000000000e+00
4.707315567362689209e+11
0.000000000000000000e+00
8.474461387920843506e+11
0.000000000000000000e+00
0.000000000000000000e+00
5.051088616661630249e+11
0.000000000000000000e+00
0.000000000000000000e+00
4.378501743005659180e+11
5.526092196524383545e+11
4.442581972151354980e+11
8.781799415115292969e+11
4.683073234051207275e+11
5.394568525804367065e+11
0.000000000000000000e+00
7.496311498745417480e+11
4.818340226402304688e+11
4.424836403820947266e+11
0.000000000000000000e+00
4.400281828307661133e+11
0.000000000000000000e+00
4.815017238667453003e+11
5.644003785915266113e+11
4.641687354393020630e+11
4.769193115137880249e+11
5.175767142043959351e+11
0.000000000000000000e+00
5.395753305557921753e+11
1.149021276375032959e+12
0.000000000000000000e+00
4.306649560354377441e+11
4.768587681249988403e+11
4.368437301579807129e+11
4.936846367330993652e+11
3.950686135240748901e+11
4.632115979649644775e+11
6.376939872037415771e+11
4.677664583966648560e+11
7.155550187105472412e+11
7.068662966868857422e+11
0.000000000000000000e+00
6.202929473860001221e+11
0.000000000000000000e+00
5.442761944091091919e+11
5.473095716776238403e+11
0.000000000000000000e+00
0.000000000000000000e+00
0.000000000000000000e+00
4.846234961034966431e+11
6.343566829013358154e+11
0.000000000000000000e+00
1.047127733460648071e+12
7.928403790570706787e+11
5.080071450681835938e+11
4.816570160279063110e+11
0.000000000000000000e+00
6.867623571722346191e+11
4.560571441196260376e+11
0.000000000000000000e+00
0.000000000000000000e+00
8.221307606761092529e+11
0.000000000000000000e+00
6.700159674719672852e+11
0.000000000000000000e+00
6.741316893590989990e+11
5.881303825652705078e+11
6.153207324934317627e+11
6.395793317632235107e+11
7.113015146974796143e+11
6.153805600256607666e+11
0.000000000000000000e+00
6.186669902911735840e+11
6.498186037186778564e+11
5.727642415952307129e+11
6.322321800026099854e+11
7.478640168408178711e+11
7.071879006734078369e+11
6.980706086054298096e+11
5.064294192925402832e+11
6.920329733961052246e+11
0.000000000000000000e+00
6.074343875605595703e+11
7.321691165080954590e+11
7.987337122348852539e+11
8.608251442781796875e+11
7.739640044998463135e+11
0.000000000000000000e+00
7.679445233551516113e+11
7.534002812848435059e+11
4.187577898172973022e+11
6.691307345438076172e+11
6.285025112176303711e+11
0.000000000000000000e+00
6.186975417753216553e+11
6.402868865708372803e+11
5.418477198328739624e+11
7.802590274410902100e+11
8.385055928230599365e+11
7.580923418928754883e+11
7.822435789246661377e+11
6.339621433750175781e+11
7.917954446734339600e+11
0.000000000000000000e+00
5.707754643461594238e+11
0.000000000000000000e+00
7.085663745631837158e+11
5.458111375288548584e+11
0.000000000000000000e+00
7.110658714294993896e+11
7.113015146974796143e+11
4.841364908798710327e+11
5.597502040062915039e+11
5.671186479842285156e+11
5.741941899605260010e+11
4.698698894251907349e+11
5.007845485124540405e+11
6.032792316224737549e+11
8.122674124673414307e+11
7.700929873045288086e+11
4.192605791868302612e+11
8.159377125821207275e+11
9.000835876499104004e+11
8.443622109524259033e+11
0.000000000000000000e+00
3.738657771464904175e+11
5.459028887937467041e+11
4.455512346043429565e+11
8.500049047132276611e+11
0.000000000000000000e+00
7.306596880738793945e+11
0.000000000000000000e+00
7.687359077169943848e+11
6.759505403874277344e+11
7.310237233737573242e+11
5.627153500733302002e+11
5.618511492898524170e+11
5.229143536610245361e+11
6.662758247415469971e+11
4.822209705135730591e+11
4.864457053850634766e+11
7.231880945068598633e+11
0.000000000000000000e+00
5.420330301188157349e+11
9.548411703305861816e+11
5.307887529039511108e+11
7.171306938077398682e+11
6.555181520050806885e+11
6.702687147244251709e+11
6.694493176947548828e+11
6.786249871660261230e+11
6.294473045844714355e+11
6.943617309568426514e+11
7.544414394754943848e+11
6.605111052428668213e+11
0.000000000000000000e+00
7.097857262276127930e+11
6.572488544555426025e+11
7.216450362378001709e+11
6.899515851119136963e+11
7.216450362378001709e+11
6.753311482963386230e+11
7.505944132600955811e+11
5.719011996158658447e+11
6.019037494590230713e+11
5.365537924069136963e+11
5.665703045148262939e+11
6.076113188113830566e+11
6.380270315870482178e+11
4.996660467446005249e+11
8.264814176504598389e+11
5.836832207469268799e+11
6.626998663770786133e+11
0.000000000000000000e+00
4.554518598995531006e+11
0.000000000000000000e+00
6.025854929916834717e+11
6.082351722039793701e+11
5.881987749640097656e+11
5.232290424088239746e+11
5.051088616661630249e+11
5.381337550250039673e+11
5.091341935769394531e+11
5.370535152050527954e+11
4.545239315160288086e+11
4.659560998601778564e+11
4.639793369989381104e+11
6.021727319803907471e+11
5.776150723311479492e+11
5.351874396762045288e+11
5.618511492898524170e+11
5.244674307670845337e+11
4.697459748669862061e+11
5.547456374339536133e+11
4.089380674667238159e+11
7.246724215486148682e+11
4.137036803099553223e+11
6.604831780944208984e+11
5.484905544378417358e+11
4.590312515656176147e+11
6.074343875605595703e+11
8.261138295518228760e+11
9.548411703305861816e+11
0.000000000000000000e+00
5.288780721800748901e+11
0.000000000000000000e+00
5.064294192925402832e+11
8.781799415115292969e+11
6.021445351272940674e+11
5.722113273942838135e+11
5.770586930108253174e+11
5.876521349720947266e+11
7.001854086380208740e+11
0.000000000000000000e+00
5.242385862673590698e+11
0.000000000000000000e+00
6.569883846396833496e+11
5.729112554271342773e+11
4.786477853610179443e+11
7.102019185010645752e+11
6.230894541130766602e+11
5.515737484391636963e+11
9.527162195150075684e+11
0.000000000000000000e+00
0.000000000000000000e+00
6.057740355126292725e+11
5.982925965812108154e+11
6.476007880123603516e+11
6.526491976670324707e+11
0.000000000000000000e+00
6.395406159611755371e+11
0.000000000000000000e+00
5.811037525906158447e+11
5.929827105646850586e+11
9.629377584970563965e+11
7.032397927871124268e+11
5.488072826793246460e+11
5.384222286193602905e+11
6.234714667626431885e+11
0.000000000000000000e+00
7.928403790570706787e+11
7.200212688615334473e+11
4.775440716777900391e+11
5.029800826294844971e+11
0.000000000000000000e+00
4.889277263700617676e+11
5.302565120970433350e+11
6.096230057847796631e+11
6.786171364123106689e+11
6.236335643257053223e+11
6.291438682387993164e+11
7.419162596612033691e+11
7.956198056804197998e+11
8.263373658410549316e+11
5.615049934696535645e+11
5.234161052309545288e+11
4.306649560354377441e+11
4.788895383228107910e+11
8.341268843064489746e+11
5.625250252966101074e+11
7.414655412541989746e+11
6.550949412926873779e+11
6.189943932127121582e+11
6.190835069321959229e+11
0.000000000000000000e+00
6.303486970422091064e+11
8.961935885317403564e+11
0.000000000000000000e+00
1.227639576704948730e+12
6.386074512649353027e+11
7.065960093753774414e+11
8.221307606761092529e+11
8.017844855228889160e+11
4.778577004653065186e+11
6.029705154384791260e+11
8.111633113770733643e+11
7.341785538653377686e+11
8.498558728219602051e+11
6.552377896773544922e+11
5.946470735620327148e+11
5.346125707175243530e+11
6.262561479433697510e+11
1.038808879045436890e+12
6.721395997003035889e+11
6.039380406266237793e+11
5.064294192925402832e+11
8.619109777063050537e+11
4.648947252536846313e+11
5.531442117233372803e+11
6.344711689980543213e+11
5.756481635051855469e+11
0.000000000000000000e+00
7.588488121190312500e+11
6.239489442120366211e+11
5.103564576914453735e+11
5.441646391899728394e+11
0.000000000000000000e+00
6.753311482963386230e+11
5.768781816040115967e+11
5.623529680839595947e+11
6.554442390570231934e+11
6.199868740605366211e+11
7.312055246228768311e+11
8.429061264381442871e+11
6.790959375294949951e+11
5.665661736837827148e+11
4.864457053850634766e+11
5.097866284159999390e+11
5.486960442379429321e+11
5.324843221517840576e+11
6.732751336189968262e+11
6.410505912276448975e+11
5.683330060757607422e+11
5.400575861446684570e+11
5.235018786761873169e+11
6.402144213932515869e+11
6.372432239306743164e+11
5.607914934806761475e+11
4.181654117249943848e+11
0.000000000000000000e+00
5.973879836468052979e+11
6.694879303982736816e+11
0.000000000000000000e+00
0.000000000000000000e+00
5.112198217418032837e+11
6.662630556760217285e+11
6.812639781939669189e+11
7.683577309877130127e+11
5.447710863655035400e+11
5.608352643716066895e+11
9.479417359982670898e+11
6.546342818619138184e+11
4.220845374205966797e+11
0.000000000000000000e+00
5.701800492151915283e+11
0.000000000000000000e+00
0.000000000000000000e+00
0.000000000000000000e+00
5.142801132681267090e+11
6.718490645665889893e+11
0.000000000000000000e+00
5.806731701548907471e+11
0.000000000000000000e+00
5.042151085334344482e+11
0.000000000000000000e+00
6.677315078032073975e+11
7.231659204557750244e+11
5.515737484391636963e+11
5.324843221517840576e+11
5.048337095761159668e+11
0.000000000000000000e+00
0.000000000000000000e+00
8.813293122289154053e+11
6.343566829013358154e+11
4.768587681249988403e+11
6.259781826302911377e+11
8.619109777063050537e+11
4.625884808903206177e+11
5.563906466124300537e+11
4.768587681249988403e+11
0.000000000000000000e+00
6.529900670230607910e+11
5.418477198328739624e+11
5.232290424088239746e+11
0.000000000000000000e+00
6.283712568398625488e+11
5.246254072010049438e+11
5.266441720018640137e+11
7.164508106062387695e+11
6.080568206724868164e+11
6.487618590793074951e+11
6.908928181357418213e+11
6.021445351272940674e+11
7.344433535286280518e+11
6.135894125679071045e+11
9.862752577038299561e+11
8.781799415115292969e+11
5.600492135317291260e+11
6.880692268328317871e+11
1.050145836605693726e+12
7.308771100848646240e+11
6.834187842894003906e+11
8.127216586112076416e+11
0.000000000000000000e+00
4.816570160279063110e+11
7.985722762362171631e+11
4.085423383807717285e+11
5.515737484391636963e+11
7.190583863497177734e+11
6.449877132468132324e+11
5.299019464621038818e+11
0.000000000000000000e+00
5.533346897906815186e+11
9.712388255083837891e+11
5.986976632656444092e+11
5.739785268001413574e+11
6.769331053234188232e+11
7.641670193650576172e+11
0.000000000000000000e+00
7.565348855194869385e+11
6.621657523007120361e+11
5.105034964915062866e+11
7.588488121190312500e+11
5.968437449112641602e+11
5.918798282041688232e+11
5.941327594007247314e+11
6.802401311549086914e+11
5.258128785364347534e+11
7.812080169577570801e+11
6.900737746387958984e+11
5.370535152050527954e+11
0.000000000000000000e+00
4.755471542645988770e+11
5.240310852501890259e+11
0.000000000000000000e+00
5.395377555198631592e+11
0.000000000000000000e+00
6.076113188113830566e+11
6.727380036907678223e+11
5.142801132681267090e+11
6.194038938566566162e+11
0.000000000000000000e+00
7.399318216477176514e+11
7.159953155908413086e+11
5.016904225423336792e+11
7.321853415134718018e+11
8.351487897032121582e+11
4.774919764435541382e+11
5.886058548279715576e+11
0.000000000000000000e+00
0.000000000000000000e+00
8.993874608693206787e+11
0.000000000000000000e+00
0.000000000000000000e+00
7.069368749624039307e+11
0.000000000000000000e+00
5.588146521908527832e+11
0.000000000000000000e+00
7.472252612152419434e+11
6.012551384576191406e+11
5.583361953603668213e+11
5.729112554271342773e+11
4.769667616867897339e+11
5.623529680839595947e+11
5.927138842812663574e+11
5.855284790900847168e+11
5.841744586499641113e+11
6.113979194708489990e+11
6.886033517605639648e+11
6.720912309031875000e+11
4.694833216222413940e+11
4.639793369989381104e+11
7.163629849929158936e+11
9.712388255083837891e+11
0.000000000000000000e+00
4.959835521135250244e+11
0.000000000000000000e+00
5.113185428233203125e+11
8.370261359870430908e+11
7.112746018341109619e+11
7.322819534895665283e+11
6.386074512649353027e+11
5.701800492151915283e+11
5.167538324281110840e+11
5.247695186863302612e+11
6.790959375294949951e+11
5.385501693105161743e+11
6.130988455769749756e+11
5.671922376244527588e+11
6.649511645187145996e+11
5.543717850517500000e+11
4.914720752218504028e+11
9.535107260449885254e+11
0.000000000000000000e+00
7.097857262276127930e+11
4.089380674667238159e+11
5.776150723311479492e+11
5.194073874815752563e+11
1.016458952151748901e+12
6.769685011027155762e+11
4.875752740159978027e+11
7.089023461559036865e+11
5.526092196524383545e+11
5.386253462756652222e+11
0.000000000000000000e+00
7.076672217738157959e+11
5.394568525804367065e+11
5.002559407163365479e+11
6.374710882737160645e+11
0.000000000000000000e+00
3.905222284682749023e+11
6.221264468250476074e+11
0.000000000000000000e+00
7.282357579025877686e+11
4.818862891555758667e+11
4.697459748669862061e+11
4.914720752218504028e+11
4.937722329499840088e+11
6.092107278542022705e+11
5.965062365194978027e+11
0.000000000000000000e+00
6.673838595012049561e+11
0.000000000000000000e+00
5.917415096878942871e+11
6.329434396254670410e+11
7.097857262276127930e+11
6.248928653565305176e+11
6.426566374788572998e+11
0.000000000000000000e+00
5.172019413530120239e+11
6.551049657167518311e+11
6.529561479318604736e+11
1.027377392339741943e+12
5.623529680839595947e+11
7.110658714294993896e+11
6.907655211622885742e+11
7.253234660951114502e+11
4.992434273159677124e+11
4.847479229846354370e+11
7.652143646567740479e+11
1.085836471102441895e+12
0.000000000000000000e+00
4.914357118675154419e+11
5.446678953018467407e+11
1.035412808983580200e+12
4.937722329499840088e+11
6.412960468064865723e+11
4.877283987799287720e+11
0.000000000000000000e+00
7.233073854773996582e+11
0.000000000000000000e+00
7.758976450427197266e+11
6.431305229685278320e+11
6.153207324934317627e+11
0.000000000000000000e+00
6.074077726666614990e+11
5.883267133832994385e+11
4.384598471535621948e+11
5.465143400792321167e+11
4.834276630918934326e+11
3.882489412611842041e+11
6.089604981260596924e+11
7.386544664876668701e+11
5.586067698746129150e+11
4.276313481448937378e+11
4.147123018693911133e+11
5.133231096447659912e+11
6.969286089157613525e+11
0.000000000000000000e+00
7.781581296373387451e+11
4.768587681249988403e+11
6.431305229685278320e+11
6.836079792269963379e+11
6.745560505673681641e+11
8.532264013301923828e+11
6.959241931598413086e+11
8.307479637668405762e+11
6.720912309031875000e+11
6.061375935411024170e+11
5.873702623111160889e+11
1.022219545172648193e+12
5.988600978552662354e+11
6.423915962672155762e+11
7.962428305741710205e+11
4.846234961034966431e+11
0.000000000000000000e+00
0.000000000000000000e+00
5.162484962182749023e+11
5.776150723311479492e+11
7.208742860817507324e+11
0.000000000000000000e+00
4.604645797035704956e+11
7.471866404100119629e+11
6.469661785537619629e+11
7.699492979976298828e+11
6.302832344477259521e+11
9.148002071326163330e+11
0.000000000000000000e+00
0.000000000000000000e+00
7.628814563401353760e+11
0.000000000000000000e+00
5.251114360267167969e+11
0.000000000000000000e+00
6.469661785537619629e+11
5.666517185139183350e+11
5.260710559499525146e+11
5.114139408683049316e+11
4.648947252536846313e+11
4.701719581330487671e+11
0.000000000000000000e+00
8.961935885317403564e+11
5.674489670360114746e+11
5.838386564017374268e+11
7.171306938077398682e+11
6.538787612564034424e+11
4.228944038495000610e+11
4.232758346030123291e+11
4.399292300649265137e+11
5.234161052309545288e+11
6.552146360189077148e+11
5.794415788343570557e+11
6.369663360811098633e+11
7.383391602113746338e+11
6.286137063844935303e+11
0.000000000000000000e+00
5.882866877328632812e+11
4.763515901188526001e+11
6.735211501809809570e+11
7.429044048714559326e+11
0.000000000000000000e+00
5.809220614901273193e+11
6.623024444898160400e+11
5.543717850517500000e+11
0.000000000000000000e+00
4.373887799430525513e+11
6.721395997003035889e+11
3.882489412611842041e+11
5.152843975361279907e+11
6.776830741514970703e+11
4.958238769456877441e+11
4.712211159644913940e+11
0.000000000000000000e+00
0.000000000000000000e+00
5.259113429982694092e+11
5.729112554271342773e+11
7.803451852963847656e+11
7.468239862218067627e+11
5.855284790900847168e+11
5.625250252966101074e+11
5.102537020205949097e+11
6.096034321242772217e+11
6.090397037970307617e+11
5.659828737839801025e+11
0.000000000000000000e+00
5.601175409978862305e+11
4.927513050243161011e+11
0.000000000000000000e+00
5.636725128942912598e+11
5.806731701548907471e+11
0.000000000000000000e+00
5.507840036643078613e+11
4.303666218266441650e+11
5.282869256604636230e+11
7.846118100265762939e+11
6.754483914601099854e+11
6.729925658545498047e+11
6.823866083343352051e+11
0.000000000000000000e+00
0.000000000000000000e+00
5.856892093161433105e+11
5.811037525906158447e+11
6.189895648805780029e+11
5.661399467487985840e+11
5.597502040062915039e+11
0.000000000000000000e+00
6.014260623846652832e+11
8.442035336267473145e+11
4.573982809339785156e+11
5.827035222549665527e+11
4.623468983368309937e+11
0.000000000000000000e+00
6.285025112176303711e+11
0.000000000000000000e+00
5.804778568732418213e+11
6.734992774557672119e+11
7.981238798348634033e+11
5.473095716776238403e+11
0.000000000000000000e+00
5.292191934281495972e+11
5.229826458304647827e+11
5.806731701548907471e+11
6.121436097349011230e+11
6.634386525814390869e+11
5.586067698746129150e+11
4.763515901188526001e+11
5.097866284159999390e+11
5.394568525804367065e+11
5.033915225114731445e+11
0.000000000000000000e+00
8.781799415115292969e+11
7.396297286539553223e+11
5.946470735620327148e+11
0.000000000000000000e+00
6.861963258756600342e+11
4.219277630834743042e+11
5.209558331007446289e+11
0.000000000000000000e+00
4.876074756014721069e+11
6.377597394348546143e+11
5.685565050244400635e+11
6.474511363887086182e+11
5.384310670337543335e+11
4.472201826843297729e+11
1.026423331164682617e+12
6.060150053049010010e+11
7.383391602113746338e+11
5.134286318157436523e+11
6.125394601516256104e+11
4.880561857266423340e+11
5.484990155584761353e+11
0.000000000000000000e+00
9.158868279629925537e+11
0.000000000000000000e+00
4.656603505888034058e+11
6.546087923301008301e+11
6.122741649272353516e+11
8.781799415115292969e+11
6.327018363538116455e+11
4.732399684275383911e+11
5.913034989384086914e+11
5.384310670337543335e+11
5.177876145019874268e+11
4.988689632344562988e+11
8.738765083664914551e+11
5.746869464877590332e+11
5.608815577532491455e+11
0.000000000000000000e+00
5.603699665343315430e+11
5.947824080337978516e+11
8.866284443087254639e+11
4.335172392812783813e+11
4.628375627593577271e+11
4.555494819238793945e+11
4.849242381666272583e+11
0.000000000000000000e+00
5.526092196524383545e+11
4.219277630834743042e+11
4.886906795370612183e+11
0.000000000000000000e+00
4.466863466657891846e+11
6.435936969802520752e+11
6.153207324934317627e+11
4.181063593876801758e+11
6.176332361745345459e+11
7.793514639933836670e+11
8.104283225485404053e+11
6.474511363887086182e+11
5.140050488957573242e+11
6.065008341513483887e+11
0.000000000000000000e+00
1.024055788479422974e+12
5.029800826294844971e+11
8.204967595080429688e+11
6.505538029539010010e+11
5.510985232982525635e+11
5.980504303475480957e+11
5.903133338575378418e+11
7.793514639933836670e+11
7.102019185010645752e+11
4.832276440025911865e+11
5.385926566613383179e+11
6.176332361745345459e+11
4.677664583966648560e+11
0.000000000000000000e+00
5.703168601075396729e+11
5.881303825652705078e+11
6.167903316252868652e+11
9.469632964495567627e+11
7.386544664876668701e+11
6.646764539940773926e+11
4.330199122091778564e+11
7.981238798348634033e+11
4.970140621786095581e+11
0.000000000000000000e+00
6.272919845051391602e+11
5.448374125861855469e+11
6.512275415462550049e+11
5.192695879585616455e+11
4.588923043065706177e+11
4.368437301579807129e+11
6.436250069178193359e+11
5.376374800082446289e+11
7.245257512621162109e+11
7.271068537324086914e+11
6.113979194708489990e+11
5.566277363992871094e+11
5.963021413007783203e+11
0.000000000000000000e+00
7.345377992903415527e+11
5.318700886115930786e+11
1.024055788479422974e+12
5.902630098190198975e+11
7.803451852963847656e+11
5.577273559105394287e+11
5.091341935769394531e+11
5.464588666428868408e+11
6.626998663770786133e+11
0.000000000000000000e+00
6.489472270305147705e+11
9.469632964495567627e+11
6.431286646844305420e+11
6.170829323970100098e+11
5.917875434396940918e+11
1.024055788479422974e+12
4.416556492304941406e+11
5.625250252966101074e+11
5.065517977880885010e+11
5.576961043415372314e+11
5.033705445954243164e+11
7.208742860817507324e+11
5.102537020205949097e+11
4.625884808903206177e+11
8.142348513612799072e+11
1.068502934403569580e+12
6.745560505673681641e+11
5.234161052309545288e+11
5.773471037826080322e+11
7.219340456378907471e+11
6.721395997003035889e+11
6.582077182485338135e+11
4.843398833242443848e+11
4.712211159644913940e+11
5.315542077084647217e+11
6.153805600256607666e+11
7.714901408069638672e+11
5.717686415443973389e+11
4.846234961034966431e+11
5.819160870448128662e+11
6.096034321242772217e+11
5.253410248075939941e+11
9.151794265868653564e+11
5.973879836468052979e+11
1.081099274236870117e+12
0.000000000000000000e+00
6.092107278542022705e+11
5.294646646035648193e+11
4.750312476559181519e+11
7.379163611369921875e+11
8.866284443087254639e+11
5.094266134986024780e+11
9.468206638201417236e+11
4.424836403820947266e+11
5.809220614901273193e+11
5.234161052309545288e+11
4.631674147139504395e+11
5.739785268001413574e+11
6.183986086465505371e+11
5.395753305557921753e+11
6.329434396254670410e+11
4.818285962066927490e+11
7.155550187105472412e+11
5.869717255173631592e+11
5.140827189049972534e+11
9.052889838844499512e+11
5.026443006680481567e+11
0.000000000000000000e+00
5.804778568732418213e+11
6.621657523007120361e+11
4.601142959042888184e+11
5.717686415443973389e+11
5.904746982637319336e+11
6.886033517605639648e+11
7.321853415134718018e+11
3.981933472966022949e+11
5.585093802963732910e+11
4.228944038495000610e+11
5.536241759447072754e+11
5.842873976208161621e+11
5.473095716776238403e+11
5.608352643716066895e+11
4.181654117249943848e+11
5.129665673336965332e+11
5.087926314794702148e+11
7.349542750537979736e+11
0.000000000000000000e+00
7.157312580935654297e+11
3.918454965929595947e+11
4.648881593392120361e+11
3.747794814142236938e+11
5.940460282056968994e+11
8.017844855228889160e+11
4.573982809339785156e+11
5.276773930489374390e+11
6.897532306628925781e+11
3.707265114118685913e+11
8.754462835869383545e+11
1.016458952151748901e+12
5.977033628435920410e+11
0.000000000000000000e+00
4.679192785746331787e+11
8.197506190400302734e+11
7.085663745631837158e+11
4.443147066752911377e+11
4.350334905550823364e+11
6.474511363887086182e+11
4.244851828420957642e+11
6.489472270305147705e+11
4.334024203995405273e+11
6.604831780944208984e+11
5.329696492425578613e+11
4.755471542645988770e+11
0.000000000000000000e+00
0.000000000000000000e+00
5.501246625262412109e+11
8.893322468094600830e+11
5.773617549965418701e+11
0.000000000000000000e+00
7.049782393719011230e+11
4.875057818996315308e+11
0.000000000000000000e+00
6.126686298036029053e+11
4.595573236964569092e+11
5.026443006680481567e+11
6.717450954719777832e+11
5.050459050874358521e+11
4.495741744198401489e+11
7.058189238538547363e+11
4.819247278634436646e+11
4.273642250786874390e+11
4.214512974498236084e+11
5.915905227609028320e+11
0.000000000000000000e+00
5.051088616661630249e+11
0.000000000000000000e+00
6.286137063844935303e+11
6.492719192737188721e+11
4.250285291062258911e+11
5.947824080337978516e+11
4.245163169854558105e+11
4.707315567362689209e+11
6.121436097349011230e+11
6.788759303916295166e+11
5.381841604171846313e+11
4.306649560354377441e+11
7.372919568922541504e+11
6.995971776673085938e+11
6.274787756650755615e+11
0.000000000000000000e+00
4.702214325361304932e+11
0.000000000000000000e+00
5.221305468665748901e+11
6.601630642726530762e+11
4.739279459591893921e+11
6.980874354402597656e+11
4.874811452016317139e+11
0.000000000000000000e+00
8.164890887120959473e+11
4.482835500155330811e+11
5.829965568695603027e+11
5.773471037826080322e+11
0.000000000000000000e+00
4.533154549586090698e+11
5.242106858865840454e+11
0.000000000000000000e+00
5.876521349720947266e+11
4.424836403820947266e+11
5.260710559499525146e+11
4.244851828420957642e+11
6.836079792269963379e+11
4.373216614065407104e+11
5.153537293648701172e+11
5.588146521908527832e+11
4.898127717482542725e+11
6.395793317632235107e+11
0.000000000000000000e+00
4.373887799430525513e+11
5.113622791005756226e+11
6.662630556760217285e+11
5.493286271783773804e+11
7.458766741467171631e+11
9.538511820874468994e+11
0.000000000000000000e+00
6.700241521355300293e+11
5.246254072010049438e+11
5.903133338575378418e+11
6.189895648805780029e+11
4.567415091779772949e+11
6.265811536462642822e+11
0.000000000000000000e+00
8.022238463793186035e+11
0.000000000000000000e+00
7.322819534895665283e+11
6.333100197327108154e+11
4.862811506773953857e+11
5.299019464621038818e+11
7.697604462327059326e+11
4.365065060718789062e+11
6.860808253572864990e+11
5.189147968875587769e+11
6.652975410261369629e+11
8.828042299858051758e+11
4.545239315160288086e+11
5.428136774440684204e+11
0.000000000000000000e+00
5.953121270224178467e+11
5.932830494421574707e+11
6.790959375294949951e+11
6.512275415462550049e+11
0.000000000000000000e+00
7.001854086380208740e+11
4.639793369989381104e+11
6.759505403874277344e+11
5.581334878489007568e+11
7.147533287013326416e+11
5.326807976294364624e+11
7.019857221935928955e+11
0.000000000000000000e+00
6.954139073864891357e+11
6.248447983647266846e+11
6.183986086465505371e+11
5.842688503839643555e+11
7.896987924562947998e+11
6.334920483806656494e+11
0.000000000000000000e+00
5.719011996158658447e+11
7.321853415134718018e+11
7.089023461559036865e+11
5.172019413530120239e+11
5.435393331366590576e+11
7.802590274410902100e+11
7.628814563401353760e+11
8.171895798961038818e+11
6.544268334648728027e+11
6.037124556116976318e+11
7.245257512621162109e+11
4.847479229846354370e+11
7.025132407532786865e+11
5.278294487770800781e+11
5.747100132615877686e+11
5.882075559965794678e+11
6.230894541130766602e+11
6.856550284997053223e+11
6.734992774557672119e+11
4.527031219193719482e+11
8.588660092171997070e+11
6.400012725440152588e+11
5.953121270224178467e+11
4.739279459591893921e+11
5.161379937279699707e+11
5.307505501438202515e+11
6.021938845258498535e+11
6.213446584412000732e+11
0.000000000000000000e+00
6.061375935411024170e+11
0.000000000000000000e+00
1.026423331164682617e+12
5.329696492425578613e+11
4.786477853610179443e+11
6.819932958041787109e+11
8.130352019579429932e+11
3.882489412611842041e+11
5.973045465053758545e+11
4.152856871861471558e+11
7.985722762362171631e+11
4.842059970968624268e+11
0.000000000000000000e+00
6.715571415325434570e+11
7.040203446308020020e+11
6.065008341513483887e+11
8.142348513612799072e+11
5.011562882435855713e+11
6.041482808236788330e+11
6.238014679746805420e+11
5.836832207469268799e+11
0.000000000000000000e+00
0.000000000000000000e+00
1.005249800448935913e+12
5.194073874815752563e+11
6.368365626335155029e+11
5.574376062521794434e+11
6.759505403874277344e+11
6.700159674719672852e+11
7.155550187105472412e+11
0.000000000000000000e+00
4.701719581330487671e+11
4.873344786203062134e+11
6.542209055427640381e+11
5.949025619722318115e+11
6.255561498697097168e+11
4.124244217137995605e+11
4.476209176445470581e+11
4.922422641186651001e+11
5.117655987973431396e+11
0.000000000000000000e+00
7.266470516827069092e+11
5.067099156931872559e+11
4.898127717482542725e+11
6.113575834431367188e+11
7.076199343162619629e+11
5.580259687222670898e+11
0.000000000000000000e+00
5.965062365194978027e+11
4.989658272305626221e+11
4.442581972151354980e+11
6.588696798182084961e+11
0.000000000000000000e+00
4.875057818996315308e+11
4.265880409417986450e+11
6.805315343567445068e+11
2.754628295498870117e+12
5.395753305557921753e+11
4.735547820966191406e+11
5.521436516272410889e+11
4.712211159644913940e+11
4.623468983368309937e+11
8.142348513612799072e+11
6.605094223316861572e+11
5.172019413530120239e+11
4.454433302263926392e+11
0.000000000000000000e+00
5.900807355881372070e+11
5.213509086095843506e+11
0.000000000000000000e+00
7.178967634695172119e+11
5.927876235504005127e+11
6.694879303982736816e+11
5.473095716776238403e+11
5.433341438348662109e+11
5.029791124113248901e+11
6.870758230536585693e+11
5.011562882435855713e+11
6.374687013905809326e+11
5.961644695202167969e+11
0.000000000000000000e+00
7.047858284564779053e+11
7.978112141260322266e+11
6.437016771734519043e+11
5.104312237795861206e+11
6.460086785034587402e+11
6.167946260130140381e+11
7.224242910908751221e+11
0.000000000000000000e+00
5.042151085334344482e+11
8.459822792865432129e+11
5.302565120970433350e+11
5.221446911716952515e+11
5.953121270224178467e+11
5.483072775861204834e+11
4.306649560354377441e+11
0.000000000000000000e+00
4.628375627593577271e+11
1.005249800448935913e+12
7.171755806964304199e+11
5.160578894094800415e+11
0.000000000000000000e+00
6.721590601219393311e+11
5.006371223080601807e+11
6.546087923301008301e+11
0.000000000000000000e+00
7.383391602113746338e+11
0.000000000000000000e+00
5.576961043415372314e+11
7.522391445958433838e+11
5.287978738720550537e+11
6.498186037186778564e+11
8.781799415115292969e+11
6.728724277827386475e+11
0.000000000000000000e+00
1.230438600871289795e+12
4.810544164555031128e+11
6.180837366990411377e+11
5.181286254770646362e+11
6.437016771734519043e+11
5.230308873029455566e+11
5.095939757195051880e+11
4.554518598995531006e+11
0.000000000000000000e+00
7.095780030170996094e+11
6.162033315696602783e+11
5.960045690651705322e+11
4.824996294790390015e+11
5.114139408683049316e+11
4.818340226402304688e+11
4.306649560354377441e+11
5.059808370353349609e+11
4.750312476559181519e+11
5.046360146398223877e+11
7.661793839018997803e+11
5.246254072010049438e+11
5.849119439218742676e+11
6.246040601084208984e+11
0.000000000000000000e+00
5.427636407371500244e+11
0.000000000000000000e+00
5.951299750580977783e+11
5.533854176303957520e+11
5.140090907381266479e+11
5.441646391899728394e+11
6.612442021815979004e+11
0.000000000000000000e+00
4.992434273159677124e+11
6.001033298218287354e+11
0.000000000000000000e+00
6.088903363391463623e+11
6.288622248995030518e+11
5.683967730044392090e+11
6.727380036907678223e+11
5.308285459905872192e+11
6.402868865708372803e+11
6.203714359183627930e+11
5.259113429982694092e+11
6.910559910841469727e+11
7.394406819502512207e+11
6.366026200386921387e+11
5.883848099419804688e+11
6.036483542461506348e+11
5.755788299954920654e+11
9.148002071326163330e+11
9.463997482483558350e+11
1.005249800448935913e+12
0.000000000000000000e+00
5.441646391899728394e+11
4.943363850698662720e+11
7.549732656523592529e+11
7.928403790570706787e+11
6.293270864345948486e+11
6.876834744679301758e+11
1.035412808983580200e+12
6.970410187741309814e+11
5.311744706634010010e+11
4.625884808903206177e+11
5.370535152050527954e+11
0.000000000000000000e+00
5.729112554271342773e+11
4.418629167556359863e+11
0.000000000000000000e+00
5.501246625262412109e+11
5.476806677046629028e+11
5.152843975361279907e+11
8.993874608693206787e+11
8.371668534487152100e+11
7.463080871824155273e+11
5.529604784395142822e+11
0.000000000000000000e+00
7.565348855194869385e+11
5.269264455493418579e+11
4.648947252536846313e+11
7.144094627956766357e+11
5.587147516474249268e+11
6.097810826846214600e+11
5.192695879585616455e+11
6.031086850601007080e+11
6.273578741986361084e+11
6.368487097188334961e+11
6.721395997003035889e+11
8.028490885877644043e+11
5.141440737995989380e+11
7.215712592417412109e+11
6.006338383389837646e+11
5.269264455493418579e+11
5.841889699721079102e+11
4.829901003191243896e+11
5.183869915063274536e+11
6.020274441262434082e+11
0.000000000000000000e+00
7.025349384079320068e+11
5.172895906585502319e+11
5.386253462756652222e+11
5.459028887937467041e+11
5.891095580978386230e+11
6.694493176947548828e+11
6.094718450391829834e+11
7.586301154715104980e+11
0.000000000000000000e+00
7.246150564295679932e+11
7.640165249684971924e+11
6.938356417773283691e+11
0.000000000000000000e+00
6.183986086465505371e+11
5.351874396762045288e+11
7.246150564295679932e+11
5.915233161843833008e+11
5.358959357016410522e+11
5.635943220650546875e+11
5.770586930108253174e+11
6.843129597462674561e+11
7.076672217738157959e+11
6.895195665817301025e+11
6.097810826846214600e+11
6.700241521355300293e+11
6.282568211688906250e+11
6.667283762878522949e+11
7.908615931323073730e+11
5.536241759447072754e+11
6.776830741514970703e+11
5.864817796173563232e+11
8.500049047132276611e+11
6.728724277827386475e+11
4.868415992511979370e+11
6.539769479180291748e+11
5.965323340272257080e+11
6.096034321242772217e+11
0.000000000000000000e+00
6.424271680882963867e+11
5.442761944091091919e+11
6.037124556116976318e+11
5.195996847712702026e+11
5.755645151076292725e+11
4.244851828420957642e+11
1.371420208041529541e+12
7.985722762362171631e+11
4.306649560354377441e+11
0.000000000000000000e+00
0.000000000000000000e+00
5.533854176303957520e+11
9.215982964884177246e+11
0.000000000000000000e+00
8.052406695115815430e+11
4.819247278634436646e+11
6.139675291613720703e+11
4.722613143762391357e+11
5.876127826955117188e+11
6.948942918351350098e+11
7.194802152773176270e+11
6.375153554136094971e+11
4.455512346043429565e+11
6.802401311549086914e+11
0.000000000000000000e+00
6.130658718565587158e+11
5.810043978740502930e+11
7.785994504716381836e+11
7.631302282259509277e+11
7.924777934232706299e+11
5.980012626341352539e+11
5.093037662790654297e+11
6.721395997003035889e+11
5.083256592524040527e+11
6.130658718565587158e+11
5.307887529039511108e+11
5.428136774440684204e+11
6.039380406266237793e+11
6.070994427557364502e+11
6.423915962672155762e+11
5.129628616171889648e+11
0.000000000000000000e+00
5.600492135317291260e+11
4.967509232384905396e+11
0.000000000000000000e+00
6.152527268928970947e+11
6.721395997003035889e+11
0.000000000000000000e+00
7.894400523008740234e+11
7.097857262276127930e+11
5.192695879585616455e+11
0.000000000000000000e+00
5.466362406063414307e+11
6.122741649272353516e+11
0.000000000000000000e+00
5.528677366491381836e+11
6.897532306628925781e+11
6.643419164234436035e+11
0.000000000000000000e+00
7.386544664876668701e+11
0.000000000000000000e+00
6.341801481989228516e+11
6.431691593861237793e+11
6.080509546137242432e+11
6.720912309031875000e+11
5.719128832981236572e+11
0.000000000000000000e+00
8.130241234594998779e+11
6.433489652590275879e+11
5.855284790900847168e+11
1.371420208041529541e+12
7.917954446734339600e+11
1.005249800448935913e+12
6.739514236181270752e+11
6.698853435001348877e+11
9.538511820874468994e+11
7.176331235819101562e+11
7.463080871824155273e+11
7.047201174101285400e+11
7.446252598673895264e+11
5.729112554271342773e+11
4.466863466657891846e+11
6.189435499916165771e+11
5.577273559105394287e+11
7.520030710260971680e+11
0.000000000000000000e+00
6.258154814513582764e+11
7.679445233551516113e+11
4.472201826843297729e+11
6.461182519413870850e+11
6.790260513638432617e+11
5.006371223080601807e+11
5.671922376244527588e+11
8.738765083664914551e+11
8.503924009952089844e+11
5.331784906698566284e+11
5.532834857656158447e+11
6.881521853650509033e+11
4.702214325361304932e+11
5.373491317029805908e+11
3.887673595873839722e+11
5.563605387730571289e+11
0.000000000000000000e+00
7.229129926506053467e+11
0.000000000000000000e+00
6.916228275211717529e+11
5.576533375995777588e+11
8.341268843064489746e+11
7.128660513879066162e+11
5.743357016712963867e+11
4.961463712594028320e+11
0.000000000000000000e+00
5.041783916200495605e+11
5.335182510927763672e+11
7.683577309877130127e+11
6.721395997003035889e+11
6.333412977588715820e+11
4.750312476559181519e+11
5.971814070705407715e+11
7.063109809141207275e+11
6.092863960752857666e+11
5.102537020205949097e+11
7.059073930575445557e+11
3.901093687901625977e+11
4.251552839787432251e+11
1.005249800448935913e+12
5.394568525804367065e+11
6.552377896773544922e+11
0.000000000000000000e+00
0.000000000000000000e+00
6.156632553509257812e+11
6.930708052596000977e+11
8.263373658410549316e+11
0.000000000000000000e+00
6.423915962672155762e+11
5.652294731055051270e+11
5.951299750580977783e+11
7.047201174101285400e+11
7.549551329392919922e+11
0.000000000000000000e+00
1.026423331164682617e+12
4.678956591196924438e+11
5.887066499522209473e+11
3.901093687901625977e+11
7.186605115561712646e+11
6.879023617931142578e+11
6.605094223316861572e+11
4.495741744198401489e+11
7.155550187105472412e+11
1.026423331164682617e+12
6.092129900753615723e+11
0.000000000000000000e+00
5.395753305557921753e+11
5.674489670360114746e+11
5.864882449530682373e+11
0.000000000000000000e+00
6.780934212937423096e+11
6.183986086465505371e+11
4.276313481448937378e+11
5.833969938835799561e+11
5.271668848398745728e+11
0.000000000000000000e+00
9.349372531507458496e+11
7.896987924562947998e+11
6.483342868602456055e+11
7.069368749624039307e+11
5.817728622389731445e+11
7.352189733265417480e+11
4.533295745821212769e+11
7.291989459609849854e+11
5.826465218203067627e+11
5.215061761392202148e+11
9.108890071550905762e+11
5.959572593291140137e+11
0.000000000000000000e+00
0.000000000000000000e+00
5.659828737839801025e+11
5.212906913950104980e+11
5.841889699721079102e+11
7.216450362378001709e+11
6.154258222649152832e+11
6.651216505378406982e+11
7.483172996358496094e+11
5.727642415952307129e+11
0.000000000000000000e+00
7.216450362378001709e+11
0.000000000000000000e+00
6.550539464684383545e+11
7.822435789246661377e+11
7.985722762362171631e+11
5.845851460436484375e+11
7.181480530234969482e+11
0.000000000000000000e+00
6.703631817763767090e+11
6.899592715434855957e+11
8.267363133672231445e+11
7.078053813747745361e+11
4.303666218266441650e+11
3.738657771464904175e+11
6.502591278615487061e+11
5.915233161843833008e+11
6.225644218597747803e+11
6.728197518184591064e+11
4.346211862002188110e+11
7.033890815890986328e+11
7.293210959242805176e+11
6.348129039050815430e+11
7.078053813747745361e+11
8.301034299183032227e+11
6.720912309031875000e+11
9.862752577038299561e+11
6.072917905549097900e+11
5.622503422011849365e+11
6.070994427557364502e+11
7.505944132600955811e+11
5.073198934858909302e+11
5.970870143624334717e+11
4.854588175190033569e+11
7.050158417584155273e+11
4.257700761306752930e+11
4.261265891832878418e+11
6.014260623846652832e+11
0.000000000000000000e+00
0.000000000000000000e+00
5.770586930108253174e+11
6.927206760316254883e+11
4.631674147139504395e+11
0.000000000000000000e+00
0.000000000000000000e+00
5.263463083523931885e+11
4.499072300674063721e+11
4.246174493656505127e+11
5.150012817178173828e+11
6.236957173962416992e+11
5.938733913511372070e+11
7.591241225883964844e+11
7.344950931109398193e+11
7.549551329392919922e+11
6.572487228833536377e+11
5.802783522936062012e+11
6.070994427557364502e+11
5.395753305557921753e+11
0.000000000000000000e+00
4.778129263039641724e+11
9.052889838844499512e+11
7.317739538453165283e+11
0.000000000000000000e+00
7.505944132600955811e+11
7.719685512007199707e+11
8.771819449562784424e+11
7.078053813747745361e+11
8.164890887120959473e+11
0.000000000000000000e+00
1.016458952151748901e+12
5.583218753876003418e+11
0.000000000000000000e+00
4.317824743867077026e+11
4.740096956090446777e+11
7.450504387473914795e+11
0.000000000000000000e+00
6.134965938366212158e+11
4.841364908798710327e+11
0.000000000000000000e+00
1.022219545172648193e+12
7.478476168695770264e+11
5.703168601075396729e+11
4.678956591196924438e+11
4.633748169474499512e+11
7.565348855194869385e+11
4.510689508735295410e+11
6.277709947862750244e+11
5.925308430502579346e+11
7.593220865421907959e+11
4.782100966553274536e+11
4.729556298835608521e+11
7.085663745631837158e+11
5.973879836468052979e+11
5.947026395160950928e+11
6.917120961954575195e+11
8.106223662654075928e+11
6.469661785537619629e+11
0.000000000000000000e+00
6.259781826302911377e+11
6.246901341253541260e+11
5.865374235429168701e+11
6.748467751920816650e+11
6.786249871660261230e+11
8.341268843064489746e+11
8.159377125821207275e+11
4.787677267989219971e+11
8.500049047132276611e+11
0.000000000000000000e+00
0.000000000000000000e+00
5.576533375995777588e+11
6.106815382194099121e+11
6.371265672282387695e+11
7.183581082855963135e+11
5.808340273785120850e+11
5.796894374673739014e+11
6.431347679104730225e+11
6.114699517241091309e+11
9.062419448951967773e+11
5.370535152050527954e+11
5.742415634979376221e+11
7.893682288743736572e+11
4.303666218266441650e+11
7.145558870258790283e+11
0.000000000000000000e+00
6.509466216136754150e+11
4.628375627593577271e+11
5.085601681855938721e+11
4.418629167556359863e+11
7.095780030170996094e+11
3.980817557177590332e+11
0.000000000000000000e+00
6.550539464684383545e+11
7.655856381914053955e+11
3.747794814142236938e+11
5.986976632656444092e+11
6.948942918351350098e+11
7.549137819545717773e+11
7.880064173345723877e+11
6.207660689539211426e+11
0.000000000000000000e+00
6.540835925147980957e+11
6.368878986847983398e+11
1.061505771425608032e+12
7.567823234043287354e+11
4.246174493656505127e+11
3.980817557177590332e+11
4.865899410708673096e+11
6.076113188113830566e+11
8.045002362895412598e+11
6.092129900753615723e+11
5.104312237795861206e+11
6.255561498697097168e+11
5.826465218203067627e+11
6.234714667626431885e+11
7.596978704635184326e+11
4.889277263700617676e+11
6.596338743946962891e+11
5.292191934281495972e+11
5.051088616661630249e+11
6.006338383389837646e+11
0.000000000000000000e+00
5.190519490463092041e+11
5.339743286246378174e+11
6.094718450391829834e+11
8.385055928230599365e+11
7.185580011667675781e+11
6.759284385661196289e+11
8.866284443087254639e+11
6.092863960752857666e+11
6.089604981260596924e+11
6.135894125679071045e+11
5.793332194102061768e+11
6.617129967226058350e+11
7.893682288743736572e+11
7.040203446308020020e+11
5.304644190220393677e+11
7.159065308137497559e+11
6.333495283084902344e+11
5.296044024268656006e+11
0.000000000000000000e+00
0.000000000000000000e+00
5.133146112941619873e+11
7.058189238538547363e+11
5.062214639629288940e+11
5.262015455943393555e+11
4.009449213355256348e+11
8.082863045454643555e+11
0.000000000000000000e+00
7.341785538653377686e+11
0.000000000000000000e+00
7.178967634695172119e+11
7.985722762362171631e+11
0.000000000000000000e+00
0.000000000000000000e+00
5.351181570874099121e+11
5.876127826955117188e+11
9.536573834727257080e+11
6.572487228833536377e+11
5.342524409291230469e+11
5.117655987973431396e+11
5.918798282041688232e+11
5.683716710478992920e+11
6.411986202860206299e+11
5.633448850288078613e+11
0.000000000000000000e+00
0.000000000000000000e+00
5.972347922946048584e+11
4.927513050243161011e+11
0.000000000000000000e+00
7.274528956415384521e+11
5.235873020343758545e+11
5.520544323072523193e+11
0.000000000000000000e+00
4.821038969768101807e+11
5.062214639629288940e+11
5.744809055696588135e+11
6.694493176947548828e+11
4.768861172258498535e+11
5.368657459866331177e+11
5.977033628435920410e+11
6.875957922494497070e+11
8.692296771755489502e+11
6.267457523361109619e+11
7.768053520096524658e+11
6.072917905549097900e+11
6.186975417753216553e+11
6.550539464684383545e+11
6.248379449687268066e+11
5.953479092373968506e+11
7.195833739132125244e+11
8.053731821163697510e+11
5.977975305996517334e+11
6.484033449658487549e+11
0.000000000000000000e+00
0.000000000000000000e+00
5.638127118078732910e+11
7.115742856402825928e+11
4.618575549940098267e+11
0.000000000000000000e+00
5.405505725778151855e+11
0.000000000000000000e+00
5.856892093161433105e+11
5.195996847712702026e+11
6.153207324934317627e+11
5.802568573135451660e+11
6.207474065558532715e+11
7.544414394754943848e+11
1.122044630873964111e+12
7.677748284381616211e+11
5.055383059251900635e+11
5.856085459842020264e+11
0.000000000000000000e+00
5.154174924450839844e+11
6.248593258324713135e+11
7.399318216477176514e+11
4.813025893659083252e+11
8.183727062408112793e+11
0.000000000000000000e+00
6.096230057847796631e+11
8.082863045454643555e+11
4.831964309751114502e+11
6.697498497508840332e+11
4.730768849106081543e+11
0.000000000000000000e+00
5.914010414452156982e+11
5.292191934281495972e+11
5.413222965554995117e+11
7.963858551123433838e+11
5.652294731055051270e+11
5.946187493818781738e+11
5.708513422694453125e+11
5.172019413530120239e+11
5.114139408683049316e+11
7.097857262276127930e+11
5.838386564017374268e+11
5.935250558287149658e+11
7.456841492144719238e+11
4.679192785746331787e+11
0.000000000000000000e+00
5.973879836468052979e+11
7.047443218432288818e+11
0.000000000000000000e+00
4.303666218266441650e+11
0.000000000000000000e+00
5.919688531958139648e+11
6.090397037970307617e+11
4.207666052072316284e+11
6.623024444898160400e+11
6.428707906712767334e+11
7.271068537324086914e+11
0.000000000000000000e+00
0.000000000000000000e+00
6.560525775977619629e+11
4.286320957226277466e+11
5.299193112723920288e+11
7.163232084582906494e+11
0.000000000000000000e+00
6.756199104209692383e+11
5.802568573135451660e+11
5.296044024268656006e+11
5.008055105276684570e+11
6.605094223316861572e+11
4.809331891967420044e+11
6.715571415325434570e+11
7.497484377222073975e+11
5.726167458317662354e+11
4.824140480647965698e+11
0.000000000000000000e+00
7.305575838532149658e+11
6.831624038181271973e+11
5.268105813426590576e+11
4.943363850698662720e+11
0.000000000000000000e+00
0.000000000000000000e+00
0.000000000000000000e+00
5.903133338575378418e+11
7.705406003517106934e+11
6.122741649272353516e+11
5.047285998524638672e+11
4.876074756014721069e+11
5.977033628435920410e+11
5.138909582045629883e+11
6.074343875605595703e+11
6.199987079350400391e+11
5.643198954202441406e+11
4.399292300649265137e+11
6.400012725440152588e+11
4.165690213478178711e+11
5.318966925174801025e+11
6.803473850545404053e+11
6.512275415462550049e+11
5.665703045148262939e+11
0.000000000000000000e+00
4.628375627593577271e+11
5.674489670360114746e+11
6.409991962107939453e+11
6.569399594554335938e+11
5.161379937279699707e+11
6.995971776673085938e+11
0.000000000000000000e+00
6.371265672282387695e+11
5.131803126110885010e+11
5.564400536905997314e+11
4.678583242417039185e+11
5.221446911716952515e+11
0.000000000000000000e+00
5.712444548234251709e+11
5.139070601933977051e+11
6.795064738115892334e+11
0.000000000000000000e+00
8.257335652725971680e+11
5.757579802860504150e+11
6.755266614181033936e+11
4.104095283647294312e+11
6.669224975051799316e+11
6.769685011027155762e+11
7.928403790570706787e+11
6.093802066794024658e+11
5.270485608612767334e+11
5.329696492425578613e+11
6.458400571619442139e+11
7.497484377222073975e+11
5.269264455493418579e+11
4.061220287913696899e+11
7.173308128829499512e+11
5.507772194770288086e+11
5.520544323072523193e+11
5.053979478385035400e+11
6.042102378530697021e+11
5.999381107245992432e+11
5.266441720018640137e+11
5.586087226999935303e+11
5.282869256604636230e+11
9.151794265868653564e+11
8.221307606761092529e+11
4.439373348373500366e+11
4.276313481448937378e+11
6.959444558447957764e+11
5.869717255173631592e+11
9.018989911165175781e+11
4.232758346030123291e+11
5.614205272167784424e+11
4.303666218266441650e+11
6.146556003001711426e+11
8.795351922624593506e+11
7.896987924562947998e+11
6.126692040389204102e+11
6.550949412926873779e+11
6.402868865708372803e+11
4.362120699738443604e+11
9.748607089531477051e+11
0.000000000000000000e+00
4.129209487841651611e+11
8.822346903678785400e+11
5.518213998378156738e+11
6.267457523361109619e+11
8.846808778168378906e+11
6.786171364123106689e+11
5.018310180626143188e+11
4.810544164555031128e+11
8.442035336267473145e+11
5.042151085334344482e+11
7.834371970292464600e+11
6.496675434265598145e+11
7.892790896409400635e+11
5.236282984973024292e+11
5.207714047315961304e+11
6.088903363391463623e+11
4.839168689236521606e+11
6.333495283084902344e+11
5.326632502120089722e+11
5.644932039166326904e+11
5.195996847712702026e+11
4.807068355708044434e+11
4.641687354393020630e+11
9.259195782993112793e+11
5.311272855775274048e+11
0.000000000000000000e+00
7.674983254284587402e+11
4.936156231058867798e+11
0.000000000000000000e+00
5.589325916938640137e+11
6.285458041996195068e+11
5.494451402783069458e+11
5.493286271783773804e+11
5.318700886115607910e+11
4.079854342804556274e+11
0.000000000000000000e+00
4.469514947886604614e+11
4.303666218266441650e+11
5.200253957353135376e+11
7.156892215788607178e+11
4.367320125825960693e+11
0.000000000000000000e+00
5.090420787067595825e+11
4.934531345493520508e+11
5.656732433651030273e+11
6.278190497939958496e+11
6.571264653085264893e+11
4.969242667063295898e+11
5.979386432184494629e+11
0.000000000000000000e+00
4.686413789950496826e+11
0.000000000000000000e+00
6.032792316224737549e+11
7.028999164984007568e+11
5.065517977880885010e+11
4.603967553767254639e+11
6.600340890767719727e+11
6.261240817533853760e+11
4.314444104731802368e+11
8.866284443087254639e+11
7.202878953593250732e+11
5.489694484394798584e+11
0.000000000000000000e+00
0.000000000000000000e+00
5.903027992237557373e+11
0.000000000000000000e+00
0.000000000000000000e+00
5.661399467487985840e+11
5.063129207125191040e+11
6.190322967359873047e+11
4.768587681249988403e+11
6.256797220382593994e+11
7.992432750159593506e+11
6.550168031172890625e+11
7.261896557806240234e+11
6.021445351272940674e+11
8.155673465259324951e+11
5.523724139608911133e+11
6.346375638853789062e+11
5.683330060757607422e+11
0.000000000000000000e+00
5.415561594730732422e+11
0.000000000000000000e+00
0.000000000000000000e+00
5.820082955842332764e+11
7.132106012385428467e+11
5.833969938835799561e+11
6.183986086465505371e+11
6.189943932127121582e+11
3.901093687901625977e+11
7.206002055123001709e+11
4.111816190426172485e+11
6.387837432153508301e+11
4.823139392526164551e+11
6.285025112176303711e+11
5.264673522484794312e+11
6.469126629548458252e+11
5.131803126110885010e+11
4.816570160279063110e+11
5.809271435335733643e+11
5.990579826877738037e+11
4.723786949386425171e+11
6.865048245730522461e+11
4.946126686974640503e+11
4.813025893659083252e+11
6.823866083343352051e+11
0.000000000000000000e+00
0.000000000000000000e+00
7.985722762362171631e+11
9.629377584970563965e+11
6.402868865708372803e+11
5.201792347390640869e+11
6.286137063844935303e+11
9.479417359982670898e+11
6.217764354649191895e+11
4.895348041163803711e+11
4.326864777692635498e+11
6.461182519413870850e+11
8.214513532871739502e+11
5.287978738720550537e+11
5.296044024268656006e+11
5.648016564964716797e+11
8.442035336267473145e+11
6.786249871660261230e+11
6.498186037186778564e+11
4.623468983368309937e+11
5.804778568732418213e+11
4.484965898921912842e+11
4.799567170099804077e+11
0.000000000000000000e+00
5.869864977918079834e+11
6.755266614181033936e+11
5.435393331366590576e+11
4.948357809135740967e+11
5.953121270224178467e+11
6.783710115063861084e+11
5.111240873546890869e+11
7.985722762362171631e+11
5.568453726272954102e+11
5.459028887937467041e+11
8.715618281847019043e+11
4.632099689021367188e+11
5.287978738720550537e+11
5.428319158456934814e+11
6.624521233527377930e+11
6.554999189355712891e+11
4.303666218266441650e+11
9.044786522087755127e+11
0.000000000000000000e+00
6.431286646844305420e+11
5.605396055175008545e+11
6.346307325695450439e+11
7.010746816787313232e+11
4.880492197675032959e+11
5.146991827922336426e+11
8.814163656942744141e+11
7.086944171396066895e+11
5.866656813065604248e+11
8.619109777063050537e+11
0.000000000000000000e+00
4.674446912760057983e+11
6.621122496593270264e+11
5.756481635051855469e+11
5.415561594730732422e+11
4.360448740798626709e+11
7.078163155629897461e+11
6.717450954719777832e+11
0.000000000000000000e+00
5.260710559499525146e+11
4.400281828307661133e+11
0.000000000000000000e+00
4.914720752218504028e+11
4.523387158872521973e+11
6.919241030761213379e+11
5.811508587470391846e+11
7.372919568922541504e+11
0.000000000000000000e+00
6.422733793243895264e+11
4.507534485471143799e+11
0.000000000000000000e+00
7.461793661566058350e+11
4.077946454916205444e+11
5.302565120970433350e+11
4.488102831834667969e+11
6.486095590081614990e+11
5.844024763533065186e+11
6.487618590793074951e+11
0.000000000000000000e+00
4.679192785746331787e+11
5.400575861446684570e+11
8.267363133672231445e+11
9.140387484376918945e+11
8.731525023333286133e+11
1.015715064609786011e+12
6.846735674897056885e+11
6.837260572697036133e+11
4.846234961034966431e+11
5.492749062276796875e+11
9.523711346257673340e+11
0.000000000000000000e+00
6.053025834228220215e+11
5.006371223080601807e+11
7.596978704635184326e+11
4.468003409284501953e+11
6.122741649272353516e+11
4.187577898172973022e+11
5.843181744513028564e+11
7.200429782256341553e+11
5.008690354506169434e+11
7.549732656523592529e+11
0.000000000000000000e+00
6.395406159611755371e+11
6.333495283084902344e+11
7.149046471846721191e+11
7.224492660949149170e+11
6.265811536462642822e+11
0.000000000000000000e+00
1.026423331164682617e+12
8.781799415115292969e+11
9.142232738127370605e+11
7.110016244604045410e+11
7.921347201022388916e+11
0.000000000000000000e+00
0.000000000000000000e+00
5.773471037826080322e+11
8.866284443087254639e+11
5.666517185139183350e+11
4.232758346030123291e+11
5.286262833654545288e+11
0.000000000000000000e+00
5.971814070705407715e+11
0.000000000000000000e+00
5.947824080337978516e+11
5.532834857656158447e+11
7.206533409190743408e+11
6.256797220382593994e+11
8.498558728219602051e+11
4.523387158872521973e+11
0.000000000000000000e+00
7.244223116170042725e+11
6.204363293988552246e+11
0.000000000000000000e+00
0.000000000000000000e+00
3.996533749549418335e+11
4.279189008985458984e+11
5.473095716776238403e+11
7.992432750159593506e+11
6.803473850545404053e+11
5.221446911716952515e+11
6.876269648922630615e+11
0.000000000000000000e+00
6.720912309031875000e+11
8.738765083664914551e+11
6.684666778436949463e+11
6.498580509477139893e+11
1.081099274236870117e+12
4.459288730292966309e+11
6.529561479318604736e+11
5.139070601933977051e+11
5.568453726272954102e+11
6.648582152987808838e+11
4.621388616843458252e+11
5.428136774440684204e+11
6.554442390570231934e+11
6.265811536462642822e+11
5.533346897906815186e+11
0.000000000000000000e+00
4.384598471535621948e+11
6.256797220382593994e+11
0.000000000000000000e+00
6.908928181357418213e+11
4.276313481448937378e+11
5.013692888923208618e+11
6.330838987077104492e+11
5.294646646035648193e+11
0.000000000000000000e+00
4.847479229846354370e+11
0.000000000000000000e+00
5.016904225423336792e+11
6.217345024636467285e+11
7.261896557806240234e+11
5.563605387730571289e+11
5.501246625262412109e+11
4.276313481448937378e+11
0.000000000000000000e+00
4.986916544381721802e+11
4.970140621786095581e+11
5.665703045148262939e+11
5.670647797111285400e+11
6.386074512649353027e+11
6.207660689539211426e+11
6.431691593861237793e+11
5.333959795552550049e+11
5.055383059251900635e+11
6.718793151869520264e+11
7.390927317173426514e+11
6.517896888287121582e+11
6.344711689980543213e+11
4.111816190426172485e+11
7.145558870258790283e+11
5.557885502608657227e+11
0.000000000000000000e+00
5.232290424088239746e+11
5.373787840999219360e+11
0.000000000000000000e+00
6.505538029539010010e+11
4.936846367330993652e+11
7.149046471846721191e+11
6.054376773102974854e+11
0.000000000000000000e+00
4.508052862488651123e+11
7.069368749624039307e+11
5.745499796873604736e+11
0.000000000000000000e+00
1.035670822049281372e+12
6.886033517605639648e+11
4.880561857266423340e+11
5.048746601246611328e+11
4.873344786203062134e+11
6.437824914715604248e+11
6.897532306628925781e+11
8.219682074368427734e+11
6.280179727439587402e+11
6.629764163863726807e+11
1.092167751898253540e+12
7.186605115561712646e+11
6.357958483106613770e+11
6.987271228328859863e+11
7.387743742853332520e+11
5.683716710478992920e+11
5.802783522936062012e+11
5.487172863781403198e+11
5.919688531958139648e+11
0.000000000000000000e+00
5.940460282056968994e+11
7.871326356092396240e+11
5.518213998378156738e+11
5.750260414492816162e+11
1.022219545172648193e+12
5.459953715497605591e+11
7.647589331028961182e+11
6.480222600377474365e+11
4.672100331839671021e+11
5.237698900498276367e+11
6.605111052428668213e+11
0.000000000000000000e+00
5.840744420740340576e+11
5.671816688530966797e+11
5.484990155584761353e+11
4.459845715307521973e+11
7.163629849929158936e+11
5.876127826955117188e+11
0.000000000000000000e+00
7.981543776770146484e+11
6.092863960752857666e+11
5.648016564964716797e+11
8.267363133672231445e+11
6.162033315696602783e+11
7.655636760405876465e+11
5.475775247120637207e+11
7.802590274410902100e+11
7.575481615339462891e+11
5.712444548234251709e+11
8.104283225485404053e+11
0.000000000000000000e+00
5.956160197542923584e+11
6.667283762878522949e+11
8.743267170953457031e+11
6.190835069321959229e+11
4.880561857266423340e+11
0.000000000000000000e+00
0.000000000000000000e+00
5.341987644754713745e+11
6.629764163863726807e+11
0.000000000000000000e+00
0.000000000000000000e+00
0.000000000000000000e+00
6.139675291613720703e+11
9.259195782993112793e+11
4.385559875877175903e+11
6.718793151869520264e+11
0.000000000000000000e+00
6.748707951246468506e+11
8.267363133672231445e+11
5.625480541815429688e+11
6.013438867121291504e+11
0.000000000000000000e+00
5.411526044021346436e+11
6.079896308457276611e+11
5.292007713688870239e+11
5.100111421631703491e+11
6.288622248995030518e+11
5.907502377772272949e+11
0.000000000000000000e+00
4.545239315160288086e+11
0.000000000000000000e+00
4.424521661440557251e+11
0.000000000000000000e+00
8.804793130951663818e+11
6.805781884279538574e+11
4.745424483984680786e+11
8.781799415115292969e+11
6.056688814990634766e+11
6.167946260130140381e+11
6.601363906327412109e+11
8.219035197233177490e+11
5.657676243869729004e+11
0.000000000000000000e+00
0.000000000000000000e+00
0.000000000000000000e+00
3.919200629285075684e+11
7.003477354630778809e+11
5.370535152050527954e+11
6.112877135832109375e+11
7.505944132600955811e+11
7.677748284381616211e+11
7.206002055123001709e+11
8.800884749229776611e+11
6.734992774557672119e+11
4.628375627593577271e+11
0.000000000000000000e+00
4.843398833242443848e+11
5.769060974495537109e+11
6.189895648805780029e+11
4.874811452016317139e+11
5.784319129897165527e+11
4.723786949386425171e+11
4.276313481448937378e+11
4.360448740798626709e+11
7.159930257700825195e+11
8.263373658410549316e+11
4.874811452016317139e+11
5.464588666428868408e+11
0.000000000000000000e+00
5.935250558287149658e+11
0.000000000000000000e+00
0.000000000000000000e+00
5.655783651477707520e+11
5.174018925571369629e+11
7.655856381914053955e+11
4.089380674667238159e+11
6.436250069178193359e+11
6.254249273166954346e+11
0.000000000000000000e+00
4.914051003890634155e+11
5.903133338575378418e+11
4.875057818996315308e+11
4.533295745821212769e+11
5.723733564909873047e+11
5.429319947680265503e+11
0.000000000000000000e+00
6.646764539940773926e+11
7.059073930575445557e+11
6.008942968589893799e+11
4.187577898172973022e+11
6.554999189355712891e+11
6.080568206724868164e+11
5.792505198482091064e+11
6.623024444898160400e+11
3.919200629285075684e+11
6.879023617931142578e+11
4.335172392812783813e+11
0.000000000000000000e+00
6.283475635952933350e+11
6.554999189355712891e+11
0.000000000000000000e+00
6.980706086054298096e+11
6.334920483806656494e+11
5.370535152050527954e+11
4.152856871861471558e+11
6.279422281478990479e+11
4.424521661440557251e+11
5.972347922946048584e+11
3.918454965929595947e+11
4.740647062629573975e+11
8.977741711916781006e+11
0.000000000000000000e+00
7.285218752639124756e+11
4.961463712594028320e+11
5.304644190220393677e+11
5.685565050244400635e+11
4.603967553767254639e+11
0.000000000000000000e+00
6.823866083343352051e+11
7.358583004827265625e+11
4.865899410708673096e+11
0.000000000000000000e+00
6.498927127975092773e+11
7.159590430207337646e+11
5.903133338575378418e+11
6.465439693548908691e+11
4.220959280599512939e+11
4.259376879957262573e+11
5.580900207691271973e+11
0.000000000000000000e+00
0.000000000000000000e+00
6.517896888287121582e+11
0.000000000000000000e+00
4.399292300649265137e+11
0.000000000000000000e+00
0.000000000000000000e+00
6.637503595476118164e+11
5.329696492425578613e+11
6.596338743946962891e+11
0.000000000000000000e+00
4.225255340346259766e+11
4.768587681249988403e+11
0.000000000000000000e+00
6.433489652590275879e+11
6.070612261243688965e+11
6.589192195176029053e+11
6.069107928989377441e+11
5.464588666428868408e+11
0.000000000000000000e+00
4.672100331839671021e+11
3.884397452227420654e+11
5.802568573135451660e+11
0.000000000000000000e+00
5.253410248075939941e+11
4.603967553767254639e+11
4.628375627593577271e+11
4.508052862488651123e+11
5.405033854655500488e+11
0.000000000000000000e+00
4.537395022098998413e+11
4.613706687820704346e+11
5.963761333190517578e+11
5.300259113800050659e+11
9.629377584970563965e+11
8.500049047132276611e+11
3.981933472966022949e+11
6.109167831659368896e+11
4.261265891832878418e+11
4.129209487841651611e+11
6.489538332611171875e+11
4.442581972151354980e+11
0.000000000000000000e+00
4.964733200494660645e+11
4.317824743867077026e+11
6.329434396254670410e+11
9.548411703305861816e+11
0.000000000000000000e+00
6.431305229685278320e+11
6.414138770228107910e+11
7.399318216477176514e+11
4.800923508012835083e+11
6.285781221651159668e+11
6.555181520050806885e+11
6.149336418969580078e+11
5.802568573135451660e+11
1.047127733460648071e+12
4.400895731428020630e+11
6.745560505673681641e+11
5.601175409978862305e+11
0.000000000000000000e+00
4.325664177874252930e+11
4.360448740798626709e+11
4.220922535320964966e+11
6.013438867121291504e+11
5.607112845382508545e+11
5.901092101523542480e+11
5.484905544378417358e+11
5.351874396762045288e+11
4.226346532388520508e+11
4.916374270243485107e+11
0.000000000000000000e+00
4.701719581330487671e+11
7.773981090467105713e+11
6.280179727439587402e+11
5.215643966590316772e+11
5.125789010431843872e+11
7.567823234043287354e+11
5.699772767334571533e+11
0.000000000000000000e+00
4.889277263700617676e+11
5.998267567069526367e+11
6.626998663770786133e+11
4.519636970981499634e+11
4.588027866320175781e+11
4.809331891967420044e+11
6.248447983647266846e+11
5.367746704602141113e+11
4.361396882990830078e+11
5.381337550250039673e+11
7.180931546472985840e+11
6.330838987077104492e+11
7.462109750764566650e+11
4.769193115137880249e+11
5.186086359174089355e+11
7.163232084582906494e+11
5.571410600765603027e+11
6.019037494590230713e+11
7.231880945068598633e+11
6.054376773102974854e+11
6.566611856147401123e+11
8.261138295518228760e+11
4.567415091779772949e+11
6.621122496593270264e+11
6.784524497368085938e+11
0.000000000000000000e+00
4.583981552010781250e+11
6.072917905549097900e+11
7.802590274410902100e+11
6.412960468064865723e+11
6.153207324934317627e+11
8.866284443087254639e+11
6.995971776673085938e+11
6.344711689980543213e+11
7.247566208171397705e+11
5.436729717272086182e+11
4.028416008522891846e+11
6.908928181357418213e+11
0.000000000000000000e+00
5.971814070705407715e+11
5.510985232982525635e+11
0.000000000000000000e+00
6.208655525915581055e+11
5.749683466453937988e+11
7.031313962129197998e+11
7.095780030170996094e+11
5.533854176303957520e+11
7.814168043672723389e+11
6.735211501809809570e+11
5.838386564017374268e+11
5.251114360267167969e+11
5.915905227609028320e+11
5.671922376244527588e+11
7.646323021036152344e+11
5.982925965812108154e+11
6.464104217421240234e+11
0.000000000000000000e+00
6.180837366990411377e+11
5.792552939157211914e+11
4.786477853610179443e+11
0.000000000000000000e+00
9.151794265868653564e+11
4.776139120624723511e+11
0.000000000000000000e+00
6.193911185957170410e+11
5.302670416114556885e+11
4.707102487002393188e+11
6.769685011027155762e+11
0.000000000000000000e+00
6.646764539940773926e+11
8.816629509619318848e+11
8.957794570442552490e+11
8.977741711916781006e+11
6.675934660290709229e+11
5.131803126110885010e+11
0.000000000000000000e+00
5.740369278259888916e+11
5.134334230496911011e+11
6.767781057324215088e+11
6.080509546137242432e+11
6.720912309031875000e+11
6.550103927313208008e+11
5.555730035827042236e+11
6.643419164234436035e+11
9.315468812780041504e+11
5.167538324281110840e+11
7.216450362378001709e+11
5.473095716776238403e+11
0.000000000000000000e+00
5.335182510927763672e+11
1.005249800448935913e+12
7.956198056804197998e+11
0.000000000000000000e+00
5.703168601075396729e+11
4.435853365957988281e+11
8.302413643216352539e+11
9.684611070817227783e+11
6.339621433750175781e+11
5.244674307670845337e+11
7.524578511402720947e+11
5.864882449530682373e+11
4.276313481448937378e+11
5.536241759447072754e+11
7.981543776770146484e+11
5.977033628435920410e+11
9.148002071326163330e+11
7.223557296745822754e+11
5.292191934281495972e+11
6.193749288454437256e+11
4.648947252536846313e+11
7.149046471846721191e+11
1.230438600871289795e+12
0.000000000000000000e+00
0.000000000000000000e+00
7.113015146974796143e+11
6.966840284244479980e+11
6.823866083343352051e+11
0.000000000000000000e+00
6.119736027874914551e+11
6.262561479433697510e+11
7.110658714294993896e+11
8.341268843064489746e+11
0.000000000000000000e+00
9.684611070817227783e+11
4.547791264937687378e+11
7.478640168408178711e+11
5.795680242318890381e+11
5.793332194102061768e+11
6.449613703723963623e+11
6.872133757353041992e+11
5.480324483582182617e+11
6.272919845051391602e+11
5.080203060808108521e+11
3.882489412611842041e+11
4.104095283647294312e+11
0.000000000000000000e+00
0.000000000000000000e+00
4.908850541922064209e+11
0.000000000000000000e+00
5.903133338575378418e+11
5.377308145880327759e+11
7.580923418928754883e+11
6.958315361923535156e+11
6.291875139540032959e+11
7.295044855758800049e+11
7.798397268457854004e+11
6.283712568398625488e+11
5.919456500451083984e+11
9.305968003576641846e+11
7.803337027696982422e+11
6.237923086270400391e+11
8.704354827654351807e+11
7.458766741467171631e+11
5.370535152050527954e+11
5.346763550265985718e+11
6.329434396254670410e+11
6.721590601219393311e+11
0.000000000000000000e+00
5.986976632656444092e+11
5.645521918481517334e+11
4.843398833242443848e+11
8.442035336267473145e+11
4.633748169474499512e+11
0.000000000000000000e+00
5.123294059068128052e+11
0.000000000000000000e+00
7.985722762362171631e+11
6.258154814513582764e+11
5.683330060757607422e+11
5.484905544378417358e+11
0.000000000000000000e+00
8.966023514018338623e+11
6.637503595476118164e+11
4.269834745309915161e+11
5.087926314794702148e+11
8.055916825269066162e+11
6.483342868602456055e+11
5.050467313845504150e+11
7.208742860817507324e+11
5.707711399443356934e+11
4.181063593876801758e+11
0.000000000000000000e+00
6.957128634788132324e+11
8.052406695115815430e+11
6.183986086465505371e+11
5.134286318157436523e+11
6.447304939451569824e+11
6.441479968272766113e+11
7.047443218432288818e+11
5.628840788975853271e+11
6.189895648805780029e+11
8.488133115806298828e+11
8.261138295518228760e+11
6.318103384132803955e+11
5.212906913950104980e+11
5.807039335699663086e+11
6.834187842894003906e+11
0.000000000000000000e+00
6.213446584412000732e+11
5.518213998378156738e+11
5.046360146398223877e+11
0.000000000000000000e+00
4.758877371944869995e+11
6.461182519413870850e+11
5.276773930489374390e+11
4.787677267989219971e+11
6.669224975051799316e+11
7.026023029696243896e+11
0.000000000000000000e+00
4.028416008522891846e+11
5.968437449112641602e+11
5.932830494421574707e+11
6.917120961954575195e+11
8.000994869895533447e+11
7.150370192700991211e+11
5.992057555110289307e+11
7.478640168408178711e+11
0.000000000000000000e+00
4.550778894326396484e+11
0.000000000000000000e+00
6.555191507868939209e+11
4.187577898172973022e+11
0.000000000000000000e+00
5.342079329176486816e+11
0.000000000000000000e+00
6.096034321242772217e+11
4.047581880374592896e+11
1.092167751898253540e+12
0.000000000000000000e+00
5.464588666428868408e+11
3.975694761829948120e+11
7.802590274410902100e+11
7.803451852963847656e+11
4.560571441196260376e+11
0.000000000000000000e+00
5.818775895132239990e+11
4.125666324008183594e+11
4.877283987799287720e+11
7.079615812770344238e+11
0.000000000000000000e+00
4.601142959042888184e+11
6.082351722039793701e+11
6.345002648295902100e+11
6.308868685537080078e+11
5.145809250176278687e+11
0.000000000000000000e+00
0.000000000000000000e+00
4.138917631443283081e+11
6.702687147244251709e+11
6.552146360189077148e+11
5.054062865806449585e+11
6.255112799301708984e+11
6.213446584412000732e+11
6.134763787011179199e+11
8.443622109524259033e+11
5.776150723311479492e+11
4.303666218266441650e+11
0.000000000000000000e+00
8.442629122378249512e+11
0.000000000000000000e+00
7.009853007092902832e+11
6.480222600377474365e+11
7.937247215221104736e+11
5.793332194102061768e+11
0.000000000000000000e+00
6.755266614181033936e+11
5.552961070029916992e+11
7.245257512621162109e+11
6.626531677568323975e+11
7.079615812770344238e+11
7.069368749624039307e+11
0.000000000000000000e+00
4.150703258270257568e+11
9.140387484376918945e+11
4.704480627056308594e+11
5.665703045148262939e+11
0.000000000000000000e+00
5.455445763398623657e+11
5.797153752316790771e+11
8.130241234594998779e+11
7.110016244604045410e+11
5.221801927998878174e+11
9.259195782993112793e+11
4.890233525353626709e+11
5.652294731055051270e+11
9.052889838844499512e+11
0.000000000000000000e+00
3.958463892228485107e+11
6.237923086270400391e+11
5.331330382407043457e+11
8.961935885317403564e+11
4.152856871861471558e+11
4.875752740159978027e+11
5.948295141790356445e+11
8.498558728219602051e+11
3.918454965929595947e+11
6.130122731264586182e+11
5.448374125861855469e+11
9.092164265850010986e+11
0.000000000000000000e+00
6.612061014980439453e+11
5.409883215673936768e+11
4.573982809339785156e+11
5.547238451382241211e+11
6.204363293988552246e+11
6.125394601516256104e+11
6.015763800113718262e+11
4.391491338011534424e+11
5.526969641183759766e+11
4.066425964533574219e+11
4.089380674667238159e+11
8.254362362688791504e+11
0.000000000000000000e+00
8.661318000818939209e+11
4.829901003191243896e+11
5.467200290320161743e+11
6.700159674719672852e+11
6.544268334648728027e+11
0.000000000000000000e+00
6.540835925147980957e+11
7.803451852963847656e+11
5.051088616661630249e+11
6.966840284244479980e+11
8.111633113770733643e+11
0.000000000000000000e+00
0.000000000000000000e+00
7.628270699953100586e+11
6.074343875605595703e+11
6.259781826302911377e+11
5.903027992237557373e+11
6.222890609344654541e+11
6.356857184096762695e+11
6.543391048490742188e+11
8.795351922624593506e+11
6.700159674719672852e+11
6.734992774557672119e+11
6.432140658625776367e+11
0.000000000000000000e+00
6.431286646844305420e+11
6.152527268928970947e+11
4.903757412790884399e+11
5.609543079186186523e+11
7.679445233551516113e+11
6.125394601516256104e+11
7.985722762362171631e+11
6.643419164234436035e+11
0.000000000000000000e+00
4.418629167556359863e+11
5.727461130417386475e+11
5.913034989384086914e+11
0.000000000000000000e+00
0.000000000000000000e+00
5.299193112723920288e+11
0.000000000000000000e+00
0.000000000000000000e+00
6.048664169250069580e+11
9.688525680332010498e+11
8.705796384203887939e+11
6.281083653938709717e+11
5.421807644970886841e+11
0.000000000000000000e+00
6.487618590793074951e+11
9.527162195150075684e+11
7.358583004827265625e+11
8.771819449562784424e+11
9.712388255083837891e+11
8.977119565091986084e+11
0.000000000000000000e+00
7.037434555579844971e+11
0.000000000000000000e+00
5.813280843102580566e+11
7.071879006734078369e+11
7.683577309877130127e+11
0.000000000000000000e+00
6.899515851119136963e+11
0.000000000000000000e+00
6.966840284244479980e+11
0.000000000000000000e+00
7.321853415134718018e+11
5.068888771786414185e+11
6.876834744679301758e+11
6.602173271024637451e+11
5.951299750580977783e+11
6.189943932127121582e+11
7.473534671828227539e+11
6.035826546500195312e+11
7.394406819502512207e+11
0.000000000000000000e+00
7.271068537324086914e+11
8.028490885877644043e+11
0.000000000000000000e+00
4.698698894251907349e+11
5.894540766403197021e+11
5.557891693840787354e+11
6.498255778296855469e+11
0.000000000000000000e+00
4.712211159644913940e+11
7.216450362378001709e+11
8.824528475266033936e+11
8.197506190400302734e+11
5.159316419883780518e+11
6.684666778436949463e+11
6.447304939451569824e+11
6.917120961954575195e+11
6.204363293988552246e+11
9.684611070817227783e+11
7.163232084582906494e+11
4.754540388989257202e+11
9.536573834727257080e+11
1.023868448402582031e+12
6.785192303618168945e+11
6.910664005524776611e+11
7.374926119931806641e+11
8.142348513612799072e+11
1.022219545172648193e+12
0.000000000000000000e+00
6.870758230536585693e+11
5.744809055696588135e+11
5.904388958127849121e+11
6.330838987077104492e+11
6.465590147204243164e+11
0.000000000000000000e+00
9.151794265868653564e+11
8.341268843064489746e+11
6.871095889833338623e+11
5.095303039301937256e+11
0.000000000000000000e+00
7.788029301200555420e+11
6.526491976670324707e+11
4.422211225871415405e+11
0.000000000000000000e+00
4.841364908798710327e+11
6.334920483806656494e+11
0.000000000000000000e+00
0.000000000000000000e+00
9.629377584970563965e+11
7.085663745631837158e+11
7.505944132600955811e+11
7.227091295900988770e+11
7.929967485246514893e+11
7.208742860817507324e+11
7.785994504716381836e+11
4.787677267989219971e+11
5.826465218203067627e+11
0.000000000000000000e+00
7.924777934232706299e+11
6.721395997003035889e+11
5.029800826294844971e+11
0.000000000000000000e+00
8.106223662654075928e+11
0.000000000000000000e+00
0.000000000000000000e+00
5.811037525906158447e+11
1.092167751898253540e+12
5.503224350314736328e+11
6.183986086465505371e+11
6.152527268928970947e+11
7.522391445958433838e+11
7.240834537214183350e+11
5.576533375995777588e+11
6.130658718565587158e+11
4.625884808903206177e+11
5.049865297091277466e+11
6.498164357473315430e+11
7.796371270846544189e+11
5.405505725778151855e+11
5.809489060588444824e+11
4.187577898172973022e+11
6.980356100667415771e+11
6.190322967359873047e+11
5.189147968875587769e+11
5.692372906572117920e+11
6.330838987077104492e+11
7.985722762362171631e+11
0.000000000000000000e+00
1.081099274236870117e+12
8.611241403452825928e+11
0.000000000000000000e+00
7.208742860817507324e+11
6.209670677796977539e+11
5.195996847712702026e+11
4.633748169474499512e+11
6.345002648295902100e+11
5.670647797111285400e+11
0.000000000000000000e+00
8.957691890121348877e+11
5.368641350915635986e+11
5.623529680839595947e+11
7.399318216477176514e+11
5.744809055696588135e+11
7.206533409190743408e+11
6.330838987077104492e+11
6.204363293988552246e+11
6.612442021815979004e+11
7.788029301200555420e+11
6.550539464684383545e+11
0.000000000000000000e+00
0.000000000000000000e+00
6.234650886853995361e+11
5.529604784395142822e+11
7.412510459701566162e+11
6.684942953676328125e+11
5.637361325170273438e+11
5.242216237129403687e+11
0.000000000000000000e+00
7.755984254933515625e+11
4.609619789716508789e+11
5.264673522484794312e+11
5.242216237129403687e+11
9.576941875457258301e+11
6.139675291613720703e+11
7.468239862218067627e+11
0.000000000000000000e+00
6.436250069178193359e+11
4.204370291430460815e+11
5.246254072010049438e+11
4.303666218266441650e+11
6.745396139143266602e+11
9.643153567153616943e+11
6.093802066794024658e+11
6.034861950904117432e+11
4.878298161295933228e+11
0.000000000000000000e+00
5.869864977918079834e+11
4.581468931096543579e+11
8.474726179113997803e+11
4.829901003191243896e+11
0.000000000000000000e+00
7.699492979976298828e+11
5.992057555110289307e+11
4.877283987799287720e+11
8.800884749229776611e+11
7.180931546472985840e+11
5.331139045506542358e+11
5.778866914429025879e+11
0.000000000000000000e+00
4.799567170099804077e+11
9.000835876499104004e+11
6.897532306628925781e+11
6.435936969802520752e+11
0.000000000000000000e+00
7.472252612152419434e+11
6.952259071091889648e+11
0.000000000000000000e+00
7.901405972392121582e+11
6.054146279571856689e+11
5.739785268001413574e+11
7.433576467683723145e+11
7.458766741467171631e+11
0.000000000000000000e+00
6.969286089157613525e+11
5.999381107245992432e+11
7.921347201022388916e+11
9.140387484376918945e+11
8.715618281847019043e+11
7.988554032268903809e+11
7.226815015295319824e+11
8.738765083664914551e+11
9.062419448951967773e+11
5.948252197164757080e+11
5.551130261752924805e+11
0.000000000000000000e+00
6.072730504288452148e+11
5.335956957558546143e+11
4.476242212953521118e+11
0.000000000000000000e+00
0.000000000000000000e+00
7.742031794124614258e+11
7.119811890795655518e+11
5.547456374339536133e+11
6.255112799301708984e+11
6.643102175417655029e+11
6.959241931598413086e+11
6.079896308457276611e+11
8.961935885317403564e+11
0.000000000000000000e+00
8.197506190400302734e+11
6.286137063844935303e+11
6.756199104209692383e+11
0.000000000000000000e+00
6.728197518184591064e+11
8.008399740258798828e+11
6.498164357473315430e+11
7.536843536118332520e+11
5.600492135317291260e+11
5.864882449530682373e+11
5.579282147148575439e+11
5.637361325170273438e+11
5.637361325170273438e+11
8.781799415115292969e+11
6.819932958041787109e+11
0.000000000000000000e+00
5.574376062521794434e+11
7.176331235819101562e+11
6.211504598776840820e+11
4.435853365957988281e+11
7.802590274410902100e+11
5.665703045148262939e+11
6.082351722039793701e+11
7.058189238538547363e+11
7.219799633422845459e+11
0.000000000000000000e+00
6.987271228328859863e+11
6.431691593861237793e+11
8.824528475266033936e+11
0.000000000000000000e+00
4.628375627593577271e+11
6.024729997903115234e+11
0.000000000000000000e+00
4.265880409417986450e+11
5.030561314391179199e+11
6.306920814380174561e+11
6.569883846396833496e+11
0.000000000000000000e+00
6.339621433750175781e+11
6.177773898455657959e+11
4.768587681249988403e+11
4.459845715307521973e+11
5.949025619722318115e+11
7.110658714294993896e+11
5.295469564359852295e+11
5.739785268001413574e+11
6.117515642609230957e+11
5.421807644970886841e+11
0.000000000000000000e+00
6.496675434265598145e+11
7.143128103952380371e+11
5.785474860709907227e+11
4.507534485471143799e+11
7.847985347407998047e+11
6.082776751990346680e+11
7.698085109729820557e+11
0.000000000000000000e+00
5.507743931240742188e+11
5.341007293708179321e+11
0.000000000000000000e+00
7.097857262276127930e+11
6.725339186695994873e+11
6.272919845051391602e+11
8.106483449206696777e+11
0.000000000000000000e+00
6.333100197327108154e+11
7.755984254933515625e+11
5.448398718480828857e+11
5.517414978193153076e+11
4.224490073694939575e+11
0.000000000000000000e+00
4.170853007134154053e+11
0.000000000000000000e+00
0.000000000000000000e+00
5.259113429982694092e+11
0.000000000000000000e+00
5.175767142043959351e+11
0.000000000000000000e+00
5.531891419416940918e+11
4.813025893659083252e+11
8.142348513612799072e+11
0.000000000000000000e+00
7.246150564295679932e+11
4.754435776679533081e+11
5.723733564909873047e+11
5.181286254770646362e+11
4.824996294790390015e+11
6.431286646844305420e+11
0.000000000000000000e+00
5.049865297091277466e+11
0.000000000000000000e+00
6.729925658545498047e+11
7.374926119931806641e+11
5.712444548234251709e+11
7.543536109031390381e+11
0.000000000000000000e+00
0.000000000000000000e+00
8.977741711916781006e+11
6.629764163863726807e+11
7.163232084582906494e+11
7.069368749624039307e+11
5.935860013185911865e+11
6.204519578843875732e+11
5.481401353218607178e+11
0.000000000000000000e+00
6.089763620808426514e+11
0.000000000000000000e+00
4.707102487002393188e+11
4.623468983368309937e+11
5.603699665343315430e+11
5.133146112941619873e+11
8.800884749229776611e+11
4.533295745821212769e+11
6.431691593861237793e+11
7.186605115561712646e+11
1.371420208041529541e+12
4.886612547761186523e+11
7.591241225883964844e+11
6.860808253572864990e+11
4.466863466657891846e+11
4.239023621389714966e+11
0.000000000000000000e+00
6.759505403874277344e+11
8.588660092171997070e+11
4.878298161295933228e+11
7.229129926506053467e+11
6.959241931598413086e+11
6.092863960752857666e+11
7.200212688615334473e+11
5.177876145019874268e+11
5.243412584064028320e+11
4.603274602926805420e+11
7.683577309877130127e+11
8.264814176504598389e+11
6.551049657167518311e+11
8.302413643216352539e+11
6.970410187741309814e+11
4.430548650220264893e+11
5.464588666428868408e+11
0.000000000000000000e+00
0.000000000000000000e+00
4.713597587451239014e+11
5.005627512898875732e+11
5.804778568732418213e+11
6.767902437459682617e+11
6.461182519413870850e+11
0.000000000000000000e+00
6.395406159611755371e+11
4.701719581330487671e+11
0.000000000000000000e+00
4.257700761306752930e+11
7.210546981509893799e+11
6.411734049600676270e+11
0.000000000000000000e+00
7.231880945068598633e+11
5.719011996158658447e+11
9.148002071326163330e+11
6.432062615115616455e+11
6.170430688723776855e+11
5.129433967907521973e+11
0.000000000000000000e+00
5.134286318157436523e+11
4.181063593876801758e+11
5.757579802860504150e+11
4.607597965885040894e+11
6.539769479180291748e+11
5.177876145019874268e+11
6.231036118642521973e+11
5.351181570874099121e+11
4.876785970789586182e+11
6.238014679746805420e+11
4.745424483984680786e+11
4.466863466657891846e+11
0.000000000000000000e+00
7.651001525312620850e+11
7.496311498745417480e+11
5.656861773487019043e+11
4.306649560354377441e+11
4.829901003191243896e+11
5.361261822135714722e+11
5.343379210843501587e+11
6.432062615115616455e+11
0.000000000000000000e+00
4.292841922852625732e+11
0.000000000000000000e+00
5.459953715497605591e+11
4.594592948506361084e+11
6.327139468358835449e+11
5.434200873655145874e+11
0.000000000000000000e+00
5.050467313845504150e+11
6.182602206303151855e+11
6.739514236181270752e+11
6.092863960752857666e+11
5.577273559105394287e+11
4.985028912562171021e+11
0.000000000000000000e+00
9.148002071326163330e+11
8.738765083664914551e+11
6.920329733961052246e+11
6.386074512649353027e+11
4.391491338011534424e+11
5.102537020205949097e+11
4.679192785746331787e+11
7.825372094507625732e+11
8.183727062408112793e+11
4.916374270243485107e+11
7.652143646567740479e+11
6.238014679746805420e+11
6.152527268928970947e+11
7.085663745631837158e+11
7.929967485246514893e+11
5.580900207691271973e+11
7.463080871824155273e+11
6.738322526302176514e+11
6.262940688493635254e+11
5.579282147148575439e+11
6.369663360811098633e+11
4.815957556591941528e+11
0.000000000000000000e+00
4.701719581330487671e+11
4.724418417274401855e+11
0.000000000000000000e+00
7.113015146974796143e+11
6.492719192737188721e+11
4.993504773250743408e+11
8.010625280821948242e+11
7.073931980591126709e+11
4.774919764435541382e+11
0.000000000000000000e+00
6.336869177321081543e+11
5.467839137577656250e+11
5.948727195716895752e+11
6.336869177321081543e+11
4.300207309708934326e+11
9.052889838844499512e+11
6.072917905549097900e+11
5.080840393222868652e+11
7.687359077169943848e+11
5.857330946433710938e+11
0.000000000000000000e+00
5.918999833371535645e+11
0.000000000000000000e+00
4.111816190426172485e+11
5.177876145019874268e+11
3.958463892228485107e+11
6.368487097188334961e+11
3.981933472966022949e+11
8.065974955089168701e+11
4.608076351166055908e+11
6.588696798182084961e+11
5.266441720018640137e+11
4.603967553767254639e+11
6.423394145143118896e+11
0.000000000000000000e+00
5.078826048610349121e+11
6.780435319984117432e+11
5.299193112723920288e+11
6.130658718565587158e+11
6.919241030761213379e+11
0.000000000000000000e+00
0.000000000000000000e+00
5.963761333190517578e+11
4.468904059039421387e+11
6.183986086465505371e+11
6.843089406455861816e+11
7.110658714294993896e+11
0.000000000000000000e+00
7.896987924562947998e+11
8.429061264381442871e+11
6.097810826846214600e+11
7.478640168408178711e+11
4.042412175462540283e+11
0.000000000000000000e+00
5.276773930489374390e+11
6.721590601219393311e+11
6.112877135832109375e+11
5.676690830997487793e+11
7.229183299795367432e+11
5.953835239833066406e+11
5.145809250176278687e+11
4.838206162133803101e+11
7.852630800478371582e+11
1.051640256392211426e+12
4.812188603503963013e+11
4.694657559290543823e+11
7.047858284564779053e+11
6.190835069321959229e+11
5.026443006680481567e+11
0.000000000000000000e+00
3.901093687901625977e+11
4.567415091779772949e+11
5.308285459905872192e+11
5.981602520660440674e+11
7.573031328342708740e+11
9.901453800187675781e+11
0.000000000000000000e+00
4.482835500155330811e+11
8.443622109524259033e+11
5.189527387832814331e+11
5.103564576914453735e+11
0.000000000000000000e+00
0.000000000000000000e+00
0.000000000000000000e+00
6.037124556116976318e+11
7.184488564992496338e+11
3.935834960048405151e+11
6.126692040389204102e+11
5.189147968875587769e+11
7.100275975267550049e+11
7.798397268457854004e+11
3.903863542089041138e+11
4.822375650837221069e+11
5.365537924069136963e+11
5.203608115529259644e+11
5.041783916200495605e+11
5.819160870448128662e+11
5.483072775861204834e+11
0.000000000000000000e+00
0.000000000000000000e+00
7.641670193650576172e+11
4.987451409401557007e+11
0.000000000000000000e+00
0.000000000000000000e+00
8.454423415732919922e+11
0.000000000000000000e+00
0.000000000000000000e+00
0.000000000000000000e+00
5.172019413530120239e+11
8.267363133672231445e+11
0.000000000000000000e+00
6.368878986847983398e+11
6.542344624036489258e+11
5.708513422694453125e+11
7.102364353941287842e+11
5.400575861446684570e+11
5.702775699723114014e+11
0.000000000000000000e+00
0.000000000000000000e+00
5.973166304801594238e+11
8.754462835869383545e+11
4.880561857266423340e+11
7.345377992903415527e+11
7.423042754001308594e+11
0.000000000000000000e+00
5.555730035827042236e+11
1.026996504335637451e+12
9.347269212092033691e+11
5.394568525804367065e+11
5.946994436331042480e+11
0.000000000000000000e+00
6.438955040469197998e+11
8.055916825269066162e+11
4.628375627593577271e+11
5.856892093161433105e+11
0.000000000000000000e+00
0.000000000000000000e+00
7.352189733265417480e+11
4.986916544381721802e+11
7.271068537324086914e+11
6.230894541130766602e+11
5.869864977918079834e+11
4.877283987799287720e+11
1.038808879045436890e+12
5.446678953018467407e+11
5.587864744418525391e+11
5.441646391899728394e+11
4.809331891967420044e+11
4.772802426819298096e+11
5.927138842812663574e+11
5.717686415443973389e+11
2.754628295498870117e+12
5.192695879585616455e+11
5.221801927998878174e+11
5.370535152050527954e+11
4.964915240846251831e+11
0.000000000000000000e+00
0.000000000000000000e+00
8.028029252554543457e+11
8.267363133672231445e+11
4.672100331839671021e+11
6.641184243679252930e+11
0.000000000000000000e+00
0.000000000000000000e+00
5.884743593883977051e+11
6.776830741514970703e+11
9.468206638201417236e+11
5.097217816409194336e+11
4.639793369989381104e+11
4.664094755023436279e+11
5.688888183548034668e+11
7.499467840609652100e+11
9.748607089531477051e+11
7.185449371762423096e+11
6.133660404500972900e+11
6.542209055427640381e+11
6.920323865130642090e+11
7.958241955529588623e+11
0.000000000000000000e+00
6.999028139996276855e+11
6.590134754774440918e+11
5.876127826955117188e+11
9.062419448951967773e+11
6.685102399123073730e+11
5.514607144700817871e+11
4.523387158872521973e+11
0.000000000000000000e+00
4.548405785080875854e+11
5.237698900498276367e+11
4.628375627593577271e+11
5.670094974138824463e+11
6.013438867121291504e+11
7.394406819502512207e+11
0.000000000000000000e+00
6.605111052428668213e+11
4.276313481448937378e+11
5.764716191490355225e+11
5.496062621734691772e+11
0.000000000000000000e+00
1.038808879045436890e+12
4.775203546939071045e+11
5.600416689486639404e+11
5.948132611692762451e+11
1.092167751898253540e+12
7.563896165725850830e+11
5.739785268001413574e+11
0.000000000000000000e+00
7.343463716121645508e+11
4.089380674667238159e+11
6.423915962672155762e+11
5.530845476566040039e+11
6.920329733961052246e+11
0.000000000000000000e+00
5.027881324825168457e+11
6.334920483806656494e+11
0.000000000000000000e+00
5.318700886115607910e+11
7.106132199294534912e+11
4.455820546466204224e+11
6.056688814990634766e+11
6.297408442984519043e+11
5.059808370353349609e+11
5.703168601075396729e+11
0.000000000000000000e+00
0.000000000000000000e+00
6.700159674719672852e+11
6.734992774557672119e+11
6.728197518184591064e+11
6.790260513638432617e+11
8.122600480769904785e+11
5.167538324281110840e+11
3.747794814142236938e+11
7.803451852963847656e+11
7.322819534895665283e+11
5.262015455943393555e+11
5.953835239833066406e+11
6.092863960752857666e+11
6.402144213932515869e+11
0.000000000000000000e+00
0.000000000000000000e+00
5.057277719841657715e+11
0.000000000000000000e+00
4.707680122158522949e+11
6.790959375294949951e+11
6.525797328937868652e+11
0.000000000000000000e+00
6.152527268928970947e+11
5.887066499522209473e+11
0.000000000000000000e+00
5.192695879585616455e+11
0.000000000000000000e+00
4.559149147488718872e+11
6.568401136265662842e+11
0.000000000000000000e+00
8.263373658410549316e+11
7.150084600371755371e+11
5.971814070705407715e+11
9.034622263156456299e+11
5.818775895132239990e+11
6.248447983647266846e+11
4.874363016269136353e+11
5.244753265652348022e+11
6.283712568398625488e+11
5.802783522936062012e+11
0.000000000000000000e+00
5.988172003808015137e+11
5.509180823056689453e+11
4.187577898172973022e+11
0.000000000000000000e+00
6.356327799333267822e+11
4.822375650837221069e+11
5.235873020343758545e+11
5.836305324063852539e+11
4.581468931096543579e+11
5.221446911716952515e+11
5.882075559965794678e+11
5.189147968875587769e+11
0.000000000000000000e+00
5.296044024268656006e+11
5.988178980083334961e+11
0.000000000000000000e+00
4.079854342804556274e+11
0.000000000000000000e+00
7.544414394754943848e+11
5.802783522936062012e+11
6.870758230536585693e+11
0.000000000000000000e+00
6.330838987077104492e+11
5.186133053388107910e+11
6.210744784578354492e+11
6.846735674897056885e+11
7.881041261783218994e+11
0.000000000000000000e+00
6.540835925147980957e+11
7.078163155629897461e+11
6.745451140556137695e+11
4.809331891967420044e+11
0.000000000000000000e+00
7.115742856402825928e+11
5.035915885936710815e+11
7.071879006734078369e+11
7.651001525312620850e+11
7.233073854773996582e+11
6.510121597175621338e+11
4.671699217329702759e+11
4.786233274124295044e+11
5.655737621345982666e+11
4.468003409284501953e+11
6.282568211688906250e+11
0.000000000000000000e+00
5.581005205062448730e+11
4.399292300649265137e+11
5.665703045148262939e+11
6.592383369898104248e+11
7.630145899454652100e+11
7.246150564295679932e+11
6.409991962107939453e+11
4.712211159644913940e+11
5.307505501438202515e+11
5.264184702666152344e+11
5.646619654594694824e+11
5.487172863781403198e+11
4.768587681249988403e+11
6.402868865708372803e+11
5.581334878489007568e+11
6.329434396254670410e+11
5.523739692110600586e+11
0.000000000000000000e+00
0.000000000000000000e+00
7.143924297214570312e+11
5.913034989384086914e+11
5.809226796291282959e+11
8.814163656942744141e+11
0.000000000000000000e+00
8.771819449562784424e+11
0.000000000000000000e+00
4.588923043065706177e+11
7.101785148445419922e+11
9.052889838844499512e+11
4.702472078431177979e+11
5.234161052309545288e+11
7.462109750764566650e+11
4.812146461710257568e+11
4.799567170099804077e+11
5.935250558287149658e+11
5.377949039518370361e+11
4.559149147488718872e+11
4.628375627593577271e+11
4.240851648056161499e+11
4.782100966553274536e+11
5.833969938835799561e+11
7.243724478530606689e+11
5.873255178134128418e+11
7.097857262276127930e+11
6.327139468358835449e+11
6.498186037186778564e+11
0.000000000000000000e+00
5.726167458317662354e+11
6.053025834228220215e+11
5.903133338575378418e+11
0.000000000000000000e+00
0.000000000000000000e+00
6.876834744679301758e+11
0.000000000000000000e+00
6.320424160975970459e+11
4.754435776679533081e+11
4.886416059658351440e+11
5.473934132588608398e+11
0.000000000000000000e+00
7.132106012385428467e+11
0.000000000000000000e+00
4.648947252536846313e+11
5.757579802860504150e+11
5.736419208051979980e+11
5.244674307670845337e+11
4.548405785080875854e+11
8.799242580555202637e+11
4.987451409401557007e+11
6.938356417773283691e+11
5.973879836468052979e+11
0.000000000000000000e+00
5.531442117233372803e+11
5.818775895132239990e+11
5.809226796291282959e+11
6.113575834431367188e+11
0.000000000000000000e+00
6.282568211688906250e+11
6.329434396254670410e+11
5.707711399443356934e+11
6.546342818619138184e+11
4.822375650837221069e+11
5.674489670360114746e+11
6.621657523007120361e+11
5.140090907381266479e+11
5.087926314794702148e+11
0.000000000000000000e+00
5.587864744418525391e+11
6.037124556116976318e+11
6.072917905549097900e+11
6.169093021415169678e+11
6.769685011027155762e+11
4.400895731428020630e+11
9.917702808905908203e+11
6.125394601516256104e+11
5.035627517568729248e+11
5.773471037826080322e+11
5.308285459905872192e+11
7.285218752639124756e+11
