9.270000000000000000e+03
7.136000000000000000e+03
3.504000000000000000e+03
6.086000000000000000e+03
7.814000000000000000e+03
6.377000000000000000e+03
9.535000000000000000e+03
1.137000000000000000e+03
2.590000000000000000e+02
2.944000000000000000e+03
4.971000000000000000e+03
5.905000000000000000e+03
8.673000000000000000e+03
5.313000000000000000e+03
4.178000000000000000e+03
5.764000000000000000e+03
9.600000000000000000e+02
9.519000000000000000e+03
9.680000000000000000e+02
3.009000000000000000e+03
2.931000000000000000e+03
6.830000000000000000e+03
2.657000000000000000e+03
8.263000000000000000e+03
6.390000000000000000e+02
6.884000000000000000e+03
7.394000000000000000e+03
9.332000000000000000e+03
7.908000000000000000e+03
4.297000000000000000e+03
8.813000000000000000e+03
7.316000000000000000e+03
2.980000000000000000e+03
6.940000000000000000e+03
7.555000000000000000e+03
2.076000000000000000e+03
4.945000000000000000e+03
5.474000000000000000e+03
5.117000000000000000e+03
5.617000000000000000e+03
4.430000000000000000e+02
3.633000000000000000e+03
8.128000000000000000e+03
6.268000000000000000e+03
5.463000000000000000e+03
4.916000000000000000e+03
4.914000000000000000e+03
8.114000000000000000e+03
5.647000000000000000e+03
5.447000000000000000e+03
7.475000000000000000e+03
2.106000000000000000e+03
8.107000000000000000e+03
4.241000000000000000e+03
5.441000000000000000e+03
1.316000000000000000e+03
5.666000000000000000e+03
2.624000000000000000e+03
4.248000000000000000e+03
1.916000000000000000e+03
3.743000000000000000e+03
5.033000000000000000e+03
8.140000000000000000e+03
1.948000000000000000e+03
2.955000000000000000e+03
7.562000000000000000e+03
8.203000000000000000e+03
9.714000000000000000e+03
1.996000000000000000e+03
5.002000000000000000e+03
5.570000000000000000e+03
8.697000000000000000e+03
4.995000000000000000e+03
1.988000000000000000e+03
4.055000000000000000e+03
2.773000000000000000e+03
8.745000000000000000e+03
5.084000000000000000e+03
4.987000000000000000e+03
4.156000000000000000e+03
3.900000000000000000e+02
6.310000000000000000e+03
2.057000000000000000e+03
1.559000000000000000e+03
2.698000000000000000e+03
7.510000000000000000e+03
8.145000000000000000e+03
6.764000000000000000e+03
3.165000000000000000e+03
7.600000000000000000e+03
7.205000000000000000e+03
6.587000000000000000e+03
3.254000000000000000e+03
9.514000000000000000e+03
4.713000000000000000e+03
6.092000000000000000e+03
7.985000000000000000e+03
7.040000000000000000e+03
7.984000000000000000e+03
5.843000000000000000e+03
2.258000000000000000e+03
2.264000000000000000e+03
9.304000000000000000e+03
9.302000000000000000e+03
9.295000000000000000e+03
9.289000000000000000e+03
2.451000000000000000e+03
4.658000000000000000e+03
4.452000000000000000e+03
2.444000000000000000e+03
1.062000000000000000e+03
9.160000000000000000e+03
5.947000000000000000e+03
9.109000000000000000e+03
6.984000000000000000e+03
9.095000000000000000e+03
5.925000000000000000e+03
4.718000000000000000e+03
8.740000000000000000e+02
7.846000000000000000e+03
9.084000000000000000e+03
4.631000000000000000e+03
1.048000000000000000e+03
9.261000000000000000e+03
2.439000000000000000e+03
8.590000000000000000e+02
6.227000000000000000e+03
9.351000000000000000e+03
1.133000000000000000e+03
2.605000000000000000e+03
5.694000000000000000e+03
4.845000000000000000e+03
5.650000000000000000e+02
7.686000000000000000e+03
7.118000000000000000e+03
4.830000000000000000e+03
5.439000000000000000e+03
5.733000000000000000e+03
6.050000000000000000e+02
8.059000000000000000e+03
4.306000000000000000e+03
6.150000000000000000e+02
8.891000000000000000e+03
7.714000000000000000e+03
5.748000000000000000e+03
9.434000000000000000e+03
7.054000000000000000e+03
3.312000000000000000e+03
3.514000000000000000e+03
9.380000000000000000e+03
2.525000000000000000e+03
8.007000000000000000e+03
2.498000000000000000e+03
6.710000000000000000e+02
7.736000000000000000e+03
9.415000000000000000e+03
6.139000000000000000e+03
8.028000000000000000e+03
6.460000000000000000e+02
9.428000000000000000e+03
3.532000000000000000e+03
8.493000000000000000e+03
9.490000000000000000e+02
8.490000000000000000e+03
7.429000000000000000e+03
3.031000000000000000e+03
8.334000000000000000e+03
5.348000000000000000e+03
6.000000000000000000e+00
1.430000000000000000e+02
9.935000000000000000e+03
5.312000000000000000e+03
7.363000000000000000e+03
3.014000000000000000e+03
1.773000000000000000e+03
5.179000000000000000e+03
7.440000000000000000e+03
2.991000000000000000e+03
8.389000000000000000e+03
1.460000000000000000e+02
1.703000000000000000e+03
2.308000000000000000e+03
4.626000000000000000e+03
7.828000000000000000e+03
5.500000000000000000e+02
9.087000000000000000e+03
3.092000000000000000e+03
6.732000000000000000e+03
7.231000000000000000e+03
3.890000000000000000e+03
9.970000000000000000e+03
7.184000000000000000e+03
3.159000000000000000e+03
4.793000000000000000e+03
6.962000000000000000e+03
4.080000000000000000e+03
3.401000000000000000e+03
1.488000000000000000e+03
2.600000000000000000e+02
7.786000000000000000e+03
8.578000000000000000e+03
5.726000000000000000e+03
3.700000000000000000e+01
3.705000000000000000e+03
9.871000000000000000e+03
1.826000000000000000e+03
2.752000000000000000e+03
4.107000000000000000e+03
3.347000000000000000e+03
6.435000000000000000e+03
2.758000000000000000e+03
8.308000000000000000e+03
2.932000000000000000e+03
3.081000000000000000e+03
8.655000000000000000e+03
7.747000000000000000e+03
4.358000000000000000e+03
1.440000000000000000e+02
4.091000000000000000e+03
4.054000000000000000e+03
3.518000000000000000e+03
8.975000000000000000e+03
9.389000000000000000e+03
7.450000000000000000e+03
8.953000000000000000e+03
3.491000000000000000e+03
8.593000000000000000e+03
1.755000000000000000e+03
4.396000000000000000e+03
6.179000000000000000e+03
6.060000000000000000e+02
4.361000000000000000e+03
4.719000000000000000e+03
7.991000000000000000e+03
1.242000000000000000e+03
2.902000000000000000e+03
7.513000000000000000e+03
8.410000000000000000e+03
8.447000000000000000e+03
4.139000000000000000e+03
3.059000000000000000e+03
2.135000000000000000e+03
7.198000000000000000e+03
8.900000000000000000e+01
6.224000000000000000e+03
4.619000000000000000e+03
3.450000000000000000e+03
2.040000000000000000e+03
9.532000000000000000e+03
2.667000000000000000e+03
5.401000000000000000e+03
9.537000000000000000e+03
6.469000000000000000e+03
9.552000000000000000e+03
8.364000000000000000e+03
4.940000000000000000e+02
1.335000000000000000e+03
7.311000000000000000e+03
2.382000000000000000e+03
7.292000000000000000e+03
9.068000000000000000e+03
3.762000000000000000e+03
7.949000000000000000e+03
9.939000000000000000e+03
8.181000000000000000e+03
2.447000000000000000e+03
1.640000000000000000e+02
6.953000000000000000e+03
2.940000000000000000e+03
9.064000000000000000e+03
3.798000000000000000e+03
8.458000000000000000e+03
1.786000000000000000e+03
3.974000000000000000e+03
7.126000000000000000e+03
1.880000000000000000e+03
7.954000000000000000e+03
9.253000000000000000e+03
8.600000000000000000e+01
2.840000000000000000e+03
4.606000000000000000e+03
6.838000000000000000e+03
3.800000000000000000e+03
4.168000000000000000e+03
2.189000000000000000e+03
3.550000000000000000e+03
1.864000000000000000e+03
4.940000000000000000e+03
5.670000000000000000e+02
9.710000000000000000e+03
2.018000000000000000e+03
2.723000000000000000e+03
5.406000000000000000e+03
6.722000000000000000e+03
1.279000000000000000e+03
6.820000000000000000e+03
8.872000000000000000e+03
8.083000000000000000e+03
2.088000000000000000e+03
9.466000000000000000e+03
3.139000000000000000e+03
3.264000000000000000e+03
8.882000000000000000e+03
5.685000000000000000e+03
2.148000000000000000e+03
5.222000000000000000e+03
5.214000000000000000e+03
7.232000000000000000e+03
6.811000000000000000e+03
9.722000000000000000e+03
6.876000000000000000e+03
3.163000000000000000e+03
8.280000000000000000e+02
2.396000000000000000e+03
5.336000000000000000e+03
6.637000000000000000e+03
1.830000000000000000e+03
5.848000000000000000e+03
4.489000000000000000e+03
2.470000000000000000e+03
4.613000000000000000e+03
4.404000000000000000e+03
1.622000000000000000e+03
2.307000000000000000e+03
1.033000000000000000e+03
1.082000000000000000e+03
7.850000000000000000e+02
3.754000000000000000e+03
1.050000000000000000e+03
7.274000000000000000e+03
7.819000000000000000e+03
3.067000000000000000e+03
7.028000000000000000e+03
6.017000000000000000e+03
2.250000000000000000e+03
2.234000000000000000e+03
7.892000000000000000e+03
8.022000000000000000e+03
9.100000000000000000e+03
7.293000000000000000e+03
1.907000000000000000e+03
9.737000000000000000e+03
9.993000000000000000e+03
1.183000000000000000e+03
3.972000000000000000e+03
9.382000000000000000e+03
8.293000000000000000e+03
3.302000000000000000e+03
7.290000000000000000e+02
1.811000000000000000e+03
8.961000000000000000e+03
3.397000000000000000e+03
6.583000000000000000e+03
4.554000000000000000e+03
6.462000000000000000e+03
9.126000000000000000e+03
2.625000000000000000e+03
7.858000000000000000e+03
8.804000000000000000e+03
6.252000000000000000e+03
2.651000000000000000e+03
3.969000000000000000e+03
6.450000000000000000e+03
4.344000000000000000e+03
6.529000000000000000e+03
6.822000000000000000e+03
2.500000000000000000e+02
3.887000000000000000e+03
4.305000000000000000e+03
3.321000000000000000e+03
3.348000000000000000e+03
9.948000000000000000e+03
2.572000000000000000e+03
8.874000000000000000e+03
2.219000000000000000e+03
3.244000000000000000e+03
7.404000000000000000e+03
2.450000000000000000e+03
5.525000000000000000e+03
3.815000000000000000e+03
5.786000000000000000e+03
6.546000000000000000e+03
5.537000000000000000e+03
2.074000000000000000e+03
8.990000000000000000e+03
2.879000000000000000e+03
6.208000000000000000e+03
2.314000000000000000e+03
8.274000000000000000e+03
1.882000000000000000e+03
9.818000000000000000e+03
3.226000000000000000e+03
4.690000000000000000e+03
8.856000000000000000e+03
2.942000000000000000e+03
9.570000000000000000e+02
1.395000000000000000e+03
6.568000000000000000e+03
4.334000000000000000e+03
6.210000000000000000e+03
7.944000000000000000e+03
2.898000000000000000e+03
4.378000000000000000e+03
7.095000000000000000e+03
8.434000000000000000e+03
7.387000000000000000e+03
6.774000000000000000e+03
9.533000000000000000e+03
5.225000000000000000e+03
4.414000000000000000e+03
3.003000000000000000e+03
9.269000000000000000e+03
4.851000000000000000e+03
4.166000000000000000e+03
2.802000000000000000e+03
1.569000000000000000e+03
6.304000000000000000e+03
5.578000000000000000e+03
1.971000000000000000e+03
5.191000000000000000e+03
1.780000000000000000e+02
2.862000000000000000e+03
9.642000000000000000e+03
6.728000000000000000e+03
8.051000000000000000e+03
5.960000000000000000e+02
6.633000000000000000e+03
5.779000000000000000e+03
9.988000000000000000e+03
7.170000000000000000e+02
2.248000000000000000e+03
2.899000000000000000e+03
4.805000000000000000e+03
1.037000000000000000e+03
7.623000000000000000e+03
7.060000000000000000e+02
5.087000000000000000e+03
7.261000000000000000e+03
3.438000000000000000e+03
3.197000000000000000e+03
2.098000000000000000e+03
3.905000000000000000e+03
3.104000000000000000e+03
6.825000000000000000e+03
7.480000000000000000e+02
4.618000000000000000e+03
6.020000000000000000e+02
2.938000000000000000e+03
7.372000000000000000e+03
4.099000000000000000e+03
4.069000000000000000e+03
8.323000000000000000e+03
2.310000000000000000e+02
5.247000000000000000e+03
5.083000000000000000e+03
6.410000000000000000e+03
8.470000000000000000e+03
4.514000000000000000e+03
4.445000000000000000e+03
8.178000000000000000e+03
2.133000000000000000e+03
9.368000000000000000e+03
5.916000000000000000e+03
7.023000000000000000e+03
6.967000000000000000e+03
5.181000000000000000e+03
8.658000000000000000e+03
7.885000000000000000e+03
3.742000000000000000e+03
8.568000000000000000e+03
5.832000000000000000e+03
9.460000000000000000e+02
5.540000000000000000e+02
6.190000000000000000e+02
7.431000000000000000e+03
3.149000000000000000e+03
5.521000000000000000e+03
3.367000000000000000e+03
9.597000000000000000e+03
6.068000000000000000e+03
4.954000000000000000e+03
5.877000000000000000e+03
5.007000000000000000e+03
2.091000000000000000e+03
4.407000000000000000e+03
3.628000000000000000e+03
5.592000000000000000e+03
6.990000000000000000e+03
9.260000000000000000e+03
8.650000000000000000e+03
2.750000000000000000e+02
5.917000000000000000e+03
3.821000000000000000e+03
6.863000000000000000e+03
8.980000000000000000e+03
3.318000000000000000e+03
5.393000000000000000e+03
8.938000000000000000e+03
7.734000000000000000e+03
5.772000000000000000e+03
7.150000000000000000e+02
8.626000000000000000e+03
8.231000000000000000e+03
7.050000000000000000e+03
3.080000000000000000e+02
8.790000000000000000e+02
7.270000000000000000e+02
6.608000000000000000e+03
9.759000000000000000e+03
6.135000000000000000e+03
8.486000000000000000e+03
5.914000000000000000e+03
4.721000000000000000e+03
9.757000000000000000e+03
3.050000000000000000e+02
1.136000000000000000e+03
9.211000000000000000e+03
9.417000000000000000e+03
7.253000000000000000e+03
5.519000000000000000e+03
4.391000000000000000e+03
6.386000000000000000e+03
6.119000000000000000e+03
6.790000000000000000e+02
5.067000000000000000e+03
7.597000000000000000e+03
2.068000000000000000e+03
5.900000000000000000e+01
7.534000000000000000e+03
6.391000000000000000e+03
4.758000000000000000e+03
7.854000000000000000e+03
9.742000000000000000e+03
1.981000000000000000e+03
2.531000000000000000e+03
5.808000000000000000e+03
1.979000000000000000e+03
2.231000000000000000e+03
8.609000000000000000e+03
4.762000000000000000e+03
5.796000000000000000e+03
3.645000000000000000e+03
5.347000000000000000e+03
3.519000000000000000e+03
9.376000000000000000e+03
2.846000000000000000e+03
5.803000000000000000e+03
3.461000000000000000e+03
5.518000000000000000e+03
7.759000000000000000e+03
7.040000000000000000e+02
6.114000000000000000e+03
2.071000000000000000e+03
9.226000000000000000e+03
3.387000000000000000e+03
7.014000000000000000e+03
2.289000000000000000e+03
8.450000000000000000e+02
2.856000000000000000e+03
2.440000000000000000e+03
7.957000000000000000e+03
7.360000000000000000e+03
2.100000000000000000e+02
7.816000000000000000e+03
6.030000000000000000e+03
4.449000000000000000e+03
4.620000000000000000e+03
9.865000000000000000e+03
1.925000000000000000e+03
1.074000000000000000e+03
9.037000000000000000e+03
3.872000000000000000e+03
8.260000000000000000e+03
3.751000000000000000e+03
9.053000000000000000e+03
4.458000000000000000e+03
4.467000000000000000e+03
1.618000000000000000e+03
1.620000000000000000e+03
3.998000000000000000e+03
3.753000000000000000e+03
2.943000000000000000e+03
2.821000000000000000e+03
4.636000000000000000e+03
1.024000000000000000e+03
9.058000000000000000e+03
1.550000000000000000e+02
9.257000000000000000e+03
4.460000000000000000e+03
6.448000000000000000e+03
2.430000000000000000e+03
7.011000000000000000e+03
6.048000000000000000e+03
7.824000000000000000e+03
9.803000000000000000e+03
5.820000000000000000e+03
2.274000000000000000e+03
5.108000000000000000e+03
3.878000000000000000e+03
1.960000000000000000e+03
4.150000000000000000e+02
7.782000000000000000e+03
7.847000000000000000e+03
7.044000000000000000e+03
4.409000000000000000e+03
3.459000000000000000e+03
8.585000000000000000e+03
5.828000000000000000e+03
4.406000000000000000e+03
5.394000000000000000e+03
4.600000000000000000e+01
4.700000000000000000e+01
9.345000000000000000e+03
6.409000000000000000e+03
7.320000000000000000e+02
1.480000000000000000e+02
3.839000000000000000e+03
3.336000000000000000e+03
2.256000000000000000e+03
1.941000000000000000e+03
7.270000000000000000e+03
1.625000000000000000e+03
9.026000000000000000e+03
1.815000000000000000e+03
6.898000000000000000e+03
8.270000000000000000e+03
9.229000000000000000e+03
2.273000000000000000e+03
9.018000000000000000e+03
2.929000000000000000e+03
9.013000000000000000e+03
3.736000000000000000e+03
9.317000000000000000e+03
7.791000000000000000e+03
8.242000000000000000e+03
1.957000000000000000e+03
1.877000000000000000e+03
2.040000000000000000e+02
4.341000000000000000e+03
2.689000000000000000e+03
7.915000000000000000e+03
6.803000000000000000e+03
5.954000000000000000e+03
2.337000000000000000e+03
9.330000000000000000e+02
4.620000000000000000e+02
3.773000000000000000e+03
4.135000000000000000e+03
8.096000000000000000e+03
8.778000000000000000e+03
5.260000000000000000e+02
4.215000000000000000e+03
3.224000000000000000e+03
7.137000000000000000e+03
2.372000000000000000e+03
5.959000000000000000e+03
3.690000000000000000e+02
6.806000000000000000e+03
3.814000000000000000e+03
1.290000000000000000e+03
8.786000000000000000e+03
6.975000000000000000e+03
4.848000000000000000e+03
3.592000000000000000e+03
5.211000000000000000e+03
1.914000000000000000e+03
8.278000000000000000e+03
8.314000000000000000e+03
5.562000000000000000e+03
3.449000000000000000e+03
4.928000000000000000e+03
2.344000000000000000e+03
8.683000000000000000e+03
2.031000000000000000e+03
1.859000000000000000e+03
4.580000000000000000e+02
8.514000000000000000e+03
9.670000000000000000e+02
8.168000000000000000e+03
3.919000000000000000e+03
5.659000000000000000e+03
2.116000000000000000e+03
7.150000000000000000e+03
5.381000000000000000e+03
1.332000000000000000e+03
6.311000000000000000e+03
2.056000000000000000e+03
7.314000000000000000e+03
1.740000000000000000e+02
5.966000000000000000e+03
5.162000000000000000e+03
1.010000000000000000e+02
4.907000000000000000e+03
8.467000000000000000e+03
1.711000000000000000e+03
1.270000000000000000e+02
4.830000000000000000e+02
3.799000000000000000e+03
8.104000000000000000e+03
6.782000000000000000e+03
2.047000000000000000e+03
7.141000000000000000e+03
5.140000000000000000e+02
4.247000000000000000e+03
2.369000000000000000e+03
3.216000000000000000e+03
1.313000000000000000e+03
2.120000000000000000e+03
4.245000000000000000e+03
5.667000000000000000e+03
5.040000000000000000e+02
8.157000000000000000e+03
3.921000000000000000e+03
8.814000000000000000e+03
1.861000000000000000e+03
3.923000000000000000e+03
5.060000000000000000e+02
7.416000000000000000e+03
6.345000000000000000e+03
7.217000000000000000e+03
5.533000000000000000e+03
8.750000000000000000e+03
7.713000000000000000e+03
9.828000000000000000e+03
2.560000000000000000e+03
5.039000000000000000e+03
1.501000000000000000e+03
3.855000000000000000e+03
1.396000000000000000e+03
6.986000000000000000e+03
2.697000000000000000e+03
3.310000000000000000e+02
5.737000000000000000e+03
7.922000000000000000e+03
9.928000000000000000e+03
6.834000000000000000e+03
2.743000000000000000e+03
4.595000000000000000e+03
3.210000000000000000e+02
9.530000000000000000e+02
8.635000000000000000e+03
9.612000000000000000e+03
8.748000000000000000e+03
6.709000000000000000e+03
1.206000000000000000e+03
5.981000000000000000e+03
9.093000000000000000e+03
8.908000000000000000e+03
3.557000000000000000e+03
8.820000000000000000e+02
1.217000000000000000e+03
1.400000000000000000e+02
2.816000000000000000e+03
2.000000000000000000e+03
4.943000000000000000e+03
4.191000000000000000e+03
9.830000000000000000e+03
7.931000000000000000e+03
8.325000000000000000e+03
4.502000000000000000e+03
3.452000000000000000e+03
6.290000000000000000e+03
5.025000000000000000e+03
6.271000000000000000e+03
9.692000000000000000e+03
6.819000000000000000e+03
1.476000000000000000e+03
8.300000000000000000e+01
4.837000000000000000e+03
9.880000000000000000e+02
3.246000000000000000e+03
1.350000000000000000e+02
4.834000000000000000e+03
6.958000000000000000e+03
8.465000000000000000e+03
9.470000000000000000e+03
3.049000000000000000e+03
5.149000000000000000e+03
4.542000000000000000e+03
3.027000000000000000e+03
1.635000000000000000e+03
3.259000000000000000e+03
2.357000000000000000e+03
1.700000000000000000e+03
4.538000000000000000e+03
7.201000000000000000e+03
2.578000000000000000e+03
6.776000000000000000e+03
2.595000000000000000e+03
5.443000000000000000e+03
6.852000000000000000e+03
9.831000000000000000e+03
9.788000000000000000e+03
8.528000000000000000e+03
3.893000000000000000e+03
6.307000000000000000e+03
8.950000000000000000e+03
4.480000000000000000e+03
9.823000000000000000e+03
2.811000000000000000e+03
3.778000000000000000e+03
8.264000000000000000e+03
1.938000000000000000e+03
8.090000000000000000e+02
6.766000000000000000e+03
8.035000000000000000e+03
9.567000000000000000e+03
6.879000000000000000e+03
8.222000000000000000e+03
1.254000000000000000e+03
8.661000000000000000e+03
1.730000000000000000e+03
4.098000000000000000e+03
1.255000000000000000e+03
9.394000000000000000e+03
6.987000000000000000e+03
6.616000000000000000e+03
5.775000000000000000e+03
8.913000000000000000e+03
6.440000000000000000e+02
7.239000000000000000e+03
4.754000000000000000e+03
1.142000000000000000e+03
2.160000000000000000e+03
8.862000000000000000e+03
3.924000000000000000e+03
5.656000000000000000e+03
7.498000000000000000e+03
1.425000000000000000e+03
3.004000000000000000e+03
4.137000000000000000e+03
1.835000000000000000e+03
4.867000000000000000e+03
9.521000000000000000e+03
1.719000000000000000e+03
9.670000000000000000e+03
9.505000000000000000e+03
9.860000000000000000e+02
3.885000000000000000e+03
6.295000000000000000e+03
1.386000000000000000e+03
6.765000000000000000e+03
2.648000000000000000e+03
1.481000000000000000e+03
7.235000000000000000e+03
8.110000000000000000e+02
3.940000000000000000e+02
6.098000000000000000e+03
6.760000000000000000e+03
7.646000000000000000e+03
6.249000000000000000e+03
1.483000000000000000e+03
9.873000000000000000e+03
8.796000000000000000e+03
4.310000000000000000e+03
5.636000000000000000e+03
7.712000000000000000e+03
5.750000000000000000e+03
4.927000000000000000e+03
4.526000000000000000e+03
4.499000000000000000e+03
4.232000000000000000e+03
4.250000000000000000e+03
7.113000000000000000e+03
7.374000000000000000e+03
4.246000000000000000e+03
4.289000000000000000e+03
6.750000000000000000e+03
3.591000000000000000e+03
8.082000000000000000e+03
7.364000000000000000e+03
1.457000000000000000e+03
2.720000000000000000e+03
4.855000000000000000e+03
2.138000000000000000e+03
2.036000000000000000e+03
1.042000000000000000e+03
1.513000000000000000e+03
5.053000000000000000e+03
3.900000000000000000e+01
6.072000000000000000e+03
4.026000000000000000e+03
8.571000000000000000e+03
2.989000000000000000e+03
6.415000000000000000e+03
9.336000000000000000e+03
4.400000000000000000e+03
4.310000000000000000e+02
2.351000000000000000e+03
5.976000000000000000e+03
3.834000000000000000e+03
1.598000000000000000e+03
9.369000000000000000e+03
5.079000000000000000e+03
6.507000000000000000e+03
7.809000000000000000e+03
6.023000000000000000e+03
6.657000000000000000e+03
7.903000000000000000e+03
8.541000000000000000e+03
4.764000000000000000e+03
3.020000000000000000e+03
7.175000000000000000e+03
2.603000000000000000e+03
5.915000000000000000e+03
3.422000000000000000e+03
6.786000000000000000e+03
3.035000000000000000e+03
5.112000000000000000e+03
1.443000000000000000e+03
8.499000000000000000e+03
2.125000000000000000e+03
3.639000000000000000e+03
1.666000000000000000e+03
6.265000000000000000e+03
8.321000000000000000e+03
6.520000000000000000e+03
9.720000000000000000e+02
3.861000000000000000e+03
8.474000000000000000e+03
1.821000000000000000e+03
1.779000000000000000e+03
1.071000000000000000e+03
7.967000000000000000e+03
8.250000000000000000e+03
9.025000000000000000e+03
4.395000000000000000e+03
6.025000000000000000e+03
2.242000000000000000e+03
3.896000000000000000e+03
3.526000000000000000e+03
1.519000000000000000e+03
6.614000000000000000e+03
6.801000000000000000e+03
1.506000000000000000e+03
1.849000000000000000e+03
1.238000000000000000e+03
6.536000000000000000e+03
8.200000000000000000e+03
4.301000000000000000e+03
3.785000000000000000e+03
4.501000000000000000e+03
9.106000000000000000e+03
9.112000000000000000e+03
4.283000000000000000e+03
2.149000000000000000e+03
8.846000000000000000e+03
1.649000000000000000e+03
2.316000000000000000e+03
3.523000000000000000e+03
7.632000000000000000e+03
2.785000000000000000e+03
7.318000000000000000e+03
7.490000000000000000e+03
3.363000000000000000e+03
4.760000000000000000e+02
5.024000000000000000e+03
2.436000000000000000e+03
2.652000000000000000e+03
2.814000000000000000e+03
7.726000000000000000e+03
2.547000000000000000e+03
2.798000000000000000e+03
9.952000000000000000e+03
9.779000000000000000e+03
7.856000000000000000e+03
8.910000000000000000e+02
5.001000000000000000e+03
5.241000000000000000e+03
5.706000000000000000e+03
9.300000000000000000e+03
3.118000000000000000e+03
1.860000000000000000e+02
9.518000000000000000e+03
5.062000000000000000e+03
5.430000000000000000e+03
3.020000000000000000e+02
7.140000000000000000e+02
3.324000000000000000e+03
9.401000000000000000e+03
7.777000000000000000e+03
2.750000000000000000e+03
9.502000000000000000e+03
7.649000000000000000e+03
2.852000000000000000e+03
3.238000000000000000e+03
2.854000000000000000e+03
1.410000000000000000e+02
3.340000000000000000e+02
9.467000000000000000e+03
9.194000000000000000e+03
6.800000000000000000e+02
6.979000000000000000e+03
5.742000000000000000e+03
4.547000000000000000e+03
6.957000000000000000e+03
9.768000000000000000e+03
3.770000000000000000e+02
9.186000000000000000e+03
5.288000000000000000e+03
2.561000000000000000e+03
5.600000000000000000e+03
6.586000000000000000e+03
8.384000000000000000e+03
1.469000000000000000e+03
9.360000000000000000e+03
5.292000000000000000e+03
4.369000000000000000e+03
6.560000000000000000e+02
1.271000000000000000e+03
9.238000000000000000e+03
3.515000000000000000e+03
3.144000000000000000e+03
7.310000000000000000e+03
8.715000000000000000e+03
4.997000000000000000e+03
3.141000000000000000e+03
7.302000000000000000e+03
2.204000000000000000e+03
5.248000000000000000e+03
6.401000000000000000e+03
5.195000000000000000e+03
6.636000000000000000e+03
4.049000000000000000e+03
3.790000000000000000e+03
8.869000000000000000e+03
3.644000000000000000e+03
1.886000000000000000e+03
4.561000000000000000e+03
1.606000000000000000e+03
7.446000000000000000e+03
7.442000000000000000e+03
2.115000000000000000e+03
7.491000000000000000e+03
3.456000000000000000e+03
8.870000000000000000e+02
7.674000000000000000e+03
7.469000000000000000e+03
5.939000000000000000e+03
8.624000000000000000e+03
6.160000000000000000e+03
6.553000000000000000e+03
3.360000000000000000e+02
9.516000000000000000e+03
1.647000000000000000e+03
3.176000000000000000e+03
4.625000000000000000e+03
3.090000000000000000e+03
2.881000000000000000e+03
8.055000000000000000e+03
5.246000000000000000e+03
9.842000000000000000e+03
2.858000000000000000e+03
1.749000000000000000e+03
3.296000000000000000e+03
3.706000000000000000e+03
3.136000000000000000e+03
9.205000000000000000e+03
5.510000000000000000e+03
9.851000000000000000e+03
8.752000000000000000e+03
7.027000000000000000e+03
4.694000000000000000e+03
4.986000000000000000e+03
7.926000000000000000e+03
8.996000000000000000e+03
3.345000000000000000e+03
8.801000000000000000e+03
6.176000000000000000e+03
4.889000000000000000e+03
1.170000000000000000e+02
6.615000000000000000e+03
6.402000000000000000e+03
5.768000000000000000e+03
1.803000000000000000e+03
3.606000000000000000e+03
2.240000000000000000e+02
2.235000000000000000e+03
7.895000000000000000e+03
1.308000000000000000e+03
7.330000000000000000e+02
9.706000000000000000e+03
3.777000000000000000e+03
1.990000000000000000e+03
7.778000000000000000e+03
7.200000000000000000e+03
8.403000000000000000e+03
1.172000000000000000e+03
8.356000000000000000e+03
3.131000000000000000e+03
1.096000000000000000e+03
3.750000000000000000e+02
6.293000000000000000e+03
7.070000000000000000e+03
8.788000000000000000e+03
9.775000000000000000e+03
6.610000000000000000e+03
3.025000000000000000e+03
7.852000000000000000e+03
3.015000000000000000e+03
3.788000000000000000e+03
5.445000000000000000e+03
6.780000000000000000e+03
5.568000000000000000e+03
4.951000000000000000e+03
9.221000000000000000e+03
8.699000000000000000e+03
2.489000000000000000e+03
6.288000000000000000e+03
1.575000000000000000e+03
5.638000000000000000e+03
3.894000000000000000e+03
2.590000000000000000e+03
2.760000000000000000e+03
1.644000000000000000e+03
4.000000000000000000e+03
4.064000000000000000e+03
8.086000000000000000e+03
4.503000000000000000e+03
3.213000000000000000e+03
3.036000000000000000e+03
7.267000000000000000e+03
1.553000000000000000e+03
5.157000000000000000e+03
