2.517000000000000000e+03
8.673000000000000000e+03
1.898000000000000000e+03
2.580000000000000000e+03
6.830000000000000000e+03
5.695000000000000000e+03
9.400000000000000000e+02
4.178000000000000000e+03
1.530000000000000000e+03
2.310000000000000000e+02
4.838000000000000000e+03
8.221000000000000000e+03
1.199000000000000000e+03
5.790000000000000000e+03
4.805000000000000000e+03
7.000000000000000000e+02
7.908000000000000000e+03
4.658000000000000000e+03
9.646000000000000000e+03
3.610000000000000000e+03
4.495000000000000000e+03
3.075000000000000000e+03
7.985000000000000000e+03
9.160000000000000000e+03
3.439000000000000000e+03
9.041000000000000000e+03
8.883000000000000000e+03
3.954000000000000000e+03
5.754000000000000000e+03
3.165000000000000000e+03
4.810000000000000000e+03
7.470000000000000000e+03
9.939000000000000000e+03
3.798000000000000000e+03
5.830000000000000000e+03
8.720000000000000000e+02
4.864000000000000000e+03
9.246000000000000000e+03
1.977000000000000000e+03
4.094000000000000000e+03
7.586000000000000000e+03
1.988000000000000000e+03
2.472000000000000000e+03
1.996000000000000000e+03
5.617000000000000000e+03
8.028000000000000000e+03
6.227000000000000000e+03
4.459000000000000000e+03
1.820000000000000000e+03
7.342000000000000000e+03
7.118000000000000000e+03
7.331000000000000000e+03
3.970000000000000000e+02
4.247000000000000000e+03
2.462000000000000000e+03
2.490000000000000000e+02
3.263000000000000000e+03
8.907000000000000000e+03
9.640000000000000000e+02
5.907000000000000000e+03
9.959000000000000000e+03
6.870000000000000000e+02
2.106000000000000000e+03
8.980000000000000000e+02
9.966000000000000000e+03
1.717000000000000000e+03
2.258000000000000000e+03
5.925000000000000000e+03
5.002000000000000000e+03
1.094000000000000000e+03
4.133000000000000000e+03
4.623000000000000000e+03
9.390000000000000000e+02
9.977000000000000000e+03
3.736000000000000000e+03
5.743000000000000000e+03
9.500000000000000000e+03
4.750000000000000000e+03
4.061000000000000000e+03
3.710000000000000000e+02
9.871000000000000000e+03
4.954000000000000000e+03
1.440000000000000000e+02
2.274000000000000000e+03
1.407000000000000000e+03
5.698000000000000000e+03
3.841000000000000000e+03
5.933000000000000000e+03
4.890000000000000000e+03
1.755000000000000000e+03
4.681000000000000000e+03
3.229000000000000000e+03
9.476000000000000000e+03
4.619000000000000000e+03
5.598000000000000000e+03
7.824000000000000000e+03
1.091000000000000000e+03
3.562000000000000000e+03
8.094000000000000000e+03
1.880000000000000000e+03
8.726000000000000000e+03
4.006000000000000000e+03
7.212000000000000000e+03
7.446000000000000000e+03
1.305000000000000000e+03
1.279000000000000000e+03
1.560000000000000000e+03
5.212000000000000000e+03
6.933000000000000000e+03
8.293000000000000000e+03
5.848000000000000000e+03
4.277000000000000000e+03
4.479000000000000000e+03
9.800000000000000000e+03
4.338000000000000000e+03
6.838000000000000000e+03
2.560000000000000000e+03
8.624000000000000000e+03
6.228000000000000000e+03
7.600000000000000000e+01
7.435000000000000000e+03
6.425000000000000000e+03
8.352000000000000000e+03
9.560000000000000000e+03
5.406000000000000000e+03
5.087000000000000000e+03
6.659000000000000000e+03
2.531000000000000000e+03
3.887000000000000000e+03
8.115000000000000000e+03
8.019000000000000000e+03
4.166000000000000000e+03
7.627000000000000000e+03
7.273000000000000000e+03
5.914000000000000000e+03
2.056000000000000000e+03
9.087000000000000000e+03
6.485000000000000000e+03
9.775000000000000000e+03
7.507000000000000000e+03
2.590000000000000000e+03
5.667000000000000000e+03
2.220000000000000000e+02
2.600000000000000000e+01
8.952000000000000000e+03
8.511000000000000000e+03
5.562000000000000000e+03
7.541000000000000000e+03
7.885000000000000000e+03
7.150000000000000000e+02
8.683000000000000000e+03
3.663000000000000000e+03
9.387000000000000000e+03
9.143000000000000000e+03
8.645000000000000000e+03
9.945000000000000000e+03
6.405000000000000000e+03
4.332000000000000000e+03
6.491000000000000000e+03
5.293000000000000000e+03
4.213000000000000000e+03
8.325000000000000000e+03
5.461000000000000000e+03
5.929000000000000000e+03
7.175000000000000000e+03
2.055000000000000000e+03
5.271000000000000000e+03
4.466000000000000000e+03
2.710000000000000000e+03
2.191000000000000000e+03
9.511000000000000000e+03
5.471000000000000000e+03
9.117000000000000000e+03
5.480000000000000000e+02
3.896000000000000000e+03
1.473000000000000000e+03
1.415000000000000000e+03
7.020000000000000000e+02
