3.976000000000000000e+03
4.971000000000000000e+03
4.610000000000000000e+03
2.899000000000000000e+03
4.891000000000000000e+03
8.001000000000000000e+03
3.707000000000000000e+03
2.076000000000000000e+03
8.244000000000000000e+03
4.422000000000000000e+03
9.415000000000000000e+03
1.996000000000000000e+03
9.110000000000000000e+02
1.677000000000000000e+03
2.444000000000000000e+03
7.105000000000000000e+03
7.374000000000000000e+03
1.460000000000000000e+02
2.106000000000000000e+03
4.830000000000000000e+03
6.181000000000000000e+03
6.509000000000000000e+03
1.584000000000000000e+03
5.914000000000000000e+03
8.156000000000000000e+03
3.438000000000000000e+03
4.189000000000000000e+03
6.478000000000000000e+03
8.726000000000000000e+03
2.206000000000000000e+03
5.112000000000000000e+03
2.291000000000000000e+03
3.346000000000000000e+03
