6.198000000000000000e+03
2.517000000000000000e+03
5.905000000000000000e+03
2.310000000000000000e+02
9.620000000000000000e+02
1.958000000000000000e+03
1.591000000000000000e+03
6.276000000000000000e+03
5.380000000000000000e+03
6.058000000000000000e+03
2.540000000000000000e+03
2.899000000000000000e+03
6.390000000000000000e+03
7.158000000000000000e+03
3.096000000000000000e+03
1.898000000000000000e+03
4.971000000000000000e+03
5.054000000000000000e+03
1.439000000000000000e+03
1.400000000000000000e+01
6.230000000000000000e+02
7.908000000000000000e+03
4.658000000000000000e+03
4.277000000000000000e+03
3.707000000000000000e+03
4.413000000000000000e+03
9.289000000000000000e+03
7.044000000000000000e+03
5.463000000000000000e+03
2.236000000000000000e+03
5.743000000000000000e+03
9.160000000000000000e+03
7.569000000000000000e+03
5.617000000000000000e+03
9.209000000000000000e+03
7.736000000000000000e+03
1.240000000000000000e+03
3.165000000000000000e+03
8.720000000000000000e+02
7.020000000000000000e+02
4.230000000000000000e+02
5.186000000000000000e+03
3.518000000000000000e+03
1.490000000000000000e+02
7.040000000000000000e+03
5.179000000000000000e+03
9.302000000000000000e+03
1.460000000000000000e+02
5.490000000000000000e+03
7.037000000000000000e+03
5.842000000000000000e+03
4.306000000000000000e+03
9.428000000000000000e+03
3.561000000000000000e+03
4.150000000000000000e+03
4.914000000000000000e+03
5.229000000000000000e+03
7.794000000000000000e+03
7.984000000000000000e+03
5.818000000000000000e+03
9.430000000000000000e+03
5.539000000000000000e+03
6.268000000000000000e+03
3.135000000000000000e+03
3.678000000000000000e+03
8.010000000000000000e+02
5.925000000000000000e+03
8.279000000000000000e+03
3.936000000000000000e+03
9.640000000000000000e+02
8.900000000000000000e+02
8.128000000000000000e+03
8.740000000000000000e+02
1.732000000000000000e+03
7.730000000000000000e+02
8.490000000000000000e+03
2.490000000000000000e+02
9.381000000000000000e+03
4.845000000000000000e+03
1.191000000000000000e+03
3.754000000000000000e+03
6.587000000000000000e+03
1.377000000000000000e+03
5.647000000000000000e+03
2.840000000000000000e+03
7.438000000000000000e+03
5.081000000000000000e+03
6.460000000000000000e+02
4.760000000000000000e+03
5.808000000000000000e+03
7.118000000000000000e+03
5.900000000000000000e+03
4.452000000000000000e+03
2.850000000000000000e+03
8.654000000000000000e+03
2.062000000000000000e+03
8.697000000000000000e+03
7.292000000000000000e+03
3.083000000000000000e+03
9.725000000000000000e+03
4.833000000000000000e+03
5.117000000000000000e+03
5.999000000000000000e+03
4.366000000000000000e+03
4.830000000000000000e+03
3.710000000000000000e+02
7.993000000000000000e+03
8.900000000000000000e+03
3.417000000000000000e+03
9.348000000000000000e+03
9.563000000000000000e+03
9.744000000000000000e+03
3.130000000000000000e+03
6.435000000000000000e+03
1.284000000000000000e+03
4.061000000000000000e+03
4.492000000000000000e+03
8.953000000000000000e+03
8.491000000000000000e+03
1.640000000000000000e+02
8.447000000000000000e+03
6.041000000000000000e+03
9.799000000000000000e+03
7.991000000000000000e+03
8.525000000000000000e+03
7.824000000000000000e+03
1.599000000000000000e+03
4.054000000000000000e+03
5.936000000000000000e+03
3.609000000000000000e+03
6.737000000000000000e+03
3.743000000000000000e+03
2.092000000000000000e+03
1.639000000000000000e+03
7.954000000000000000e+03
7.864000000000000000e+03
6.364000000000000000e+03
2.703000000000000000e+03
4.006000000000000000e+03
4.361000000000000000e+03
5.503000000000000000e+03
7.157000000000000000e+03
9.941000000000000000e+03
7.862000000000000000e+03
8.702000000000000000e+03
9.552000000000000000e+03
3.900000000000000000e+01
4.930000000000000000e+02
6.100000000000000000e+03
1.387000000000000000e+03
1.880000000000000000e+03
9.532000000000000000e+03
1.290000000000000000e+03
4.407000000000000000e+03
5.594000000000000000e+03
5.828000000000000000e+03
2.725000000000000000e+03
4.619000000000000000e+03
1.967000000000000000e+03
5.916000000000000000e+03
7.772000000000000000e+03
6.811000000000000000e+03
3.166000000000000000e+03
6.378000000000000000e+03
7.490000000000000000e+02
2.111000000000000000e+03
1.570000000000000000e+03
3.837000000000000000e+03
1.945000000000000000e+03
9.990000000000000000e+03
5.969000000000000000e+03
5.529000000000000000e+03
3.692000000000000000e+03
4.923000000000000000e+03
2.269000000000000000e+03
6.903000000000000000e+03
3.141000000000000000e+03
1.183000000000000000e+03
1.343000000000000000e+03
9.460000000000000000e+02
2.500000000000000000e+02
7.957000000000000000e+03
6.827000000000000000e+03
7.060000000000000000e+02
5.700000000000000000e+03
7.901000000000000000e+03
5.809000000000000000e+03
8.350000000000000000e+02
4.070000000000000000e+03
5.150000000000000000e+02
6.565000000000000000e+03
6.659000000000000000e+03
8.482000000000000000e+03
7.753000000000000000e+03
3.617000000000000000e+03
7.670000000000000000e+02
6.688000000000000000e+03
3.663000000000000000e+03
1.501000000000000000e+03
6.782000000000000000e+03
9.053000000000000000e+03
6.870000000000000000e+02
1.332000000000000000e+03
8.356000000000000000e+03
2.821000000000000000e+03
5.459000000000000000e+03
9.037000000000000000e+03
8.541000000000000000e+03
2.305000000000000000e+03
8.465000000000000000e+03
3.259000000000000000e+03
4.822000000000000000e+03
1.405000000000000000e+03
1.033000000000000000e+03
3.855000000000000000e+03
7.946000000000000000e+03
4.000000000000000000e+03
7.693000000000000000e+03
9.996000000000000000e+03
9.134000000000000000e+03
5.460000000000000000e+02
4.026000000000000000e+03
6.965000000000000000e+03
8.096000000000000000e+03
5.535000000000000000e+03
3.163000000000000000e+03
6.099000000000000000e+03
9.117000000000000000e+03
2.531000000000000000e+03
9.484000000000000000e+03
1.534000000000000000e+03
6.509000000000000000e+03
8.033000000000000000e+03
6.272000000000000000e+03
9.722000000000000000e+03
7.609000000000000000e+03
9.295000000000000000e+03
7.217000000000000000e+03
9.221000000000000000e+03
4.750000000000000000e+03
7.657000000000000000e+03
6.485000000000000000e+03
2.230000000000000000e+03
6.569000000000000000e+03
8.022000000000000000e+03
5.381000000000000000e+03
2.656000000000000000e+03
4.554000000000000000e+03
1.310000000000000000e+02
5.112000000000000000e+03
4.070000000000000000e+02
6.307000000000000000e+03
2.066000000000000000e+03
6.083000000000000000e+03
7.366000000000000000e+03
2.334000000000000000e+03
6.536000000000000000e+03
1.618000000000000000e+03
2.337000000000000000e+03
6.121000000000000000e+03
9.716000000000000000e+03
7.945000000000000000e+03
1.645000000000000000e+03
5.140000000000000000e+02
6.329000000000000000e+03
2.480000000000000000e+02
4.357000000000000000e+03
5.122000000000000000e+03
8.699000000000000000e+03
9.504000000000000000e+03
8.578000000000000000e+03
6.898000000000000000e+03
7.341000000000000000e+03
4.098000000000000000e+03
8.869000000000000000e+03
4.835000000000000000e+03
9.605000000000000000e+03
4.283000000000000000e+03
5.288000000000000000e+03
5.414000000000000000e+03
5.110000000000000000e+02
4.109000000000000000e+03
6.401000000000000000e+03
5.739000000000000000e+03
9.920000000000000000e+03
6.288000000000000000e+03
7.450000000000000000e+02
7.159000000000000000e+03
3.725000000000000000e+03
9.223000000000000000e+03
1.649000000000000000e+03
1.421000000000000000e+03
1.637000000000000000e+03
6.957000000000000000e+03
7.267000000000000000e+03
9.461000000000000000e+03
7.856000000000000000e+03
3.925000000000000000e+03
2.852000000000000000e+03
3.910000000000000000e+03
2.242000000000000000e+03
5.210000000000000000e+02
9.757000000000000000e+03
9.018000000000000000e+03
4.616000000000000000e+03
7.834000000000000000e+03
7.430000000000000000e+03
3.873000000000000000e+03
