1.898000000000000000e+03
6.659000000000000000e+03
5.465000000000000000e+03
7.075000000000000000e+03
1.697000000000000000e+03
9.407000000000000000e+03
6.540000000000000000e+02
7.894000000000000000e+03
3.170000000000000000e+02
2.842000000000000000e+03
3.612000000000000000e+03
1.591000000000000000e+03
4.233000000000000000e+03
6.276000000000000000e+03
8.690000000000000000e+02
4.416000000000000000e+03
9.535000000000000000e+03
4.287000000000000000e+03
6.086000000000000000e+03
9.225000000000000000e+03
2.310000000000000000e+02
6.323000000000000000e+03
5.598000000000000000e+03
7.908000000000000000e+03
7.985000000000000000e+03
6.150000000000000000e+02
4.072000000000000000e+03
1.001000000000000000e+03
5.617000000000000000e+03
7.100000000000000000e+01
4.077000000000000000e+03
6.026000000000000000e+03
1.677000000000000000e+03
7.984000000000000000e+03
9.860000000000000000e+02
4.176000000000000000e+03
4.143000000000000000e+03
9.260000000000000000e+03
7.586000000000000000e+03
9.295000000000000000e+03
6.793000000000000000e+03
2.803000000000000000e+03
1.964000000000000000e+03
4.241000000000000000e+03
5.876000000000000000e+03
5.698000000000000000e+03
1.460000000000000000e+02
6.890000000000000000e+03
3.185000000000000000e+03
6.460000000000000000e+02
8.279000000000000000e+03
5.907000000000000000e+03
5.920000000000000000e+03
6.932000000000000000e+03
2.091000000000000000e+03
2.462000000000000000e+03
6.941000000000000000e+03
1.988000000000000000e+03
2.098000000000000000e+03
3.201000000000000000e+03
4.550000000000000000e+03
6.227000000000000000e+03
6.577000000000000000e+03
7.776000000000000000e+03
4.762000000000000000e+03
3.707000000000000000e+03
3.080000000000000000e+02
8.728000000000000000e+03
1.316000000000000000e+03
3.743000000000000000e+03
1.404000000000000000e+03
3.752000000000000000e+03
2.510000000000000000e+02
5.303000000000000000e+03
8.697000000000000000e+03
2.300000000000000000e+02
4.845000000000000000e+03
9.995000000000000000e+03
4.740000000000000000e+03
5.433000000000000000e+03
1.454000000000000000e+03
4.631000000000000000e+03
3.582000000000000000e+03
7.840000000000000000e+03
8.490000000000000000e+03
3.549000000000000000e+03
1.559000000000000000e+03
6.498000000000000000e+03
8.458000000000000000e+03
1.545000000000000000e+03
8.463000000000000000e+03
9.254000000000000000e+03
1.191000000000000000e+03
5.450000000000000000e+03
7.118000000000000000e+03
5.033000000000000000e+03
7.050000000000000000e+03
3.878000000000000000e+03
9.882000000000000000e+03
5.287000000000000000e+03
7.150000000000000000e+02
3.012000000000000000e+03
3.081000000000000000e+03
2.278000000000000000e+03
6.877000000000000000e+03
9.331000000000000000e+03
2.520000000000000000e+02
2.610000000000000000e+02
2.800000000000000000e+02
7.864000000000000000e+03
4.455000000000000000e+03
3.163000000000000000e+03
8.049000000000000000e+03
4.396000000000000000e+03
7.622000000000000000e+03
2.220000000000000000e+02
1.886000000000000000e+03
8.609000000000000000e+03
9.180000000000000000e+02
9.210000000000000000e+02
9.450000000000000000e+02
5.966000000000000000e+03
3.450000000000000000e+03
9.970000000000000000e+02
1.238000000000000000e+03
1.488000000000000000e+03
3.926000000000000000e+03
5.104000000000000000e+03
3.498000000000000000e+03
6.145000000000000000e+03
1.142000000000000000e+03
1.599000000000000000e+03
3.518000000000000000e+03
3.544000000000000000e+03
8.750000000000000000e+03
3.841000000000000000e+03
5.153000000000000000e+03
6.709000000000000000e+03
1.880000000000000000e+03
3.289000000000000000e+03
8.726000000000000000e+03
3.762000000000000000e+03
1.385000000000000000e+03
1.878000000000000000e+03
1.387000000000000000e+03
3.798000000000000000e+03
8.655000000000000000e+03
8.300000000000000000e+02
6.269000000000000000e+03
6.795000000000000000e+03
7.693000000000000000e+03
9.013000000000000000e+03
5.406000000000000000e+03
7.293000000000000000e+03
6.933000000000000000e+03
1.815000000000000000e+03
9.745000000000000000e+03
7.625000000000000000e+03
4.829000000000000000e+03
5.390000000000000000e+02
6.415000000000000000e+03
8.706000000000000000e+03
7.957000000000000000e+03
3.131000000000000000e+03
9.090000000000000000e+02
6.037000000000000000e+03
9.280000000000000000e+03
6.814000000000000000e+03
7.000000000000000000e+02
8.952000000000000000e+03
8.762000000000000000e+03
6.565000000000000000e+03
8.682000000000000000e+03
9.698000000000000000e+03
1.908000000000000000e+03
9.126000000000000000e+03
9.128000000000000000e+03
9.743000000000000000e+03
6.722000000000000000e+03
5.768000000000000000e+03
4.818000000000000000e+03
9.143000000000000000e+03
1.822000000000000000e+03
4.458000000000000000e+03
8.380000000000000000e+02
8.154000000000000000e+03
8.202000000000000000e+03
2.320000000000000000e+02
6.756000000000000000e+03
7.175000000000000000e+03
3.460000000000000000e+02
7.026000000000000000e+03
5.060000000000000000e+02
3.027000000000000000e+03
3.546000000000000000e+03
1.600000000000000000e+03
3.014000000000000000e+03
4.070000000000000000e+03
6.509000000000000000e+03
8.764000000000000000e+03
8.869000000000000000e+03
8.385000000000000000e+03
6.000000000000000000e+02
1.221000000000000000e+03
3.663000000000000000e+03
4.489000000000000000e+03
3.570000000000000000e+02
4.111000000000000000e+03
4.168000000000000000e+03
6.034000000000000000e+03
4.290000000000000000e+03
9.999000000000000000e+03
2.523000000000000000e+03
9.985000000000000000e+03
9.831000000000000000e+03
2.430000000000000000e+03
3.700000000000000000e+01
2.744000000000000000e+03
5.079000000000000000e+03
4.975000000000000000e+03
4.640000000000000000e+03
5.933000000000000000e+03
3.210000000000000000e+02
1.857000000000000000e+03
9.419000000000000000e+03
7.020000000000000000e+02
4.076000000000000000e+03
1.381000000000000000e+03
9.351000000000000000e+03
9.336000000000000000e+03
4.283000000000000000e+03
5.994000000000000000e+03
4.392000000000000000e+03
2.814000000000000000e+03
6.979000000000000000e+03
6.957000000000000000e+03
3.450000000000000000e+02
8.846000000000000000e+03
6.697000000000000000e+03
8.113000000000000000e+03
5.817000000000000000e+03
3.770000000000000000e+02
4.331000000000000000e+03
2.279000000000000000e+03
3.220000000000000000e+03
4.280000000000000000e+02
1.083000000000000000e+03
2.880000000000000000e+03
2.688000000000000000e+03
4.856000000000000000e+03
