3.220000000000000000e+03
5.697000000000000000e+03
6.830000000000000000e+03
8.056000000000000000e+03
9.259000000000000000e+03
4.278000000000000000e+03
7.453000000000000000e+03
8.690000000000000000e+02
2.517000000000000000e+03
9.519000000000000000e+03
2.899000000000000000e+03
4.800000000000000000e+02
6.390000000000000000e+02
6.058000000000000000e+03
3.976000000000000000e+03
7.183000000000000000e+03
1.591000000000000000e+03
1.121000000000000000e+03
5.315000000000000000e+03
5.617000000000000000e+03
7.615000000000000000e+03
1.490000000000000000e+02
2.378000000000000000e+03
1.964000000000000000e+03
7.846000000000000000e+03
7.988000000000000000e+03
2.039000000000000000e+03
8.097000000000000000e+03
2.955000000000000000e+03
7.857000000000000000e+03
4.830000000000000000e+03
3.084000000000000000e+03
7.510000000000000000e+03
3.165000000000000000e+03
3.743000000000000000e+03
1.377000000000000000e+03
1.202000000000000000e+03
1.416000000000000000e+03
8.883000000000000000e+03
6.097000000000000000e+03
3.486000000000000000e+03
9.570000000000000000e+02
5.666000000000000000e+03
1.645000000000000000e+03
1.677000000000000000e+03
3.377000000000000000e+03
8.334000000000000000e+03
6.683000000000000000e+03
5.811000000000000000e+03
4.241000000000000000e+03
5.743000000000000000e+03
5.117000000000000000e+03
5.925000000000000000e+03
4.962000000000000000e+03
6.460000000000000000e+02
7.474000000000000000e+03
4.998000000000000000e+03
4.100000000000000000e+03
7.114000000000000000e+03
4.091000000000000000e+03
7.824000000000000000e+03
3.417000000000000000e+03
8.377000000000000000e+03
7.176000000000000000e+03
1.549000000000000000e+03
8.593000000000000000e+03
4.954000000000000000e+03
8.447000000000000000e+03
9.828000000000000000e+03
2.382000000000000000e+03
2.790000000000000000e+02
3.762000000000000000e+03
3.080000000000000000e+02
5.720000000000000000e+02
6.362000000000000000e+03
1.984000000000000000e+03
9.422000000000000000e+03
6.814000000000000000e+03
2.945000000000000000e+03
7.293000000000000000e+03
9.922000000000000000e+03
2.516000000000000000e+03
9.706000000000000000e+03
5.820000000000000000e+03
4.098000000000000000e+03
4.166000000000000000e+03
1.798000000000000000e+03
7.943000000000000000e+03
9.247000000000000000e+03
4.603000000000000000e+03
6.482000000000000000e+03
6.017000000000000000e+03
6.804000000000000000e+03
5.850000000000000000e+02
3.615000000000000000e+03
6.834000000000000000e+03
3.745000000000000000e+03
5.108000000000000000e+03
2.500000000000000000e+02
9.394000000000000000e+03
3.144000000000000000e+03
3.878000000000000000e+03
4.283000000000000000e+03
8.321000000000000000e+03
