3.009000000000000000e+03
1.137000000000000000e+03
3.976000000000000000e+03
6.390000000000000000e+03
8.568000000000000000e+03
3.077000000000000000e+03
5.054000000000000000e+03
7.236000000000000000e+03
9.029000000000000000e+03
4.445000000000000000e+03
1.591000000000000000e+03
4.610000000000000000e+03
9.717000000000000000e+03
8.690000000000000000e+02
6.647000000000000000e+03
1.530000000000000000e+03
7.293000000000000000e+03
1.097000000000000000e+03
6.058000000000000000e+03
4.805000000000000000e+03
7.542000000000000000e+03
2.310000000000000000e+02
7.908000000000000000e+03
7.058000000000000000e+03
4.753000000000000000e+03
8.028000000000000000e+03
1.996000000000000000e+03
8.255000000000000000e+03
5.743000000000000000e+03
1.327000000000000000e+03
3.875000000000000000e+03
3.387000000000000000e+03
8.737000000000000000e+03
3.707000000000000000e+03
7.538000000000000000e+03
9.185000000000000000e+03
9.040000000000000000e+03
7.387000000000000000e+03
7.985000000000000000e+03
4.506000000000000000e+03
4.810000000000000000e+03
4.830000000000000000e+03
2.081000000000000000e+03
1.517000000000000000e+03
5.647000000000000000e+03
2.264000000000000000e+03
6.941000000000000000e+03
2.428000000000000000e+03
2.444000000000000000e+03
4.077000000000000000e+03
4.872000000000000000e+03
2.026000000000000000e+03
1.524000000000000000e+03
6.763000000000000000e+03
2.462000000000000000e+03
5.694000000000000000e+03
9.160000000000000000e+03
5.698000000000000000e+03
4.602000000000000000e+03
2.821000000000000000e+03
7.615000000000000000e+03
5.999000000000000000e+03
1.252000000000000000e+03
4.072000000000000000e+03
7.265000000000000000e+03
2.061000000000000000e+03
4.718000000000000000e+03
8.203000000000000000e+03
7.118000000000000000e+03
2.510000000000000000e+02
1.191000000000000000e+03
4.500000000000000000e+03
3.594000000000000000e+03
4.864000000000000000e+03
1.430000000000000000e+02
1.593000000000000000e+03
4.200000000000000000e+01
8.334000000000000000e+03
5.617000000000000000e+03
1.618000000000000000e+03
2.098000000000000000e+03
1.377000000000000000e+03
8.010000000000000000e+02
7.172000000000000000e+03
2.106000000000000000e+03
8.319000000000000000e+03
7.180000000000000000e+03
7.519000000000000000e+03
7.440000000000000000e+03
5.064000000000000000e+03
3.767000000000000000e+03
6.562000000000000000e+03
5.023000000000000000e+03
4.321000000000000000e+03
8.318000000000000000e+03
9.977000000000000000e+03
5.925000000000000000e+03
6.837000000000000000e+03
6.990000000000000000e+03
2.932000000000000000e+03
8.279000000000000000e+03
8.140000000000000000e+03
3.080000000000000000e+02
1.773000000000000000e+03
3.830000000000000000e+03
3.210000000000000000e+02
2.104000000000000000e+03
5.412000000000000000e+03
8.049000000000000000e+03
7.747000000000000000e+03
8.198000000000000000e+03
2.747000000000000000e+03
6.435000000000000000e+03
4.954000000000000000e+03
2.560000000000000000e+02
9.093000000000000000e+03
4.656000000000000000e+03
2.201000000000000000e+03
9.145000000000000000e+03
7.462000000000000000e+03
2.308000000000000000e+03
9.365000000000000000e+03
6.560000000000000000e+02
7.127000000000000000e+03
9.345000000000000000e+03
3.347000000000000000e+03
1.786000000000000000e+03
7.124000000000000000e+03
4.455000000000000000e+03
3.762000000000000000e+03
2.271000000000000000e+03
1.407000000000000000e+03
2.424000000000000000e+03
1.671000000000000000e+03
1.440000000000000000e+02
7.922000000000000000e+03
9.066000000000000000e+03
3.381000000000000000e+03
9.042000000000000000e+03
4.061000000000000000e+03
1.769000000000000000e+03
2.667000000000000000e+03
3.705000000000000000e+03
8.140000000000000000e+02
7.864000000000000000e+03
2.289000000000000000e+03
7.786000000000000000e+03
2.992000000000000000e+03
3.126000000000000000e+03
4.396000000000000000e+03
3.743000000000000000e+03
9.931000000000000000e+03
3.872000000000000000e+03
7.215000000000000000e+03
7.703000000000000000e+03
4.884000000000000000e+03
2.177000000000000000e+03
9.910000000000000000e+03
9.892000000000000000e+03
3.220000000000000000e+03
3.736000000000000000e+03
8.257000000000000000e+03
5.529000000000000000e+03
4.297000000000000000e+03
8.872000000000000000e+03
1.050000000000000000e+03
5.114000000000000000e+03
4.502000000000000000e+03
6.814000000000000000e+03
6.645000000000000000e+03
4.270000000000000000e+02
4.225000000000000000e+03
4.948000000000000000e+03
7.277000000000000000e+03
6.623000000000000000e+03
7.702000000000000000e+03
6.816000000000000000e+03
3.741000000000000000e+03
1.735000000000000000e+03
6.333000000000000000e+03
6.852000000000000000e+03
1.037000000000000000e+03
9.845000000000000000e+03
3.438000000000000000e+03
4.378000000000000000e+03
5.210000000000000000e+02
1.704000000000000000e+03
3.687000000000000000e+03
9.854000000000000000e+03
5.570000000000000000e+02
7.980000000000000000e+03
4.477000000000000000e+03
9.102000000000000000e+03
6.688000000000000000e+03
7.982000000000000000e+03
9.790000000000000000e+03
7.205000000000000000e+03
3.520000000000000000e+03
3.880000000000000000e+02
8.237000000000000000e+03
2.369000000000000000e+03
3.130000000000000000e+03
2.115000000000000000e+03
2.344000000000000000e+03
6.099000000000000000e+03
7.667000000000000000e+03
9.630000000000000000e+02
2.397000000000000000e+03
6.509000000000000000e+03
1.794000000000000000e+03
2.954000000000000000e+03
9.610000000000000000e+02
5.954000000000000000e+03
3.570000000000000000e+02
8.511000000000000000e+03
3.895000000000000000e+03
5.140000000000000000e+02
4.098000000000000000e+03
1.872000000000000000e+03
3.871000000000000000e+03
6.895000000000000000e+03
4.975000000000000000e+03
1.045000000000000000e+03
7.150000000000000000e+02
1.217000000000000000e+03
4.988000000000000000e+03
2.711000000000000000e+03
7.097000000000000000e+03
6.279000000000000000e+03
8.726000000000000000e+03
7.300000000000000000e+02
9.287000000000000000e+03
4.580000000000000000e+02
8.609000000000000000e+03
5.820000000000000000e+03
6.307000000000000000e+03
2.578000000000000000e+03
3.745000000000000000e+03
3.747000000000000000e+03
5.772000000000000000e+03
5.067000000000000000e+03
8.325000000000000000e+03
4.341000000000000000e+03
2.195000000000000000e+03
8.580000000000000000e+02
8.054000000000000000e+03
5.060000000000000000e+02
5.700000000000000000e+03
9.053000000000000000e+03
6.750000000000000000e+02
3.919000000000000000e+03
5.875000000000000000e+03
7.611000000000000000e+03
9.831000000000000000e+03
1.221000000000000000e+03
7.360000000000000000e+02
8.139000000000000000e+03
9.239000000000000000e+03
6.766000000000000000e+03
6.865000000000000000e+03
9.673000000000000000e+03
8.162000000000000000e+03
6.389000000000000000e+03
5.633000000000000000e+03
4.246000000000000000e+03
8.335000000000000000e+03
1.060000000000000000e+02
4.974000000000000000e+03
5.846000000000000000e+03
7.506000000000000000e+03
9.934000000000000000e+03
5.538000000000000000e+03
3.500000000000000000e+01
1.281000000000000000e+03
6.433000000000000000e+03
1.059000000000000000e+03
7.767000000000000000e+03
2.480000000000000000e+02
3.422000000000000000e+03
6.095000000000000000e+03
1.860000000000000000e+02
7.039000000000000000e+03
9.400000000000000000e+03
7.899000000000000000e+03
6.977000000000000000e+03
2.851000000000000000e+03
6.759000000000000000e+03
9.783000000000000000e+03
8.321000000000000000e+03
1.421000000000000000e+03
3.827000000000000000e+03
6.822000000000000000e+03
6.100000000000000000e+03
3.286000000000000000e+03
6.116000000000000000e+03
1.561000000000000000e+03
9.940000000000000000e+02
6.273000000000000000e+03
8.386000000000000000e+03
4.283000000000000000e+03
2.845000000000000000e+03
3.788000000000000000e+03
6.948000000000000000e+03
9.720000000000000000e+02
9.161000000000000000e+03
7.837000000000000000e+03
3.310000000000000000e+02
4.432000000000000000e+03
6.615000000000000000e+03
1.083000000000000000e+03
1.522000000000000000e+03
2.066000000000000000e+03
4.408000000000000000e+03
4.310000000000000000e+03
9.800000000000000000e+03
3.097000000000000000e+03
5.710000000000000000e+02
