2.590000000000000000e+02
6.390000000000000000e+03
1.530000000000000000e+03
3.976000000000000000e+03
9.519000000000000000e+03
3.982000000000000000e+03
4.516000000000000000e+03
9.971000000000000000e+03
3.384000000000000000e+03
1.732000000000000000e+03
5.124000000000000000e+03
5.905000000000000000e+03
1.591000000000000000e+03
4.849000000000000000e+03
6.780000000000000000e+02
7.844000000000000000e+03
2.899000000000000000e+03
1.097000000000000000e+03
4.091000000000000000e+03
3.033000000000000000e+03
5.790000000000000000e+03
2.743000000000000000e+03
6.058000000000000000e+03
1.613000000000000000e+03
3.447000000000000000e+03
1.400000000000000000e+01
7.900000000000000000e+03
4.314000000000000000e+03
8.434000000000000000e+03
6.655000000000000000e+03
7.387000000000000000e+03
9.763000000000000000e+03
8.720000000000000000e+02
8.590000000000000000e+02
5.901000000000000000e+03
6.978000000000000000e+03
2.236000000000000000e+03
6.984000000000000000e+03
3.312000000000000000e+03
5.843000000000000000e+03
2.264000000000000000e+03
5.830000000000000000e+03
9.269000000000000000e+03
5.876000000000000000e+03
5.064000000000000000e+03
9.096000000000000000e+03
4.452000000000000000e+03
4.290000000000000000e+03
7.493000000000000000e+03
6.050000000000000000e+03
2.081000000000000000e+03
2.098000000000000000e+03
2.106000000000000000e+03
1.460000000000000000e+02
9.820000000000000000e+02
4.394000000000000000e+03
2.923000000000000000e+03
9.185000000000000000e+03
9.128000000000000000e+03
3.387000000000000000e+03
9.490000000000000000e+02
5.947000000000000000e+03
9.390000000000000000e+02
9.289000000000000000e+03
9.146000000000000000e+03
9.160000000000000000e+03
5.925000000000000000e+03
7.985000000000000000e+03
7.984000000000000000e+03
3.388000000000000000e+03
9.295000000000000000e+03
9.381000000000000000e+03
5.809000000000000000e+03
5.617000000000000000e+03
5.605000000000000000e+03
2.484000000000000000e+03
4.830000000000000000e+03
5.560000000000000000e+03
4.845000000000000000e+03
7.180000000000000000e+03
7.182000000000000000e+03
3.073000000000000000e+03
4.864000000000000000e+03
4.764000000000000000e+03
3.970000000000000000e+02
3.900000000000000000e+02
7.205000000000000000e+03
4.907000000000000000e+03
4.908000000000000000e+03
5.490000000000000000e+03
4.916000000000000000e+03
3.510000000000000000e+02
7.598000000000000000e+03
9.689000000000000000e+03
5.473000000000000000e+03
9.646000000000000000e+03
3.282000000000000000e+03
7.118000000000000000e+03
5.540000000000000000e+02
5.808000000000000000e+03
5.033000000000000000e+03
4.623000000000000000e+03
7.853000000000000000e+03
4.631000000000000000e+03
1.270000000000000000e+02
6.740000000000000000e+02
6.710000000000000000e+02
6.460000000000000000e+02
9.415000000000000000e+03
9.500000000000000000e+03
7.054000000000000000e+03
7.817000000000000000e+03
9.447000000000000000e+03
4.713000000000000000e+03
4.718000000000000000e+03
7.776000000000000000e+03
7.098000000000000000e+03
2.433000000000000000e+03
2.439000000000000000e+03
5.647000000000000000e+03
2.510000000000000000e+02
9.421000000000000000e+03
8.114000000000000000e+03
5.450000000000000000e+03
1.929000000000000000e+03
2.012000000000000000e+03
8.754000000000000000e+03
6.670000000000000000e+03
6.774000000000000000e+03
8.905000000000000000e+03
6.763000000000000000e+03
2.773000000000000000e+03
1.326000000000000000e+03
6.694000000000000000e+03
6.145000000000000000e+03
7.474000000000000000e+03
1.861000000000000000e+03
6.000000000000000000e+00
2.840000000000000000e+03
8.883000000000000000e+03
2.758000000000000000e+03
5.287000000000000000e+03
5.186000000000000000e+03
1.988000000000000000e+03
7.359000000000000000e+03
4.176000000000000000e+03
1.948000000000000000e+03
1.626000000000000000e+03
6.725000000000000000e+03
6.510000000000000000e+03
3.875000000000000000e+03
8.745000000000000000e+03
7.440000000000000000e+03
8.579000000000000000e+03
4.277000000000000000e+03
2.741000000000000000e+03
3.743000000000000000e+03
8.128000000000000000e+03
1.559000000000000000e+03
3.491000000000000000e+03
2.039000000000000000e+03
4.200000000000000000e+01
8.619000000000000000e+03
3.502000000000000000e+03
8.203000000000000000e+03
4.232000000000000000e+03
4.241000000000000000e+03
6.606000000000000000e+03
9.977000000000000000e+03
2.832000000000000000e+03
8.334000000000000000e+03
8.697000000000000000e+03
5.172000000000000000e+03
4.018000000000000000e+03
6.310000000000000000e+03
8.870000000000000000e+02
6.662000000000000000e+03
2.261000000000000000e+03
4.756000000000000000e+03
2.806000000000000000e+03
1.847000000000000000e+03
1.942000000000000000e+03
9.792000000000000000e+03
9.307000000000000000e+03
9.018000000000000000e+03
6.899000000000000000e+03
1.410000000000000000e+02
3.417000000000000000e+03
6.879000000000000000e+03
5.385000000000000000e+03
8.049000000000000000e+03
9.064000000000000000e+03
9.060000000000000000e+03
1.784000000000000000e+03
2.667000000000000000e+03
6.435000000000000000e+03
8.655000000000000000e+03
6.643000000000000000e+03
7.786000000000000000e+03
5.468000000000000000e+03
8.940000000000000000e+02
7.394000000000000000e+03
6.876000000000000000e+03
9.412000000000000000e+03
4.954000000000000000e+03
8.609000000000000000e+03
1.117000000000000000e+03
8.975000000000000000e+03
2.467000000000000000e+03
9.537000000000000000e+03
8.995000000000000000e+03
1.755000000000000000e+03
1.131000000000000000e+03
7.292000000000000000e+03
7.113000000000000000e+03
8.598000000000000000e+03
7.765000000000000000e+03
5.646000000000000000e+03
2.520000000000000000e+02
1.094000000000000000e+03
4.253000000000000000e+03
9.580000000000000000e+03
8.596000000000000000e+03
8.097000000000000000e+03
5.623000000000000000e+03
1.599000000000000000e+03
3.615000000000000000e+03
7.404000000000000000e+03
8.458000000000000000e+03
5.144000000000000000e+03
3.840000000000000000e+03
2.941000000000000000e+03
2.220000000000000000e+02
1.730000000000000000e+02
6.469000000000000000e+03
1.705000000000000000e+03
9.213000000000000000e+03
4.455000000000000000e+03
3.557000000000000000e+03
4.904000000000000000e+03
4.189000000000000000e+03
4.199000000000000000e+03
4.080000000000000000e+03
5.804000000000000000e+03
2.334000000000000000e+03
9.904000000000000000e+03
8.750000000000000000e+03
7.864000000000000000e+03
6.117000000000000000e+03
2.532000000000000000e+03
1.639000000000000000e+03
7.340000000000000000e+02
4.396000000000000000e+03
1.387000000000000000e+03
4.054000000000000000e+03
5.143000000000000000e+03
2.310000000000000000e+02
3.042000000000000000e+03
6.432000000000000000e+03
3.865000000000000000e+03
4.270000000000000000e+02
4.923000000000000000e+03
3.868000000000000000e+03
3.800000000000000000e+03
3.074000000000000000e+03
2.558000000000000000e+03
8.510000000000000000e+03
1.119000000000000000e+03
3.919000000000000000e+03
3.353000000000000000e+03
7.980000000000000000e+03
6.171000000000000000e+03
1.984000000000000000e+03
5.944000000000000000e+03
4.418000000000000000e+03
4.471000000000000000e+03
6.900000000000000000e+03
4.412000000000000000e+03
4.382000000000000000e+03
2.023000000000000000e+03
1.050000000000000000e+03
8.076000000000000000e+03
8.142000000000000000e+03
9.136000000000000000e+03
2.225000000000000000e+03
4.489000000000000000e+03
5.875000000000000000e+03
5.390000000000000000e+02
3.150000000000000000e+03
1.527000000000000000e+03
6.388000000000000000e+03
5.850000000000000000e+02
6.354000000000000000e+03
6.344000000000000000e+03
1.811000000000000000e+03
6.645000000000000000e+03
8.293000000000000000e+03
5.775000000000000000e+03
6.811000000000000000e+03
6.672000000000000000e+03
8.793000000000000000e+03
6.961000000000000000e+03
1.745000000000000000e+03
5.214000000000000000e+03
7.938000000000000000e+03
1.740000000000000000e+02
7.586000000000000000e+03
5.272000000000000000e+03
2.937000000000000000e+03
9.918000000000000000e+03
2.970000000000000000e+03
2.949000000000000000e+03
5.406000000000000000e+03
9.985000000000000000e+03
5.365000000000000000e+03
9.737000000000000000e+03
5.225000000000000000e+03
9.807000000000000000e+03
5.296000000000000000e+03
5.917000000000000000e+03
8.855000000000000000e+03
6.509000000000000000e+03
2.686000000000000000e+03
6.106000000000000000e+03
5.305000000000000000e+03
9.849000000000000000e+03
1.981000000000000000e+03
7.596000000000000000e+03
7.690000000000000000e+02
9.094000000000000000e+03
8.901000000000000000e+03
4.639000000000000000e+03
5.549000000000000000e+03
9.125000000000000000e+03
1.662000000000000000e+03
6.499000000000000000e+03
6.583000000000000000e+03
7.158000000000000000e+03
6.827000000000000000e+03
3.401000000000000000e+03
9.005000000000000000e+03
4.771000000000000000e+03
1.382000000000000000e+03
2.210000000000000000e+03
8.528000000000000000e+03
1.340000000000000000e+03
9.424000000000000000e+03
7.200000000000000000e+01
8.990000000000000000e+03
7.480000000000000000e+02
5.821000000000000000e+03
6.300000000000000000e+02
2.060000000000000000e+03
5.820000000000000000e+03
7.642000000000000000e+03
8.980000000000000000e+03
7.944000000000000000e+03
4.368000000000000000e+03
5.578000000000000000e+03
3.049000000000000000e+03
2.079000000000000000e+03
3.733000000000000000e+03
6.593000000000000000e+03
1.316000000000000000e+03
3.917000000000000000e+03
1.600000000000000000e+02
7.291000000000000000e+03
8.943000000000000000e+03
5.978000000000000000e+03
9.280000000000000000e+03
5.054000000000000000e+03
1.037000000000000000e+03
4.081000000000000000e+03
5.598000000000000000e+03
2.813000000000000000e+03
6.305000000000000000e+03
4.064000000000000000e+03
7.628000000000000000e+03
2.980000000000000000e+02
6.623000000000000000e+03
7.173000000000000000e+03
1.065000000000000000e+03
8.693000000000000000e+03
3.990000000000000000e+02
7.179000000000000000e+03
2.430000000000000000e+03
6.659000000000000000e+03
5.801000000000000000e+03
5.087000000000000000e+03
7.527000000000000000e+03
8.436000000000000000e+03
6.767000000000000000e+03
7.310000000000000000e+03
7.003000000000000000e+03
4.779000000000000000e+03
9.854000000000000000e+03
8.931000000000000000e+03
8.490000000000000000e+03
1.388000000000000000e+03
6.975000000000000000e+03
9.360000000000000000e+02
1.808000000000000000e+03
9.131000000000000000e+03
6.144000000000000000e+03
1.222000000000000000e+03
1.313000000000000000e+03
2.412000000000000000e+03
7.071000000000000000e+03
6.753000000000000000e+03
3.311000000000000000e+03
8.090000000000000000e+02
5.990000000000000000e+02
9.610000000000000000e+02
2.410000000000000000e+03
7.991000000000000000e+03
3.539000000000000000e+03
1.031000000000000000e+03
8.356000000000000000e+03
6.060000000000000000e+02
8.654000000000000000e+03
4.406000000000000000e+03
3.692000000000000000e+03
5.079000000000000000e+03
5.790000000000000000e+02
1.794000000000000000e+03
7.270000000000000000e+03
7.700000000000000000e+01
6.386000000000000000e+03
6.722000000000000000e+03
8.382000000000000000e+03
3.449000000000000000e+03
8.778000000000000000e+03
8.260000000000000000e+03
8.350000000000000000e+02
4.329000000000000000e+03
9.040000000000000000e+03
5.636000000000000000e+03
4.332000000000000000e+03
2.560000000000000000e+02
3.951000000000000000e+03
2.440000000000000000e+03
3.163000000000000000e+03
9.053000000000000000e+03
6.143000000000000000e+03
8.072000000000000000e+03
4.684000000000000000e+03
9.550000000000000000e+02
4.413000000000000000e+03
2.420000000000000000e+03
1.045000000000000000e+03
1.343000000000000000e+03
7.097000000000000000e+03
7.566000000000000000e+03
6.365000000000000000e+03
8.820000000000000000e+02
4.700000000000000000e+01
6.898000000000000000e+03
1.463000000000000000e+03
9.422000000000000000e+03
6.227000000000000000e+03
2.924000000000000000e+03
7.854000000000000000e+03
6.301000000000000000e+03
9.970000000000000000e+02
7.040000000000000000e+02
4.098000000000000000e+03
5.329000000000000000e+03
7.372000000000000000e+03
2.765000000000000000e+03
3.246000000000000000e+03
2.140000000000000000e+02
1.872000000000000000e+03
8.304000000000000000e+03
1.961000000000000000e+03
5.381000000000000000e+03
5.974000000000000000e+03
6.688000000000000000e+03
4.166000000000000000e+03
1.967000000000000000e+03
2.319000000000000000e+03
4.598000000000000000e+03
8.295000000000000000e+03
2.305000000000000000e+03
3.258000000000000000e+03
3.259000000000000000e+03
2.681000000000000000e+03
7.470000000000000000e+02
1.396000000000000000e+03
7.360000000000000000e+02
3.262000000000000000e+03
9.880000000000000000e+02
1.971000000000000000e+03
2.289000000000000000e+03
3.284000000000000000e+03
3.205000000000000000e+03
8.018000000000000000e+03
5.958000000000000000e+03
6.863000000000000000e+03
5.600000000000000000e+01
4.542000000000000000e+03
1.906000000000000000e+03
3.998000000000000000e+03
8.751000000000000000e+03
2.711000000000000000e+03
1.822000000000000000e+03
7.910000000000000000e+03
2.374000000000000000e+03
9.145000000000000000e+03
5.718000000000000000e+03
2.372000000000000000e+03
8.683000000000000000e+03
9.376000000000000000e+03
5.981000000000000000e+03
6.307000000000000000e+03
9.383000000000000000e+03
2.351000000000000000e+03
4.015000000000000000e+03
9.830000000000000000e+03
9.117000000000000000e+03
1.244000000000000000e+03
3.289000000000000000e+03
7.309000000000000000e+03
4.655000000000000000e+03
8.325000000000000000e+03
6.560000000000000000e+02
9.085000000000000000e+03
2.660000000000000000e+02
1.217000000000000000e+03
6.100000000000000000e+03
9.013000000000000000e+03
5.517000000000000000e+03
5.519000000000000000e+03
8.157000000000000000e+03
5.590000000000000000e+03
6.466000000000000000e+03
8.997000000000000000e+03
6.490000000000000000e+03
1.172000000000000000e+03
1.606000000000000000e+03
9.882000000000000000e+03
1.923000000000000000e+03
2.202000000000000000e+03
8.467000000000000000e+03
3.811000000000000000e+03
7.667000000000000000e+03
8.585000000000000000e+03
7.517000000000000000e+03
9.742000000000000000e+03
2.612000000000000000e+03
5.417000000000000000e+03
8.500000000000000000e+01
7.206000000000000000e+03
8.231000000000000000e+03
1.790000000000000000e+02
6.073000000000000000e+03
8.447000000000000000e+03
3.518000000000000000e+03
6.809000000000000000e+03
4.236000000000000000e+03
7.618000000000000000e+03
5.120000000000000000e+03
3.014000000000000000e+03
3.890000000000000000e+02
5.562000000000000000e+03
5.934000000000000000e+03
2.056000000000000000e+03
4.090000000000000000e+02
5.211000000000000000e+03
4.070000000000000000e+02
5.914000000000000000e+03
3.003000000000000000e+03
5.110000000000000000e+02
4.943000000000000000e+03
5.535000000000000000e+03
2.911000000000000000e+03
6.196000000000000000e+03
3.834000000000000000e+03
3.799000000000000000e+03
6.833000000000000000e+03
4.927000000000000000e+03
5.304000000000000000e+03
3.027000000000000000e+03
3.250000000000000000e+02
8.942000000000000000e+03
5.200000000000000000e+02
6.834000000000000000e+03
5.298000000000000000e+03
1.206000000000000000e+03
4.321000000000000000e+03
7.734000000000000000e+03
3.060000000000000000e+02
7.491000000000000000e+03
2.821000000000000000e+03
5.203000000000000000e+03
7.522000000000000000e+03
3.130000000000000000e+03
8.115000000000000000e+03
2.605000000000000000e+03
5.463000000000000000e+03
6.099000000000000000e+03
3.878000000000000000e+03
8.465000000000000000e+03
9.183000000000000000e+03
3.504000000000000000e+03
5.060000000000000000e+02
6.030000000000000000e+03
3.570000000000000000e+02
5.920000000000000000e+03
6.800000000000000000e+03
6.690000000000000000e+02
5.102000000000000000e+03
4.898000000000000000e+03
3.915000000000000000e+03
9.881000000000000000e+03
3.745000000000000000e+03
3.742000000000000000e+03
5.367000000000000000e+03
2.500000000000000000e+02
5.844000000000000000e+03
4.940000000000000000e+02
3.054000000000000000e+03
3.342000000000000000e+03
1.142000000000000000e+03
3.924000000000000000e+03
2.992000000000000000e+03
1.260000000000000000e+02
5.656000000000000000e+03
5.868000000000000000e+03
1.874000000000000000e+03
6.529000000000000000e+03
6.408000000000000000e+03
2.497000000000000000e+03
9.929000000000000000e+03
6.001000000000000000e+03
6.054000000000000000e+03
6.716000000000000000e+03
8.063000000000000000e+03
9.610000000000000000e+03
4.217000000000000000e+03
7.308000000000000000e+03
3.475000000000000000e+03
5.076000000000000000e+03
7.680000000000000000e+02
7.784000000000000000e+03
2.516000000000000000e+03
8.438000000000000000e+03
8.581000000000000000e+03
7.393000000000000000e+03
6.729000000000000000e+03
7.810000000000000000e+02
6.891000000000000000e+03
8.130000000000000000e+03
5.075000000000000000e+03
3.381000000000000000e+03
9.336000000000000000e+03
5.266000000000000000e+03
2.627000000000000000e+03
4.096000000000000000e+03
9.102000000000000000e+03
1.706000000000000000e+03
4.899000000000000000e+03
2.337000000000000000e+03
2.574000000000000000e+03
4.076000000000000000e+03
3.690000000000000000e+02
8.288000000000000000e+03
7.020000000000000000e+02
4.624000000000000000e+03
2.549000000000000000e+03
9.370000000000000000e+03
1.381000000000000000e+03
4.903000000000000000e+03
3.229000000000000000e+03
1.118000000000000000e+03
7.534000000000000000e+03
4.665000000000000000e+03
8.330000000000000000e+03
8.679000000000000000e+03
4.131000000000000000e+03
3.573000000000000000e+03
6.246000000000000000e+03
7.285000000000000000e+03
9.042000000000000000e+03
2.620000000000000000e+03
4.746000000000000000e+03
5.602000000000000000e+03
7.816000000000000000e+03
8.900000000000000000e+02
2.480000000000000000e+02
2.472000000000000000e+03
2.369000000000000000e+03
5.322000000000000000e+03
7.286000000000000000e+03
9.909000000000000000e+03
7.982000000000000000e+03
9.201000000000000000e+03
1.210000000000000000e+03
5.007000000000000000e+03
4.310000000000000000e+02
9.007000000000000000e+03
4.260000000000000000e+02
5.667000000000000000e+03
3.900000000000000000e+01
4.325000000000000000e+03
3.500000000000000000e+01
6.866000000000000000e+03
6.804000000000000000e+03
1.649000000000000000e+03
6.957000000000000000e+03
5.062000000000000000e+03
9.316000000000000000e+03
9.721000000000000000e+03
1.867000000000000000e+03
9.672000000000000000e+03
5.356000000000000000e+03
8.289000000000000000e+03
2.971000000000000000e+03
4.283000000000000000e+03
3.717000000000000000e+03
1.781000000000000000e+03
6.721000000000000000e+03
9.034000000000000000e+03
6.979000000000000000e+03
9.516000000000000000e+03
5.629000000000000000e+03
5.269000000000000000e+03
9.534000000000000000e+03
9.731000000000000000e+03
5.369000000000000000e+03
2.436000000000000000e+03
2.852000000000000000e+03
9.720000000000000000e+02
9.872000000000000000e+03
3.286000000000000000e+03
7.632000000000000000e+03
9.300000000000000000e+03
3.838000000000000000e+03
1.537000000000000000e+03
5.001000000000000000e+03
6.586000000000000000e+03
5.817000000000000000e+03
5.786000000000000000e+03
3.788000000000000000e+03
6.560000000000000000e+03
1.391000000000000000e+03
7.355000000000000000e+03
5.419000000000000000e+03
2.710000000000000000e+03
5.520000000000000000e+03
1.456000000000000000e+03
9.783000000000000000e+03
7.691000000000000000e+03
2.814000000000000000e+03
1.421000000000000000e+03
7.490000000000000000e+03
2.925000000000000000e+03
8.111000000000000000e+03
2.364000000000000000e+03
9.400000000000000000e+03
5.471000000000000000e+03
5.742000000000000000e+03
5.931000000000000000e+03
8.113000000000000000e+03
9.259000000000000000e+03
1.005000000000000000e+03
8.773000000000000000e+03
7.660000000000000000e+03
6.170000000000000000e+03
6.547000000000000000e+03
2.013000000000000000e+03
7.537000000000000000e+03
5.300000000000000000e+01
5.576000000000000000e+03
4.601000000000000000e+03
2.125000000000000000e+03
1.592000000000000000e+03
4.596000000000000000e+03
4.605000000000000000e+03
2.015000000000000000e+03
9.140000000000000000e+03
5.895000000000000000e+03
9.460000000000000000e+03
5.430000000000000000e+03
1.310000000000000000e+02
4.613000000000000000e+03
2.231000000000000000e+03
5.848000000000000000e+03
4.554000000000000000e+03
1.416000000000000000e+03
3.895000000000000000e+03
5.402000000000000000e+03
3.677000000000000000e+03
1.201000000000000000e+03
2.404000000000000000e+03
3.015000000000000000e+03
7.452000000000000000e+03
7.886000000000000000e+03
4.280000000000000000e+02
8.967000000000000000e+03
2.328000000000000000e+03
8.900000000000000000e+03
2.872000000000000000e+03
1.267000000000000000e+03
5.090000000000000000e+02
7.135000000000000000e+03
8.889000000000000000e+03
6.280000000000000000e+02
8.486000000000000000e+03
4.410000000000000000e+02
3.296000000000000000e+03
7.834000000000000000e+03
4.524000000000000000e+03
5.195000000000000000e+03
9.851000000000000000e+03
3.299000000000000000e+03
1.950000000000000000e+02
6.280000000000000000e+03
3.930000000000000000e+02
3.793000000000000000e+03
7.676000000000000000e+03
8.352000000000000000e+03
9.227000000000000000e+03
4.149000000000000000e+03
8.801000000000000000e+03
6.872000000000000000e+03
8.665000000000000000e+03
8.705000000000000000e+03
5.066000000000000000e+03
6.626000000000000000e+03
8.316000000000000000e+03
5.231000000000000000e+03
1.947000000000000000e+03
6.539000000000000000e+03
1.273000000000000000e+03
1.700000000000000000e+03
9.186000000000000000e+03
5.739000000000000000e+03
