9.378000000000000000e+03
1.530000000000000000e+03
4.233000000000000000e+03
1.936000000000000000e+03
8.580000000000000000e+02
5.054000000000000000e+03
2.944000000000000000e+03
8.744000000000000000e+03
3.675000000000000000e+03
3.460000000000000000e+03
6.086000000000000000e+03
5.905000000000000000e+03
1.591000000000000000e+03
2.517000000000000000e+03
5.936000000000000000e+03
6.058000000000000000e+03
6.276000000000000000e+03
1.317000000000000000e+03
5.247000000000000000e+03
1.359000000000000000e+03
4.005000000000000000e+03
6.830000000000000000e+03
1.400000000000000000e+01
3.033000000000000000e+03
3.040000000000000000e+03
5.594000000000000000e+03
2.173000000000000000e+03
6.470000000000000000e+03
1.463000000000000000e+03
8.595000000000000000e+03
4.845000000000000000e+03
5.647000000000000000e+03
3.204000000000000000e+03
7.840000000000000000e+03
3.142000000000000000e+03
4.595000000000000000e+03
7.853000000000000000e+03
2.821000000000000000e+03
5.698000000000000000e+03
3.752000000000000000e+03
9.403000000000000000e+03
9.447000000000000000e+03
3.570000000000000000e+03
6.268000000000000000e+03
6.587000000000000000e+03
5.084000000000000000e+03
2.624000000000000000e+03
3.713000000000000000e+03
9.415000000000000000e+03
6.145000000000000000e+03
8.873000000000000000e+03
2.264000000000000000e+03
1.780000000000000000e+02
2.277000000000000000e+03
3.510000000000000000e+02
5.617000000000000000e+03
4.810000000000000000e+03
2.439000000000000000e+03
1.316000000000000000e+03
9.601000000000000000e+03
7.736000000000000000e+03
8.620000000000000000e+03
5.539000000000000000e+03
1.773000000000000000e+03
6.227000000000000000e+03
8.745000000000000000e+03
8.334000000000000000e+03
3.075000000000000000e+03
5.560000000000000000e+03
7.118000000000000000e+03
1.430000000000000000e+02
4.830000000000000000e+03
7.776000000000000000e+03
9.646000000000000000e+03
1.245000000000000000e+03
1.250000000000000000e+03
6.460000000000000000e+02
9.880000000000000000e+03
9.527000000000000000e+03
2.840000000000000000e+03
7.098000000000000000e+03
7.176000000000000000e+03
2.372000000000000000e+03
7.108000000000000000e+03
5.047000000000000000e+03
3.743000000000000000e+03
4.741000000000000000e+03
1.626000000000000000e+03
6.201000000000000000e+03
8.619000000000000000e+03
5.469000000000000000e+03
3.683000000000000000e+03
2.106000000000000000e+03
5.865000000000000000e+03
8.028000000000000000e+03
6.469000000000000000e+03
9.381000000000000000e+03
2.098000000000000000e+03
6.763000000000000000e+03
9.730000000000000000e+02
2.081000000000000000e+03
3.819000000000000000e+03
8.168000000000000000e+03
3.427000000000000000e+03
8.053000000000000000e+03
7.562000000000000000e+03
5.901000000000000000e+03
7.592000000000000000e+03
8.900000000000000000e+02
2.061000000000000000e+03
8.070000000000000000e+03
2.942000000000000000e+03
5.925000000000000000e+03
9.128000000000000000e+03
5.947000000000000000e+03
3.377000000000000000e+03
7.598000000000000000e+03
2.076000000000000000e+03
3.387000000000000000e+03
5.852000000000000000e+03
4.452000000000000000e+03
6.986000000000000000e+03
3.798000000000000000e+03
6.984000000000000000e+03
1.996000000000000000e+03
2.444000000000000000e+03
7.668000000000000000e+03
2.698000000000000000e+03
7.800000000000000000e+01
5.441000000000000000e+03
3.256000000000000000e+03
1.713000000000000000e+03
1.133000000000000000e+03
2.300000000000000000e+02
9.295000000000000000e+03
5.796000000000000000e+03
2.167000000000000000e+03
9.269000000000000000e+03
1.559000000000000000e+03
7.985000000000000000e+03
8.213000000000000000e+03
4.478000000000000000e+03
8.128000000000000000e+03
4.306000000000000000e+03
5.117000000000000000e+03
4.914000000000000000e+03
6.000000000000000000e+00
2.955000000000000000e+03
8.490000000000000000e+03
1.554000000000000000e+03
4.450000000000000000e+02
7.286000000000000000e+03
2.652000000000000000e+03
8.683000000000000000e+03
4.676000000000000000e+03
8.206000000000000000e+03
9.259000000000000000e+03
4.592000000000000000e+03
9.126000000000000000e+03
2.941000000000000000e+03
7.695000000000000000e+03
8.655000000000000000e+03
3.999000000000000000e+03
2.967000000000000000e+03
8.726000000000000000e+03
6.556000000000000000e+03
3.800000000000000000e+03
7.157000000000000000e+03
7.340000000000000000e+02
6.953000000000000000e+03
4.486000000000000000e+03
8.953000000000000000e+03
3.491000000000000000e+03
3.487000000000000000e+03
4.441000000000000000e+03
8.992000000000000000e+03
5.887000000000000000e+03
8.049000000000000000e+03
4.396000000000000000e+03
9.026000000000000000e+03
9.210000000000000000e+02
1.020000000000000000e+03
3.395000000000000000e+03
9.060000000000000000e+03
9.970000000000000000e+02
6.960000000000000000e+03
4.006000000000000000e+03
5.766000000000000000e+03
6.113000000000000000e+03
4.030000000000000000e+03
8.786000000000000000e+03
7.765000000000000000e+03
4.054000000000000000e+03
9.532000000000000000e+03
4.722000000000000000e+03
4.076000000000000000e+03
6.190000000000000000e+03
6.179000000000000000e+03
4.093000000000000000e+03
7.042000000000000000e+03
3.564000000000000000e+03
2.278000000000000000e+03
2.271000000000000000e+03
9.369000000000000000e+03
6.980000000000000000e+03
9.336000000000000000e+03
1.880000000000000000e+03
4.619000000000000000e+03
1.998000000000000000e+03
9.871000000000000000e+03
2.697000000000000000e+03
1.639000000000000000e+03
1.440000000000000000e+02
9.865000000000000000e+03
1.640000000000000000e+02
5.144000000000000000e+03
8.900000000000000000e+01
2.752000000000000000e+03
5.182000000000000000e+03
1.730000000000000000e+02
2.747000000000000000e+03
8.593000000000000000e+03
2.745000000000000000e+03
6.659000000000000000e+03
6.406000000000000000e+03
1.226000000000000000e+03
4.750000000000000000e+03
2.088000000000000000e+03
9.836000000000000000e+03
7.628000000000000000e+03
3.578000000000000000e+03
5.210000000000000000e+03
4.404000000000000000e+03
4.910000000000000000e+03
9.390000000000000000e+03
4.225000000000000000e+03
6.765000000000000000e+03
1.839000000000000000e+03
6.820000000000000000e+03
7.024000000000000000e+03
2.743000000000000000e+03
3.170000000000000000e+02
8.280000000000000000e+02
5.529000000000000000e+03
6.645000000000000000e+03
1.570000000000000000e+03
3.972000000000000000e+03
5.768000000000000000e+03
5.406000000000000000e+03
6.107000000000000000e+03
7.293000000000000000e+03
6.771000000000000000e+03
2.220000000000000000e+02
9.775000000000000000e+03
1.136000000000000000e+03
3.520000000000000000e+03
5.225000000000000000e+03
5.162000000000000000e+03
4.984000000000000000e+03
8.065000000000000000e+03
9.807000000000000000e+03
5.191000000000000000e+03
7.600000000000000000e+01
3.397000000000000000e+03
3.507000000000000000e+03
7.957000000000000000e+03
5.170000000000000000e+02
3.921000000000000000e+03
2.681000000000000000e+03
5.757000000000000000e+03
9.603000000000000000e+03
4.885000000000000000e+03
1.727000000000000000e+03
6.330000000000000000e+03
1.401000000000000000e+03
5.296000000000000000e+03
1.354000000000000000e+03
7.057000000000000000e+03
8.804000000000000000e+03
9.988000000000000000e+03
7.370000000000000000e+02
1.993000000000000000e+03
1.024000000000000000e+03
4.241000000000000000e+03
2.051000000000000000e+03
2.563000000000000000e+03
9.360000000000000000e+03
5.578000000000000000e+03
5.920000000000000000e+03
9.917000000000000000e+03
7.345000000000000000e+03
4.081000000000000000e+03
3.516000000000000000e+03
7.623000000000000000e+03
4.117000000000000000e+03
5.087000000000000000e+03
8.674000000000000000e+03
2.357000000000000000e+03
1.240000000000000000e+03
2.136000000000000000e+03
3.905000000000000000e+03
5.954000000000000000e+03
8.385000000000000000e+03
6.759000000000000000e+03
5.916000000000000000e+03
6.080000000000000000e+03
9.706000000000000000e+03
9.185000000000000000e+03
3.128000000000000000e+03
4.866000000000000000e+03
9.570000000000000000e+02
2.900000000000000000e+02
4.947000000000000000e+03
8.788000000000000000e+03
4.514000000000000000e+03
9.093000000000000000e+03
8.987000000000000000e+03
9.301000000000000000e+03
4.070000000000000000e+03
9.180000000000000000e+03
1.625000000000000000e+03
7.074000000000000000e+03
2.410000000000000000e+03
3.745000000000000000e+03
3.130000000000000000e+03
7.100000000000000000e+03
8.779000000000000000e+03
9.563000000000000000e+03
9.863000000000000000e+03
2.369000000000000000e+03
1.470000000000000000e+02
7.670000000000000000e+02
4.684000000000000000e+03
8.511000000000000000e+03
7.068000000000000000e+03
2.658000000000000000e+03
8.824000000000000000e+03
7.807000000000000000e+03
8.840000000000000000e+02
6.863000000000000000e+03
2.355000000000000000e+03
9.183000000000000000e+03
8.465000000000000000e+03
9.554000000000000000e+03
8.820000000000000000e+02
6.774000000000000000e+03
9.013000000000000000e+03
2.071000000000000000e+03
5.535000000000000000e+03
9.882000000000000000e+03
5.203000000000000000e+03
2.648000000000000000e+03
7.085000000000000000e+03
9.505000000000000000e+03
8.330000000000000000e+03
4.721000000000000000e+03
9.867000000000000000e+03
1.267000000000000000e+03
8.281000000000000000e+03
7.507000000000000000e+03
3.244000000000000000e+03
9.335000000000000000e+03
4.166000000000000000e+03
8.242000000000000000e+03
3.239000000000000000e+03
5.749000000000000000e+03
9.345000000000000000e+03
9.247000000000000000e+03
6.975000000000000000e+03
3.303000000000000000e+03
8.908000000000000000e+03
1.861000000000000000e+03
2.235000000000000000e+03
9.370000000000000000e+03
1.859000000000000000e+03
2.205000000000000000e+03
8.260000000000000000e+03
1.879000000000000000e+03
6.709000000000000000e+03
3.284000000000000000e+03
7.973000000000000000e+03
4.499000000000000000e+03
6.409000000000000000e+03
3.837000000000000000e+03
6.099000000000000000e+03
1.886000000000000000e+03
9.306000000000000000e+03
3.261000000000000000e+03
7.320000000000000000e+02
7.300000000000000000e+02
4.524000000000000000e+03
3.259000000000000000e+03
7.950000000000000000e+03
6.485000000000000000e+03
7.150000000000000000e+02
8.035000000000000000e+03
9.379000000000000000e+03
3.546000000000000000e+03
9.444000000000000000e+03
3.163000000000000000e+03
3.753000000000000000e+03
3.751000000000000000e+03
8.390000000000000000e+02
4.600000000000000000e+01
1.822000000000000000e+03
9.959000000000000000e+03
7.847000000000000000e+03
8.848000000000000000e+03
4.098000000000000000e+03
1.222000000000000000e+03
8.181000000000000000e+03
7.055000000000000000e+03
9.201000000000000000e+03
5.667000000000000000e+03
9.380000000000000000e+03
2.289000000000000000e+03
4.618000000000000000e+03
5.718000000000000000e+03
8.194000000000000000e+03
5.089000000000000000e+03
6.143000000000000000e+03
7.005000000000000000e+03
3.318000000000000000e+03
7.388000000000000000e+03
6.898000000000000000e+03
3.855000000000000000e+03
6.677000000000000000e+03
5.700000000000000000e+03
2.115000000000000000e+03
4.121000000000000000e+03
1.501000000000000000e+03
9.416000000000000000e+03
8.350000000000000000e+02
2.417000000000000000e+03
6.526000000000000000e+03
5.394000000000000000e+03
8.108000000000000000e+03
9.360000000000000000e+02
1.700000000000000000e+03
3.020000000000000000e+03
9.087000000000000000e+03
5.966000000000000000e+03
4.907000000000000000e+03
3.880000000000000000e+02
3.644000000000000000e+03
2.868000000000000000e+03
5.381000000000000000e+03
7.710000000000000000e+03
3.410000000000000000e+02
8.447000000000000000e+03
9.134000000000000000e+03
4.271000000000000000e+03
7.262000000000000000e+03
9.053000000000000000e+03
7.206000000000000000e+03
9.131000000000000000e+03
7.597000000000000000e+03
6.580000000000000000e+03
1.445000000000000000e+03
7.625000000000000000e+03
6.514000000000000000e+03
5.466000000000000000e+03
5.939000000000000000e+03
1.790000000000000000e+02
4.329000000000000000e+03
9.741000000000000000e+03
6.266000000000000000e+03
2.544000000000000000e+03
9.037000000000000000e+03
9.830000000000000000e+03
3.690000000000000000e+02
5.317000000000000000e+03
3.998000000000000000e+03
7.694000000000000000e+03
2.466000000000000000e+03
6.591000000000000000e+03
9.127000000000000000e+03
5.393000000000000000e+03
2.660000000000000000e+02
3.926000000000000000e+03
3.980000000000000000e+03
8.661000000000000000e+03
6.006000000000000000e+03
3.280000000000000000e+02
8.382000000000000000e+03
8.072000000000000000e+03
9.058000000000000000e+03
3.919000000000000000e+03
9.143000000000000000e+03
5.436000000000000000e+03
8.759000000000000000e+03
9.145000000000000000e+03
2.516000000000000000e+03
4.250000000000000000e+02
6.833000000000000000e+03
6.344000000000000000e+03
6.568000000000000000e+03
1.761000000000000000e+03
1.711000000000000000e+03
1.763000000000000000e+03
4.378000000000000000e+03
3.060000000000000000e+02
7.304000000000000000e+03
6.001000000000000000e+03
4.070000000000000000e+02
8.356000000000000000e+03
3.884000000000000000e+03
6.509000000000000000e+03
1.706000000000000000e+03
2.578000000000000000e+03
5.298000000000000000e+03
7.211000000000000000e+03
6.333000000000000000e+03
6.776000000000000000e+03
6.690000000000000000e+02
3.181000000000000000e+03
3.065000000000000000e+03
4.217000000000000000e+03
8.890000000000000000e+03
8.325000000000000000e+03
9.317000000000000000e+03
2.189000000000000000e+03
1.010000000000000000e+02
4.332000000000000000e+03
4.489000000000000000e+03
2.992000000000000000e+03
3.230000000000000000e+03
4.080000000000000000e+02
1.000000000000000000e+01
4.868000000000000000e+03
8.380000000000000000e+02
8.079000000000000000e+03
9.300000000000000000e+01
7.124000000000000000e+03
2.361000000000000000e+03
1.423000000000000000e+03
7.498000000000000000e+03
2.670000000000000000e+03
1.990000000000000000e+03
2.519000000000000000e+03
9.117000000000000000e+03
3.080000000000000000e+02
7.028000000000000000e+03
6.561000000000000000e+03
2.718000000000000000e+03
6.280000000000000000e+03
7.200000000000000000e+03
1.081000000000000000e+03
4.096000000000000000e+03
6.181000000000000000e+03
7.978000000000000000e+03
4.341000000000000000e+03
2.016000000000000000e+03
7.481000000000000000e+03
2.932000000000000000e+03
4.008000000000000000e+03
4.321000000000000000e+03
7.602000000000000000e+03
5.546000000000000000e+03
8.433000000000000000e+03
6.813000000000000000e+03
2.378000000000000000e+03
7.163000000000000000e+03
5.100000000000000000e+03
7.478000000000000000e+03
6.729000000000000000e+03
8.614000000000000000e+03
9.258000000000000000e+03
2.157000000000000000e+03
1.549000000000000000e+03
6.386000000000000000e+03
4.582000000000000000e+03
4.370000000000000000e+02
8.525000000000000000e+03
6.586000000000000000e+03
8.626000000000000000e+03
2.472000000000000000e+03
6.466000000000000000e+03
1.029000000000000000e+03
1.609000000000000000e+03
2.897000000000000000e+03
2.137000000000000000e+03
5.828000000000000000e+03
7.343000000000000000e+03
1.283000000000000000e+03
9.513000000000000000e+03
3.286000000000000000e+03
1.709000000000000000e+03
1.649000000000000000e+03
2.824000000000000000e+03
4.283000000000000000e+03
5.175000000000000000e+03
6.520000000000000000e+03
1.421000000000000000e+03
2.127000000000000000e+03
3.541000000000000000e+03
6.490000000000000000e+02
6.560000000000000000e+03
6.800000000000000000e+02
6.823000000000000000e+03
4.547000000000000000e+03
2.526000000000000000e+03
7.140000000000000000e+02
1.849000000000000000e+03
6.401000000000000000e+03
6.957000000000000000e+03
6.678000000000000000e+03
1.443000000000000000e+03
9.783000000000000000e+03
4.125000000000000000e+03
1.015000000000000000e+03
3.056000000000000000e+03
7.801000000000000000e+03
4.100000000000000000e+03
5.520000000000000000e+03
4.660000000000000000e+03
2.316000000000000000e+03
1.456000000000000000e+03
7.083000000000000000e+03
9.629000000000000000e+03
5.288000000000000000e+03
6.368000000000000000e+03
1.623000000000000000e+03
1.537000000000000000e+03
7.537000000000000000e+03
1.779000000000000000e+03
5.629000000000000000e+03
7.346000000000000000e+03
9.174000000000000000e+03
6.867000000000000000e+03
7.355000000000000000e+03
9.186000000000000000e+03
5.489000000000000000e+03
6.804000000000000000e+03
5.888000000000000000e+03
6.165000000000000000e+03
7.339000000000000000e+03
6.554000000000000000e+03
7.372000000000000000e+03
3.220000000000000000e+03
7.040000000000000000e+02
8.801000000000000000e+03
1.922000000000000000e+03
7.073000000000000000e+03
6.121000000000000000e+03
3.456000000000000000e+03
8.672000000000000000e+03
1.644000000000000000e+03
8.967000000000000000e+03
4.122000000000000000e+03
3.684000000000000000e+03
8.179000000000000000e+03
9.978000000000000000e+03
7.550000000000000000e+03
3.639000000000000000e+03
9.540000000000000000e+02
7.308000000000000000e+03
6.161000000000000000e+03
3.176000000000000000e+03
6.557000000000000000e+03
7.825000000000000000e+03
5.017000000000000000e+03
4.664000000000000000e+03
3.833000000000000000e+03
3.275000000000000000e+03
1.828000000000000000e+03
2.556000000000000000e+03
1.330000000000000000e+03
9.953000000000000000e+03
9.720000000000000000e+02
4.127000000000000000e+03
6.977000000000000000e+03
