6.814000000000000000e+03
9.059000000000000000e+03
6.058000000000000000e+03
2.590000000000000000e+02
5.247000000000000000e+03
5.685000000000000000e+03
5.905000000000000000e+03
5.311000000000000000e+03
9.637000000000000000e+03
9.421000000000000000e+03
9.807000000000000000e+03
3.033000000000000000e+03
9.971000000000000000e+03
3.219000000000000000e+03
8.805000000000000000e+03
6.086000000000000000e+03
1.137000000000000000e+03
3.170000000000000000e+02
4.278000000000000000e+03
3.805000000000000000e+03
9.592000000000000000e+03
7.814000000000000000e+03
3.638000000000000000e+03
3.074000000000000000e+03
2.752000000000000000e+03
4.740000000000000000e+02
6.493000000000000000e+03
4.115000000000000000e+03
7.601000000000000000e+03
4.647000000000000000e+03
5.160000000000000000e+02
7.220000000000000000e+03
6.379000000000000000e+03
4.981000000000000000e+03
8.813000000000000000e+03
5.067000000000000000e+03
1.222000000000000000e+03
6.080000000000000000e+03
3.926000000000000000e+03
0.000000000000000000e+00
7.908000000000000000e+03
8.434000000000000000e+03
3.688000000000000000e+03
7.486000000000000000e+03
3.803000000000000000e+03
1.729000000000000000e+03
5.372000000000000000e+03
2.952000000000000000e+03
4.670000000000000000e+03
7.316000000000000000e+03
2.264000000000000000e+03
8.193000000000000000e+03
3.798000000000000000e+03
1.376000000000000000e+03
3.743000000000000000e+03
6.984000000000000000e+03
2.258000000000000000e+03
3.970000000000000000e+02
3.502000000000000000e+03
7.118000000000000000e+03
1.970000000000000000e+03
7.014000000000000000e+03
3.609000000000000000e+03
1.444000000000000000e+03
1.454000000000000000e+03
1.412000000000000000e+03
2.698000000000000000e+03
1.988000000000000000e+03
7.172000000000000000e+03
2.106000000000000000e+03
6.670000000000000000e+03
9.689000000000000000e+03
1.316000000000000000e+03
4.077000000000000000e+03
4.072000000000000000e+03
6.701000000000000000e+03
4.055000000000000000e+03
6.739000000000000000e+03
2.057000000000000000e+03
2.187000000000000000e+03
1.580000000000000000e+02
6.764000000000000000e+03
8.279000000000000000e+03
2.022000000000000000e+03
6.796000000000000000e+03
8.213000000000000000e+03
1.996000000000000000e+03
8.905000000000000000e+03
6.890000000000000000e+03
3.819000000000000000e+03
3.806000000000000000e+03
3.487000000000000000e+03
2.405000000000000000e+03
1.964000000000000000e+03
3.031000000000000000e+03
7.579000000000000000e+03
7.985000000000000000e+03
1.713000000000000000e+03
8.440000000000000000e+03
1.939000000000000000e+03
9.739000000000000000e+03
2.923000000000000000e+03
2.462000000000000000e+03
1.773000000000000000e+03
8.469000000000000000e+03
8.490000000000000000e+03
8.579000000000000000e+03
2.803000000000000000e+03
7.737000000000000000e+03
2.777000000000000000e+03
2.746000000000000000e+03
2.624000000000000000e+03
2.889000000000000000e+03
9.812000000000000000e+03
8.028000000000000000e+03
7.555000000000000000e+03
8.493000000000000000e+03
8.759000000000000000e+03
8.754000000000000000e+03
1.559000000000000000e+03
8.745000000000000000e+03
8.697000000000000000e+03
8.684000000000000000e+03
7.415000000000000000e+03
3.201000000000000000e+03
8.669000000000000000e+03
7.438000000000000000e+03
9.714000000000000000e+03
3.165000000000000000e+03
7.450000000000000000e+03
2.439000000000000000e+03
1.948000000000000000e+03
3.142000000000000000e+03
3.670000000000000000e+02
2.444000000000000000e+03
8.114000000000000000e+03
1.231000000000000000e+03
3.983000000000000000e+03
6.606000000000000000e+03
5.879000000000000000e+03
6.710000000000000000e+02
5.033000000000000000e+03
5.901000000000000000e+03
7.250000000000000000e+02
5.925000000000000000e+03
9.415000000000000000e+03
5.947000000000000000e+03
7.730000000000000000e+02
4.914000000000000000e+03
4.864000000000000000e+03
6.460000000000000000e+02
8.060000000000000000e+02
9.295000000000000000e+03
9.289000000000000000e+03
9.288000000000000000e+03
9.640000000000000000e+02
6.163000000000000000e+03
4.718000000000000000e+03
4.713000000000000000e+03
4.380000000000000000e+02
4.682000000000000000e+03
4.631000000000000000e+03
4.595000000000000000e+03
4.830000000000000000e+03
5.084000000000000000e+03
5.849000000000000000e+03
5.843000000000000000e+03
9.995000000000000000e+03
6.000000000000000000e+00
5.469000000000000000e+03
5.468000000000000000e+03
5.553000000000000000e+03
5.450000000000000000e+03
5.447000000000000000e+03
5.439000000000000000e+03
1.600000000000000000e+01
5.540000000000000000e+02
5.605000000000000000e+03
5.617000000000000000e+03
5.650000000000000000e+02
5.351000000000000000e+03
5.647000000000000000e+03
5.321000000000000000e+03
5.312000000000000000e+03
5.303000000000000000e+03
5.200000000000000000e+03
5.194000000000000000e+03
5.186000000000000000e+03
5.179000000000000000e+03
5.156000000000000000e+03
5.147000000000000000e+03
5.811000000000000000e+03
6.268000000000000000e+03
9.730000000000000000e+02
3.210000000000000000e+02
4.452000000000000000e+03
1.016000000000000000e+03
6.577000000000000000e+03
4.248000000000000000e+03
4.254000000000000000e+03
9.160000000000000000e+03
9.155000000000000000e+03
4.457000000000000000e+03
9.040000000000000000e+03
4.257000000000000000e+03
6.310000000000000000e+03
9.146000000000000000e+03
6.543000000000000000e+03
1.191000000000000000e+03
1.133000000000000000e+03
4.358000000000000000e+03
4.306000000000000000e+03
9.084000000000000000e+03
4.506000000000000000e+03
6.587000000000000000e+03
7.058000000000000000e+03
5.504000000000000000e+03
1.705000000000000000e+03
5.350000000000000000e+03
3.840000000000000000e+02
6.746000000000000000e+03
3.815000000000000000e+03
7.626000000000000000e+03
4.076000000000000000e+03
6.527000000000000000e+03
3.839000000000000000e+03
2.868000000000000000e+03
9.078000000000000000e+03
6.499000000000000000e+03
2.652000000000000000e+03
2.769000000000000000e+03
3.860000000000000000e+02
1.780000000000000000e+03
9.523000000000000000e+03
2.208000000000000000e+03
1.647000000000000000e+03
1.453000000000000000e+03
4.641000000000000000e+03
6.238000000000000000e+03
9.946000000000000000e+03
1.495000000000000000e+03
4.153000000000000000e+03
9.199000000000000000e+03
2.310000000000000000e+02
4.781000000000000000e+03
8.364000000000000000e+03
2.667000000000000000e+03
1.786000000000000000e+03
9.725000000000000000e+03
2.424000000000000000e+03
2.235000000000000000e+03
5.880000000000000000e+02
7.868000000000000000e+03
6.691000000000000000e+03
8.181000000000000000e+03
1.880000000000000000e+03
1.000000000000000000e+00
8.995000000000000000e+03
2.600000000000000000e+03
5.509000000000000000e+03
7.922000000000000000e+03
1.284000000000000000e+03
4.261000000000000000e+03
1.889000000000000000e+03
2.540000000000000000e+03
8.130000000000000000e+03
5.355000000000000000e+03
8.953000000000000000e+03
4.061000000000000000e+03
5.070000000000000000e+02
6.660000000000000000e+03
9.597000000000000000e+03
2.876000000000000000e+03
7.786000000000000000e+03
6.953000000000000000e+03
3.137000000000000000e+03
8.940000000000000000e+02
1.671000000000000000e+03
6.107000000000000000e+03
3.705000000000000000e+03
6.145000000000000000e+03
1.639000000000000000e+03
4.719000000000000000e+03
3.762000000000000000e+03
8.726000000000000000e+03
7.311000000000000000e+03
3.386000000000000000e+03
6.190000000000000000e+03
9.870000000000000000e+02
4.676000000000000000e+03
7.198000000000000000e+03
4.619000000000000000e+03
3.532000000000000000e+03
1.488000000000000000e+03
1.577000000000000000e+03
8.934000000000000000e+03
4.904000000000000000e+03
1.755000000000000000e+03
6.489000000000000000e+03
4.330000000000000000e+03
7.747000000000000000e+03
8.907000000000000000e+03
9.064000000000000000e+03
7.714000000000000000e+03
6.904000000000000000e+03
2.914000000000000000e+03
1.131000000000000000e+03
7.462000000000000000e+03
8.593000000000000000e+03
5.023000000000000000e+03
5.918000000000000000e+03
4.372000000000000000e+03
4.396000000000000000e+03
4.940000000000000000e+02
3.013000000000000000e+03
9.865000000000000000e+03
2.941000000000000000e+03
3.629000000000000000e+03
6.724000000000000000e+03
6.697000000000000000e+03
6.190000000000000000e+02
4.910000000000000000e+02
1.271000000000000000e+03
6.541000000000000000e+03
3.709000000000000000e+03
5.324000000000000000e+03
1.097000000000000000e+03
8.251000000000000000e+03
2.506000000000000000e+03
3.190000000000000000e+02
4.210000000000000000e+03
1.229000000000000000e+03
6.637000000000000000e+03
6.645000000000000000e+03
1.279000000000000000e+03
4.094000000000000000e+03
4.418000000000000000e+03
6.818000000000000000e+03
6.838000000000000000e+03
3.786000000000000000e+03
7.024000000000000000e+03
3.666000000000000000e+03
7.089000000000000000e+03
3.437000000000000000e+03
6.672000000000000000e+03
9.671000000000000000e+03
9.209000000000000000e+03
7.297000000000000000e+03
5.060000000000000000e+02
9.993000000000000000e+03
1.100000000000000000e+01
5.407000000000000000e+03
5.624000000000000000e+03
5.313000000000000000e+03
9.484000000000000000e+03
5.914000000000000000e+03
4.489000000000000000e+03
9.961000000000000000e+03
8.010000000000000000e+02
8.160000000000000000e+02
8.280000000000000000e+02
8.670000000000000000e+02
7.600000000000000000e+01
9.278000000000000000e+03
9.276000000000000000e+03
9.690000000000000000e+02
5.950000000000000000e+03
3.220000000000000000e+03
7.572000000000000000e+03
2.609000000000000000e+03
8.541000000000000000e+03
3.166000000000000000e+03
7.938000000000000000e+03
2.657000000000000000e+03
2.804000000000000000e+03
7.976000000000000000e+03
2.945000000000000000e+03
2.396000000000000000e+03
8.136000000000000000e+03
3.080000000000000000e+02
7.586000000000000000e+03
1.848000000000000000e+03
8.257000000000000000e+03
2.202000000000000000e+03
2.205000000000000000e+03
9.748000000000000000e+03
6.529000000000000000e+03
2.123000000000000000e+03
4.344000000000000000e+03
6.462000000000000000e+03
2.651000000000000000e+03
5.551000000000000000e+03
2.572000000000000000e+03
4.494000000000000000e+03
8.343000000000000000e+03
4.515000000000000000e+03
7.957000000000000000e+03
4.530000000000000000e+03
2.890000000000000000e+02
6.106000000000000000e+03
6.096000000000000000e+03
4.730000000000000000e+02
1.300000000000000000e+02
8.037000000000000000e+03
8.201000000000000000e+03
9.550000000000000000e+03
1.981000000000000000e+03
7.690000000000000000e+02
5.149000000000000000e+03
6.160000000000000000e+02
5.833000000000000000e+03
9.317000000000000000e+03
7.443000000000000000e+03
4.000000000000000000e+03
2.954000000000000000e+03
7.169000000000000000e+03
7.057000000000000000e+03
8.522000000000000000e+03
3.659000000000000000e+03
8.897000000000000000e+03
7.238000000000000000e+03
8.901000000000000000e+03
3.321000000000000000e+03
1.354000000000000000e+03
3.969000000000000000e+03
1.789000000000000000e+03
7.664000000000000000e+03
7.356000000000000000e+03
3.268000000000000000e+03
9.727000000000000000e+03
3.131000000000000000e+03
7.858000000000000000e+03
1.400000000000000000e+02
3.240000000000000000e+02
7.433000000000000000e+03
1.926000000000000000e+03
3.293000000000000000e+03
1.664000000000000000e+03
5.537000000000000000e+03
7.370000000000000000e+02
9.424000000000000000e+03
1.535000000000000000e+03
5.891000000000000000e+03
9.507000000000000000e+03
5.078000000000000000e+03
7.262000000000000000e+03
7.541000000000000000e+03
5.520000000000000000e+02
5.785000000000000000e+03
5.930000000000000000e+03
7.402000000000000000e+03
7.347000000000000000e+03
5.770000000000000000e+02
8.397000000000000000e+03
7.480000000000000000e+02
8.507000000000000000e+03
7.154000000000000000e+03
8.528000000000000000e+03
1.197000000000000000e+03
1.874000000000000000e+03
6.476000000000000000e+03
9.080000000000000000e+03
6.474000000000000000e+03
4.359000000000000000e+03
8.960000000000000000e+03
6.428000000000000000e+03
8.274000000000000000e+03
1.078000000000000000e+03
4.504000000000000000e+03
7.164000000000000000e+03
7.803000000000000000e+03
4.566000000000000000e+03
4.693000000000000000e+03
9.670000000000000000e+02
4.767000000000000000e+03
1.382000000000000000e+03
1.940000000000000000e+03
6.997000000000000000e+03
2.938000000000000000e+03
6.078000000000000000e+03
1.481000000000000000e+03
4.862000000000000000e+03
7.920000000000000000e+02
9.890000000000000000e+02
2.443000000000000000e+03
7.771000000000000000e+03
9.802000000000000000e+03
9.664000000000000000e+03
4.223000000000000000e+03
2.984000000000000000e+03
9.325000000000000000e+03
7.063000000000000000e+03
1.463000000000000000e+03
3.106000000000000000e+03
2.802000000000000000e+03
8.138000000000000000e+03
5.191000000000000000e+03
6.150000000000000000e+02
4.135000000000000000e+03
3.736000000000000000e+03
8.862000000000000000e+03
7.984000000000000000e+03
1.141000000000000000e+03
5.626000000000000000e+03
8.854000000000000000e+03
5.165000000000000000e+03
2.811000000000000000e+03
2.076000000000000000e+03
3.305000000000000000e+03
8.524000000000000000e+03
5.623000000000000000e+03
3.049000000000000000e+03
4.758000000000000000e+03
6.491000000000000000e+03
2.821000000000000000e+03
8.128000000000000000e+03
5.733000000000000000e+03
8.543000000000000000e+03
8.546000000000000000e+03
7.817000000000000000e+03
6.144000000000000000e+03
6.640000000000000000e+02
9.185000000000000000e+03
7.849000000000000000e+03
1.033000000000000000e+03
7.387000000000000000e+03
1.714000000000000000e+03
9.127000000000000000e+03
8.018000000000000000e+03
7.254000000000000000e+03
9.805000000000000000e+03
2.383000000000000000e+03
8.980000000000000000e+03
9.381000000000000000e+03
4.586000000000000000e+03
8.894000000000000000e+03
3.280000000000000000e+02
7.447000000000000000e+03
4.581000000000000000e+03
1.395000000000000000e+03
5.808000000000000000e+03
6.057000000000000000e+03
6.897000000000000000e+03
5.081000000000000000e+03
7.905000000000000000e+03
2.217000000000000000e+03
9.533000000000000000e+03
6.364000000000000000e+03
4.845000000000000000e+03
6.593000000000000000e+03
1.693000000000000000e+03
4.024000000000000000e+03
2.039000000000000000e+03
9.642000000000000000e+03
4.176000000000000000e+03
9.700000000000000000e+01
7.054000000000000000e+03
8.210000000000000000e+02
1.736000000000000000e+03
4.887000000000000000e+03
4.336000000000000000e+03
9.280000000000000000e+03
6.230000000000000000e+02
3.818000000000000000e+03
5.574000000000000000e+03
7.808000000000000000e+03
6.633000000000000000e+03
3.516000000000000000e+03
9.606000000000000000e+03
5.315000000000000000e+03
6.607000000000000000e+03
2.524000000000000000e+03
2.008000000000000000e+03
2.899000000000000000e+03
1.896000000000000000e+03
6.590000000000000000e+03
1.037000000000000000e+03
2.587000000000000000e+03
7.293000000000000000e+03
9.566000000000000000e+03
3.686000000000000000e+03
2.957000000000000000e+03
6.020000000000000000e+02
3.841000000000000000e+03
8.380000000000000000e+02
2.645000000000000000e+03
7.573000000000000000e+03
2.305000000000000000e+03
5.989000000000000000e+03
7.455000000000000000e+03
7.372000000000000000e+03
2.433000000000000000e+03
8.064000000000000000e+03
9.183000000000000000e+03
6.445000000000000000e+03
6.141000000000000000e+03
9.552000000000000000e+03
6.776000000000000000e+03
1.485000000000000000e+03
9.840000000000000000e+03
9.291000000000000000e+03
4.992000000000000000e+03
7.148000000000000000e+03
8.222000000000000000e+03
2.073000000000000000e+03
5.951000000000000000e+03
2.838000000000000000e+03
3.060000000000000000e+03
7.628000000000000000e+03
2.095000000000000000e+03
5.745000000000000000e+03
1.243000000000000000e+03
8.931000000000000000e+03
4.766000000000000000e+03
4.841000000000000000e+03
5.746000000000000000e+03
6.046000000000000000e+03
2.852000000000000000e+03
5.102000000000000000e+03
7.693000000000000000e+03
1.179000000000000000e+03
2.840000000000000000e+03
5.497000000000000000e+03
9.063000000000000000e+03
1.779000000000000000e+03
3.710000000000000000e+02
3.905000000000000000e+03
5.210000000000000000e+02
1.305000000000000000e+03
5.416000000000000000e+03
6.399000000000000000e+03
9.103000000000000000e+03
3.692000000000000000e+03
3.852000000000000000e+03
2.880000000000000000e+02
2.737000000000000000e+03
7.479000000000000000e+03
4.918000000000000000e+03
1.254000000000000000e+03
9.698000000000000000e+03
3.261000000000000000e+03
8.063000000000000000e+03
5.820000000000000000e+02
7.091000000000000000e+03
6.546000000000000000e+03
6.432000000000000000e+03
2.189000000000000000e+03
9.394000000000000000e+03
4.098000000000000000e+03
8.952000000000000000e+03
4.750000000000000000e+03
7.582000000000000000e+03
4.618000000000000000e+03
1.343000000000000000e+03
7.930000000000000000e+03
1.348000000000000000e+03
2.344000000000000000e+03
2.516000000000000000e+03
3.014000000000000000e+03
8.385000000000000000e+03
5.399000000000000000e+03
5.083000000000000000e+03
2.815000000000000000e+03
2.967000000000000000e+03
5.175000000000000000e+03
6.597000000000000000e+03
3.424000000000000000e+03
4.838000000000000000e+03
1.390000000000000000e+02
8.384000000000000000e+03
9.519000000000000000e+03
9.299000000000000000e+03
7.567000000000000000e+03
1.557000000000000000e+03
3.452000000000000000e+03
1.654000000000000000e+03
8.099000000000000000e+03
5.736000000000000000e+03
8.590000000000000000e+02
1.721000000000000000e+03
6.289000000000000000e+03
6.716000000000000000e+03
3.157000000000000000e+03
2.159000000000000000e+03
6.659000000000000000e+03
3.990000000000000000e+02
1.913000000000000000e+03
3.260000000000000000e+03
2.466000000000000000e+03
1.030000000000000000e+03
8.178000000000000000e+03
2.496000000000000000e+03
8.844000000000000000e+03
9.022000000000000000e+03
4.253000000000000000e+03
6.110000000000000000e+02
4.770000000000000000e+03
5.578000000000000000e+03
5.393000000000000000e+03
5.875000000000000000e+03
2.552000000000000000e+03
2.716000000000000000e+03
6.520000000000000000e+02
4.662000000000000000e+03
4.716000000000000000e+03
6.080000000000000000e+02
4.670000000000000000e+02
2.510000000000000000e+02
3.220000000000000000e+02
2.003000000000000000e+03
4.091000000000000000e+03
1.527000000000000000e+03
7.390000000000000000e+03
9.310000000000000000e+02
7.241000000000000000e+03
2.317000000000000000e+03
2.220000000000000000e+02
2.359000000000000000e+03
9.308000000000000000e+03
5.877000000000000000e+03
9.302000000000000000e+03
3.875000000000000000e+03
5.473000000000000000e+03
5.560000000000000000e+03
5.671000000000000000e+03
6.990000000000000000e+03
2.730000000000000000e+02
6.287000000000000000e+03
6.455000000000000000e+03
8.281000000000000000e+03
3.356000000000000000e+03
6.097000000000000000e+03
6.442000000000000000e+03
5.842000000000000000e+03
6.023000000000000000e+03
5.912000000000000000e+03
1.388000000000000000e+03
1.703000000000000000e+03
3.617000000000000000e+03
2.790000000000000000e+02
9.939000000000000000e+03
6.763000000000000000e+03
5.307000000000000000e+03
5.782000000000000000e+03
5.050000000000000000e+03
9.960000000000000000e+02
4.948000000000000000e+03
3.619000000000000000e+03
5.107000000000000000e+03
1.940000000000000000e+02
7.071000000000000000e+03
9.123000000000000000e+03
2.219000000000000000e+03
9.126000000000000000e+03
9.229000000000000000e+03
9.117000000000000000e+03
9.880000000000000000e+02
2.167000000000000000e+03
4.215000000000000000e+03
7.498000000000000000e+03
5.984000000000000000e+03
7.017000000000000000e+03
5.079000000000000000e+03
1.014000000000000000e+03
7.507000000000000000e+03
5.000000000000000000e+01
3.575000000000000000e+03
1.283000000000000000e+03
2.900000000000000000e+02
4.000000000000000000e+01
6.709000000000000000e+03
9.201000000000000000e+03
5.941000000000000000e+03
1.217000000000000000e+03
1.161000000000000000e+03
9.037000000000000000e+03
1.059000000000000000e+03
5.936000000000000000e+03
1.208000000000000000e+03
4.600000000000000000e+01
7.036000000000000000e+03
8.238000000000000000e+03
7.484000000000000000e+03
3.649000000000000000e+03
3.597000000000000000e+03
6.718000000000000000e+03
5.108000000000000000e+03
7.534000000000000000e+03
5.840000000000000000e+03
7.991000000000000000e+03
1.206000000000000000e+03
5.944000000000000000e+03
2.612000000000000000e+03
3.113000000000000000e+03
4.220000000000000000e+02
8.999000000000000000e+03
8.196000000000000000e+03
7.025000000000000000e+03
7.470000000000000000e+03
9.007000000000000000e+03
5.820000000000000000e+03
4.700000000000000000e+01
3.081000000000000000e+03
5.958000000000000000e+03
1.045000000000000000e+03
9.013000000000000000e+03
5.120000000000000000e+03
1.153000000000000000e+03
5.037000000000000000e+03
3.130000000000000000e+03
2.469000000000000000e+03
9.085000000000000000e+03
9.955000000000000000e+03
1.136000000000000000e+03
6.722000000000000000e+03
2.116000000000000000e+03
1.313000000000000000e+03
2.731000000000000000e+03
2.038000000000000000e+03
1.761000000000000000e+03
1.764000000000000000e+03
6.286000000000000000e+03
7.797000000000000000e+03
6.290000000000000000e+03
3.878000000000000000e+03
6.774000000000000000e+03
7.809000000000000000e+03
2.711000000000000000e+03
4.542000000000000000e+03
7.915000000000000000e+03
3.885000000000000000e+03
7.913000000000000000e+03
6.875000000000000000e+03
6.317000000000000000e+03
6.877000000000000000e+03
3.855000000000000000e+03
4.352000000000000000e+03
4.636000000000000000e+03
6.898000000000000000e+03
2.055000000000000000e+03
3.838000000000000000e+03
2.660000000000000000e+02
6.466000000000000000e+03
2.764000000000000000e+03
8.635000000000000000e+03
1.706000000000000000e+03
6.889000000000000000e+03
8.624000000000000000e+03
6.767000000000000000e+03
8.620000000000000000e+03
2.047000000000000000e+03
1.731000000000000000e+03
4.378000000000000000e+03
1.831000000000000000e+03
2.689000000000000000e+03
8.467000000000000000e+03
8.465000000000000000e+03
1.914000000000000000e+03
8.457000000000000000e+03
8.451000000000000000e+03
6.790000000000000000e+03
6.392000000000000000e+03
4.439000000000000000e+03
1.979000000000000000e+03
1.941000000000000000e+03
6.806000000000000000e+03
6.409000000000000000e+03
3.951000000000000000e+03
4.409000000000000000e+03
4.413000000000000000e+03
4.460000000000000000e+03
4.467000000000000000e+03
1.995000000000000000e+03
4.477000000000000000e+03
7.829000000000000000e+03
9.729000000000000000e+03
8.519000000000000000e+03
1.010000000000000000e+02
4.503000000000000000e+03
8.511000000000000000e+03
2.674000000000000000e+03
8.653000000000000000e+03
1.861000000000000000e+03
6.834000000000000000e+03
6.833000000000000000e+03
1.872000000000000000e+03
4.486000000000000000e+03
8.494000000000000000e+03
8.395000000000000000e+03
7.854000000000000000e+03
2.590000000000000000e+03
2.994000000000000000e+03
8.654000000000000000e+03
2.783000000000000000e+03
4.846000000000000000e+03
3.728000000000000000e+03
6.975000000000000000e+03
6.509000000000000000e+03
2.928000000000000000e+03
2.926000000000000000e+03
4.829000000000000000e+03
4.820000000000000000e+03
2.918000000000000000e+03
2.531000000000000000e+03
2.911000000000000000e+03
3.747000000000000000e+03
3.751000000000000000e+03
3.752000000000000000e+03
4.795000000000000000e+03
2.520000000000000000e+02
9.799000000000000000e+03
4.851000000000000000e+03
1.386000000000000000e+03
6.526000000000000000e+03
3.695000000000000000e+03
2.986000000000000000e+03
7.597000000000000000e+03
7.598000000000000000e+03
1.333000000000000000e+03
8.938000000000000000e+03
6.020000000000000000e+03
4.897000000000000000e+03
4.893000000000000000e+03
3.704000000000000000e+03
8.270000000000000000e+03
7.618000000000000000e+03
8.278000000000000000e+03
2.950000000000000000e+03
2.943000000000000000e+03
2.895000000000000000e+03
9.907000000000000000e+03
6.114000000000000000e+03
6.756000000000000000e+03
7.713000000000000000e+03
6.181000000000000000e+03
3.799000000000000000e+03
4.684000000000000000e+03
3.811000000000000000e+03
7.731000000000000000e+03
2.806000000000000000e+03
4.341000000000000000e+03
2.071000000000000000e+03
3.998000000000000000e+03
3.720000000000000000e+02
8.677000000000000000e+03
3.826000000000000000e+03
7.745000000000000000e+03
2.548000000000000000e+03
6.166000000000000000e+03
9.941000000000000000e+03
2.862000000000000000e+03
3.890000000000000000e+02
2.112000000000000000e+03
1.790000000000000000e+02
3.880000000000000000e+02
6.119000000000000000e+03
1.501000000000000000e+03
7.954000000000000000e+03
8.660000000000000000e+03
4.762000000000000000e+03
3.773000000000000000e+03
1.524000000000000000e+03
6.750000000000000000e+03
8.779000000000000000e+03
2.099000000000000000e+03
8.775000000000000000e+03
2.863000000000000000e+03
9.773000000000000000e+03
3.060000000000000000e+02
6.417000000000000000e+03
9.436000000000000000e+03
3.259000000000000000e+03
2.369000000000000000e+03
2.308000000000000000e+03
5.667000000000000000e+03
8.168000000000000000e+03
9.417000000000000000e+03
9.422000000000000000e+03
5.532000000000000000e+03
2.430000000000000000e+03
5.659000000000000000e+03
7.270000000000000000e+02
5.336000000000000000e+03
3.492000000000000000e+03
3.491000000000000000e+03
3.258000000000000000e+03
3.284000000000000000e+03
2.930000000000000000e+02
5.347000000000000000e+03
6.681000000000000000e+03
3.289000000000000000e+03
7.125000000000000000e+03
7.040000000000000000e+02
5.639000000000000000e+03
9.330000000000000000e+02
5.535000000000000000e+03
5.627000000000000000e+03
8.053000000000000000e+03
9.476000000000000000e+03
2.375000000000000000e+03
9.478000000000000000e+03
7.110000000000000000e+02
2.040000000000000000e+02
3.546000000000000000e+03
4.440000000000000000e+02
8.158000000000000000e+03
8.157000000000000000e+03
2.440000000000000000e+03
8.520000000000000000e+02
9.337000000000000000e+03
9.828000000000000000e+03
5.718000000000000000e+03
7.151000000000000000e+03
3.520000000000000000e+03
8.290000000000000000e+02
8.035000000000000000e+03
9.363000000000000000e+03
5.701000000000000000e+03
8.820000000000000000e+02
9.403000000000000000e+03
4.510000000000000000e+02
5.280000000000000000e+03
5.225000000000000000e+03
3.239000000000000000e+03
7.270000000000000000e+03
7.157000000000000000e+03
5.689000000000000000e+03
3.246000000000000000e+03
7.850000000000000000e+02
9.383000000000000000e+03
2.282000000000000000e+03
6.613000000000000000e+03
9.294000000000000000e+03
5.298000000000000000e+03
9.996000000000000000e+03
7.416000000000000000e+03
7.278000000000000000e+03
6.604000000000000000e+03
7.295000000000000000e+03
5.599000000000000000e+03
3.404000000000000000e+03
8.058000000000000000e+03
5.182000000000000000e+03
7.205000000000000000e+03
5.562000000000000000e+03
5.620000000000000000e+02
8.097000000000000000e+03
2.357000000000000000e+03
2.347000000000000000e+03
3.167000000000000000e+03
1.350000000000000000e+02
8.108000000000000000e+03
9.586000000000000000e+03
5.394000000000000000e+03
9.680000000000000000e+02
5.436000000000000000e+03
9.248000000000000000e+03
2.372000000000000000e+03
5.429000000000000000e+03
5.582000000000000000e+03
8.104000000000000000e+03
4.111000000000000000e+03
3.449000000000000000e+03
3.318000000000000000e+03
2.343000000000000000e+03
4.435000000000000000e+03
4.113000000000000000e+03
9.200000000000000000e+01
9.359000000000000000e+03
9.979000000000000000e+03
1.102000000000000000e+03
8.871000000000000000e+03
9.581000000000000000e+03
4.114000000000000000e+03
4.640000000000000000e+03
5.970000000000000000e+02
6.675000000000000000e+03
4.900000000000000000e+01
8.070000000000000000e+02
8.760000000000000000e+02
6.720000000000000000e+03
8.924000000000000000e+03
8.425000000000000000e+03
2.448000000000000000e+03
6.600000000000000000e+01
2.397000000000000000e+03
2.666000000000000000e+03
5.776000000000000000e+03
7.355000000000000000e+03
6.936000000000000000e+03
2.129000000000000000e+03
3.160000000000000000e+02
7.787000000000000000e+03
9.218000000000000000e+03
1.210000000000000000e+03
4.242000000000000000e+03
9.255000000000000000e+03
9.340000000000000000e+03
4.675000000000000000e+03
2.374000000000000000e+03
6.260000000000000000e+03
6.507000000000000000e+03
6.680000000000000000e+02
7.547000000000000000e+03
4.014000000000000000e+03
6.663000000000000000e+03
8.249000000000000000e+03
9.788000000000000000e+03
7.324000000000000000e+03
9.742000000000000000e+03
2.164000000000000000e+03
2.136000000000000000e+03
3.865000000000000000e+03
5.406000000000000000e+03
3.769000000000000000e+03
1.241000000000000000e+03
1.620000000000000000e+03
8.532000000000000000e+03
9.823000000000000000e+03
1.782000000000000000e+03
5.056000000000000000e+03
1.648000000000000000e+03
5.498000000000000000e+03
2.974000000000000000e+03
4.300000000000000000e+01
3.040000000000000000e+02
1.000000000000000000e+02
8.067000000000000000e+03
3.932000000000000000e+03
8.390000000000000000e+02
1.255000000000000000e+03
4.867000000000000000e+03
8.989000000000000000e+03
7.696000000000000000e+03
4.080000000000000000e+02
4.008000000000000000e+03
6.879000000000000000e+03
3.230000000000000000e+03
7.273000000000000000e+03
3.834000000000000000e+03
1.233000000000000000e+03
9.847000000000000000e+03
4.332000000000000000e+03
9.339000000000000000e+03
8.118000000000000000e+03
1.618000000000000000e+03
3.366000000000000000e+03
1.000000000000000000e+01
7.038000000000000000e+03
6.223000000000000000e+03
4.340000000000000000e+03
3.999000000000000000e+03
3.313000000000000000e+03
4.255000000000000000e+03
5.954000000000000000e+03
9.583000000000000000e+03
9.652000000000000000e+03
6.001000000000000000e+03
5.684000000000000000e+03
9.423000000000000000e+03
6.987000000000000000e+03
5.434000000000000000e+03
6.962000000000000000e+03
7.300000000000000000e+01
1.440000000000000000e+02
1.765000000000000000e+03
7.364000000000000000e+03
4.180000000000000000e+03
6.130000000000000000e+02
8.269000000000000000e+03
6.252000000000000000e+03
2.718000000000000000e+03
5.656000000000000000e+03
7.667000000000000000e+03
2.361000000000000000e+03
9.053000000000000000e+03
1.326000000000000000e+03
1.810000000000000000e+03
6.118000000000000000e+03
1.871000000000000000e+03
7.671000000000000000e+03
1.917000000000000000e+03
3.761000000000000000e+03
1.990000000000000000e+02
2.883000000000000000e+03
9.567000000000000000e+03
7.760000000000000000e+02
9.929000000000000000e+03
8.090000000000000000e+02
4.384000000000000000e+03
8.426000000000000000e+03
5.169000000000000000e+03
9.065000000000000000e+03
5.144000000000000000e+03
9.830000000000000000e+02
5.892000000000000000e+03
4.057000000000000000e+03
3.132000000000000000e+03
9.360000000000000000e+02
9.271000000000000000e+03
5.757000000000000000e+03
5.844000000000000000e+03
7.418000000000000000e+03
3.539000000000000000e+03
1.910000000000000000e+02
2.245000000000000000e+03
5.917000000000000000e+03
6.799000000000000000e+03
8.029000000000000000e+03
5.576000000000000000e+03
7.879000000000000000e+03
8.356000000000000000e+03
8.782000000000000000e+03
3.168000000000000000e+03
5.076000000000000000e+03
7.445000000000000000e+03
7.393000000000000000e+03
8.400000000000000000e+01
3.796000000000000000e+03
2.906000000000000000e+03
4.089000000000000000e+03
8.202000000000000000e+03
6.914000000000000000e+03
9.761000000000000000e+03
9.505000000000000000e+03
7.315000000000000000e+03
4.320000000000000000e+02
2.068000000000000000e+03
2.100000000000000000e+02
7.680000000000000000e+02
4.744000000000000000e+03
6.910000000000000000e+02
3.088000000000000000e+03
7.369000000000000000e+03
4.258000000000000000e+03
5.790000000000000000e+02
7.000000000000000000e+01
1.055000000000000000e+03
8.204000000000000000e+03
8.048000000000000000e+03
6.647000000000000000e+03
8.148000000000000000e+03
7.472000000000000000e+03
9.639000000000000000e+03
9.090000000000000000e+02
3.360000000000000000e+03
3.205000000000000000e+03
6.027000000000000000e+03
1.857000000000000000e+03
2.278000000000000000e+03
3.840000000000000000e+03
8.335000000000000000e+03
9.851000000000000000e+03
5.797000000000000000e+03
4.310000000000000000e+02
6.415000000000000000e+03
8.422000000000000000e+03
6.782000000000000000e+03
2.591000000000000000e+03
4.817000000000000000e+03
1.142000000000000000e+03
6.469000000000000000e+03
1.609000000000000000e+03
3.746000000000000000e+03
6.440000000000000000e+02
9.304000000000000000e+03
1.457000000000000000e+03
9.369000000000000000e+03
6.786000000000000000e+03
5.377000000000000000e+03
9.287000000000000000e+03
7.474000000000000000e+03
2.337000000000000000e+03
7.903000000000000000e+03
5.750000000000000000e+03
1.593000000000000000e+03
1.070000000000000000e+02
9.741000000000000000e+03
4.655000000000000000e+03
8.601000000000000000e+03
8.763000000000000000e+03
1.554000000000000000e+03
4.764000000000000000e+03
4.250000000000000000e+03
8.386000000000000000e+03
5.828000000000000000e+03
7.028000000000000000e+03
2.549000000000000000e+03
2.403000000000000000e+03
1.998000000000000000e+03
3.299000000000000000e+03
2.519000000000000000e+03
7.528000000000000000e+03
4.096000000000000000e+03
9.830000000000000000e+03
9.556000000000000000e+03
3.312000000000000000e+03
8.578000000000000000e+03
6.580000000000000000e+03
3.900000000000000000e+01
5.246000000000000000e+03
8.796000000000000000e+03
9.928000000000000000e+03
1.854000000000000000e+03
5.585000000000000000e+03
8.679000000000000000e+03
7.538000000000000000e+03
6.389000000000000000e+03
5.549000000000000000e+03
2.480000000000000000e+02
7.675000000000000000e+03
3.144000000000000000e+03
3.149000000000000000e+03
4.100000000000000000e+03
9.259000000000000000e+03
9.502000000000000000e+03
1.410000000000000000e+02
2.560000000000000000e+02
6.576000000000000000e+03
5.698000000000000000e+03
9.994000000000000000e+03
6.297000000000000000e+03
6.486000000000000000e+03
7.871000000000000000e+03
5.869000000000000000e+03
7.326000000000000000e+03
7.334000000000000000e+03
1.070000000000000000e+03
8.310000000000000000e+03
8.742000000000000000e+03
8.729000000000000000e+03
2.107000000000000000e+03
6.320000000000000000e+02
7.144000000000000000e+03
4.927000000000000000e+03
7.983000000000000000e+03
9.957000000000000000e+03
1.936000000000000000e+03
3.870000000000000000e+02
6.532000000000000000e+03
1.620000000000000000e+02
8.236000000000000000e+03
8.357000000000000000e+03
1.893000000000000000e+03
6.846000000000000000e+03
4.468000000000000000e+03
9.820000000000000000e+02
6.770000000000000000e+02
4.777000000000000000e+03
2.835000000000000000e+03
2.600000000000000000e+01
9.264000000000000000e+03
5.749000000000000000e+03
5.628000000000000000e+03
9.820000000000000000e+03
1.421000000000000000e+03
6.979000000000000000e+03
7.560000000000000000e+02
5.866000000000000000e+03
6.401000000000000000e+03
6.800000000000000000e+02
6.804000000000000000e+03
4.420000000000000000e+03
4.325000000000000000e+03
7.691000000000000000e+03
9.461000000000000000e+03
7.856000000000000000e+03
3.788000000000000000e+03
9.467000000000000000e+03
3.286000000000000000e+03
1.572000000000000000e+03
9.783000000000000000e+03
5.369000000000000000e+03
3.770000000000000000e+02
2.839000000000000000e+03
3.118000000000000000e+03
7.083000000000000000e+03
5.116000000000000000e+03
6.957000000000000000e+03
7.852000000000000000e+03
4.301000000000000000e+03
2.814000000000000000e+03
1.443000000000000000e+03
6.856000000000000000e+03
7.722000000000000000e+03
2.127000000000000000e+03
1.451000000000000000e+03
1.456000000000000000e+03
6.921000000000000000e+03
7.660000000000000000e+03
4.370000000000000000e+02
3.405000000000000000e+03
9.241000000000000000e+03
2.820000000000000000e+03
6.614000000000000000e+03
6.547000000000000000e+03
8.910000000000000000e+02
6.721000000000000000e+03
6.265000000000000000e+03
6.025000000000000000e+03
7.930000000000000000e+02
5.300000000000000000e+01
4.073000000000000000e+03
3.526000000000000000e+03
5.994000000000000000e+03
4.596000000000000000e+03
8.403000000000000000e+03
9.372000000000000000e+03
5.786000000000000000e+03
5.520000000000000000e+03
5.996000000000000000e+03
5.471000000000000000e+03
8.150000000000000000e+03
3.026000000000000000e+03
5.129000000000000000e+03
9.090000000000000000e+03
2.500000000000000000e+03
4.592000000000000000e+03
3.861000000000000000e+03
8.112000000000000000e+03
5.219000000000000000e+03
7.389000000000000000e+03
3.523000000000000000e+03
5.742000000000000000e+03
7.561000000000000000e+03
5.800000000000000000e+03
2.639000000000000000e+03
6.733000000000000000e+03
5.699000000000000000e+03
5.911000000000000000e+03
1.029000000000000000e+03
5.288000000000000000e+03
9.720000000000000000e+02
5.001000000000000000e+03
4.547000000000000000e+03
6.692000000000000000e+03
3.326000000000000000e+03
7.967000000000000000e+03
5.686000000000000000e+03
1.630000000000000000e+02
9.020000000000000000e+02
6.586000000000000000e+03
2.710000000000000000e+03
2.557000000000000000e+03
5.000000000000000000e+02
2.798000000000000000e+03
1.797000000000000000e+03
1.860000000000000000e+02
5.931000000000000000e+03
9.106000000000000000e+03
6.520000000000000000e+03
4.116000000000000000e+03
2.149000000000000000e+03
6.559000000000000000e+03
6.935000000000000000e+03
8.341000000000000000e+03
2.242000000000000000e+03
1.649000000000000000e+03
3.340000000000000000e+02
4.167000000000000000e+03
5.262000000000000000e+03
6.669000000000000000e+03
1.367000000000000000e+03
2.025000000000000000e+03
5.740000000000000000e+03
4.694000000000000000e+03
6.704000000000000000e+03
3.447000000000000000e+03
5.230000000000000000e+02
9.922000000000000000e+03
5.234000000000000000e+03
2.231000000000000000e+03
3.190000000000000000e+03
6.723000000000000000e+03
7.333000000000000000e+03
6.404000000000000000e+03
5.360000000000000000e+03
9.923000000000000000e+03
8.293000000000000000e+03
1.695000000000000000e+03
5.980000000000000000e+03
2.789000000000000000e+03
9.420000000000000000e+02
6.307000000000000000e+03
7.914000000000000000e+03
7.680000000000000000e+03
6.344000000000000000e+03
7.566000000000000000e+03
8.242000000000000000e+03
4.500000000000000000e+01
9.346000000000000000e+03
1.961000000000000000e+03
9.088000000000000000e+03
6.365000000000000000e+03
1.625000000000000000e+03
2.558000000000000000e+03
8.478000000000000000e+03
1.038000000000000000e+03
7.609000000000000000e+03
8.040000000000000000e+02
6.076000000000000000e+03
3.644000000000000000e+03
2.319000000000000000e+03
8.043000000000000000e+03
4.424000000000000000e+03
3.254000000000000000e+03
3.069000000000000000e+03
1.168000000000000000e+03
5.440000000000000000e+03
3.547000000000000000e+03
6.143000000000000000e+03
6.925000000000000000e+03
6.186000000000000000e+03
9.905000000000000000e+03
9.210000000000000000e+02
8.280000000000000000e+03
3.310000000000000000e+02
4.070000000000000000e+03
9.800000000000000000e+03
2.299000000000000000e+03
5.387000000000000000e+03
2.845000000000000000e+03
1.039000000000000000e+03
5.145000000000000000e+03
7.500000000000000000e+03
5.122000000000000000e+03
1.645000000000000000e+03
1.247000000000000000e+03
4.260000000000000000e+02
4.321000000000000000e+03
2.230000000000000000e+03
6.650000000000000000e+02
1.292000000000000000e+03
8.996000000000000000e+03
3.090000000000000000e+02
1.553000000000000000e+03
7.245000000000000000e+03
9.386000000000000000e+03
5.244000000000000000e+03
8.954000000000000000e+03
7.381000000000000000e+03
3.952000000000000000e+03
2.950000000000000000e+02
4.653000000000000000e+03
7.350000000000000000e+02
1.345000000000000000e+03
3.895000000000000000e+03
3.135000000000000000e+03
1.610000000000000000e+02
7.126000000000000000e+03
5.151000000000000000e+03
7.807000000000000000e+03
8.192000000000000000e+03
9.610000000000000000e+02
6.135000000000000000e+03
2.273000000000000000e+03
7.588000000000000000e+03
6.784000000000000000e+03
4.975000000000000000e+03
4.099000000000000000e+03
4.280000000000000000e+02
1.002000000000000000e+03
9.593000000000000000e+03
7.649000000000000000e+03
5.977000000000000000e+03
9.357000000000000000e+03
1.411000000000000000e+03
5.305000000000000000e+03
6.570000000000000000e+02
1.678000000000000000e+03
1.549000000000000000e+03
9.635000000000000000e+03
4.333000000000000000e+03
1.578000000000000000e+03
3.667000000000000000e+03
5.737000000000000000e+03
5.939000000000000000e+03
7.758000000000000000e+03
3.468000000000000000e+03
7.174000000000000000e+03
2.688000000000000000e+03
9.074000000000000000e+03
5.824000000000000000e+03
8.870000000000000000e+02
3.176000000000000000e+03
5.962000000000000000e+03
4.540000000000000000e+03
6.579000000000000000e+03
2.253000000000000000e+03
5.610000000000000000e+03
7.762000000000000000e+03
9.777000000000000000e+03
3.253000000000000000e+03
3.371000000000000000e+03
1.489000000000000000e+03
2.860000000000000000e+03
9.395000000000000000e+03
3.109000000000000000e+03
5.813000000000000000e+03
2.858000000000000000e+03
6.246000000000000000e+03
5.266000000000000000e+03
4.622000000000000000e+03
2.406000000000000000e+03
6.888000000000000000e+03
8.180000000000000000e+02
9.205000000000000000e+03
3.296000000000000000e+03
4.551000000000000000e+03
5.120000000000000000e+02
1.727000000000000000e+03
3.431000000000000000e+03
3.271000000000000000e+03
7.834000000000000000e+03
2.881000000000000000e+03
2.495000000000000000e+03
7.308000000000000000e+03
4.443000000000000000e+03
8.367000000000000000e+03
8.911000000000000000e+03
5.850000000000000000e+03
7.550000000000000000e+03
2.229000000000000000e+03
5.334000000000000000e+03
1.756000000000000000e+03
4.310000000000000000e+03
3.484000000000000000e+03
1.670000000000000000e+03
7.506000000000000000e+03
5.501000000000000000e+03
3.605000000000000000e+03
8.452000000000000000e+03
8.600000000000000000e+02
5.538000000000000000e+03
8.695000000000000000e+03
5.651000000000000000e+03
3.310000000000000000e+03
7.750000000000000000e+02
5.702000000000000000e+03
3.200000000000000000e+02
1.329000000000000000e+03
9.541000000000000000e+03
7.219000000000000000e+03
1.720000000000000000e+03
3.036000000000000000e+03
3.336000000000000000e+03
6.312000000000000000e+03
9.531000000000000000e+03
3.864000000000000000e+03
9.223000000000000000e+03
8.103000000000000000e+03
5.806000000000000000e+03
8.120000000000000000e+02
5.588000000000000000e+03
1.328000000000000000e+03
4.664000000000000000e+03
8.713000000000000000e+03
9.230000000000000000e+02
4.525000000000000000e+03
8.450000000000000000e+02
8.752000000000000000e+03
4.066000000000000000e+03
2.915000000000000000e+03
4.149000000000000000e+03
7.446000000000000000e+03
7.980000000000000000e+03
8.003000000000000000e+03
3.213000000000000000e+03
3.085000000000000000e+03
5.375000000000000000e+03
5.974000000000000000e+03
3.677000000000000000e+03
8.275000000000000000e+03
9.247000000000000000e+03
1.815000000000000000e+03
9.686000000000000000e+03
5.017000000000000000e+03
9.757000000000000000e+03
1.870000000000000000e+02
9.481000000000000000e+03
5.975000000000000000e+03
7.000000000000000000e+00
2.902000000000000000e+03
4.283000000000000000e+03
5.062000000000000000e+03
8.277000000000000000e+03
1.483000000000000000e+03
1.844000000000000000e+03
7.546000000000000000e+03
5.600000000000000000e+03
4.943000000000000000e+03
9.350000000000000000e+03
2.188000000000000000e+03
4.696000000000000000e+03
5.461000000000000000e+03
5.200000000000000000e+01
7.726000000000000000e+03
8.305000000000000000e+03
3.076000000000000000e+03
1.420000000000000000e+03
8.923000000000000000e+03
6.060000000000000000e+02
4.613000000000000000e+03
4.571000000000000000e+03
1.072000000000000000e+03
8.304000000000000000e+03
7.605000000000000000e+03
6.214000000000000000e+03
3.600000000000000000e+01
3.010000000000000000e+02
4.976000000000000000e+03
7.430000000000000000e+03
7.379000000000000000e+03
3.804000000000000000e+03
3.868000000000000000e+03
8.328000000000000000e+03
1.450000000000000000e+02
6.603000000000000000e+03
3.242000000000000000e+03
9.797000000000000000e+03
9.874000000000000000e+03
7.940000000000000000e+02
8.051000000000000000e+03
2.654000000000000000e+03
4.659000000000000000e+03
1.562000000000000000e+03
2.791000000000000000e+03
8.540000000000000000e+03
1.201000000000000000e+03
4.110000000000000000e+03
6.519000000000000000e+03
8.581000000000000000e+03
4.330000000000000000e+02
6.319000000000000000e+03
9.878000000000000000e+03
7.167000000000000000e+03
7.723000000000000000e+03
5.110000000000000000e+02
8.790000000000000000e+02
6.919000000000000000e+03
2.636000000000000000e+03
8.110000000000000000e+03
3.456000000000000000e+03
4.940000000000000000e+03
9.140000000000000000e+03
5.705000000000000000e+03
2.627000000000000000e+03
7.777000000000000000e+03
5.988000000000000000e+03
8.499000000000000000e+03
6.402000000000000000e+03
3.753000000000000000e+03
7.950000000000000000e+03
2.195000000000000000e+03
3.181000000000000000e+03
4.966000000000000000e+03
9.674000000000000000e+03
4.856000000000000000e+03
2.638000000000000000e+03
7.442000000000000000e+03
8.030000000000000000e+02
4.751000000000000000e+03
2.200000000000000000e+02
5.696000000000000000e+03
8.861000000000000000e+03
7.558000000000000000e+03
3.760000000000000000e+02
9.571000000000000000e+03
6.458000000000000000e+03
9.391000000000000000e+03
5.263000000000000000e+03
3.790000000000000000e+02
1.394000000000000000e+03
5.258000000000000000e+03
2.292000000000000000e+03
5.630000000000000000e+02
7.770000000000000000e+03
3.745000000000000000e+03
9.087000000000000000e+03
4.580000000000000000e+02
4.363000000000000000e+03
5.140000000000000000e+02
3.915000000000000000e+03
6.894000000000000000e+03
8.807000000000000000e+03
9.161000000000000000e+03
2.867000000000000000e+03
5.629000000000000000e+03
2.011000000000000000e+03
3.910000000000000000e+03
9.202000000000000000e+03
1.762000000000000000e+03
3.851000000000000000e+03
8.331000000000000000e+03
9.560000000000000000e+03
3.530000000000000000e+03
8.115000000000000000e+03
1.426000000000000000e+03
6.901000000000000000e+03
9.555000000000000000e+03
7.909000000000000000e+03
3.020000000000000000e+02
6.490000000000000000e+02
9.221000000000000000e+03
9.238000000000000000e+03
5.910000000000000000e+03
7.517000000000000000e+03
3.699000000000000000e+03
9.803000000000000000e+03
4.250000000000000000e+02
2.700000000000000000e+01
6.671000000000000000e+03
1.990000000000000000e+03
4.064000000000000000e+03
9.460000000000000000e+03
1.818000000000000000e+03
6.066000000000000000e+03
1.570000000000000000e+02
1.041000000000000000e+03
1.644000000000000000e+03
6.674000000000000000e+03
4.614000000000000000e+03
9.792000000000000000e+03
9.497000000000000000e+03
7.314000000000000000e+03
8.723000000000000000e+03
9.293000000000000000e+03
2.595000000000000000e+03
1.249000000000000000e+03
8.184000000000000000e+03
4.699000000000000000e+03
1.200000000000000000e+01
5.738000000000000000e+03
3.682000000000000000e+03
6.813000000000000000e+03
2.526000000000000000e+03
3.095000000000000000e+03
8.869000000000000000e+03
2.015000000000000000e+03
7.750000000000000000e+03
2.066000000000000000e+03
3.417000000000000000e+03
3.290000000000000000e+02
2.013000000000000000e+03
5.889000000000000000e+03
8.753000000000000000e+03
9.006000000000000000e+03
4.047000000000000000e+03
4.188000000000000000e+03
5.433000000000000000e+03
9.683000000000000000e+03
8.352000000000000000e+03
3.275000000000000000e+03
5.654000000000000000e+03
6.705000000000000000e+03
6.651000000000000000e+03
6.800000000000000000e+03
5.508000000000000000e+03
5.906000000000000000e+03
9.124000000000000000e+03
2.933000000000000000e+03
5.350000000000000000e+02
4.730000000000000000e+03
6.777000000000000000e+03
8.534000000000000000e+03
5.593000000000000000e+03
