1.792000000000000000e+03
9.059000000000000000e+03
1.088000000000000000e+03
4.278000000000000000e+03
5.905000000000000000e+03
5.864000000000000000e+03
1.452000000000000000e+03
5.790000000000000000e+03
2.590000000000000000e+02
5.622000000000000000e+03
4.532000000000000000e+03
9.717000000000000000e+03
5.472000000000000000e+03
5.247000000000000000e+03
3.490000000000000000e+02
5.221000000000000000e+03
6.058000000000000000e+03
4.805000000000000000e+03
4.390000000000000000e+02
9.950000000000000000e+02
6.267000000000000000e+03
1.400000000000000000e+01
9.400000000000000000e+02
4.157000000000000000e+03
3.805000000000000000e+03
2.017000000000000000e+03
2.789000000000000000e+03
7.166000000000000000e+03
2.931000000000000000e+03
8.699000000000000000e+03
2.847000000000000000e+03
1.250000000000000000e+02
6.795000000000000000e+03
3.482000000000000000e+03
4.658000000000000000e+03
2.752000000000000000e+03
9.819000000000000000e+03
1.483000000000000000e+03
1.866000000000000000e+03
7.826000000000000000e+03
4.400000000000000000e+02
3.806000000000000000e+03
5.820000000000000000e+02
7.892000000000000000e+03
7.908000000000000000e+03
2.942000000000000000e+03
8.434000000000000000e+03
7.744000000000000000e+03
8.389000000000000000e+03
4.070000000000000000e+03
4.068000000000000000e+03
6.556000000000000000e+03
6.562000000000000000e+03
6.747000000000000000e+03
7.047000000000000000e+03
5.995000000000000000e+03
5.920000000000000000e+03
7.316000000000000000e+03
5.811000000000000000e+03
8.975000000000000000e+03
5.750000000000000000e+03
8.854000000000000000e+03
5.064000000000000000e+03
5.473000000000000000e+03
2.264000000000000000e+03
2.258000000000000000e+03
8.183000000000000000e+03
8.193000000000000000e+03
6.493000000000000000e+03
9.109000000000000000e+03
4.334000000000000000e+03
9.110000000000000000e+02
9.160000000000000000e+03
2.530000000000000000e+02
6.310000000000000000e+03
9.570000000000000000e+02
6.163000000000000000e+03
1.395000000000000000e+03
9.730000000000000000e+02
4.578000000000000000e+03
6.139000000000000000e+03
8.334000000000000000e+03
4.595000000000000000e+03
4.506000000000000000e+03
2.730000000000000000e+02
8.740000000000000000e+02
4.018000000000000000e+03
3.514000000000000000e+03
6.892000000000000000e+03
3.532000000000000000e+03
9.295000000000000000e+03
8.060000000000000000e+02
1.612000000000000000e+03
6.796000000000000000e+03
9.269000000000000000e+03
3.743000000000000000e+03
4.058000000000000000e+03
6.774000000000000000e+03
3.798000000000000000e+03
2.285000000000000000e+03
9.817000000000000000e+03
2.046000000000000000e+03
3.819000000000000000e+03
1.559000000000000000e+03
6.670000000000000000e+03
6.587000000000000000e+03
2.040000000000000000e+02
6.770000000000000000e+03
8.905000000000000000e+03
2.103000000000000000e+03
6.067000000000000000e+03
3.970000000000000000e+02
8.458000000000000000e+03
5.147000000000000000e+03
5.647000000000000000e+03
5.165000000000000000e+03
8.697000000000000000e+03
5.179000000000000000e+03
5.200000000000000000e+03
5.621000000000000000e+03
8.745000000000000000e+03
5.617000000000000000e+03
8.493000000000000000e+03
1.191000000000000000e+03
8.495000000000000000e+03
5.553000000000000000e+03
8.570000000000000000e+03
5.424000000000000000e+03
5.439000000000000000e+03
5.441000000000000000e+03
5.450000000000000000e+03
8.634000000000000000e+03
8.440000000000000000e+03
8.754000000000000000e+03
4.995000000000000000e+03
4.682000000000000000e+03
4.695000000000000000e+03
8.883000000000000000e+03
2.106000000000000000e+03
4.713000000000000000e+03
4.727000000000000000e+03
4.776000000000000000e+03
5.963000000000000000e+03
5.947000000000000000e+03
1.030000000000000000e+03
5.925000000000000000e+03
1.327000000000000000e+03
4.810000000000000000e+03
5.830000000000000000e+03
4.830000000000000000e+03
8.818000000000000000e+03
4.845000000000000000e+03
1.316000000000000000e+03
4.914000000000000000e+03
1.970000000000000000e+03
2.159000000000000000e+03
6.984000000000000000e+03
1.580000000000000000e+02
2.177000000000000000e+03
7.170000000000000000e+03
2.022000000000000000e+03
7.985000000000000000e+03
7.444000000000000000e+03
7.865000000000000000e+03
9.385000000000000000e+03
9.689000000000000000e+03
7.359000000000000000e+03
1.742000000000000000e+03
3.263000000000000000e+03
3.312000000000000000e+03
7.363000000000000000e+03
7.100000000000000000e+03
7.105000000000000000e+03
2.698000000000000000e+03
3.031000000000000000e+03
7.118000000000000000e+03
3.058000000000000000e+03
9.714000000000000000e+03
7.840000000000000000e+03
2.923000000000000000e+03
7.398000000000000000e+03
3.142000000000000000e+03
7.250000000000000000e+02
7.011000000000000000e+03
5.540000000000000000e+02
2.537000000000000000e+03
1.996000000000000000e+03
3.404000000000000000e+03
7.776000000000000000e+03
2.444000000000000000e+03
9.646000000000000000e+03
9.739000000000000000e+03
3.387000000000000000e+03
7.054000000000000000e+03
2.746000000000000000e+03
8.028000000000000000e+03
2.747000000000000000e+03
2.687000000000000000e+03
1.942000000000000000e+03
9.638000000000000000e+03
5.834000000000000000e+03
7.380000000000000000e+03
8.870000000000000000e+02
5.246000000000000000e+03
1.566000000000000000e+03
8.052000000000000000e+03
8.585000000000000000e+03
8.206000000000000000e+03
3.725000000000000000e+03
2.335000000000000000e+03
4.980000000000000000e+03
5.282000000000000000e+03
9.040000000000000000e+03
1.655000000000000000e+03
5.600000000000000000e+02
9.946000000000000000e+03
1.495000000000000000e+03
2.241000000000000000e+03
3.048000000000000000e+03
1.586000000000000000e+03
9.199000000000000000e+03
4.781000000000000000e+03
8.857000000000000000e+03
7.710000000000000000e+03
1.889000000000000000e+03
2.520000000000000000e+03
9.870000000000000000e+02
5.422000000000000000e+03
7.786000000000000000e+03
2.941000000000000000e+03
5.585000000000000000e+03
7.300000000000000000e+01
9.725000000000000000e+03
9.941000000000000000e+03
1.786000000000000000e+03
2.890000000000000000e+03
5.134000000000000000e+03
8.890000000000000000e+03
5.115000000000000000e+03
5.648000000000000000e+03
4.719000000000000000e+03
8.726000000000000000e+03
9.589000000000000000e+03
1.020000000000000000e+03
5.098000000000000000e+03
7.513000000000000000e+03
1.281000000000000000e+03
4.890000000000000000e+03
1.769000000000000000e+03
5.803000000000000000e+03
8.376000000000000000e+03
5.887000000000000000e+03
7.340000000000000000e+02
1.387000000000000000e+03
3.937000000000000000e+03
9.101000000000000000e+03
4.232000000000000000e+03
4.185000000000000000e+03
8.181000000000000000e+03
4.156000000000000000e+03
4.107000000000000000e+03
2.271000000000000000e+03
7.151000000000000000e+03
2.978000000000000000e+03
3.926000000000000000e+03
8.520000000000000000e+02
1.549000000000000000e+03
1.440000000000000000e+02
8.094000000000000000e+03
9.253000000000000000e+03
8.021000000000000000e+03
3.705000000000000000e+03
3.609000000000000000e+03
3.562000000000000000e+03
6.475000000000000000e+03
3.449000000000000000e+03
4.054000000000000000e+03
4.455000000000000000e+03
9.064000000000000000e+03
8.940000000000000000e+02
4.401000000000000000e+03
3.491000000000000000e+03
3.012000000000000000e+03
6.435000000000000000e+03
6.469000000000000000e+03
2.470000000000000000e+02
6.453000000000000000e+03
5.645000000000000000e+03
5.483000000000000000e+03
1.713000000000000000e+03
9.614000000000000000e+03
8.815000000000000000e+03
8.005000000000000000e+03
3.471000000000000000e+03
5.701000000000000000e+03
7.872000000000000000e+03
5.982000000000000000e+03
9.957000000000000000e+03
5.054000000000000000e+03
5.724000000000000000e+03
9.323000000000000000e+03
2.446000000000000000e+03
5.681000000000000000e+03
2.178000000000000000e+03
4.874000000000000000e+03
9.916000000000000000e+03
1.132000000000000000e+03
4.510000000000000000e+03
2.611000000000000000e+03
9.777000000000000000e+03
9.390000000000000000e+03
4.441000000000000000e+03
9.993000000000000000e+03
3.786000000000000000e+03
4.371000000000000000e+03
8.466000000000000000e+03
8.160000000000000000e+02
6.830000000000000000e+03
5.210000000000000000e+03
8.663000000000000000e+03
9.276000000000000000e+03
5.240000000000000000e+03
5.060000000000000000e+02
7.680000000000000000e+03
7.330000000000000000e+02
5.272000000000000000e+03
3.666000000000000000e+03
5.582000000000000000e+03
4.485000000000000000e+03
7.819000000000000000e+03
5.850000000000000000e+02
3.898000000000000000e+03
7.829000000000000000e+03
9.570000000000000000e+03
2.378000000000000000e+03
6.478000000000000000e+03
9.807000000000000000e+03
4.252000000000000000e+03
6.496000000000000000e+03
4.210000000000000000e+03
2.433000000000000000e+03
6.444000000000000000e+03
4.168000000000000000e+03
9.917000000000000000e+03
7.887000000000000000e+03
7.095000000000000000e+03
5.670000000000000000e+02
1.830000000000000000e+03
4.870000000000000000e+02
6.913000000000000000e+03
2.136000000000000000e+03
5.365000000000000000e+03
6.388000000000000000e+03
9.671000000000000000e+03
6.645000000000000000e+03
1.697000000000000000e+03
8.293000000000000000e+03
5.028000000000000000e+03
3.865000000000000000e+03
3.080000000000000000e+02
9.961000000000000000e+03
7.702000000000000000e+03
6.311000000000000000e+03
5.753000000000000000e+03
5.833000000000000000e+03
8.352000000000000000e+03
7.939000000000000000e+03
9.976000000000000000e+03
9.964000000000000000e+03
7.188000000000000000e+03
6.230000000000000000e+03
1.981000000000000000e+03
8.022000000000000000e+03
6.529000000000000000e+03
6.048000000000000000e+03
8.545000000000000000e+03
3.020000000000000000e+02
6.010000000000000000e+02
8.855000000000000000e+03
1.354000000000000000e+03
4.629000000000000000e+03
4.590000000000000000e+03
2.219000000000000000e+03
9.042000000000000000e+03
4.406000000000000000e+03
9.125000000000000000e+03
9.126000000000000000e+03
3.888000000000000000e+03
9.211000000000000000e+03
3.815000000000000000e+03
3.773000000000000000e+03
3.338000000000000000e+03
9.363000000000000000e+03
3.321000000000000000e+03
9.376000000000000000e+03
2.291000000000000000e+03
2.739000000000000000e+03
1.837000000000000000e+03
2.572000000000000000e+03
1.872000000000000000e+03
2.538000000000000000e+03
4.935000000000000000e+03
5.020000000000000000e+03
3.959000000000000000e+03
8.692000000000000000e+03
9.849000000000000000e+03
1.220000000000000000e+03
5.467000000000000000e+03
5.063000000000000000e+03
5.296000000000000000e+03
8.025000000000000000e+03
7.152000000000000000e+03
3.945000000000000000e+03
1.410000000000000000e+02
9.168000000000000000e+03
6.328000000000000000e+03
1.775000000000000000e+03
8.254000000000000000e+03
7.920000000000000000e+02
8.061000000000000000e+03
3.621000000000000000e+03
6.937000000000000000e+03
6.950000000000000000e+03
1.604000000000000000e+03
3.720000000000000000e+03
2.041000000000000000e+03
6.712000000000000000e+03
6.773000000000000000e+03
1.129000000000000000e+03
6.665000000000000000e+03
8.638000000000000000e+03
3.900000000000000000e+03
6.546000000000000000e+03
4.117000000000000000e+03
4.216000000000000000e+03
4.229000000000000000e+03
9.848000000000000000e+03
1.590000000000000000e+03
3.490000000000000000e+03
5.707000000000000000e+03
5.220000000000000000e+02
1.891000000000000000e+03
8.528000000000000000e+03
2.543000000000000000e+03
1.874000000000000000e+03
7.803000000000000000e+03
7.604000000000000000e+03
2.566000000000000000e+03
2.443000000000000000e+03
5.810000000000000000e+02
8.522000000000000000e+03
7.496000000000000000e+03
7.402000000000000000e+03
2.729000000000000000e+03
2.380000000000000000e+03
7.347000000000000000e+03
2.879000000000000000e+03
2.904000000000000000e+03
1.997000000000000000e+03
5.520000000000000000e+02
5.510000000000000000e+02
3.117000000000000000e+03
9.424000000000000000e+03
7.994000000000000000e+03
3.293000000000000000e+03
7.998000000000000000e+03
9.397000000000000000e+03
4.359000000000000000e+03
3.399000000000000000e+03
8.507000000000000000e+03
1.840000000000000000e+02
4.798000000000000000e+03
6.075000000000000000e+03
4.512000000000000000e+03
8.860000000000000000e+03
4.523000000000000000e+03
6.208000000000000000e+03
8.876000000000000000e+03
2.210000000000000000e+03
8.274000000000000000e+03
8.720000000000000000e+03
6.162000000000000000e+03
9.932000000000000000e+03
9.841000000000000000e+03
8.928000000000000000e+03
6.115000000000000000e+03
5.140000000000000000e+03
2.740000000000000000e+02
6.055000000000000000e+03
2.193000000000000000e+03
6.078000000000000000e+03
2.109000000000000000e+03
8.747000000000000000e+03
1.294000000000000000e+03
1.078000000000000000e+03
8.414000000000000000e+03
4.415000000000000000e+03
9.927000000000000000e+03
4.434000000000000000e+03
8.397000000000000000e+03
4.424000000000000000e+03
5.058000000000000000e+03
9.951000000000000000e+03
8.856000000000000000e+03
4.811000000000000000e+03
9.700000000000000000e+01
7.254000000000000000e+03
2.815000000000000000e+03
5.360000000000000000e+03
3.287000000000000000e+03
6.073000000000000000e+03
7.076000000000000000e+03
1.773000000000000000e+03
8.785000000000000000e+03
7.063000000000000000e+03
4.379000000000000000e+03
4.586000000000000000e+03
9.154000000000000000e+03
7.854000000000000000e+03
3.030000000000000000e+02
7.387000000000000000e+03
1.141000000000000000e+03
8.999000000000000000e+03
2.426000000000000000e+03
8.174000000000000000e+03
8.980000000000000000e+03
5.100000000000000000e+03
2.081000000000000000e+03
4.808000000000000000e+03
8.543000000000000000e+03
3.502000000000000000e+03
2.227000000000000000e+03
2.723000000000000000e+03
6.593000000000000000e+03
6.650000000000000000e+02
2.701000000000000000e+03
2.160000000000000000e+03
1.948000000000000000e+03
6.150000000000000000e+02
7.696000000000000000e+03
2.248000000000000000e+03
1.322000000000000000e+03
7.817000000000000000e+03
4.413000000000000000e+03
5.808000000000000000e+03
7.579000000000000000e+03
5.514000000000000000e+03
5.809000000000000000e+03
7.562000000000000000e+03
2.674000000000000000e+03
1.973000000000000000e+03
4.176000000000000000e+03
9.533000000000000000e+03
7.240000000000000000e+03
6.037000000000000000e+03
9.302000000000000000e+03
6.118000000000000000e+03
5.325000000000000000e+03
8.590000000000000000e+03
3.736000000000000000e+03
4.581000000000000000e+03
7.082000000000000000e+03
3.318000000000000000e+03
5.718000000000000000e+03
7.220000000000000000e+03
5.578000000000000000e+03
1.343000000000000000e+03
2.165000000000000000e+03
7.148000000000000000e+03
3.239000000000000000e+03
8.862000000000000000e+03
7.157000000000000000e+03
1.714000000000000000e+03
7.360000000000000000e+02
8.138000000000000000e+03
1.160000000000000000e+02
9.496000000000000000e+03
4.780000000000000000e+03
5.377000000000000000e+03
9.814000000000000000e+03
1.200000000000000000e+02
7.914000000000000000e+03
2.184000000000000000e+03
6.249000000000000000e+03
8.210000000000000000e+02
6.445000000000000000e+03
7.703000000000000000e+03
3.528000000000000000e+03
1.653000000000000000e+03
1.459000000000000000e+03
6.633000000000000000e+03
7.623000000000000000e+03
4.569000000000000000e+03
6.776000000000000000e+03
7.573000000000000000e+03
2.646000000000000000e+03
2.838000000000000000e+03
2.973000000000000000e+03
4.896000000000000000e+03
2.471000000000000000e+03
2.008000000000000000e+03
9.291000000000000000e+03
9.566000000000000000e+03
9.816000000000000000e+03
9.283000000000000000e+03
3.769000000000000000e+03
3.841000000000000000e+03
1.532000000000000000e+03
1.427000000000000000e+03
1.406000000000000000e+03
4.597000000000000000e+03
4.667000000000000000e+03
5.087000000000000000e+03
5.399000000000000000e+03
0.000000000000000000e+00
6.431000000000000000e+03
2.202000000000000000e+03
9.868000000000000000e+03
8.217000000000000000e+03
7.293000000000000000e+03
8.590000000000000000e+02
2.073000000000000000e+03
8.280000000000000000e+02
5.989000000000000000e+03
8.173000000000000000e+03
4.173000000000000000e+03
5.745000000000000000e+03
7.219000000000000000e+03
9.879000000000000000e+03
2.775000000000000000e+03
5.380000000000000000e+03
7.707000000000000000e+03
4.172000000000000000e+03
6.541000000000000000e+03
1.243000000000000000e+03
9.458000000000000000e+03
8.509000000000000000e+03
4.779000000000000000e+03
6.559000000000000000e+03
5.102000000000000000e+03
4.985000000000000000e+03
2.158000000000000000e+03
2.840000000000000000e+03
2.459000000000000000e+03
4.452000000000000000e+03
8.070000000000000000e+03
9.070000000000000000e+02
9.364000000000000000e+03
9.063000000000000000e+03
7.632000000000000000e+03
2.915000000000000000e+03
3.905000000000000000e+03
5.214000000000000000e+03
2.832000000000000000e+03
7.279000000000000000e+03
2.630000000000000000e+02
5.726000000000000000e+03
4.843000000000000000e+03
1.080000000000000000e+02
6.019000000000000000e+03
9.753000000000000000e+03
9.310000000000000000e+02
9.744000000000000000e+03
7.312000000000000000e+03
3.852000000000000000e+03
6.392000000000000000e+03
3.544000000000000000e+03
9.225000000000000000e+03
2.157000000000000000e+03
4.593000000000000000e+03
8.619000000000000000e+03
9.789000000000000000e+03
7.582000000000000000e+03
3.969000000000000000e+03
3.733000000000000000e+03
4.180000000000000000e+03
6.465000000000000000e+03
9.803000000000000000e+03
9.123000000000000000e+03
7.743000000000000000e+03
9.271000000000000000e+03
6.797000000000000000e+03
7.324000000000000000e+03
9.703000000000000000e+03
4.620000000000000000e+02
8.952000000000000000e+03
9.394000000000000000e+03
3.088000000000000000e+03
7.957000000000000000e+03
6.843000000000000000e+03
8.063000000000000000e+03
5.461000000000000000e+03
7.850000000000000000e+02
2.531000000000000000e+03
1.335000000000000000e+03
7.858000000000000000e+03
1.310000000000000000e+03
5.144000000000000000e+03
8.719000000000000000e+03
4.885000000000000000e+03
4.927000000000000000e+03
2.895000000000000000e+03
6.568000000000000000e+03
5.048000000000000000e+03
9.083000000000000000e+03
5.083000000000000000e+03
5.782000000000000000e+03
4.660000000000000000e+03
4.105000000000000000e+03
6.390000000000000000e+03
8.559000000000000000e+03
7.122000000000000000e+03
2.585000000000000000e+03
4.352000000000000000e+03
8.788000000000000000e+03
2.918000000000000000e+03
3.414000000000000000e+03
1.860000000000000000e+03
1.173000000000000000e+03
7.808000000000000000e+03
8.394000000000000000e+03
8.039000000000000000e+03
8.682000000000000000e+03
8.248000000000000000e+03
2.010000000000000000e+02
8.140000000000000000e+02
8.898000000000000000e+03
8.361000000000000000e+03
8.000000000000000000e+03
5.492000000000000000e+03
7.247000000000000000e+03
4.799000000000000000e+03
3.742000000000000000e+03
3.128000000000000000e+03
1.128000000000000000e+03
7.205000000000000000e+03
4.487000000000000000e+03
2.716000000000000000e+03
4.697000000000000000e+03
1.914000000000000000e+03
9.277000000000000000e+03
9.022000000000000000e+03
4.437000000000000000e+03
7.297000000000000000e+03
5.918000000000000000e+03
4.552000000000000000e+03
8.814000000000000000e+03
8.844000000000000000e+03
4.378000000000000000e+03
4.770000000000000000e+03
9.335000000000000000e+03
6.811000000000000000e+03
9.513000000000000000e+03
1.988000000000000000e+03
5.351000000000000000e+03
7.390000000000000000e+03
2.287000000000000000e+03
3.000000000000000000e+02
7.160000000000000000e+03
6.498000000000000000e+03
5.950000000000000000e+03
5.307000000000000000e+03
8.453000000000000000e+03
2.220000000000000000e+02
1.614000000000000000e+03
3.220000000000000000e+03
8.575000000000000000e+03
1.648000000000000000e+03
8.805000000000000000e+03
6.951000000000000000e+03
5.730000000000000000e+02
1.097000000000000000e+03
8.118000000000000000e+03
9.390000000000000000e+02
4.998000000000000000e+03
7.853000000000000000e+03
3.356000000000000000e+03
2.790000000000000000e+02
8.279000000000000000e+03
9.434000000000000000e+03
8.245000000000000000e+03
9.997000000000000000e+03
2.098000000000000000e+03
9.939000000000000000e+03
1.034000000000000000e+03
6.460000000000000000e+02
4.248000000000000000e+03
8.490000000000000000e+03
8.939000000000000000e+03
1.550000000000000000e+02
9.215000000000000000e+03
6.990000000000000000e+03
2.299000000000000000e+03
6.814000000000000000e+03
1.221000000000000000e+03
4.861000000000000000e+03
1.313000000000000000e+03
4.245000000000000000e+03
8.938000000000000000e+03
1.362000000000000000e+03
4.675000000000000000e+03
4.574000000000000000e+03
4.243000000000000000e+03
7.830000000000000000e+03
8.910000000000000000e+03
4.882000000000000000e+03
4.253000000000000000e+03
4.290000000000000000e+03
4.396000000000000000e+03
4.542000000000000000e+03
4.820000000000000000e+03
9.037000000000000000e+03
7.461000000000000000e+03
4.460000000000000000e+03
7.475000000000000000e+03
2.930000000000000000e+02
4.561000000000000000e+03
8.950000000000000000e+03
2.900000000000000000e+02
7.455000000000000000e+03
7.470000000000000000e+03
4.762000000000000000e+03
4.533000000000000000e+03
4.365000000000000000e+03
4.630000000000000000e+03
4.684000000000000000e+03
4.948000000000000000e+03
5.468000000000000000e+03
8.541000000000000000e+03
8.532000000000000000e+03
5.519000000000000000e+03
5.564000000000000000e+03
8.494000000000000000e+03
3.900000000000000000e+02
8.467000000000000000e+03
1.117000000000000000e+03
5.627000000000000000e+03
5.657000000000000000e+03
8.436000000000000000e+03
8.435000000000000000e+03
5.458000000000000000e+03
5.732000000000000000e+03
5.737000000000000000e+03
5.749000000000000000e+03
5.773000000000000000e+03
1.070000000000000000e+03
5.804000000000000000e+03
8.410000000000000000e+03
8.395000000000000000e+03
8.385000000000000000e+03
5.853000000000000000e+03
4.220000000000000000e+02
5.914000000000000000e+03
5.944000000000000000e+03
5.946000000000000000e+03
5.733000000000000000e+03
5.429000000000000000e+03
3.670000000000000000e+02
7.374000000000000000e+03
1.290000000000000000e+03
3.210000000000000000e+02
8.763000000000000000e+03
5.025000000000000000e+03
5.037000000000000000e+03
5.039000000000000000e+03
5.053000000000000000e+03
1.261000000000000000e+03
3.280000000000000000e+02
1.254000000000000000e+03
5.108000000000000000e+03
4.215000000000000000e+03
1.236000000000000000e+03
5.117000000000000000e+03
3.370000000000000000e+02
5.149000000000000000e+03
5.154000000000000000e+03
1.217000000000000000e+03
5.186000000000000000e+03
5.191000000000000000e+03
8.677000000000000000e+03
8.593000000000000000e+03
3.570000000000000000e+02
5.298000000000000000e+03
5.336000000000000000e+03
5.347000000000000000e+03
5.354000000000000000e+03
5.355000000000000000e+03
5.381000000000000000e+03
4.893000000000000000e+03
1.470000000000000000e+03
3.998000000000000000e+03
7.538000000000000000e+03
9.644000000000000000e+03
9.629000000000000000e+03
9.610000000000000000e+03
9.597000000000000000e+03
2.773000000000000000e+03
2.781000000000000000e+03
2.802000000000000000e+03
2.806000000000000000e+03
2.821000000000000000e+03
7.675000000000000000e+03
1.030000000000000000e+02
2.862000000000000000e+03
2.868000000000000000e+03
2.875000000000000000e+03
6.220000000000000000e+02
9.537000000000000000e+03
2.943000000000000000e+03
2.945000000000000000e+03
1.765000000000000000e+03
3.008000000000000000e+03
9.497000000000000000e+03
3.014000000000000000e+03
3.027000000000000000e+03
3.036000000000000000e+03
3.042000000000000000e+03
3.049000000000000000e+03
3.061000000000000000e+03
9.476000000000000000e+03
7.654000000000000000e+03
2.711000000000000000e+03
8.300000000000000000e+01
2.644000000000000000e+03
2.600000000000000000e+03
2.038000000000000000e+03
9.959000000000000000e+03
2.074000000000000000e+03
9.928000000000000000e+03
9.907000000000000000e+03
9.882000000000000000e+03
7.713000000000000000e+03
9.871000000000000000e+03
9.865000000000000000e+03
2.208000000000000000e+03
9.823000000000000000e+03
2.259000000000000000e+03
4.700000000000000000e+01
7.770000000000000000e+03
3.113000000000000000e+03
2.289000000000000000e+03
9.806000000000000000e+03
2.344000000000000000e+03
2.347000000000000000e+03
2.369000000000000000e+03
2.415000000000000000e+03
2.430000000000000000e+03
5.900000000000000000e+01
2.466000000000000000e+03
2.472000000000000000e+03
2.512000000000000000e+03
1.877000000000000000e+03
9.729000000000000000e+03
1.861000000000000000e+03
2.590000000000000000e+03
2.296000000000000000e+03
3.135000000000000000e+03
3.168000000000000000e+03
1.708000000000000000e+03
3.768000000000000000e+03
7.588000000000000000e+03
3.799000000000000000e+03
9.229000000000000000e+03
9.226000000000000000e+03
1.910000000000000000e+02
7.586000000000000000e+03
3.839000000000000000e+03
3.878000000000000000e+03
3.884000000000000000e+03
3.885000000000000000e+03
9.209000000000000000e+03
1.990000000000000000e+02
7.566000000000000000e+03
3.753000000000000000e+03
7.828000000000000000e+03
1.517000000000000000e+03
4.026000000000000000e+03
9.185000000000000000e+03
4.073000000000000000e+03
4.082000000000000000e+03
4.087000000000000000e+03
4.098000000000000000e+03
1.501000000000000000e+03
6.440000000000000000e+02
9.177000000000000000e+03
4.109000000000000000e+03
9.145000000000000000e+03
1.478000000000000000e+03
4.179000000000000000e+03
3.980000000000000000e+03
9.131000000000000000e+03
3.752000000000000000e+03
7.611000000000000000e+03
3.246000000000000000e+03
1.706000000000000000e+03
3.267000000000000000e+03
3.281000000000000000e+03
9.410000000000000000e+03
9.383000000000000000e+03
9.346000000000000000e+03
3.365000000000000000e+03
9.345000000000000000e+03
3.395000000000000000e+03
3.397000000000000000e+03
1.530000000000000000e+02
3.415000000000000000e+03
3.435000000000000000e+03
7.816000000000000000e+03
3.452000000000000000e+03
9.317000000000000000e+03
9.306000000000000000e+03
3.539000000000000000e+03
3.540000000000000000e+03
3.557000000000000000e+03
1.631000000000000000e+03
3.564000000000000000e+03
1.625000000000000000e+03
3.594000000000000000e+03
3.619000000000000000e+03
3.626000000000000000e+03
7.618000000000000000e+03
3.677000000000000000e+03
9.282000000000000000e+03
3.479000000000000000e+03
5.958000000000000000e+03
7.765000000000000000e+03
8.157000000000000000e+03
6.722000000000000000e+03
8.176000000000000000e+03
9.860000000000000000e+02
9.880000000000000000e+02
6.834000000000000000e+03
6.100000000000000000e+03
8.820000000000000000e+02
6.756000000000000000e+03
7.201000000000000000e+03
6.833000000000000000e+03
7.270000000000000000e+02
7.909000000000000000e+03
6.580000000000000000e+03
6.965000000000000000e+03
6.394000000000000000e+03
9.450000000000000000e+02
6.399000000000000000e+03
8.335000000000000000e+03
4.840000000000000000e+02
8.860000000000000000e+02
7.215000000000000000e+03
7.217000000000000000e+03
6.405000000000000000e+03
8.200000000000000000e+02
8.053000000000000000e+03
6.269000000000000000e+03
6.041000000000000000e+03
6.114000000000000000e+03
5.140000000000000000e+02
6.898000000000000000e+03
8.154000000000000000e+03
6.227000000000000000e+03
7.885000000000000000e+03
6.196000000000000000e+03
6.526000000000000000e+03
7.982000000000000000e+03
6.181000000000000000e+03
9.680000000000000000e+02
6.709000000000000000e+03
6.166000000000000000e+03
5.330000000000000000e+02
6.337000000000000000e+03
6.606000000000000000e+03
8.249000000000000000e+03
7.915000000000000000e+03
7.913000000000000000e+03
8.137000000000000000e+03
6.604000000000000000e+03
6.143000000000000000e+03
7.087000000000000000e+03
8.168000000000000000e+03
6.903000000000000000e+03
6.134000000000000000e+03
6.718000000000000000e+03
8.270000000000000000e+03
6.030000000000000000e+03
6.290000000000000000e+03
8.145000000000000000e+03
8.086000000000000000e+03
5.230000000000000000e+02
7.991000000000000000e+03
6.020000000000000000e+03
6.011000000000000000e+03
1.014000000000000000e+03
7.270000000000000000e+03
6.006000000000000000e+03
6.806000000000000000e+03
6.800000000000000000e+03
7.238000000000000000e+03
7.810000000000000000e+02
6.950000000000000000e+02
5.999000000000000000e+03
6.309000000000000000e+03
7.071000000000000000e+03
8.960000000000000000e+02
6.446000000000000000e+03
8.260000000000000000e+03
8.257000000000000000e+03
4.300000000000000000e+02
9.330000000000000000e+02
4.146000000000000000e+03
3.553000000000000000e+03
9.763000000000000000e+03
6.023000000000000000e+03
7.983000000000000000e+03
9.979000000000000000e+03
6.549000000000000000e+03
2.111000000000000000e+03
4.954000000000000000e+03
3.232000000000000000e+03
6.175000000000000000e+03
6.708000000000000000e+03
7.190000000000000000e+03
6.305000000000000000e+03
1.575000000000000000e+03
2.595000000000000000e+03
8.773000000000000000e+03
5.219000000000000000e+03
1.667000000000000000e+03
2.608000000000000000e+03
6.720000000000000000e+03
1.668000000000000000e+03
7.876000000000000000e+03
9.645000000000000000e+03
4.603000000000000000e+03
5.801000000000000000e+03
9.972000000000000000e+03
7.691000000000000000e+03
2.520000000000000000e+02
2.096000000000000000e+03
7.167000000000000000e+03
7.900000000000000000e+03
2.669000000000000000e+03
2.817000000000000000e+03
7.852000000000000000e+03
9.517000000000000000e+03
4.750000000000000000e+03
1.960000000000000000e+03
8.683000000000000000e+03
7.085000000000000000e+03
1.633000000000000000e+03
5.550000000000000000e+03
4.163000000000000000e+03
2.688000000000000000e+03
6.413000000000000000e+03
3.741000000000000000e+03
2.516000000000000000e+03
7.480000000000000000e+02
6.096000000000000000e+03
6.418000000000000000e+03
8.303000000000000000e+03
3.106000000000000000e+03
7.396000000000000000e+03
4.040000000000000000e+02
3.313000000000000000e+03
4.150000000000000000e+02
8.460000000000000000e+03
7.456000000000000000e+03
9.142000000000000000e+03
3.579000000000000000e+03
2.870000000000000000e+02
1.101000000000000000e+03
6.348000000000000000e+03
7.120000000000000000e+02
2.534000000000000000e+03
7.030000000000000000e+02
2.374000000000000000e+03
9.697000000000000000e+03
2.620000000000000000e+02
1.810000000000000000e+03
5.579000000000000000e+03
1.524000000000000000e+03
3.800000000000000000e+03
9.742000000000000000e+03
2.578000000000000000e+03
2.068000000000000000e+03
3.163000000000000000e+03
6.432000000000000000e+03
6.344000000000000000e+03
5.939000000000000000e+03
1.222000000000000000e+03
3.745000000000000000e+03
9.775000000000000000e+03
6.156000000000000000e+03
5.828000000000000000e+03
6.870000000000000000e+02
7.125000000000000000e+03
5.849000000000000000e+03
1.782000000000000000e+03
1.350000000000000000e+02
9.087000000000000000e+03
3.873000000000000000e+03
2.562000000000000000e+03
9.890000000000000000e+02
4.971000000000000000e+03
5.400000000000000000e+02
4.873000000000000000e+03
9.201000000000000000e+03
4.011000000000000000e+03
4.991000000000000000e+03
7.328000000000000000e+03
4.955000000000000000e+03
5.110000000000000000e+03
4.754000000000000000e+03
7.253000000000000000e+03
9.567000000000000000e+03
2.542000000000000000e+03
6.286000000000000000e+03
7.667000000000000000e+03
1.255000000000000000e+03
4.901000000000000000e+03
6.939000000000000000e+03
6.582000000000000000e+03
3.808000000000000000e+03
6.317000000000000000e+03
6.540000000000000000e+03
6.634000000000000000e+03
8.779000000000000000e+03
7.124000000000000000e+03
1.274000000000000000e+03
9.206000000000000000e+03
9.239000000000000000e+03
2.375000000000000000e+03
2.502000000000000000e+03
4.764000000000000000e+03
5.395000000000000000e+03
8.713000000000000000e+03
1.407000000000000000e+03
8.426000000000000000e+03
8.349000000000000000e+03
1.520000000000000000e+02
7.356000000000000000e+03
9.583000000000000000e+03
3.410000000000000000e+03
9.652000000000000000e+03
5.687000000000000000e+03
5.630000000000000000e+03
3.431000000000000000e+03
2.655000000000000000e+03
5.623000000000000000e+03
6.083000000000000000e+03
5.614000000000000000e+03
6.758000000000000000e+03
3.230000000000000000e+03
4.090000000000000000e+02
8.180000000000000000e+02
1.000000000000000000e+01
4.340000000000000000e+03
9.065000000000000000e+03
7.038000000000000000e+03
4.384000000000000000e+03
1.000000000000000000e+02
9.030000000000000000e+03
5.917000000000000000e+03
6.001000000000000000e+03
3.331000000000000000e+03
9.007000000000000000e+03
6.987000000000000000e+03
5.821000000000000000e+03
9.963000000000000000e+03
1.995000000000000000e+03
6.819000000000000000e+03
8.989000000000000000e+03
5.788000000000000000e+03
3.761000000000000000e+03
3.481000000000000000e+03
1.386000000000000000e+03
6.099000000000000000e+03
2.270000000000000000e+03
1.730000000000000000e+03
9.818000000000000000e+03
6.386000000000000000e+03
3.139000000000000000e+03
7.257000000000000000e+03
3.132000000000000000e+03
1.938000000000000000e+03
7.671000000000000000e+03
5.220000000000000000e+03
6.852000000000000000e+03
2.563000000000000000e+03
5.169000000000000000e+03
2.305000000000000000e+03
3.712000000000000000e+03
2.850000000000000000e+02
3.054000000000000000e+03
5.319000000000000000e+03
9.770000000000000000e+02
9.151000000000000000e+03
4.618000000000000000e+03
9.339000000000000000e+03
1.719000000000000000e+03
9.847000000000000000e+03
5.487000000000000000e+03
5.485000000000000000e+03
7.635000000000000000e+03
9.148000000000000000e+03
5.463000000000000000e+03
3.148000000000000000e+03
3.900000000000000000e+01
8.325000000000000000e+03
4.017000000000000000e+03
9.830000000000000000e+03
3.585000000000000000e+03
2.245000000000000000e+03
8.908000000000000000e+03
9.360000000000000000e+02
3.985000000000000000e+03
4.076000000000000000e+03
8.850000000000000000e+03
4.360000000000000000e+03
4.888000000000000000e+03
3.560000000000000000e+02
8.589000000000000000e+03
8.581000000000000000e+03
1.627000000000000000e+03
5.459000000000000000e+03
3.550000000000000000e+03
4.868000000000000000e+03
3.164000000000000000e+03
3.195000000000000000e+03
1.481000000000000000e+03
5.599000000000000000e+03
7.213000000000000000e+03
3.692000000000000000e+03
8.330000000000000000e+03
8.444000000000000000e+03
5.711000000000000000e+03
7.315000000000000000e+03
8.424000000000000000e+03
5.869000000000000000e+03
1.700000000000000000e+03
7.636000000000000000e+03
8.202000000000000000e+03
1.426000000000000000e+03
1.038000000000000000e+03
8.356000000000000000e+03
1.033000000000000000e+03
1.662000000000000000e+03
4.089000000000000000e+03
4.587000000000000000e+03
9.189000000000000000e+03
3.928000000000000000e+03
5.046000000000000000e+03
4.976000000000000000e+03
4.880000000000000000e+02
5.076000000000000000e+03
6.338000000000000000e+03
2.906000000000000000e+03
7.507000000000000000e+03
8.796000000000000000e+03
4.488000000000000000e+03
5.770000000000000000e+03
7.294000000000000000e+03
7.160000000000000000e+02
7.235000000000000000e+03
9.673000000000000000e+03
9.415000000000000000e+03
6.027000000000000000e+03
2.560000000000000000e+02
5.981000000000000000e+03
7.051000000000000000e+03
7.797000000000000000e+03
2.077000000000000000e+03
7.080000000000000000e+03
6.130000000000000000e+02
4.526000000000000000e+03
2.012000000000000000e+03
7.452000000000000000e+03
8.422000000000000000e+03
1.059000000000000000e+03
6.466000000000000000e+03
5.933000000000000000e+03
2.731000000000000000e+03
2.809000000000000000e+03
4.899000000000000000e+03
1.829000000000000000e+03
9.117000000000000000e+03
8.049000000000000000e+03
4.008000000000000000e+03
6.299000000000000000e+03
4.817000000000000000e+03
4.310000000000000000e+02
1.998000000000000000e+03
5.667000000000000000e+03
3.259000000000000000e+03
7.330000000000000000e+03
8.082000000000000000e+03
2.718000000000000000e+03
1.923000000000000000e+03
8.583000000000000000e+03
6.389000000000000000e+03
2.099000000000000000e+03
9.287000000000000000e+03
5.310000000000000000e+03
2.579000000000000000e+03
4.710000000000000000e+03
5.310000000000000000e+02
9.741000000000000000e+03
9.582000000000000000e+03
7.394000000000000000e+03
7.860000000000000000e+03
3.289000000000000000e+03
4.131000000000000000e+03
1.609000000000000000e+03
5.183000000000000000e+03
1.857000000000000000e+03
8.578000000000000000e+03
3.144000000000000000e+03
5.047000000000000000e+03
1.880000000000000000e+03
7.784000000000000000e+03
2.445000000000000000e+03
9.731000000000000000e+03
4.440000000000000000e+02
2.141000000000000000e+03
7.113000000000000000e+03
6.199000000000000000e+03
5.120000000000000000e+02
7.131000000000000000e+03
4.096000000000000000e+03
2.205000000000000000e+03
3.793000000000000000e+03
3.575000000000000000e+03
6.729000000000000000e+03
6.672000000000000000e+03
7.500000000000000000e+01
2.603000000000000000e+03
6.547000000000000000e+03
2.852000000000000000e+03
3.097000000000000000e+03
3.422000000000000000e+03
8.203000000000000000e+03
6.825000000000000000e+03
8.084000000000000000e+03
1.572000000000000000e+03
9.341000000000000000e+03
4.099000000000000000e+03
1.803000000000000000e+03
9.406000000000000000e+03
5.122000000000000000e+03
2.107000000000000000e+03
8.336000000000000000e+03
8.557000000000000000e+03
4.681000000000000000e+03
5.035000000000000000e+03
6.183000000000000000e+03
8.869000000000000000e+03
4.551000000000000000e+03
6.441000000000000000e+03
5.101000000000000000e+03
1.252000000000000000e+03
8.729000000000000000e+03
2.428000000000000000e+03
6.297000000000000000e+03
4.260000000000000000e+02
1.887000000000000000e+03
8.037000000000000000e+03
2.992000000000000000e+03
8.688000000000000000e+03
9.555000000000000000e+03
3.831000000000000000e+03
9.187000000000000000e+03
8.055000000000000000e+03
2.201000000000000000e+03
3.035000000000000000e+03
4.924000000000000000e+03
6.846000000000000000e+03
6.525000000000000000e+03
5.867000000000000000e+03
1.104000000000000000e+03
7.706000000000000000e+03
6.741000000000000000e+03
7.469000000000000000e+03
3.781000000000000000e+03
2.526000000000000000e+03
6.106000000000000000e+03
1.392000000000000000e+03
9.264000000000000000e+03
2.919000000000000000e+03
5.500000000000000000e+01
7.950000000000000000e+02
7.020000000000000000e+02
1.860000000000000000e+02
1.986000000000000000e+03
1.071000000000000000e+03
5.116000000000000000e+03
6.040000000000000000e+03
3.785000000000000000e+03
8.111000000000000000e+03
7.856000000000000000e+03
1.565000000000000000e+03
2.364000000000000000e+03
6.265000000000000000e+03
3.007000000000000000e+03
3.286000000000000000e+03
5.911000000000000000e+03
2.015000000000000000e+03
5.800000000000000000e+02
5.062000000000000000e+03
1.268000000000000000e+03
6.288000000000000000e+03
1.443000000000000000e+03
3.363000000000000000e+03
2.363000000000000000e+03
5.129000000000000000e+03
8.112000000000000000e+03
9.429000000000000000e+03
1.649000000000000000e+03
7.283000000000000000e+03
3.523000000000000000e+03
7.357000000000000000e+03
3.541000000000000000e+03
7.874000000000000000e+03
2.125000000000000000e+03
6.723000000000000000e+03
3.425000000000000000e+03
6.721000000000000000e+03
5.640000000000000000e+02
8.586000000000000000e+03
6.652000000000000000e+03
8.321000000000000000e+03
5.241000000000000000e+03
5.300000000000000000e+01
6.169000000000000000e+03
5.664000000000000000e+03
2.297000000000000000e+03
3.697000000000000000e+03
5.686000000000000000e+03
8.703000000000000000e+03
5.000000000000000000e+02
8.301000000000000000e+03
8.476000000000000000e+03
1.589000000000000000e+03
9.481000000000000000e+03
9.241000000000000000e+03
5.288000000000000000e+03
6.586000000000000000e+03
3.330000000000000000e+02
9.150000000000000000e+03
4.052000000000000000e+03
9.186000000000000000e+03
4.775000000000000000e+03
8.865000000000000000e+03
6.954000000000000000e+03
4.685000000000000000e+03
4.138000000000000000e+03
6.957000000000000000e+03
6.584000000000000000e+03
7.323000000000000000e+03
2.639000000000000000e+03
8.934000000000000000e+03
4.509000000000000000e+03
9.672000000000000000e+03
4.186000000000000000e+03
4.465000000000000000e+03
7.841000000000000000e+03
8.910000000000000000e+02
1.421000000000000000e+03
2.814000000000000000e+03
9.055000000000000000e+03
4.275000000000000000e+03
2.798000000000000000e+03
4.283000000000000000e+03
1.453000000000000000e+03
6.510000000000000000e+02
4.325000000000000000e+03
8.846000000000000000e+03
7.750000000000000000e+03
7.140000000000000000e+02
6.948000000000000000e+03
9.783000000000000000e+03
9.194000000000000000e+03
9.998000000000000000e+03
5.001000000000000000e+03
1.537000000000000000e+03
3.889000000000000000e+03
2.500000000000000000e+03
4.137000000000000000e+03
7.775000000000000000e+03
5.776000000000000000e+03
9.836000000000000000e+03
9.840000000000000000e+03
6.902000000000000000e+03
6.407000000000000000e+03
4.694000000000000000e+03
5.342000000000000000e+03
7.199000000000000000e+03
6.513000000000000000e+03
1.886000000000000000e+03
2.568000000000000000e+03
2.496000000000000000e+03
8.234000000000000000e+03
3.542000000000000000e+03
3.417000000000000000e+03
6.009000000000000000e+03
4.369000000000000000e+03
4.398000000000000000e+03
7.158000000000000000e+03
4.785000000000000000e+03
8.065000000000000000e+03
9.062000000000000000e+03
7.767000000000000000e+03
8.715000000000000000e+03
6.090000000000000000e+02
6.332000000000000000e+03
8.373000000000000000e+03
1.153000000000000000e+03
7.191000000000000000e+03
4.363000000000000000e+03
2.920000000000000000e+03
9.238000000000000000e+03
2.018000000000000000e+03
6.482000000000000000e+03
5.796000000000000000e+03
3.645000000000000000e+03
9.279000000000000000e+03
1.568000000000000000e+03
1.100000000000000000e+01
1.220000000000000000e+02
8.242000000000000000e+03
4.141000000000000000e+03
5.521000000000000000e+03
1.139000000000000000e+03
3.074000000000000000e+03
5.416000000000000000e+03
8.172000000000000000e+03
3.109000000000000000e+03
4.429000000000000000e+03
6.000000000000000000e+01
9.485000000000000000e+03
2.318000000000000000e+03
5.167000000000000000e+03
1.893000000000000000e+03
2.947000000000000000e+03
4.956000000000000000e+03
9.793000000000000000e+03
5.248000000000000000e+03
8.143000000000000000e+03
7.729000000000000000e+03
7.693000000000000000e+03
1.469000000000000000e+03
1.241000000000000000e+03
3.310000000000000000e+02
8.280000000000000000e+03
4.966000000000000000e+03
3.210000000000000000e+03
6.967000000000000000e+03
7.547000000000000000e+03
9.800000000000000000e+03
8.525000000000000000e+03
6.782000000000000000e+03
8.650000000000000000e+02
1.500000000000000000e+01
2.030000000000000000e+03
9.828000000000000000e+03
5.700000000000000000e+03
1.041000000000000000e+03
9.470000000000000000e+03
8.419000000000000000e+03
5.466000000000000000e+03
9.873000000000000000e+03
2.280000000000000000e+03
2.940000000000000000e+02
9.157000000000000000e+03
7.376000000000000000e+03
4.240000000000000000e+02
3.596000000000000000e+03
2.034000000000000000e+03
3.990000000000000000e+03
2.950000000000000000e+02
3.952000000000000000e+03
8.014000000000000000e+03
5.589000000000000000e+03
1.367000000000000000e+03
5.244000000000000000e+03
6.699000000000000000e+03
1.553000000000000000e+03
6.666000000000000000e+03
2.521000000000000000e+03
4.814000000000000000e+03
8.213000000000000000e+03
1.610000000000000000e+02
4.733000000000000000e+03
7.505000000000000000e+03
8.033000000000000000e+03
2.898000000000000000e+03
7.490000000000000000e+02
7.001000000000000000e+03
7.150000000000000000e+02
4.626000000000000000e+03
8.390000000000000000e+02
3.880000000000000000e+02
5.625000000000000000e+03
6.135000000000000000e+03
9.162000000000000000e+03
4.346000000000000000e+03
6.167000000000000000e+03
9.257000000000000000e+03
8.764000000000000000e+03
5.151000000000000000e+03
1.385000000000000000e+03
4.975000000000000000e+03
8.192000000000000000e+03
4.758000000000000000e+03
1.867000000000000000e+03
8.553000000000000000e+03
6.570000000000000000e+02
1.356000000000000000e+03
1.764000000000000000e+03
4.490000000000000000e+03
6.160000000000000000e+03
2.260000000000000000e+03
8.238000000000000000e+03
2.654000000000000000e+03
1.793000000000000000e+03
7.430000000000000000e+03
5.558000000000000000e+03
7.674000000000000000e+03
3.495000000000000000e+03
9.593000000000000000e+03
4.280000000000000000e+02
8.459000000000000000e+03
7.649000000000000000e+03
3.180000000000000000e+03
1.460000000000000000e+03
7.242000000000000000e+03
3.213000000000000000e+03
6.324000000000000000e+03
5.637000000000000000e+03
5.778000000000000000e+03
5.168000000000000000e+03
1.682000000000000000e+03
2.872000000000000000e+03
6.554000000000000000e+03
7.730000000000000000e+03
9.178000000000000000e+03
1.957000000000000000e+03
9.107000000000000000e+03
5.541000000000000000e+03
5.123000000000000000e+03
3.176000000000000000e+03
1.663000000000000000e+03
9.284000000000000000e+03
6.760000000000000000e+03
3.860000000000000000e+02
1.489000000000000000e+03
7.967000000000000000e+03
5.114000000000000000e+03
6.095000000000000000e+03
5.434000000000000000e+03
7.296000000000000000e+03
7.943000000000000000e+03
1.522000000000000000e+03
4.524000000000000000e+03
8.810000000000000000e+02
2.912000000000000000e+03
7.308000000000000000e+03
1.431000000000000000e+03
8.911000000000000000e+03
9.104000000000000000e+03
9.205000000000000000e+03
2.881000000000000000e+03
4.622000000000000000e+03
2.664000000000000000e+03
4.443000000000000000e+03
8.357000000000000000e+03
1.546000000000000000e+03
7.273000000000000000e+03
8.367000000000000000e+03
1.042000000000000000e+03
5.871000000000000000e+03
9.419000000000000000e+03
1.083000000000000000e+03
8.344000000000000000e+03
5.658000000000000000e+03
5.510000000000000000e+03
3.559000000000000000e+03
7.651000000000000000e+03
6.148000000000000000e+03
7.978000000000000000e+03
3.095000000000000000e+03
3.040000000000000000e+02
1.950000000000000000e+02
7.107000000000000000e+03
8.889000000000000000e+03
2.549000000000000000e+03
4.903000000000000000e+03
4.829000000000000000e+03
7.822000000000000000e+03
6.479000000000000000e+03
7.325000000000000000e+03
7.391000000000000000e+03
4.370000000000000000e+02
8.784000000000000000e+03
9.827000000000000000e+03
8.740000000000000000e+03
8.899000000000000000e+03
8.863000000000000000e+03
4.560000000000000000e+02
8.933000000000000000e+03
8.600000000000000000e+02
9.480000000000000000e+03
2.697000000000000000e+03
9.094000000000000000e+03
8.648000000000000000e+03
8.326000000000000000e+03
6.490000000000000000e+02
1.862000000000000000e+03
3.620000000000000000e+03
1.720000000000000000e+02
2.976000000000000000e+03
5.210000000000000000e+02
9.709000000000000000e+03
9.327000000000000000e+03
4.632000000000000000e+03
4.439000000000000000e+03
3.359000000000000000e+03
6.319000000000000000e+03
7.926000000000000000e+03
3.747000000000000000e+03
3.336000000000000000e+03
7.393000000000000000e+03
3.069000000000000000e+03
5.793000000000000000e+03
6.022000000000000000e+03
8.167000000000000000e+03
8.627000000000000000e+03
1.244000000000000000e+03
9.500000000000000000e+03
5.978000000000000000e+03
8.811000000000000000e+03
8.752000000000000000e+03
6.748000000000000000e+03
1.868000000000000000e+03
4.751000000000000000e+03
7.446000000000000000e+03
3.667000000000000000e+03
3.684000000000000000e+03
8.892000000000000000e+03
3.916000000000000000e+03
2.417000000000000000e+03
2.974000000000000000e+03
2.404000000000000000e+03
4.064000000000000000e+03
8.196000000000000000e+03
2.922000000000000000e+03
9.340000000000000000e+03
5.292000000000000000e+03
7.491000000000000000e+03
7.660000000000000000e+03
1.400000000000000000e+03
4.468000000000000000e+03
1.493000000000000000e+03
6.214000000000000000e+03
6.401000000000000000e+03
6.678000000000000000e+03
6.419000000000000000e+03
5.371000000000000000e+03
8.781000000000000000e+03
3.344000000000000000e+03
7.458000000000000000e+03
2.480000000000000000e+02
8.200000000000000000e+03
8.508000000000000000e+03
6.753000000000000000e+03
3.623000000000000000e+03
4.696000000000000000e+03
4.600000000000000000e+01
3.795000000000000000e+03
2.749000000000000000e+03
5.805000000000000000e+03
6.369000000000000000e+03
2.316000000000000000e+03
4.188000000000000000e+03
9.100000000000000000e+01
1.724000000000000000e+03
6.289000000000000000e+03
8.489000000000000000e+03
3.308000000000000000e+03
3.327000000000000000e+03
5.105000000000000000e+03
3.744000000000000000e+03
5.904000000000000000e+03
3.531000000000000000e+03
1.919000000000000000e+03
9.305000000000000000e+03
2.192000000000000000e+03
1.745000000000000000e+03
1.226000000000000000e+03
9.925000000000000000e+03
8.403000000000000000e+03
8.711000000000000000e+03
5.417000000000000000e+03
5.629000000000000000e+03
1.201000000000000000e+03
3.600000000000000000e+01
1.600000000000000000e+03
8.328000000000000000e+03
4.480000000000000000e+02
6.786000000000000000e+03
6.093000000000000000e+03
8.304000000000000000e+03
3.245000000000000000e+03
3.770000000000000000e+02
5.756000000000000000e+03
3.300000000000000000e+03
1.562000000000000000e+03
4.503000000000000000e+03
7.078000000000000000e+03
9.219000000000000000e+03
2.720000000000000000e+03
9.756000000000000000e+03
9.554000000000000000e+03
8.252000000000000000e+03
4.391000000000000000e+03
4.918000000000000000e+03
1.840000000000000000e+03
6.303000000000000000e+03
8.864000000000000000e+03
1.296000000000000000e+03
2.867000000000000000e+03
2.260000000000000000e+02
8.749000000000000000e+03
4.575000000000000000e+03
7.410000000000000000e+03
2.854000000000000000e+03
7.778000000000000000e+03
4.988000000000000000e+03
2.465000000000000000e+03
6.988000000000000000e+03
1.578000000000000000e+03
1.570000000000000000e+02
9.560000000000000000e+03
3.833000000000000000e+03
3.295000000000000000e+03
3.181000000000000000e+03
3.699000000000000000e+03
5.096000000000000000e+03
8.083000000000000000e+03
9.247000000000000000e+03
2.700000000000000000e+01
9.571000000000000000e+03
5.696000000000000000e+03
4.360000000000000000e+02
6.958000000000000000e+03
7.886000000000000000e+03
7.558000000000000000e+03
2.700000000000000000e+02
8.092000000000000000e+03
9.521000000000000000e+03
6.271000000000000000e+03
3.060000000000000000e+03
5.445000000000000000e+03
6.312000000000000000e+03
3.025000000000000000e+03
1.346000000000000000e+03
3.849000000000000000e+03
2.547000000000000000e+03
6.909000000000000000e+03
4.889000000000000000e+03
7.350000000000000000e+03
6.960000000000000000e+02
9.216000000000000000e+03
2.013000000000000000e+03
3.591000000000000000e+03
3.861000000000000000e+03
4.310000000000000000e+03
6.671000000000000000e+03
2.338000000000000000e+03
5.316000000000000000e+03
7.879000000000000000e+03
1.684000000000000000e+03
1.247000000000000000e+03
5.988000000000000000e+03
9.210000000000000000e+02
9.605000000000000000e+03
6.901000000000000000e+03
8.451000000000000000e+03
5.328000000000000000e+03
5.174000000000000000e+03
3.690000000000000000e+02
2.846000000000000000e+03
7.700000000000000000e+03
6.483000000000000000e+03
3.915000000000000000e+03
1.666000000000000000e+03
6.140000000000000000e+02
1.519000000000000000e+03
5.490000000000000000e+03
8.433000000000000000e+03
6.855000000000000000e+03
4.209000000000000000e+03
8.460000000000000000e+02
8.180000000000000000e+03
5.638000000000000000e+03
9.129000000000000000e+03
2.337000000000000000e+03
6.252000000000000000e+03
9.683000000000000000e+03
5.845000000000000000e+03
9.999000000000000000e+03
1.884000000000000000e+03
6.277000000000000000e+03
8.577000000000000000e+03
1.979000000000000000e+03
7.734000000000000000e+03
3.593000000000000000e+03
4.122000000000000000e+03
8.277000000000000000e+03
3.290000000000000000e+02
1.187000000000000000e+03
1.002000000000000000e+03
7.314000000000000000e+03
5.231000000000000000e+03
3.727000000000000000e+03
9.953000000000000000e+03
4.938000000000000000e+03
4.460000000000000000e+02
6.365000000000000000e+03
7.709000000000000000e+03
4.000000000000000000e+01
4.300000000000000000e+01
6.863000000000000000e+03
6.028000000000000000e+03
9.690000000000000000e+02
8.090000000000000000e+03
9.860000000000000000e+03
4.330000000000000000e+02
7.597000000000000000e+03
9.313000000000000000e+03
6.693000000000000000e+03
5.393000000000000000e+03
1.761000000000000000e+03
5.742000000000000000e+03
8.728000000000000000e+03
2.352000000000000000e+03
5.786000000000000000e+03
4.900000000000000000e+01
8.425000000000000000e+03
2.239000000000000000e+03
4.473000000000000000e+03
4.281000000000000000e+03
7.834000000000000000e+03
7.839000000000000000e+03
1.630000000000000000e+02
3.800000000000000000e+02
9.716000000000000000e+03
1.211000000000000000e+03
2.127000000000000000e+03
9.300000000000000000e+03
1.771000000000000000e+03
2.573000000000000000e+03
7.561000000000000000e+03
4.116000000000000000e+03
1.029000000000000000e+03
5.556000000000000000e+03
9.009000000000000000e+03
7.890000000000000000e+03
4.734000000000000000e+03
6.979000000000000000e+03
7.534000000000000000e+03
1.246000000000000000e+03
4.301000000000000000e+03
4.410000000000000000e+02
4.456000000000000000e+03
2.453000000000000000e+03
2.070000000000000000e+03
7.481000000000000000e+03
2.997000000000000000e+03
2.235000000000000000e+03
1.637000000000000000e+03
7.319000000000000000e+03
2.874000000000000000e+03
8.748000000000000000e+03
5.651000000000000000e+03
4.760000000000000000e+02
6.213000000000000000e+03
9.502000000000000000e+03
8.978000000000000000e+03
7.880000000000000000e+02
1.539000000000000000e+03
9.342000000000000000e+03
8.184000000000000000e+03
1.779000000000000000e+03
4.782000000000000000e+03
5.654000000000000000e+03
