8.100000000000000000e+02
3.763000000000000000e+03
1.199000000000000000e+03
9.059000000000000000e+03
1.732000000000000000e+03
6.267000000000000000e+03
9.778000000000000000e+03
6.332000000000000000e+03
9.421000000000000000e+03
2.779000000000000000e+03
4.278000000000000000e+03
9.535000000000000000e+03
7.075000000000000000e+03
8.251000000000000000e+03
7.814000000000000000e+03
9.717000000000000000e+03
4.704000000000000000e+03
4.740000000000000000e+02
5.226000000000000000e+03
4.971000000000000000e+03
3.490000000000000000e+02
2.931000000000000000e+03
8.744000000000000000e+03
9.971000000000000000e+03
6.058000000000000000e+03
5.905000000000000000e+03
5.864000000000000000e+03
1.804000000000000000e+03
3.805000000000000000e+03
4.870000000000000000e+02
2.202000000000000000e+03
8.690000000000000000e+02
7.092000000000000000e+03
8.699000000000000000e+03
6.410000000000000000e+03
1.806000000000000000e+03
9.819000000000000000e+03
1.097000000000000000e+03
6.564000000000000000e+03
5.061000000000000000e+03
6.393000000000000000e+03
4.242000000000000000e+03
1.000000000000000000e+00
5.176000000000000000e+03
1.769000000000000000e+03
4.647000000000000000e+03
2.987000000000000000e+03
1.463000000000000000e+03
3.579000000000000000e+03
1.530000000000000000e+03
3.014000000000000000e+03
7.892000000000000000e+03
9.496000000000000000e+03
7.908000000000000000e+03
3.688000000000000000e+03
8.118000000000000000e+03
6.747000000000000000e+03
7.106000000000000000e+03
2.007000000000000000e+03
7.510000000000000000e+03
2.952000000000000000e+03
5.650000000000000000e+02
3.803000000000000000e+03
6.806000000000000000e+03
7.250000000000000000e+02
8.870000000000000000e+03
3.683000000000000000e+03
7.316000000000000000e+03
5.920000000000000000e+03
1.729000000000000000e+03
1.213000000000000000e+03
7.774000000000000000e+03
4.460000000000000000e+03
2.401000000000000000e+03
5.880000000000000000e+02
6.577000000000000000e+03
6.606000000000000000e+03
2.177000000000000000e+03
7.450000000000000000e+03
8.754000000000000000e+03
5.002000000000000000e+03
3.031000000000000000e+03
8.763000000000000000e+03
1.133000000000000000e+03
7.865000000000000000e+03
7.244000000000000000e+03
1.030000000000000000e+03
4.845000000000000000e+03
3.798000000000000000e+03
8.789000000000000000e+03
7.440000000000000000e+03
9.269000000000000000e+03
5.330000000000000000e+02
8.697000000000000000e+03
7.474000000000000000e+03
9.883000000000000000e+03
4.156000000000000000e+03
6.310000000000000000e+03
1.580000000000000000e+02
2.923000000000000000e+03
1.970000000000000000e+03
5.617000000000000000e+03
5.647000000000000000e+03
6.984000000000000000e+03
5.694000000000000000e+03
6.268000000000000000e+03
5.698000000000000000e+03
9.289000000000000000e+03
7.776000000000000000e+03
3.510000000000000000e+02
8.097000000000000000e+03
5.580000000000000000e+02
7.421000000000000000e+03
3.743000000000000000e+03
6.859000000000000000e+03
9.109000000000000000e+03
1.316000000000000000e+03
2.345000000000000000e+03
9.095000000000000000e+03
7.331000000000000000e+03
6.084000000000000000e+03
8.905000000000000000e+03
3.594000000000000000e+03
6.000000000000000000e+00
9.968000000000000000e+03
3.532000000000000000e+03
5.936000000000000000e+03
5.084000000000000000e+03
5.947000000000000000e+03
3.387000000000000000e+03
5.925000000000000000e+03
8.493000000000000000e+03
3.263000000000000000e+03
3.633000000000000000e+03
7.409000000000000000e+03
3.142000000000000000e+03
6.163000000000000000e+03
2.106000000000000000e+03
6.612000000000000000e+03
3.165000000000000000e+03
9.179000000000000000e+03
5.901000000000000000e+03
3.700000000000000000e+03
4.830000000000000000e+03
1.048000000000000000e+03
9.812000000000000000e+03
4.713000000000000000e+03
5.064000000000000000e+03
4.737000000000000000e+03
8.883000000000000000e+03
7.398000000000000000e+03
8.490000000000000000e+03
5.605000000000000000e+03
9.352000000000000000e+03
4.584000000000000000e+03
5.439000000000000000e+03
5.447000000000000000e+03
5.186000000000000000e+03
6.170000000000000000e+02
5.450000000000000000e+03
5.469000000000000000e+03
8.255000000000000000e+03
4.478000000000000000e+03
6.465000000000000000e+03
4.914000000000000000e+03
1.559000000000000000e+03
5.179000000000000000e+03
4.933000000000000000e+03
7.098000000000000000e+03
4.437000000000000000e+03
6.932000000000000000e+03
2.665000000000000000e+03
9.589000000000000000e+03
4.631000000000000000e+03
9.689000000000000000e+03
7.741000000000000000e+03
8.193000000000000000e+03
2.439000000000000000e+03
4.200000000000000000e+01
9.665000000000000000e+03
7.037000000000000000e+03
2.541000000000000000e+03
8.100000000000000000e+01
2.286000000000000000e+03
7.686000000000000000e+03
6.562000000000000000e+03
8.228000000000000000e+03
5.194000000000000000e+03
2.525000000000000000e+03
2.537000000000000000e+03
9.646000000000000000e+03
6.426000000000000000e+03
4.452000000000000000e+03
4.394000000000000000e+03
8.028000000000000000e+03
4.277000000000000000e+03
6.587000000000000000e+03
4.945000000000000000e+03
2.831000000000000000e+03
2.832000000000000000e+03
2.264000000000000000e+03
2.258000000000000000e+03
1.430000000000000000e+02
8.458000000000000000e+03
6.796000000000000000e+03
5.553000000000000000e+03
4.176000000000000000e+03
8.107000000000000000e+03
4.241000000000000000e+03
5.730000000000000000e+02
3.970000000000000000e+02
8.469000000000000000e+03
8.389000000000000000e+03
4.393000000000000000e+03
7.363000000000000000e+03
4.390000000000000000e+03
9.447000000000000000e+03
9.455000000000000000e+03
4.292000000000000000e+03
8.413000000000000000e+03
7.234000000000000000e+03
4.370000000000000000e+03
2.578000000000000000e+03
8.700000000000000000e+02
8.218000000000000000e+03
6.814000000000000000e+03
9.033000000000000000e+03
4.793000000000000000e+03
1.051000000000000000e+03
3.522000000000000000e+03
4.882000000000000000e+03
3.849000000000000000e+03
2.866000000000000000e+03
6.093000000000000000e+03
1.354000000000000000e+03
7.318000000000000000e+03
4.641000000000000000e+03
5.305000000000000000e+03
1.356000000000000000e+03
9.259000000000000000e+03
7.557000000000000000e+03
3.279000000000000000e+03
5.929000000000000000e+03
7.487000000000000000e+03
1.200000000000000000e+03
4.194000000000000000e+03
1.495000000000000000e+03
4.356000000000000000e+03
8.909000000000000000e+03
1.856000000000000000e+03
9.946000000000000000e+03
1.387000000000000000e+03
6.107000000000000000e+03
8.447000000000000000e+03
5.115000000000000000e+03
2.850000000000000000e+03
9.887000000000000000e+03
7.786000000000000000e+03
9.349000000000000000e+03
6.643000000000000000e+03
7.311000000000000000e+03
8.519000000000000000e+03
3.137000000000000000e+03
8.548000000000000000e+03
4.054000000000000000e+03
6.179000000000000000e+03
1.281000000000000000e+03
6.269000000000000000e+03
1.593000000000000000e+03
8.607000000000000000e+03
1.730000000000000000e+02
3.926000000000000000e+03
8.652000000000000000e+03
5.760000000000000000e+02
4.904000000000000000e+03
8.049000000000000000e+03
2.278000000000000000e+03
8.726000000000000000e+03
8.137000000000000000e+03
6.953000000000000000e+03
4.253000000000000000e+03
5.700000000000000000e+01
2.520000000000000000e+03
8.520000000000000000e+02
2.540000000000000000e+03
5.273000000000000000e+03
8.301000000000000000e+03
6.043000000000000000e+03
9.064000000000000000e+03
2.574000000000000000e+03
6.469000000000000000e+03
5.472000000000000000e+03
3.557000000000000000e+03
8.907000000000000000e+03
4.702000000000000000e+03
1.322000000000000000e+03
3.587000000000000000e+03
2.978000000000000000e+03
1.755000000000000000e+03
9.725000000000000000e+03
4.710000000000000000e+03
9.939000000000000000e+03
9.941000000000000000e+03
8.372000000000000000e+03
3.609000000000000000e+03
1.488000000000000000e+03
6.430000000000000000e+03
3.598000000000000000e+03
5.746000000000000000e+03
6.565000000000000000e+03
7.878000000000000000e+03
2.295000000000000000e+03
3.745000000000000000e+03
8.931000000000000000e+03
3.709000000000000000e+03
9.262000000000000000e+03
7.844000000000000000e+03
5.213000000000000000e+03
4.172000000000000000e+03
1.898000000000000000e+03
2.506000000000000000e+03
8.788000000000000000e+03
3.003000000000000000e+03
1.025000000000000000e+03
4.340000000000000000e+02
5.228000000000000000e+03
1.766000000000000000e+03
6.934000000000000000e+03
2.609000000000000000e+03
6.681000000000000000e+03
8.173000000000000000e+03
2.930000000000000000e+03
9.742000000000000000e+03
9.335000000000000000e+03
4.418000000000000000e+03
6.645000000000000000e+03
6.897000000000000000e+03
4.412000000000000000e+03
8.494000000000000000e+03
5.149000000000000000e+03
4.168000000000000000e+03
5.850000000000000000e+02
8.160000000000000000e+02
4.371000000000000000e+03
1.984000000000000000e+03
8.143000000000000000e+03
3.249000000000000000e+03
9.390000000000000000e+03
9.930000000000000000e+02
2.816000000000000000e+03
8.136000000000000000e+03
4.525000000000000000e+03
1.807000000000000000e+03
6.818000000000000000e+03
2.273000000000000000e+03
6.913000000000000000e+03
2.498000000000000000e+03
3.042000000000000000e+03
5.989000000000000000e+03
5.768000000000000000e+03
3.463000000000000000e+03
6.228000000000000000e+03
7.410000000000000000e+02
4.613000000000000000e+03
9.855000000000000000e+03
3.067000000000000000e+03
3.898000000000000000e+03
6.756000000000000000e+03
1.532000000000000000e+03
3.961000000000000000e+03
4.430000000000000000e+02
5.366000000000000000e+03
2.560000000000000000e+03
8.022000000000000000e+03
5.060000000000000000e+02
7.320000000000000000e+02
2.554000000000000000e+03
1.128000000000000000e+03
8.550000000000000000e+02
2.572000000000000000e+03
9.125000000000000000e+03
3.321000000000000000e+03
6.418000000000000000e+03
4.639000000000000000e+03
7.896000000000000000e+03
6.096000000000000000e+03
1.727000000000000000e+03
7.107000000000000000e+03
9.104000000000000000e+03
7.858000000000000000e+03
2.681000000000000000e+03
2.658000000000000000e+03
2.431000000000000000e+03
5.020000000000000000e+03
9.964000000000000000e+03
8.157000000000000000e+03
5.917000000000000000e+03
9.500000000000000000e+02
7.057000000000000000e+03
1.423000000000000000e+03
7.548000000000000000e+03
4.037000000000000000e+03
9.831000000000000000e+03
8.220000000000000000e+03
1.600000000000000000e+03
5.828000000000000000e+03
1.995000000000000000e+03
1.392000000000000000e+03
3.050000000000000000e+03
8.804000000000000000e+03
6.230000000000000000e+03
5.853000000000000000e+03
6.748000000000000000e+03
3.741000000000000000e+03
7.184000000000000000e+03
8.115000000000000000e+03
2.914000000000000000e+03
7.457000000000000000e+03
6.361000000000000000e+03
1.401000000000000000e+03
7.238000000000000000e+03
8.511000000000000000e+03
7.452000000000000000e+03
4.935000000000000000e+03
8.025000000000000000e+03
1.861000000000000000e+03
7.400000000000000000e+03
5.431000000000000000e+03
1.192000000000000000e+03
3.179000000000000000e+03
8.594000000000000000e+03
8.142000000000000000e+03
4.760000000000000000e+03
6.724000000000000000e+03
9.769000000000000000e+03
4.910000000000000000e+02
5.190000000000000000e+02
1.963000000000000000e+03
7.010000000000000000e+03
8.037000000000000000e+03
9.848000000000000000e+03
2.207000000000000000e+03
5.810000000000000000e+02
4.862000000000000000e+03
4.693000000000000000e+03
2.109000000000000000e+03
5.058000000000000000e+03
7.803000000000000000e+03
6.950000000000000000e+03
7.995000000000000000e+03
7.974000000000000000e+03
8.153000000000000000e+03
2.223000000000000000e+03
9.927000000000000000e+03
1.382000000000000000e+03
9.890000000000000000e+02
7.889000000000000000e+03
8.241000000000000000e+03
8.841000000000000000e+03
7.303000000000000000e+03
3.764000000000000000e+03
6.208000000000000000e+03
7.289000000000000000e+03
3.823000000000000000e+03
5.785000000000000000e+03
8.716000000000000000e+03
8.856000000000000000e+03
3.859000000000000000e+03
8.691000000000000000e+03
7.471000000000000000e+03
3.380000000000000000e+02
8.648000000000000000e+03
8.638000000000000000e+03
2.524000000000000000e+03
3.955000000000000000e+03
2.953000000000000000e+03
1.629000000000000000e+03
1.603000000000000000e+03
1.116000000000000000e+03
5.891000000000000000e+03
3.403000000000000000e+03
3.399000000000000000e+03
1.078000000000000000e+03
1.093000000000000000e+03
7.347000000000000000e+03
8.991000000000000000e+03
8.990000000000000000e+03
9.075000000000000000e+03
3.192000000000000000e+03
3.329000000000000000e+03
6.075000000000000000e+03
9.097000000000000000e+03
8.928000000000000000e+03
8.925000000000000000e+03
1.694000000000000000e+03
3.621000000000000000e+03
8.876000000000000000e+03
3.226000000000000000e+03
9.080000000000000000e+03
5.722000000000000000e+03
3.900000000000000000e+03
8.592000000000000000e+03
2.792000000000000000e+03
6.036000000000000000e+03
1.022000000000000000e+03
1.891000000000000000e+03
2.717000000000000000e+03
1.511000000000000000e+03
1.900000000000000000e+03
1.197000000000000000e+03
2.812000000000000000e+03
4.426000000000000000e+03
2.629000000000000000e+03
2.606000000000000000e+03
4.504000000000000000e+03
7.072000000000000000e+03
7.664000000000000000e+03
5.329000000000000000e+03
1.239000000000000000e+03
7.053000000000000000e+03
6.437000000000000000e+03
4.216000000000000000e+03
9.424000000000000000e+03
7.164000000000000000e+03
4.171000000000000000e+03
8.528000000000000000e+03
7.533000000000000000e+03
1.164000000000000000e+03
4.110000000000000000e+03
7.496000000000000000e+03
5.583000000000000000e+03
1.155000000000000000e+03
8.129000000000000000e+03
9.517000000000000000e+03
6.304000000000000000e+03
6.508000000000000000e+03
7.854000000000000000e+03
5.733000000000000000e+03
1.237000000000000000e+03
7.220000000000000000e+03
5.809000000000000000e+03
7.849000000000000000e+03
7.562000000000000000e+03
6.364000000000000000e+03
6.613000000000000000e+03
5.578000000000000000e+03
6.158000000000000000e+03
9.870000000000000000e+02
5.147000000000000000e+03
6.640000000000000000e+02
1.141000000000000000e+03
5.223000000000000000e+03
6.774000000000000000e+03
7.148000000000000000e+03
5.998000000000000000e+03
0.000000000000000000e+00
9.274000000000000000e+03
2.165000000000000000e+03
4.780000000000000000e+03
3.771000000000000000e+03
4.745000000000000000e+03
8.152000000000000000e+03
2.942000000000000000e+03
8.174000000000000000e+03
9.917000000000000000e+03
3.806000000000000000e+03
2.383000000000000000e+03
1.638000000000000000e+03
3.754000000000000000e+03
3.863000000000000000e+03
4.661000000000000000e+03
2.248000000000000000e+03
8.596000000000000000e+03
3.008000000000000000e+03
4.490000000000000000e+02
9.379000000000000000e+03
8.543000000000000000e+03
9.814000000000000000e+03
9.868000000000000000e+03
4.595000000000000000e+03
4.187000000000000000e+03
2.937000000000000000e+03
4.300000000000000000e+03
3.752000000000000000e+03
1.973000000000000000e+03
9.533000000000000000e+03
2.081000000000000000e+03
3.100000000000000000e+03
2.624000000000000000e+03
2.040000000000000000e+02
1.775000000000000000e+03
9.154000000000000000e+03
9.134000000000000000e+03
9.127000000000000000e+03
3.312000000000000000e+03
9.283000000000000000e+03
1.948000000000000000e+03
2.674000000000000000e+03
3.502000000000000000e+03
1.714000000000000000e+03
2.660000000000000000e+02
4.919000000000000000e+03
9.642000000000000000e+03
2.492000000000000000e+03
8.862000000000000000e+03
9.501000000000000000e+03
9.739000000000000000e+03
2.356000000000000000e+03
7.996000000000000000e+03
3.686000000000000000e+03
1.721000000000000000e+03
6.259000000000000000e+03
9.220000000000000000e+02
1.896000000000000000e+03
5.400000000000000000e+03
5.574000000000000000e+03
9.816000000000000000e+03
6.607000000000000000e+03
6.524000000000000000e+03
3.690000000000000000e+02
4.597000000000000000e+03
5.688000000000000000e+03
8.976000000000000000e+03
7.950000000000000000e+02
4.896000000000000000e+03
7.600000000000000000e+01
6.633000000000000000e+03
1.839000000000000000e+03
5.247000000000000000e+03
6.812000000000000000e+03
1.400000000000000000e+01
7.623000000000000000e+03
9.754000000000000000e+03
6.507000000000000000e+03
9.566000000000000000e+03
3.368000000000000000e+03
3.260000000000000000e+03
2.646000000000000000e+03
4.569000000000000000e+03
9.845000000000000000e+03
6.734000000000000000e+03
2.899000000000000000e+03
6.078000000000000000e+03
2.906000000000000000e+03
7.573000000000000000e+03
5.054000000000000000e+03
7.800000000000000000e+02
2.008000000000000000e+03
3.251000000000000000e+03
7.300000000000000000e+03
5.092000000000000000e+03
1.132000000000000000e+03
9.000000000000000000e+01
1.291000000000000000e+03
8.060000000000000000e+02
4.991000000000000000e+03
4.799000000000000000e+03
2.071000000000000000e+03
7.991000000000000000e+03
3.618000000000000000e+03
2.073000000000000000e+03
9.703000000000000000e+03
8.021000000000000000e+03
9.214000000000000000e+03
5.087000000000000000e+03
2.645000000000000000e+03
4.913000000000000000e+03
9.185000000000000000e+03
7.014000000000000000e+03
5.222000000000000000e+03
7.559000000000000000e+03
3.841000000000000000e+03
4.378000000000000000e+03
7.522000000000000000e+03
4.042000000000000000e+03
6.230000000000000000e+02
8.217000000000000000e+03
1.630000000000000000e+03
2.271000000000000000e+03
8.640000000000000000e+03
3.308000000000000000e+03
2.095000000000000000e+03
7.219000000000000000e+03
7.628000000000000000e+03
2.700000000000000000e+02
5.745000000000000000e+03
3.060000000000000000e+03
1.620000000000000000e+02
4.779000000000000000e+03
3.149000000000000000e+03
5.816000000000000000e+03
4.596000000000000000e+03
2.275000000000000000e+03
4.985000000000000000e+03
5.856000000000000000e+03
6.046000000000000000e+03
9.279000000000000000e+03
5.832000000000000000e+03
1.996000000000000000e+03
4.230000000000000000e+02
2.840000000000000000e+03
3.439000000000000000e+03
7.118000000000000000e+03
6.475000000000000000e+03
9.284000000000000000e+03
7.125000000000000000e+03
9.395000000000000000e+03
6.600000000000000000e+03
9.040000000000000000e+02
4.635000000000000000e+03
4.708000000000000000e+03
1.492000000000000000e+03
4.962000000000000000e+03
1.080000000000000000e+02
5.726000000000000000e+03
4.109000000000000000e+03
4.671000000000000000e+03
5.248000000000000000e+03
5.964000000000000000e+03
8.260000000000000000e+02
7.761000000000000000e+03
4.979000000000000000e+03
1.100000000000000000e+01
6.392000000000000000e+03
3.240000000000000000e+02
9.225000000000000000e+03
1.327000000000000000e+03
4.887000000000000000e+03
4.936000000000000000e+03
8.505000000000000000e+03
2.226000000000000000e+03
2.283000000000000000e+03
8.510000000000000000e+02
7.470000000000000000e+02
1.550000000000000000e+02
7.176000000000000000e+03
2.928000000000000000e+03
9.528000000000000000e+03
6.420000000000000000e+03
9.339000000000000000e+03
9.306000000000000000e+03
2.895000000000000000e+03
3.280000000000000000e+02
7.074000000000000000e+03
8.269000000000000000e+03
7.596000000000000000e+03
4.467000000000000000e+03
5.535000000000000000e+03
3.194000000000000000e+03
1.254000000000000000e+03
2.305000000000000000e+03
4.017000000000000000e+03
2.344000000000000000e+03
9.788000000000000000e+03
8.674000000000000000e+03
1.650000000000000000e+03
4.885000000000000000e+03
5.210000000000000000e+03
8.952000000000000000e+03
3.452000000000000000e+03
7.957000000000000000e+03
7.616000000000000000e+03
5.436000000000000000e+03
4.199000000000000000e+03
8.857000000000000000e+03
8.900000000000000000e+03
9.900000000000000000e+01
4.280000000000000000e+02
5.083000000000000000e+03
4.062000000000000000e+03
9.958000000000000000e+03
6.840000000000000000e+03
9.688000000000000000e+03
1.695000000000000000e+03
3.852000000000000000e+03
9.800000000000000000e+03
2.940000000000000000e+02
5.808000000000000000e+03
1.993000000000000000e+03
1.320000000000000000e+03
8.764000000000000000e+03
4.579000000000000000e+03
6.744000000000000000e+03
6.433000000000000000e+03
6.716000000000000000e+03
7.877000000000000000e+03
6.197000000000000000e+03
8.561000000000000000e+03
2.581000000000000000e+03
5.572000000000000000e+03
5.217000000000000000e+03
8.121000000000000000e+03
9.617000000000000000e+03
3.380000000000000000e+03
3.441000000000000000e+03
4.880000000000000000e+03
4.514000000000000000e+03
2.689000000000000000e+03
4.005000000000000000e+03
4.510000000000000000e+03
7.600000000000000000e+03
4.175000000000000000e+03
6.605000000000000000e+03
1.980000000000000000e+03
7.431000000000000000e+03
7.566000000000000000e+03
5.332000000000000000e+03
1.340000000000000000e+02
4.680000000000000000e+03
8.844000000000000000e+03
9.277000000000000000e+03
7.372000000000000000e+03
9.570000000000000000e+02
9.022000000000000000e+03
3.742000000000000000e+03
6.811000000000000000e+03
3.049000000000000000e+03
3.128000000000000000e+03
7.764000000000000000e+03
8.745000000000000000e+03
5.879000000000000000e+03
2.902000000000000000e+03
9.091000000000000000e+03
7.288000000000000000e+03
9.581000000000000000e+03
6.988000000000000000e+03
2.726000000000000000e+03
7.411000000000000000e+03
5.114000000000000000e+03
4.518000000000000000e+03
2.220000000000000000e+02
3.083000000000000000e+03
7.986000000000000000e+03
5.877000000000000000e+03
7.366000000000000000e+03
3.819000000000000000e+03
4.532000000000000000e+03
8.575000000000000000e+03
1.241000000000000000e+03
9.390000000000000000e+02
8.720000000000000000e+02
4.248000000000000000e+03
1.671000000000000000e+03
3.360000000000000000e+03
3.356000000000000000e+03
4.886000000000000000e+03
3.981000000000000000e+03
5.708000000000000000e+03
3.135000000000000000e+03
6.763000000000000000e+03
4.119000000000000000e+03
1.034000000000000000e+03
2.790000000000000000e+02
9.843000000000000000e+03
6.460000000000000000e+02
9.431000000000000000e+03
5.490000000000000000e+02
7.493000000000000000e+03
7.853000000000000000e+03
7.569000000000000000e+03
2.730000000000000000e+02
6.990000000000000000e+03
8.279000000000000000e+03
3.030000000000000000e+02
7.291000000000000000e+03
8.059000000000000000e+03
2.178000000000000000e+03
9.854000000000000000e+03
4.007000000000000000e+03
1.527000000000000000e+03
4.818000000000000000e+03
6.110000000000000000e+03
8.793000000000000000e+03
7.805000000000000000e+03
2.399000000000000000e+03
9.957000000000000000e+03
2.821000000000000000e+03
3.895000000000000000e+03
5.914000000000000000e+03
9.410000000000000000e+03
5.108000000000000000e+03
9.422000000000000000e+03
1.380000000000000000e+03
4.538000000000000000e+03
5.910000000000000000e+03
8.033000000000000000e+03
7.394000000000000000e+03
1.136000000000000000e+03
5.804000000000000000e+03
2.868000000000000000e+03
7.447000000000000000e+03
3.878000000000000000e+03
2.862000000000000000e+03
5.120000000000000000e+03
4.561000000000000000e+03
1.440000000000000000e+02
2.846000000000000000e+03
5.862000000000000000e+03
1.872000000000000000e+03
4.560000000000000000e+03
7.404000000000000000e+03
1.625000000000000000e+03
4.542000000000000000e+03
7.377000000000000000e+03
1.606000000000000000e+03
5.944000000000000000e+03
3.506000000000000000e+03
8.593000000000000000e+03
8.989000000000000000e+03
7.309000000000000000e+03
3.712000000000000000e+03
6.164000000000000000e+03
4.414000000000000000e+03
4.897000000000000000e+03
4.180000000000000000e+02
6.196000000000000000e+03
2.590000000000000000e+03
8.581000000000000000e+03
1.033000000000000000e+03
7.955000000000000000e+03
1.706000000000000000e+03
2.571000000000000000e+03
1.708000000000000000e+03
6.143000000000000000e+03
1.130000000000000000e+02
4.431000000000000000e+03
8.620000000000000000e+03
5.096000000000000000e+03
5.794000000000000000e+03
3.449000000000000000e+03
9.007000000000000000e+03
2.720000000000000000e+03
7.902000000000000000e+03
9.470000000000000000e+03
5.079000000000000000e+03
1.598000000000000000e+03
7.910000000000000000e+03
9.500000000000000000e+03
7.913000000000000000e+03
6.099000000000000000e+03
4.823000000000000000e+03
1.059000000000000000e+03
6.103000000000000000e+03
5.098000000000000000e+03
8.295000000000000000e+03
2.920000000000000000e+03
7.455000000000000000e+03
5.347000000000000000e+03
6.080000000000000000e+02
3.168000000000000000e+03
5.394000000000000000e+03
1.405000000000000000e+03
9.195000000000000000e+03
5.422000000000000000e+03
5.336000000000000000e+03
5.429000000000000000e+03
4.762000000000000000e+03
1.217000000000000000e+03
3.139000000000000000e+03
4.830000000000000000e+02
3.130000000000000000e+03
1.283000000000000000e+03
4.747000000000000000e+03
9.085000000000000000e+03
8.139000000000000000e+03
7.667000000000000000e+03
9.093000000000000000e+03
5.225000000000000000e+03
7.784000000000000000e+03
3.267000000000000000e+03
7.770000000000000000e+03
3.259000000000000000e+03
8.090000000000000000e+03
1.764000000000000000e+03
7.828000000000000000e+03
7.824000000000000000e+03
7.723000000000000000e+03
3.239000000000000000e+03
1.247000000000000000e+03
8.104000000000000000e+03
5.298000000000000000e+03
4.940000000000000000e+02
4.880000000000000000e+02
2.140000000000000000e+02
7.598000000000000000e+03
9.078000000000000000e+03
8.145000000000000000e+03
9.294000000000000000e+03
5.667000000000000000e+03
3.432000000000000000e+03
7.507000000000000000e+03
1.437000000000000000e+03
5.700000000000000000e+03
7.491000000000000000e+03
2.946000000000000000e+03
5.724000000000000000e+03
7.484000000000000000e+03
5.732000000000000000e+03
2.924000000000000000e+03
6.227000000000000000e+03
3.855000000000000000e+03
7.470000000000000000e+03
1.631000000000000000e+03
4.630000000000000000e+03
5.144000000000000000e+03
6.440000000000000000e+02
9.053000000000000000e+03
1.206000000000000000e+03
3.768000000000000000e+03
3.347000000000000000e+03
7.568000000000000000e+03
9.229000000000000000e+03
3.080000000000000000e+02
8.181000000000000000e+03
5.514000000000000000e+03
9.068000000000000000e+03
3.753000000000000000e+03
4.684000000000000000e+03
3.020000000000000000e+03
6.330000000000000000e+02
8.778000000000000000e+03
8.775000000000000000e+03
5.582000000000000000e+03
2.986000000000000000e+03
1.859000000000000000e+03
6.252000000000000000e+03
6.100000000000000000e+03
4.382000000000000000e+03
4.293000000000000000e+03
7.760000000000000000e+02
4.189000000000000000e+03
9.949000000000000000e+03
9.803000000000000000e+03
7.720000000000000000e+02
7.215000000000000000e+03
1.960000000000000000e+03
6.750000000000000000e+03
6.580000000000000000e+03
8.310000000000000000e+02
9.880000000000000000e+02
8.090000000000000000e+02
4.000000000000000000e+01
6.975000000000000000e+03
7.126000000000000000e+03
7.133000000000000000e+03
6.409000000000000000e+03
2.031000000000000000e+03
6.800000000000000000e+03
8.300000000000000000e+02
2.472000000000000000e+03
5.380000000000000000e+02
2.347000000000000000e+03
6.526000000000000000e+03
8.908000000000000000e+03
2.045000000000000000e+03
2.119000000000000000e+03
7.064000000000000000e+03
6.782000000000000000e+03
7.071000000000000000e+03
6.784000000000000000e+03
6.491000000000000000e+03
9.460000000000000000e+02
9.680000000000000000e+02
8.860000000000000000e+02
7.940000000000000000e+02
2.930000000000000000e+02
2.440000000000000000e+03
8.419000000000000000e+03
4.090000000000000000e+02
6.785000000000000000e+03
6.466000000000000000e+03
7.810000000000000000e+02
2.372000000000000000e+03
2.385000000000000000e+03
6.965000000000000000e+03
6.921000000000000000e+03
4.332000000000000000e+03
1.941000000000000000e+03
1.501000000000000000e+03
6.301000000000000000e+03
2.209000000000000000e+03
1.332000000000000000e+03
4.087000000000000000e+03
4.082000000000000000e+03
6.286000000000000000e+03
4.094000000000000000e+03
2.219000000000000000e+03
4.396000000000000000e+03
8.053000000000000000e+03
2.230000000000000000e+03
7.205000000000000000e+03
6.709000000000000000e+03
8.551000000000000000e+03
6.834000000000000000e+03
2.561000000000000000e+03
6.688000000000000000e+03
6.944000000000000000e+03
7.137000000000000000e+03
4.245000000000000000e+03
9.612000000000000000e+03
2.474000000000000000e+03
2.099000000000000000e+03
8.395000000000000000e+03
6.731000000000000000e+03
6.805000000000000000e+03
2.260000000000000000e+03
4.166000000000000000e+03
7.141000000000000000e+03
2.252000000000000000e+03
6.875000000000000000e+03
6.365000000000000000e+03
9.626000000000000000e+03
1.000000000000000000e+03
7.157000000000000000e+03
6.926000000000000000e+03
8.459000000000000000e+03
8.590000000000000000e+02
9.030000000000000000e+02
6.819000000000000000e+03
5.025000000000000000e+03
8.350000000000000000e+02
9.270000000000000000e+02
7.232000000000000000e+03
8.347000000000000000e+03
4.489000000000000000e+03
8.394000000000000000e+03
6.555000000000000000e+03
6.023000000000000000e+03
7.840000000000000000e+03
9.162000000000000000e+03
2.749000000000000000e+03
4.113000000000000000e+03
4.925000000000000000e+03
9.979000000000000000e+03
8.148000000000000000e+03
1.848000000000000000e+03
2.205000000000000000e+03
9.141000000000000000e+03
6.478000000000000000e+03
8.470000000000000000e+03
3.215000000000000000e+03
9.239000000000000000e+03
6.728000000000000000e+03
2.287000000000000000e+03
6.708000000000000000e+03
5.099000000000000000e+03
1.124000000000000000e+03
2.448000000000000000e+03
5.026000000000000000e+03
7.256000000000000000e+03
3.596000000000000000e+03
8.070000000000000000e+02
5.219000000000000000e+03
7.425000000000000000e+03
1.667000000000000000e+03
3.173000000000000000e+03
6.658000000000000000e+03
9.884000000000000000e+03
5.470000000000000000e+03
2.666000000000000000e+03
6.790000000000000000e+02
7.241000000000000000e+03
6.520000000000000000e+02
5.801000000000000000e+03
8.039000000000000000e+03
2.250000000000000000e+02
4.391000000000000000e+03
7.339000000000000000e+03
2.096000000000000000e+03
6.936000000000000000e+03
3.350000000000000000e+02
4.487000000000000000e+03
9.793000000000000000e+03
1.823000000000000000e+03
2.343000000000000000e+03
3.880000000000000000e+02
8.391000000000000000e+03
8.869000000000000000e+03
8.861000000000000000e+03
5.969000000000000000e+03
6.568000000000000000e+03
3.904000000000000000e+03
7.312000000000000000e+03
4.344000000000000000e+03
1.981000000000000000e+03
4.195000000000000000e+03
6.852000000000000000e+03
2.173000000000000000e+03
8.426000000000000000e+03
4.851000000000000000e+03
8.132000000000000000e+03
9.235000000000000000e+03
2.911000000000000000e+03
8.913000000000000000e+03
5.040000000000000000e+02
7.434000000000000000e+03
7.414000000000000000e+03
1.459000000000000000e+03
6.843000000000000000e+03
7.103000000000000000e+03
6.425000000000000000e+03
8.929000000000000000e+03
9.499000000000000000e+03
7.120000000000000000e+02
3.998000000000000000e+03
8.980000000000000000e+03
6.337000000000000000e+03
2.516000000000000000e+03
1.938000000000000000e+03
6.650000000000000000e+02
8.287000000000000000e+03
5.211000000000000000e+03
8.212000000000000000e+03
1.349000000000000000e+03
6.610000000000000000e+03
8.254000000000000000e+03
9.317000000000000000e+03
9.867000000000000000e+03
4.700000000000000000e+01
4.500000000000000000e+01
2.469000000000000000e+03
2.111000000000000000e+03
7.829000000000000000e+03
8.779000000000000000e+03
2.204000000000000000e+03
7.324000000000000000e+03
1.386000000000000000e+03
1.396000000000000000e+03
3.645000000000000000e+03
7.207000000000000000e+03
3.890000000000000000e+02
4.445000000000000000e+03
5.796000000000000000e+03
7.302000000000000000e+03
6.509000000000000000e+03
8.019000000000000000e+03
6.877000000000000000e+03
6.641000000000000000e+03
4.290000000000000000e+03
9.698000000000000000e+03
8.135000000000000000e+03
4.838000000000000000e+03
9.606000000000000000e+03
9.167000000000000000e+03
5.067000000000000000e+03
5.498000000000000000e+03
7.990000000000000000e+03
3.640000000000000000e+03
9.299000000000000000e+03
3.585000000000000000e+03
8.084000000000000000e+03
5.203000000000000000e+03
3.323000000000000000e+03
3.679000000000000000e+03
1.290000000000000000e+03
5.047000000000000000e+03
3.313000000000000000e+03
5.182000000000000000e+03
8.867000000000000000e+03
7.989000000000000000e+03
7.842000000000000000e+03
8.838000000000000000e+03
1.730000000000000000e+03
4.955000000000000000e+03
3.476000000000000000e+03
4.867000000000000000e+03
4.927000000000000000e+03
1.334000000000000000e+03
1.335000000000000000e+03
2.068000000000000000e+03
1.263000000000000000e+03
1.004000000000000000e+03
6.317000000000000000e+03
2.548000000000000000e+03
1.010000000000000000e+02
9.567000000000000000e+03
6.181000000000000000e+03
4.026000000000000000e+03
7.150000000000000000e+03
1.045000000000000000e+03
2.644000000000000000e+03
2.655000000000000000e+03
7.328000000000000000e+03
6.083000000000000000e+03
3.999000000000000000e+03
9.117000000000000000e+03
6.042000000000000000e+03
9.537000000000000000e+03
1.240000000000000000e+02
2.502000000000000000e+03
9.860000000000000000e+02
1.000000000000000000e+01
8.418000000000000000e+03
6.766000000000000000e+03
2.160000000000000000e+03
4.137000000000000000e+03
2.251000000000000000e+03
3.900000000000000000e+01
7.124000000000000000e+03
9.360000000000000000e+02
4.080000000000000000e+02
7.038000000000000000e+03
5.800000000000000000e+01
2.375000000000000000e+03
8.392000000000000000e+03
4.096000000000000000e+03
7.095000000000000000e+03
9.830000000000000000e+03
3.965000000000000000e+03
6.054000000000000000e+03
3.808000000000000000e+03
1.182000000000000000e+03
4.675000000000000000e+03
4.692000000000000000e+03
5.519000000000000000e+03
5.494000000000000000e+03
9.206000000000000000e+03
9.201000000000000000e+03
5.434000000000000000e+03
7.636000000000000000e+03
3.761000000000000000e+03
3.191000000000000000e+03
5.319000000000000000e+03
7.671000000000000000e+03
4.813000000000000000e+03
3.230000000000000000e+03
9.148000000000000000e+03
1.255000000000000000e+03
3.276000000000000000e+03
7.796000000000000000e+03
9.450000000000000000e+03
3.829000000000000000e+03
9.396000000000000000e+03
5.892000000000000000e+03
4.494000000000000000e+03
8.614000000000000000e+03
2.770000000000000000e+03
3.924000000000000000e+03
8.223000000000000000e+03
5.656000000000000000e+03
5.687000000000000000e+03
5.747000000000000000e+03
6.940000000000000000e+02
4.564000000000000000e+03
9.394000000000000000e+03
1.866000000000000000e+03
7.396000000000000000e+03
9.287000000000000000e+03
3.985000000000000000e+03
7.060000000000000000e+02
4.064000000000000000e+03
7.054000000000000000e+03
5.170000000000000000e+02
1.570000000000000000e+03
8.900000000000000000e+01
2.061000000000000000e+03
4.956000000000000000e+03
3.704000000000000000e+03
8.086000000000000000e+03
1.586000000000000000e+03
8.079000000000000000e+03
8.202000000000000000e+03
3.560000000000000000e+02
8.048000000000000000e+03
4.230000000000000000e+03
5.867000000000000000e+03
9.700000000000000000e+01
6.271000000000000000e+03
2.662000000000000000e+03
6.085000000000000000e+03
6.064000000000000000e+03
2.711000000000000000e+03
9.457000000000000000e+03
5.310000000000000000e+03
5.971000000000000000e+03
9.397000000000000000e+03
7.445000000000000000e+03
9.346000000000000000e+03
4.225000000000000000e+03
2.938000000000000000e+03
7.528000000000000000e+03
5.599000000000000000e+03
2.956000000000000000e+03
7.085000000000000000e+03
7.830000000000000000e+02
2.607000000000000000e+03
1.830000000000000000e+02
9.844000000000000000e+03
2.047000000000000000e+03
8.390000000000000000e+02
6.760000000000000000e+03
2.192000000000000000e+03
3.630000000000000000e+03
5.076000000000000000e+03
6.914000000000000000e+03
6.647000000000000000e+03
1.684000000000000000e+03
3.666000000000000000e+03
7.498000000000000000e+03
6.786000000000000000e+03
7.476000000000000000e+03
4.264000000000000000e+03
4.246000000000000000e+03
2.077000000000000000e+03
1.880000000000000000e+03
4.440000000000000000e+02
5.933000000000000000e+03
8.541000000000000000e+03
1.609000000000000000e+03
7.374000000000000000e+03
2.112000000000000000e+03
2.718000000000000000e+03
8.610000000000000000e+03
9.498000000000000000e+03
6.729000000000000000e+03
7.538000000000000000e+03
9.556000000000000000e+03
4.076000000000000000e+03
2.012000000000000000e+03
2.549000000000000000e+03
2.449000000000000000e+03
4.310000000000000000e+02
7.370000000000000000e+03
6.290000000000000000e+02
1.756000000000000000e+03
5.377000000000000000e+03
4.770000000000000000e+03
6.130000000000000000e+02
3.289000000000000000e+03
7.822000000000000000e+03
5.183000000000000000e+03
9.066000000000000000e+03
9.209000000000000000e+03
3.205000000000000000e+03
8.082000000000000000e+03
8.154000000000000000e+03
7.847000000000000000e+03
5.294000000000000000e+03
2.560000000000000000e+02
7.985000000000000000e+03
4.980000000000000000e+03
7.351000000000000000e+03
4.089000000000000000e+03
9.348000000000000000e+03
8.425000000000000000e+03
9.569000000000000000e+03
8.803000000000000000e+03
7.602000000000000000e+03
4.526000000000000000e+03
9.002000000000000000e+03
7.210000000000000000e+03
6.990000000000000000e+02
8.336000000000000000e+03
8.428000000000000000e+03
1.620000000000000000e+03
8.099000000000000000e+03
5.033000000000000000e+03
4.551000000000000000e+03
2.157000000000000000e+03
8.729000000000000000e+03
6.683000000000000000e+03
8.730000000000000000e+03
5.440000000000000000e+02
5.486000000000000000e+03
2.101000000000000000e+03
5.133000000000000000e+03
6.486000000000000000e+03
3.573000000000000000e+03
3.427000000000000000e+03
6.320000000000000000e+02
6.297000000000000000e+03
3.220000000000000000e+02
4.424000000000000000e+03
2.879000000000000000e+03
2.850000000000000000e+02
9.196000000000000000e+03
3.870000000000000000e+02
6.656000000000000000e+03
2.026000000000000000e+03
8.818000000000000000e+03
2.835000000000000000e+03
6.147000000000000000e+03
7.550000000000000000e+02
5.210000000000000000e+02
1.104000000000000000e+03
2.941000000000000000e+03
6.871000000000000000e+03
3.501000000000000000e+03
1.131000000000000000e+03
4.468000000000000000e+03
6.207000000000000000e+03
5.035000000000000000e+03
1.265000000000000000e+03
1.410000000000000000e+02
6.065000000000000000e+03
3.635000000000000000e+03
7.536000000000000000e+03
3.822000000000000000e+03
3.376000000000000000e+03
1.571000000000000000e+03
1.815000000000000000e+03
5.271000000000000000e+03
9.691000000000000000e+03
8.192000000000000000e+03
9.016000000000000000e+03
9.211000000000000000e+03
9.241000000000000000e+03
4.147000000000000000e+03
3.250000000000000000e+02
1.630000000000000000e+02
3.056000000000000000e+03
1.860000000000000000e+02
3.788000000000000000e+03
3.785000000000000000e+03
9.962000000000000000e+03
2.125000000000000000e+03
3.840000000000000000e+02
1.793000000000000000e+03
9.375000000000000000e+03
9.025000000000000000e+03
9.161000000000000000e+03
9.186000000000000000e+03
9.502000000000000000e+03
3.016000000000000000e+03
9.534000000000000000e+03
2.785000000000000000e+03
2.639000000000000000e+03
8.630000000000000000e+03
8.586000000000000000e+03
2.603000000000000000e+03
3.120000000000000000e+03
3.889000000000000000e+03
2.845000000000000000e+03
2.852000000000000000e+03
2.547000000000000000e+03
9.034000000000000000e+03
1.779000000000000000e+03
9.738000000000000000e+03
1.986000000000000000e+03
9.783000000000000000e+03
9.372000000000000000e+03
3.861000000000000000e+03
1.649000000000000000e+03
4.528000000000000000e+03
5.471000000000000000e+03
5.691000000000000000e+03
5.562000000000000000e+03
5.520000000000000000e+03
5.414000000000000000e+03
5.333000000000000000e+03
7.660000000000000000e+03
7.691000000000000000e+03
5.288000000000000000e+03
5.241000000000000000e+03
1.489000000000000000e+03
5.227000000000000000e+03
5.175000000000000000e+03
7.841000000000000000e+03
5.129000000000000000e+03
1.453000000000000000e+03
8.341000000000000000e+03
5.116000000000000000e+03
7.856000000000000000e+03
7.882000000000000000e+03
5.062000000000000000e+03
7.921000000000000000e+03
5.001000000000000000e+03
7.967000000000000000e+03
5.350000000000000000e+02
4.509000000000000000e+03
8.321000000000000000e+03
1.421000000000000000e+03
4.669000000000000000e+03
1.443000000000000000e+03
1.449000000000000000e+03
4.465000000000000000e+03
5.742000000000000000e+03
7.490000000000000000e+03
5.786000000000000000e+03
6.804000000000000000e+03
8.760000000000000000e+02
6.723000000000000000e+03
4.275000000000000000e+03
6.721000000000000000e+03
6.697000000000000000e+03
8.403000000000000000e+03
6.957000000000000000e+03
6.979000000000000000e+03
6.584000000000000000e+03
7.026000000000000000e+03
6.520000000000000000e+03
7.469000000000000000e+03
4.547000000000000000e+03
1.071000000000000000e+03
4.392000000000000000e+03
5.866000000000000000e+03
6.165000000000000000e+03
4.337000000000000000e+03
7.323000000000000000e+03
7.140000000000000000e+02
7.405000000000000000e+03
6.040000000000000000e+03
7.380000000000000000e+03
5.826000000000000000e+03
8.356000000000000000e+03
1.972000000000000000e+03
6.899000000000000000e+03
6.223000000000000000e+03
1.367000000000000000e+03
9.937000000000000000e+03
6.400000000000000000e+03
9.238000000000000000e+03
1.271000000000000000e+03
7.860000000000000000e+02
9.938000000000000000e+03
9.910000000000000000e+03
6.846000000000000000e+03
4.259000000000000000e+03
6.167000000000000000e+03
8.467000000000000000e+03
9.773000000000000000e+03
9.037000000000000000e+03
5.463000000000000000e+03
6.431000000000000000e+03
4.994000000000000000e+03
9.737000000000000000e+03
6.496000000000000000e+03
9.142000000000000000e+03
2.231000000000000000e+03
7.110000000000000000e+03
3.087000000000000000e+03
6.009000000000000000e+03
4.350000000000000000e+02
5.292000000000000000e+03
2.559000000000000000e+03
4.399000000000000000e+03
9.650000000000000000e+03
9.199000000000000000e+03
5.143000000000000000e+03
9.062000000000000000e+03
9.378000000000000000e+03
3.220000000000000000e+03
6.890000000000000000e+03
6.464000000000000000e+03
7.211000000000000000e+03
7.173000000000000000e+03
1.139000000000000000e+03
9.260000000000000000e+03
4.000000000000000000e+02
5.980000000000000000e+03
8.998000000000000000e+03
5.624000000000000000e+03
6.484000000000000000e+03
3.731000000000000000e+03
9.878000000000000000e+03
9.210000000000000000e+02
1.627000000000000000e+03
4.928000000000000000e+03
2.731000000000000000e+03
3.844000000000000000e+03
2.697000000000000000e+03
6.741000000000000000e+03
1.102000000000000000e+03
6.131000000000000000e+03
9.131000000000000000e+03
2.558000000000000000e+03
6.718000000000000000e+03
1.700000000000000000e+01
3.575000000000000000e+03
7.795000000000000000e+03
7.710000000000000000e+03
4.485000000000000000e+03
7.704000000000000000e+03
1.502000000000000000e+03
5.135000000000000000e+03
3.370000000000000000e+02
6.840000000000000000e+02
8.987000000000000000e+03
3.181000000000000000e+03
5.449000000000000000e+03
5.416000000000000000e+03
9.561000000000000000e+03
8.753000000000000000e+03
2.352000000000000000e+03
7.659000000000000000e+03
3.881000000000000000e+03
2.182000000000000000e+03
9.126000000000000000e+03
2.466000000000000000e+03
3.253000000000000000e+03
7.753000000000000000e+03
2.133000000000000000e+03
9.922000000000000000e+03
6.412000000000000000e+03
9.151000000000000000e+03
7.350000000000000000e+03
3.210000000000000000e+03
4.966000000000000000e+03
6.563000000000000000e+03
2.619000000000000000e+03
6.767000000000000000e+03
7.391000000000000000e+03
9.009000000000000000e+03
9.236000000000000000e+03
8.800000000000000000e+01
8.492000000000000000e+03
2.299000000000000000e+03
8.201000000000000000e+03
5.658000000000000000e+03
2.032000000000000000e+03
9.770000000000000000e+03
7.249000000000000000e+03
4.260000000000000000e+02
7.334000000000000000e+03
6.931000000000000000e+03
4.218000000000000000e+03
7.517000000000000000e+03
5.490000000000000000e+03
1.348000000000000000e+03
7.962000000000000000e+03
2.974000000000000000e+03
1.763000000000000000e+03
9.240000000000000000e+03
3.593000000000000000e+03
5.174000000000000000e+03
1.503000000000000000e+03
7.364000000000000000e+03
2.912000000000000000e+03
5.170000000000000000e+03
1.592000000000000000e+03
9.336000000000000000e+03
6.640000000000000000e+03
4.311000000000000000e+03
8.604000000000000000e+03
2.250000000000000000e+03
8.996000000000000000e+03
8.162000000000000000e+03
3.790000000000000000e+03
5.589000000000000000e+03
9.632000000000000000e+03
1.345000000000000000e+03
4.049000000000000000e+03
2.610000000000000000e+03
6.666000000000000000e+03
6.777000000000000000e+03
4.957000000000000000e+03
9.386000000000000000e+03
3.952000000000000000e+03
3.990000000000000000e+03
3.090000000000000000e+02
3.681000000000000000e+03
8.370000000000000000e+03
2.034000000000000000e+03
6.407000000000000000e+03
3.759000000000000000e+03
6.951000000000000000e+03
4.865000000000000000e+03
8.385000000000000000e+03
3.938000000000000000e+03
8.810000000000000000e+03
2.764000000000000000e+03
7.044000000000000000e+03
2.255000000000000000e+03
5.551000000000000000e+03
7.387000000000000000e+03
6.803000000000000000e+03
9.297000000000000000e+03
8.832000000000000000e+03
5.140000000000000000e+02
3.649000000000000000e+03
9.216000000000000000e+03
8.096000000000000000e+03
8.382000000000000000e+03
2.997000000000000000e+03
5.640000000000000000e+03
7.534000000000000000e+03
3.644000000000000000e+03
2.410000000000000000e+03
2.403000000000000000e+03
7.490000000000000000e+02
4.341000000000000000e+03
8.280000000000000000e+03
6.903000000000000000e+03
5.749000000000000000e+03
7.924000000000000000e+03
8.270000000000000000e+03
7.807000000000000000e+03
5.152000000000000000e+03
3.160000000000000000e+02
9.330000000000000000e+02
7.734000000000000000e+03
6.986000000000000000e+03
6.121000000000000000e+03
1.032000000000000000e+03
7.314000000000000000e+03
8.683000000000000000e+03
7.230000000000000000e+02
6.893000000000000000e+03
8.190000000000000000e+03
5.960000000000000000e+03
7.357000000000000000e+03
6.293000000000000000e+03
6.311000000000000000e+03
8.801000000000000000e+03
9.593000000000000000e+03
2.576000000000000000e+03
7.446000000000000000e+03
3.440000000000000000e+03
4.499000000000000000e+03
6.570000000000000000e+03
3.213000000000000000e+03
8.948000000000000000e+03
5.024000000000000000e+03
2.355000000000000000e+03
8.435000000000000000e+03
6.995000000000000000e+03
7.611000000000000000e+03
1.715000000000000000e+03
4.212000000000000000e+03
8.993000000000000000e+03
2.128000000000000000e+03
2.518000000000000000e+03
9.550000000000000000e+02
5.123000000000000000e+03
4.657000000000000000e+03
8.611000000000000000e+03
5.250000000000000000e+02
3.542000000000000000e+03
8.089000000000000000e+03
2.688000000000000000e+03
9.859000000000000000e+03
1.170000000000000000e+02
4.088000000000000000e+03
1.277000000000000000e+03
8.190000000000000000e+02
8.708000000000000000e+03
7.442000000000000000e+03
1.867000000000000000e+03
2.732000000000000000e+03
5.780000000000000000e+03
5.668000000000000000e+03
6.180000000000000000e+02
6.762000000000000000e+03
1.663000000000000000e+03
7.606000000000000000e+03
4.346000000000000000e+03
9.683000000000000000e+03
8.275000000000000000e+03
9.862000000000000000e+03
2.758000000000000000e+03
4.987000000000000000e+03
1.623000000000000000e+03
1.038000000000000000e+03
7.808000000000000000e+03
4.339000000000000000e+03
6.732000000000000000e+03
2.477000000000000000e+03
7.600000000000000000e+02
5.046000000000000000e+03
1.782000000000000000e+03
6.690000000000000000e+02
8.299000000000000000e+03
1.546000000000000000e+03
5.510000000000000000e+03
1.000000000000000000e+02
8.357000000000000000e+03
5.075000000000000000e+03
9.851000000000000000e+03
4.408000000000000000e+03
5.090000000000000000e+02
8.601000000000000000e+03
9.504000000000000000e+03
7.308000000000000000e+03
5.145000000000000000e+03
3.431000000000000000e+03
6.148000000000000000e+03
8.344000000000000000e+03
1.950000000000000000e+02
8.600000000000000000e+02
5.158000000000000000e+03
4.903000000000000000e+03
2.053000000000000000e+03
5.246000000000000000e+03
6.905000000000000000e+03
9.318000000000000000e+03
2.141000000000000000e+03
8.889000000000000000e+03
9.171000000000000000e+03
8.486000000000000000e+03
8.452000000000000000e+03
1.857000000000000000e+03
2.880000000000000000e+03
7.550000000000000000e+03
6.682000000000000000e+03
4.625000000000000000e+03
8.180000000000000000e+02
3.639000000000000000e+03
4.524000000000000000e+03
2.858000000000000000e+03
4.400000000000000000e+03
5.850000000000000000e+03
8.810000000000000000e+02
1.765000000000000000e+03
4.310000000000000000e+03
9.342000000000000000e+03
1.522000000000000000e+03
6.109000000000000000e+03
3.737000000000000000e+03
8.130000000000000000e+02
9.400000000000000000e+01
6.327000000000000000e+03
8.069000000000000000e+03
4.159000000000000000e+03
8.369000000000000000e+03
8.035000000000000000e+03
3.929000000000000000e+03
2.234000000000000000e+03
3.520000000000000000e+03
8.997000000000000000e+03
2.172000000000000000e+03
1.499000000000000000e+03
3.090000000000000000e+03
1.798000000000000000e+03
5.775000000000000000e+03
4.111000000000000000e+03
9.028000000000000000e+03
3.000000000000000000e+02
4.169000000000000000e+03
8.723000000000000000e+03
4.217000000000000000e+03
7.578000000000000000e+03
1.922000000000000000e+03
2.253000000000000000e+03
6.590000000000000000e+03
8.533000000000000000e+03
2.091000000000000000e+03
8.939000000000000000e+03
6.895000000000000000e+03
3.620000000000000000e+03
7.482000000000000000e+03
3.186000000000000000e+03
4.640000000000000000e+02
1.328000000000000000e+03
9.184000000000000000e+03
6.350000000000000000e+02
2.146000000000000000e+03
7.926000000000000000e+03
1.720000000000000000e+02
2.465000000000000000e+03
5.793000000000000000e+03
6.312000000000000000e+03
9.541000000000000000e+03
7.393000000000000000e+03
6.298000000000000000e+03
6.833000000000000000e+03
5.978000000000000000e+03
7.954000000000000000e+03
4.764000000000000000e+03
6.769000000000000000e+03
6.538000000000000000e+03
8.207000000000000000e+03
6.628000000000000000e+03
8.167000000000000000e+03
5.039000000000000000e+03
1.476000000000000000e+03
5.359000000000000000e+03
2.019000000000000000e+03
8.553000000000000000e+03
4.856000000000000000e+03
5.017000000000000000e+03
3.109000000000000000e+03
5.517000000000000000e+03
5.275000000000000000e+03
3.455000000000000000e+03
4.307000000000000000e+03
8.539000000000000000e+03
5.493000000000000000e+03
3.310000000000000000e+02
7.039000000000000000e+03
7.167000000000000000e+03
6.279000000000000000e+03
2.293000000000000000e+03
5.906000000000000000e+03
7.390000000000000000e+03
6.930000000000000000e+02
7.838000000000000000e+03
1.435000000000000000e+03
6.402000000000000000e+03
6.535000000000000000e+03
3.324000000000000000e+03
7.355000000000000000e+03
6.051000000000000000e+03
9.006000000000000000e+03
2.652000000000000000e+03
8.870000000000000000e+02
6.603000000000000000e+03
6.586000000000000000e+03
9.615000000000000000e+03
8.172000000000000000e+03
2.149000000000000000e+03
4.676000000000000000e+03
4.080000000000000000e+03
9.391000000000000000e+03
6.801000000000000000e+03
2.480000000000000000e+02
8.525000000000000000e+03
3.136000000000000000e+03
9.536000000000000000e+03
7.673000000000000000e+03
6.823000000000000000e+03
1.491000000000000000e+03
4.646000000000000000e+03
4.696000000000000000e+03
8.407000000000000000e+03
6.006000000000000000e+03
9.675000000000000000e+03
8.305000000000000000e+03
2.171000000000000000e+03
1.544000000000000000e+03
6.282000000000000000e+03
4.116000000000000000e+03
2.575000000000000000e+03
3.910000000000000000e+03
9.092000000000000000e+03
5.171000000000000000e+03
9.357000000000000000e+03
8.840000000000000000e+02
8.316000000000000000e+03
5.523000000000000000e+03
5.540000000000000000e+03
5.629000000000000000e+03
7.375000000000000000e+03
5.739000000000000000e+03
5.911000000000000000e+03
3.920000000000000000e+03
2.867000000000000000e+03
6.330000000000000000e+03
5.884000000000000000e+03
5.504000000000000000e+03
2.556000000000000000e+03
4.575000000000000000e+03
8.626000000000000000e+03
8.398000000000000000e+03
3.777000000000000000e+03
3.991000000000000000e+03
3.478000000000000000e+03
3.530000000000000000e+03
5.121000000000000000e+03
5.053000000000000000e+03
8.420000000000000000e+03
5.202000000000000000e+03
5.231000000000000000e+03
9.835000000000000000e+03
3.216000000000000000e+03
4.988000000000000000e+03
3.648000000000000000e+03
4.976000000000000000e+03
6.908000000000000000e+03
4.943000000000000000e+03
8.335000000000000000e+03
9.792000000000000000e+03
6.573000000000000000e+03
5.393000000000000000e+03
9.197000000000000000e+03
3.123000000000000000e+03
9.761000000000000000e+03
2.408000000000000000e+03
3.061000000000000000e+03
3.224000000000000000e+03
9.999000000000000000e+03
1.644000000000000000e+03
4.480000000000000000e+02
1.308000000000000000e+03
1.472000000000000000e+03
1.707000000000000000e+03
1.990000000000000000e+03
1.616000000000000000e+03
5.110000000000000000e+02
1.002000000000000000e+03
1.611000000000000000e+03
1.828000000000000000e+03
1.211000000000000000e+03
1.096000000000000000e+03
3.960000000000000000e+02
3.600000000000000000e+01
1.029000000000000000e+03
1.201000000000000000e+03
1.428000000000000000e+03
1.818000000000000000e+03
3.770000000000000000e+02
4.098000000000000000e+03
5.974000000000000000e+03
4.130000000000000000e+03
3.464000000000000000e+03
1.831000000000000000e+03
9.671000000000000000e+03
5.939000000000000000e+03
3.833000000000000000e+03
7.980000000000000000e+03
1.925000000000000000e+03
7.527000000000000000e+03
5.620000000000000000e+02
5.975000000000000000e+03
4.837000000000000000e+03
9.720000000000000000e+02
3.015000000000000000e+03
6.958000000000000000e+03
5.859000000000000000e+03
8.617000000000000000e+03
1.346000000000000000e+03
9.571000000000000000e+03
9.377000000000000000e+03
6.844000000000000000e+03
4.660000000000000000e+02
6.303000000000000000e+03
4.757000000000000000e+03
2.312000000000000000e+03
5.813000000000000000e+03
1.801000000000000000e+03
5.404000000000000000e+03
1.928000000000000000e+03
5.180000000000000000e+02
3.626000000000000000e+03
4.122000000000000000e+03
5.915000000000000000e+03
1.394000000000000000e+03
2.521000000000000000e+03
4.782000000000000000e+03
6.016000000000000000e+03
1.148000000000000000e+03
7.242000000000000000e+03
4.946000000000000000e+03
2.883000000000000000e+03
4.090000000000000000e+03
6.837000000000000000e+03
8.476000000000000000e+03
7.467000000000000000e+03
9.759000000000000000e+03
6.855000000000000000e+03
9.452000000000000000e+03
6.992000000000000000e+03
5.020000000000000000e+02
6.135000000000000000e+03
9.861000000000000000e+03
9.429000000000000000e+03
8.609000000000000000e+03
7.834000000000000000e+03
5.602000000000000000e+03
4.033000000000000000e+03
6.386000000000000000e+03
5.999000000000000000e+03
3.299000000000000000e+03
6.752000000000000000e+03
7.080000000000000000e+03
1.313000000000000000e+03
6.028000000000000000e+03
1.543000000000000000e+03
4.138000000000000000e+03
3.422000000000000000e+03
5.630000000000000000e+02
3.084000000000000000e+03
4.301000000000000000e+03
4.576000000000000000e+03
9.896000000000000000e+03
3.915000000000000000e+03
8.728000000000000000e+03
8.633000000000000000e+03
6.410000000000000000e+02
5.389000000000000000e+03
5.664000000000000000e+03
7.700000000000000000e+03
7.083000000000000000e+03
1.919000000000000000e+03
9.603000000000000000e+03
8.164000000000000000e+03
7.725000000000000000e+03
8.926000000000000000e+03
8.309000000000000000e+03
5.534000000000000000e+03
8.816000000000000000e+03
8.698000000000000000e+03
8.180000000000000000e+03
1.808000000000000000e+03
9.039000000000000000e+03
4.420000000000000000e+02
5.167000000000000000e+03
3.456000000000000000e+03
6.759000000000000000e+03
7.930000000000000000e+02
4.588000000000000000e+03
5.965000000000000000e+03
4.821000000000000000e+03
3.176000000000000000e+03
4.626000000000000000e+03
4.250000000000000000e+02
3.943000000000000000e+03
9.401000000000000000e+03
8.498000000000000000e+03
3.980000000000000000e+03
9.231000000000000000e+03
5.328000000000000000e+03
4.590000000000000000e+02
7.040000000000000000e+02
6.240000000000000000e+03
1.753000000000000000e+03
4.827000000000000000e+03
5.417000000000000000e+03
8.120000000000000000e+02
8.970000000000000000e+02
6.890000000000000000e+02
1.870000000000000000e+02
7.319000000000000000e+03
3.030000000000000000e+03
4.320000000000000000e+02
2.261000000000000000e+03
1.884000000000000000e+03
5.625000000000000000e+03
8.518000000000000000e+03
2.736000000000000000e+03
4.605000000000000000e+03
1.041000000000000000e+03
3.720000000000000000e+02
3.231000000000000000e+03
6.674000000000000000e+03
5.549000000000000000e+03
6.671000000000000000e+03
3.145000000000000000e+03
1.794000000000000000e+03
3.550000000000000000e+03
6.615000000000000000e+03
5.151000000000000000e+03
5.018000000000000000e+03
8.577000000000000000e+03
1.914000000000000000e+03
8.540000000000000000e+03
4.648000000000000000e+03
5.942000000000000000e+03
6.813000000000000000e+03
7.264000000000000000e+03
2.595000000000000000e+03
9.293000000000000000e+03
9.832000000000000000e+03
1.506000000000000000e+03
6.299000000000000000e+03
2.671000000000000000e+03
2.526000000000000000e+03
6.334000000000000000e+03
7.750000000000000000e+03
4.760000000000000000e+02
8.461000000000000000e+03
6.863000000000000000e+03
2.557000000000000000e+03
5.659000000000000000e+03
1.005000000000000000e+03
3.540000000000000000e+03
5.369000000000000000e+03
3.290000000000000000e+02
3.523000000000000000e+03
2.452000000000000000e+03
4.699000000000000000e+03
4.283000000000000000e+03
8.523000000000000000e+03
2.066000000000000000e+03
6.161000000000000000e+03
9.952000000000000000e+03
2.015000000000000000e+03
5.180000000000000000e+03
1.939000000000000000e+03
3.919000000000000000e+03
6.664000000000000000e+03
1.876000000000000000e+03
4.099000000000000000e+03
8.582000000000000000e+03
4.410000000000000000e+02
5.342000000000000000e+03
3.468000000000000000e+03
5.030000000000000000e+02
4.053000000000000000e+03
4.073000000000000000e+03
3.581000000000000000e+03
1.017000000000000000e+03
3.941000000000000000e+03
4.628000000000000000e+03
1.670000000000000000e+03
6.901000000000000000e+03
3.020000000000000000e+02
8.352000000000000000e+03
2.029000000000000000e+03
1.846000000000000000e+03
6.760000000000000000e+02
3.340000000000000000e+02
5.699000000000000000e+03
2.933000000000000000e+03
8.978000000000000000e+03
5.541000000000000000e+03
7.251000000000000000e+03
1.299000000000000000e+03
9.780000000000000000e+03
7.006000000000000000e+03
9.989000000000000000e+03
6.500000000000000000e+01
