4.500000000000000000e+03
2.767000000000000000e+03
1.615000000000000000e+03
9.270000000000000000e+03
6.073000000000000000e+03
6.821000000000000000e+03
8.169000000000000000e+03
1.682000000000000000e+03
7.826000000000000000e+03
3.942000000000000000e+03
8.772000000000000000e+03
3.763000000000000000e+03
5.701000000000000000e+03
1.199000000000000000e+03
1.584000000000000000e+03
7.600000000000000000e+02
3.077000000000000000e+03
8.744000000000000000e+03
1.372000000000000000e+03
9.519000000000000000e+03
2.552000000000000000e+03
5.083000000000000000e+03
4.277000000000000000e+03
7.166000000000000000e+03
9.637000000000000000e+03
5.905000000000000000e+03
4.278000000000000000e+03
1.400000000000000000e+01
5.311000000000000000e+03
4.445000000000000000e+03
1.100000000000000000e+01
3.350000000000000000e+02
5.790000000000000000e+03
3.805000000000000000e+03
9.893000000000000000e+03
1.968000000000000000e+03
2.540000000000000000e+03
9.881000000000000000e+03
6.143000000000000000e+03
5.143000000000000000e+03
6.410000000000000000e+03
3.096000000000000000e+03
5.061000000000000000e+03
7.577000000000000000e+03
8.879000000000000000e+03
4.068000000000000000e+03
1.363000000000000000e+03
1.376000000000000000e+03
6.714000000000000000e+03
6.104000000000000000e+03
8.805000000000000000e+03
3.994000000000000000e+03
4.981000000000000000e+03
6.847000000000000000e+03
7.908000000000000000e+03
5.759000000000000000e+03
4.176000000000000000e+03
6.965000000000000000e+03
7.600000000000000000e+03
2.173000000000000000e+03
6.173000000000000000e+03
4.421000000000000000e+03
5.456000000000000000e+03
4.670000000000000000e+03
7.510000000000000000e+03
8.053000000000000000e+03
9.769000000000000000e+03
3.803000000000000000e+03
8.410000000000000000e+02
8.975000000000000000e+03
5.186000000000000000e+03
2.962000000000000000e+03
7.316000000000000000e+03
1.959000000000000000e+03
5.840000000000000000e+02
2.451000000000000000e+03
3.683000000000000000e+03
1.671000000000000000e+03
2.388000000000000000e+03
9.532000000000000000e+03
1.141000000000000000e+03
5.650000000000000000e+02
5.993000000000000000e+03
6.747000000000000000e+03
8.156000000000000000e+03
9.843000000000000000e+03
8.596000000000000000e+03
8.854000000000000000e+03
7.182000000000000000e+03
9.814000000000000000e+03
3.480000000000000000e+02
7.737000000000000000e+03
9.122000000000000000e+03
4.748000000000000000e+03
1.677000000000000000e+03
1.685000000000000000e+03
8.203000000000000000e+03
7.244000000000000000e+03
3.949000000000000000e+03
1.692000000000000000e+03
7.415000000000000000e+03
4.713000000000000000e+03
7.409000000000000000e+03
3.806000000000000000e+03
4.401000000000000000e+03
4.112000000000000000e+03
4.077000000000000000e+03
4.623000000000000000e+03
4.156000000000000000e+03
9.164000000000000000e+03
9.302000000000000000e+03
4.506000000000000000e+03
7.363000000000000000e+03
4.495000000000000000e+03
1.609000000000000000e+03
1.559000000000000000e+03
4.358000000000000000e+03
8.170000000000000000e+03
9.146000000000000000e+03
1.494000000000000000e+03
5.312000000000000000e+03
4.790000000000000000e+03
5.925000000000000000e+03
8.697000000000000000e+03
1.177000000000000000e+03
5.947000000000000000e+03
6.023000000000000000e+03
6.764000000000000000e+03
6.084000000000000000e+03
1.133000000000000000e+03
3.970000000000000000e+02
8.603000000000000000e+03
6.670000000000000000e+03
6.163000000000000000e+03
8.579000000000000000e+03
9.640000000000000000e+02
9.730000000000000000e+02
6.268000000000000000e+03
9.760000000000000000e+02
8.458000000000000000e+03
6.587000000000000000e+03
6.577000000000000000e+03
1.001000000000000000e+03
6.493000000000000000e+03
6.522000000000000000e+03
8.318000000000000000e+03
5.918000000000000000e+03
8.745000000000000000e+03
8.754000000000000000e+03
7.170000000000000000e+03
4.845000000000000000e+03
4.914000000000000000e+03
4.924000000000000000e+03
1.442000000000000000e+03
4.995000000000000000e+03
5.084000000000000000e+03
5.179000000000000000e+03
3.080000000000000000e+02
6.984000000000000000e+03
5.439000000000000000e+03
4.773000000000000000e+03
5.447000000000000000e+03
3.210000000000000000e+02
5.469000000000000000e+03
8.891000000000000000e+03
5.473000000000000000e+03
5.498000000000000000e+03
6.964000000000000000e+03
5.605000000000000000e+03
5.617000000000000000e+03
6.932000000000000000e+03
3.510000000000000000e+02
5.723000000000000000e+03
5.450000000000000000e+03
9.415000000000000000e+03
9.269000000000000000e+03
9.739000000000000000e+03
2.106000000000000000e+03
9.714000000000000000e+03
8.097000000000000000e+03
4.200000000000000000e+01
1.460000000000000000e+02
2.541000000000000000e+03
1.430000000000000000e+02
7.985000000000000000e+03
7.741000000000000000e+03
7.549000000000000000e+03
3.121000000000000000e+03
6.660000000000000000e+02
2.923000000000000000e+03
6.710000000000000000e+02
2.046000000000000000e+03
3.387000000000000000e+03
1.970000000000000000e+03
3.325000000000000000e+03
3.312000000000000000e+03
8.028000000000000000e+03
5.540000000000000000e+02
9.812000000000000000e+03
2.777000000000000000e+03
7.250000000000000000e+02
3.282000000000000000e+03
9.589000000000000000e+03
7.800000000000000000e+01
2.889000000000000000e+03
3.263000000000000000e+03
2.462000000000000000e+03
2.444000000000000000e+03
3.487000000000000000e+03
9.875000000000000000e+03
9.428000000000000000e+03
7.444000000000000000e+03
3.142000000000000000e+03
2.258000000000000000e+03
3.743000000000000000e+03
9.431000000000000000e+03
7.820000000000000000e+03
2.264000000000000000e+03
9.689000000000000000e+03
3.165000000000000000e+03
9.447000000000000000e+03
9.455000000000000000e+03
1.773000000000000000e+03
7.450000000000000000e+03
8.100000000000000000e+01
1.948000000000000000e+03
3.532000000000000000e+03
2.987000000000000000e+03
6.379000000000000000e+03
7.453000000000000000e+03
6.527000000000000000e+03
5.977000000000000000e+03
8.860000000000000000e+02
3.849000000000000000e+03
6.598000000000000000e+03
4.563000000000000000e+03
9.259000000000000000e+03
8.840000000000000000e+03
9.033000000000000000e+03
6.962000000000000000e+03
3.840000000000000000e+02
8.887000000000000000e+03
9.104000000000000000e+03
7.180000000000000000e+02
8.767000000000000000e+03
6.746000000000000000e+03
9.291000000000000000e+03
6.882000000000000000e+03
6.376000000000000000e+03
9.450000000000000000e+03
3.055000000000000000e+03
7.477000000000000000e+03
6.198000000000000000e+03
4.464000000000000000e+03
7.811000000000000000e+03
4.673000000000000000e+03
8.909000000000000000e+03
7.016000000000000000e+03
7.764000000000000000e+03
5.355000000000000000e+03
2.978000000000000000e+03
8.520000000000000000e+02
3.081000000000000000e+03
5.350000000000000000e+03
5.767000000000000000e+03
5.563000000000000000e+03
6.343000000000000000e+03
6.329000000000000000e+03
6.643000000000000000e+03
2.278000000000000000e+03
6.172000000000000000e+03
2.291000000000000000e+03
2.308000000000000000e+03
8.598000000000000000e+03
2.890000000000000000e+03
2.153000000000000000e+03
2.424000000000000000e+03
7.786000000000000000e+03
5.919000000000000000e+03
2.558000000000000000e+03
2.667000000000000000e+03
7.621000000000000000e+03
8.940000000000000000e+02
5.646000000000000000e+03
6.113000000000000000e+03
3.138000000000000000e+03
3.798000000000000000e+03
8.410000000000000000e+03
8.152000000000000000e+03
9.597000000000000000e+03
1.734000000000000000e+03
3.347000000000000000e+03
1.880000000000000000e+03
1.755000000000000000e+03
3.395000000000000000e+03
9.068000000000000000e+03
3.705000000000000000e+03
8.211000000000000000e+03
9.066000000000000000e+03
9.064000000000000000e+03
9.626000000000000000e+03
4.015000000000000000e+03
9.058000000000000000e+03
1.889000000000000000e+03
7.474000000000000000e+03
3.491000000000000000e+03
4.940000000000000000e+02
1.599000000000000000e+03
9.250000000000000000e+03
4.890000000000000000e+03
3.609000000000000000e+03
1.600000000000000000e+01
3.287000000000000000e+03
4.942000000000000000e+03
4.918000000000000000e+03
7.461000000000000000e+03
9.899000000000000000e+03
8.815000000000000000e+03
7.226000000000000000e+03
5.310000000000000000e+02
9.591000000000000000e+03
1.146000000000000000e+03
2.537000000000000000e+03
7.878000000000000000e+03
7.592000000000000000e+03
6.267000000000000000e+03
2.855000000000000000e+03
9.297000000000000000e+03
3.461000000000000000e+03
7.612000000000000000e+03
2.446000000000000000e+03
3.709000000000000000e+03
5.681000000000000000e+03
1.097000000000000000e+03
9.220000000000000000e+02
1.137000000000000000e+03
1.898000000000000000e+03
1.228000000000000000e+03
5.191000000000000000e+03
9.907000000000000000e+03
2.018000000000000000e+03
7.470000000000000000e+03
7.344000000000000000e+03
7.976000000000000000e+03
9.671000000000000000e+03
3.162000000000000000e+03
2.136000000000000000e+03
2.148000000000000000e+03
3.044000000000000000e+03
7.885000000000000000e+03
6.099000000000000000e+03
7.535000000000000000e+03
3.645000000000000000e+03
3.692000000000000000e+03
5.222000000000000000e+03
8.293000000000000000e+03
2.875000000000000000e+03
8.010000000000000000e+02
2.204000000000000000e+03
4.613000000000000000e+03
8.107000000000000000e+03
3.853000000000000000e+03
6.913000000000000000e+03
3.210000000000000000e+03
4.441000000000000000e+03
1.980000000000000000e+03
5.366000000000000000e+03
6.388000000000000000e+03
4.418000000000000000e+03
5.970000000000000000e+02
8.083000000000000000e+03
5.914000000000000000e+03
3.507000000000000000e+03
6.048000000000000000e+03
2.123000000000000000e+03
6.229000000000000000e+03
9.976000000000000000e+03
4.350000000000000000e+02
6.137000000000000000e+03
6.386000000000000000e+03
6.616000000000000000e+03
8.352000000000000000e+03
7.957000000000000000e+03
7.404000000000000000e+03
8.429000000000000000e+03
8.548000000000000000e+03
8.220000000000000000e+03
8.157000000000000000e+03
4.406000000000000000e+03
4.408000000000000000e+03
5.050000000000000000e+02
8.278000000000000000e+03
1.634000000000000000e+03
2.806000000000000000e+03
4.618000000000000000e+03
9.126000000000000000e+03
8.897000000000000000e+03
1.872000000000000000e+03
9.748000000000000000e+03
7.443000000000000000e+03
1.401000000000000000e+03
3.054000000000000000e+03
5.013000000000000000e+03
2.658000000000000000e+03
2.572000000000000000e+03
6.823000000000000000e+03
7.356000000000000000e+03
7.690000000000000000e+02
4.244000000000000000e+03
4.245000000000000000e+03
2.544000000000000000e+03
1.205000000000000000e+03
2.548000000000000000e+03
2.512000000000000000e+03
9.523000000000000000e+03
8.303000000000000000e+03
1.947000000000000000e+03
3.240000000000000000e+02
1.861000000000000000e+03
5.703000000000000000e+03
1.058000000000000000e+03
4.115000000000000000e+03
3.843000000000000000e+03
5.810000000000000000e+02
4.490000000000000000e+02
6.546000000000000000e+03
7.541000000000000000e+03
7.889000000000000000e+03
6.773000000000000000e+03
8.153000000000000000e+03
7.077000000000000000e+03
8.397000000000000000e+03
7.402000000000000000e+03
7.470000000000000000e+02
7.209000000000000000e+03
7.803000000000000000e+03
9.890000000000000000e+02
7.813000000000000000e+03
7.370000000000000000e+02
5.240000000000000000e+02
5.520000000000000000e+02
6.925000000000000000e+03
7.920000000000000000e+02
8.061000000000000000e+03
6.950000000000000000e+03
6.970000000000000000e+03
7.445000000000000000e+03
2.203000000000000000e+03
8.990000000000000000e+03
1.664000000000000000e+03
4.137000000000000000e+03
2.074000000000000000e+03
4.192000000000000000e+03
9.844000000000000000e+03
2.140000000000000000e+02
2.180000000000000000e+02
1.594000000000000000e+03
2.082000000000000000e+03
1.590000000000000000e+03
4.491000000000000000e+03
2.543000000000000000e+03
4.566000000000000000e+03
4.627000000000000000e+03
2.443000000000000000e+03
2.380000000000000000e+03
9.080000000000000000e+03
2.953000000000000000e+03
4.799000000000000000e+03
3.900000000000000000e+03
1.481000000000000000e+03
3.892000000000000000e+03
9.397000000000000000e+03
2.993000000000000000e+03
9.685000000000000000e+03
1.900000000000000000e+03
2.879000000000000000e+03
1.891000000000000000e+03
9.583000000000000000e+03
3.359000000000000000e+03
3.399000000000000000e+03
3.403000000000000000e+03
3.454000000000000000e+03
3.467000000000000000e+03
1.805000000000000000e+03
2.812000000000000000e+03
7.000000000000000000e+01
3.640000000000000000e+03
2.729000000000000000e+03
3.720000000000000000e+03
9.818000000000000000e+03
3.794000000000000000e+03
2.717000000000000000e+03
1.465000000000000000e+03
2.690000000000000000e+02
9.951000000000000000e+03
5.785000000000000000e+03
4.944000000000000000e+03
2.237000000000000000e+03
5.844000000000000000e+03
8.694000000000000000e+03
6.039000000000000000e+03
1.129000000000000000e+03
8.592000000000000000e+03
6.208000000000000000e+03
2.179000000000000000e+03
1.101000000000000000e+03
8.528000000000000000e+03
1.078000000000000000e+03
6.294000000000000000e+03
2.229000000000000000e+03
2.223000000000000000e+03
6.424000000000000000e+03
2.192000000000000000e+03
2.193000000000000000e+03
9.988000000000000000e+03
6.225000000000000000e+03
5.729000000000000000e+03
2.904000000000000000e+03
5.716000000000000000e+03
8.988000000000000000e+03
5.140000000000000000e+03
9.906000000000000000e+03
1.382000000000000000e+03
5.265000000000000000e+03
3.120000000000000000e+02
5.722000000000000000e+03
5.583000000000000000e+03
5.584000000000000000e+03
5.537000000000000000e+03
5.702000000000000000e+03
5.626000000000000000e+03
5.652000000000000000e+03
8.856000000000000000e+03
7.229000000000000000e+03
5.529000000000000000e+03
5.362000000000000000e+03
4.254000000000000000e+03
6.124000000000000000e+03
2.624000000000000000e+03
7.817000000000000000e+03
2.674000000000000000e+03
7.842000000000000000e+03
2.419000000000000000e+03
2.048000000000000000e+03
2.490000000000000000e+03
7.854000000000000000e+03
7.849000000000000000e+03
2.856000000000000000e+03
2.165000000000000000e+03
1.020000000000000000e+03
3.148000000000000000e+03
1.023000000000000000e+03
1.024000000000000000e+03
1.031000000000000000e+03
6.364000000000000000e+03
6.304000000000000000e+03
6.679000000000000000e+03
6.158000000000000000e+03
5.920000000000000000e+03
5.809000000000000000e+03
5.791000000000000000e+03
5.733000000000000000e+03
5.239000000000000000e+03
7.106000000000000000e+03
4.919000000000000000e+03
4.780000000000000000e+03
4.742000000000000000e+03
4.661000000000000000e+03
3.349000000000000000e+03
3.502000000000000000e+03
3.506000000000000000e+03
1.775000000000000000e+03
3.771000000000000000e+03
7.439000000000000000e+03
7.562000000000000000e+03
3.863000000000000000e+03
1.693000000000000000e+03
1.638000000000000000e+03
6.508000000000000000e+03
4.370000000000000000e+03
7.315000000000000000e+03
4.595000000000000000e+03
1.714000000000000000e+03
4.219000000000000000e+03
0.000000000000000000e+00
7.984000000000000000e+03
9.154000000000000000e+03
9.558000000000000000e+03
1.600000000000000000e+02
9.065000000000000000e+03
9.642000000000000000e+03
9.168000000000000000e+03
9.806000000000000000e+03
9.185000000000000000e+03
7.929000000000000000e+03
7.989000000000000000e+03
8.147000000000000000e+03
9.995000000000000000e+03
9.127000000000000000e+03
9.230000000000000000e+03
8.678000000000000000e+03
8.434000000000000000e+03
1.721000000000000000e+03
7.996000000000000000e+03
5.167000000000000000e+03
3.174000000000000000e+03
6.708000000000000000e+03
3.334000000000000000e+03
3.337000000000000000e+03
5.305000000000000000e+03
9.968000000000000000e+03
5.852000000000000000e+03
6.607000000000000000e+03
9.845000000000000000e+03
8.029000000000000000e+03
4.225000000000000000e+03
9.888000000000000000e+03
6.275000000000000000e+03
2.469000000000000000e+03
4.081000000000000000e+03
3.151000000000000000e+03
7.272000000000000000e+03
1.037000000000000000e+03
2.850000000000000000e+02
8.810000000000000000e+03
7.300000000000000000e+03
3.260000000000000000e+03
1.896000000000000000e+03
3.818000000000000000e+03
2.008000000000000000e+03
1.280000000000000000e+03
2.215000000000000000e+03
5.210000000000000000e+03
9.570000000000000000e+03
4.063000000000000000e+03
2.527000000000000000e+03
5.188000000000000000e+03
2.042000000000000000e+03
9.816000000000000000e+03
6.078000000000000000e+03
1.390000000000000000e+02
1.653000000000000000e+03
4.569000000000000000e+03
2.906000000000000000e+03
7.072000000000000000e+03
6.632000000000000000e+03
7.623000000000000000e+03
5.079000000000000000e+03
6.230000000000000000e+02
9.335000000000000000e+03
8.145000000000000000e+03
7.573000000000000000e+03
8.655000000000000000e+03
2.160000000000000000e+03
6.080000000000000000e+03
4.042000000000000000e+03
4.745000000000000000e+03
1.222000000000000000e+03
7.198000000000000000e+03
5.087000000000000000e+03
5.910000000000000000e+02
8.262000000000000000e+03
3.841000000000000000e+03
6.020000000000000000e+02
9.680000000000000000e+02
9.449000000000000000e+03
8.540000000000000000e+02
8.380000000000000000e+02
5.601000000000000000e+03
7.982000000000000000e+03
5.156000000000000000e+03
1.241000000000000000e+03
9.552000000000000000e+03
1.630000000000000000e+03
8.707000000000000000e+03
8.060000000000000000e+02
1.313000000000000000e+03
9.145000000000000000e+03
7.293000000000000000e+03
9.368000000000000000e+03
2.838000000000000000e+03
9.149000000000000000e+03
8.524000000000000000e+03
9.322000000000000000e+03
1.275000000000000000e+03
8.142000000000000000e+03
6.958000000000000000e+03
6.367000000000000000e+03
6.303000000000000000e+03
3.060000000000000000e+03
7.628000000000000000e+03
5.745000000000000000e+03
3.320000000000000000e+03
9.971000000000000000e+03
3.110000000000000000e+03
1.648000000000000000e+03
4.172000000000000000e+03
1.243000000000000000e+03
3.800000000000000000e+01
3.380000000000000000e+03
4.779000000000000000e+03
8.760000000000000000e+02
5.102000000000000000e+03
7.557000000000000000e+03
7.380000000000000000e+03
2.448000000000000000e+03
1.581000000000000000e+03
4.830000000000000000e+03
7.118000000000000000e+03
1.996000000000000000e+03
9.430000000000000000e+03
2.003000000000000000e+03
8.709000000000000000e+03
8.384000000000000000e+03
5.551000000000000000e+03
9.348000000000000000e+03
8.300000000000000000e+01
5.696000000000000000e+03
3.905000000000000000e+03
8.726000000000000000e+03
8.752000000000000000e+03
4.352000000000000000e+03
2.539000000000000000e+03
3.872000000000000000e+03
6.126000000000000000e+03
2.310000000000000000e+02
9.429000000000000000e+03
2.977000000000000000e+03
2.171000000000000000e+03
5.724000000000000000e+03
1.219000000000000000e+03
7.632000000000000000e+03
4.070000000000000000e+03
7.943000000000000000e+03
7.726000000000000000e+03
5.466000000000000000e+03
7.173000000000000000e+03
7.230000000000000000e+03
9.606000000000000000e+03
3.800000000000000000e+03
6.098000000000000000e+03
2.517000000000000000e+03
3.852000000000000000e+03
9.191000000000000000e+03
2.955000000000000000e+03
2.885000000000000000e+03
1.149000000000000000e+03
9.854000000000000000e+03
9.199000000000000000e+03
8.505000000000000000e+03
5.553000000000000000e+03
1.517000000000000000e+03
6.939000000000000000e+03
1.905000000000000000e+03
4.675000000000000000e+03
7.513000000000000000e+03
6.627000000000000000e+03
4.674000000000000000e+03
5.700000000000000000e+03
7.850000000000000000e+02
5.336000000000000000e+03
5.820000000000000000e+02
8.325000000000000000e+03
1.965000000000000000e+03
9.147000000000000000e+03
7.765000000000000000e+03
1.134000000000000000e+03
1.949000000000000000e+03
2.344000000000000000e+03
9.703000000000000000e+03
9.459000000000000000e+03
9.567000000000000000e+03
7.931000000000000000e+03
8.760000000000000000e+03
5.225000000000000000e+03
5.287000000000000000e+03
5.298000000000000000e+03
1.990000000000000000e+02
5.448000000000000000e+03
4.871000000000000000e+03
9.476000000000000000e+03
8.299000000000000000e+03
5.388000000000000000e+03
6.597000000000000000e+03
4.660000000000000000e+03
2.919000000000000000e+03
9.590000000000000000e+02
7.122000000000000000e+03
9.299000000000000000e+03
8.218000000000000000e+03
3.887000000000000000e+03
6.961000000000000000e+03
3.961000000000000000e+03
9.905000000000000000e+03
7.384000000000000000e+03
3.030000000000000000e+02
7.485000000000000000e+03
2.429000000000000000e+03
2.563000000000000000e+03
2.324000000000000000e+03
7.087000000000000000e+03
4.586000000000000000e+03
1.893000000000000000e+03
7.048000000000000000e+03
7.602000000000000000e+03
6.413000000000000000e+03
5.736000000000000000e+03
4.851000000000000000e+03
6.871000000000000000e+03
6.881000000000000000e+03
1.282000000000000000e+03
5.440000000000000000e+03
2.681000000000000000e+03
6.433000000000000000e+03
5.390000000000000000e+02
4.835000000000000000e+03
4.365000000000000000e+03
7.459000000000000000e+03
5.107000000000000000e+03
3.303000000000000000e+03
2.484000000000000000e+03
9.341000000000000000e+03
6.685000000000000000e+03
6.725000000000000000e+03
8.138000000000000000e+03
4.117000000000000000e+03
9.813000000000000000e+03
2.330000000000000000e+03
6.741000000000000000e+03
7.372000000000000000e+03
2.723000000000000000e+03
8.025000000000000000e+03
7.914000000000000000e+03
8.160000000000000000e+03
8.513000000000000000e+03
9.200000000000000000e+01
2.697000000000000000e+03
4.510000000000000000e+03
4.770000000000000000e+03
3.049000000000000000e+03
6.332000000000000000e+03
7.680000000000000000e+03
9.937000000000000000e+03
3.742000000000000000e+03
3.990000000000000000e+02
1.939000000000000000e+03
1.700000000000000000e+01
7.297000000000000000e+03
2.267000000000000000e+03
6.575000000000000000e+03
9.513000000000000000e+03
3.570000000000000000e+03
6.562000000000000000e+03
6.310000000000000000e+03
4.133000000000000000e+03
3.594000000000000000e+03
2.832000000000000000e+03
1.901000000000000000e+03
7.505000000000000000e+03
5.370000000000000000e+02
9.614000000000000000e+03
7.160000000000000000e+03
7.650000000000000000e+02
4.518000000000000000e+03
2.433000000000000000e+03
4.954000000000000000e+03
6.779000000000000000e+03
2.220000000000000000e+02
8.413000000000000000e+03
3.220000000000000000e+03
7.640000000000000000e+03
4.532000000000000000e+03
8.510000000000000000e+02
3.686000000000000000e+03
5.877000000000000000e+03
8.581000000000000000e+03
7.893000000000000000e+03
5.936000000000000000e+03
1.713000000000000000e+03
4.390000000000000000e+03
2.306000000000000000e+03
4.860000000000000000e+03
5.560000000000000000e+03
3.617000000000000000e+03
8.059000000000000000e+03
7.569000000000000000e+03
9.939000000000000000e+03
3.356000000000000000e+03
4.998000000000000000e+03
4.248000000000000000e+03
6.150000000000000000e+02
2.401000000000000000e+03
5.715000000000000000e+03
5.811000000000000000e+03
2.091000000000000000e+03
6.543000000000000000e+03
6.460000000000000000e+02
9.301000000000000000e+03
5.433000000000000000e+03
7.037000000000000000e+03
1.034000000000000000e+03
8.490000000000000000e+03
8.245000000000000000e+03
5.671000000000000000e+03
7.292000000000000000e+03
4.195000000000000000e+03
1.261000000000000000e+03
8.448000000000000000e+03
5.114000000000000000e+03
3.351000000000000000e+03
5.054000000000000000e+03
5.092000000000000000e+03
4.785000000000000000e+03
2.583000000000000000e+03
2.399000000000000000e+03
7.148000000000000000e+03
5.850000000000000000e+02
7.804000000000000000e+03
5.667000000000000000e+03
8.108000000000000000e+03
6.289000000000000000e+03
3.768000000000000000e+03
4.082000000000000000e+03
2.895000000000000000e+03
6.286000000000000000e+03
5.422000000000000000e+03
4.073000000000000000e+03
2.372000000000000000e+03
7.300000000000000000e+02
6.246000000000000000e+03
7.480000000000000000e+03
1.094000000000000000e+03
6.227000000000000000e+03
7.484000000000000000e+03
8.824000000000000000e+03
3.449000000000000000e+03
8.072000000000000000e+03
3.305000000000000000e+03
5.342000000000000000e+03
5.689000000000000000e+03
1.976000000000000000e+03
1.820000000000000000e+03
8.779000000000000000e+03
4.087000000000000000e+03
8.494000000000000000e+03
3.878000000000000000e+03
4.764000000000000000e+03
1.444000000000000000e+03
2.846000000000000000e+03
8.465000000000000000e+03
7.760000000000000000e+02
4.300000000000000000e+02
2.415000000000000000e+03
4.684000000000000000e+03
5.853000000000000000e+03
5.140000000000000000e+02
1.262000000000000000e+03
7.387000000000000000e+03
4.740000000000000000e+03
5.436000000000000000e+03
6.196000000000000000e+03
1.059000000000000000e+03
5.659000000000000000e+03
8.154000000000000000e+03
9.306000000000000000e+03
2.859000000000000000e+03
2.862000000000000000e+03
7.416000000000000000e+03
4.094000000000000000e+03
6.863000000000000000e+03
9.612000000000000000e+03
7.490000000000000000e+02
2.384000000000000000e+03
9.109000000000000000e+03
1.440000000000000000e+02
2.391000000000000000e+03
6.405000000000000000e+03
3.884000000000000000e+03
7.150000000000000000e+02
8.717000000000000000e+03
8.018000000000000000e+03
5.365000000000000000e+03
4.987000000000000000e+03
7.622000000000000000e+03
9.725000000000000000e+03
9.536000000000000000e+03
1.848000000000000000e+03
3.885000000000000000e+03
9.680000000000000000e+03
9.381000000000000000e+03
2.252000000000000000e+03
1.457000000000000000e+03
2.943000000000000000e+03
3.814000000000000000e+03
3.167000000000000000e+03
7.650000000000000000e+03
5.981000000000000000e+03
3.004000000000000000e+03
1.950000000000000000e+03
3.895000000000000000e+03
3.030000000000000000e+03
7.709000000000000000e+03
6.370000000000000000e+02
7.713000000000000000e+03
1.706000000000000000e+03
3.888000000000000000e+03
7.731000000000000000e+03
1.161000000000000000e+03
1.917000000000000000e+03
8.653000000000000000e+03
7.611000000000000000e+03
4.090000000000000000e+02
7.507000000000000000e+03
4.846000000000000000e+03
9.902000000000000000e+03
8.999000000000000000e+03
8.593000000000000000e+03
5.096000000000000000e+03
3.998000000000000000e+03
7.540000000000000000e+03
6.135000000000000000e+03
6.134000000000000000e+03
3.239000000000000000e+03
7.565000000000000000e+03
2.164000000000000000e+03
8.609000000000000000e+03
5.377000000000000000e+03
8.035000000000000000e+03
8.620000000000000000e+03
2.924000000000000000e+03
7.596000000000000000e+03
7.597000000000000000e+03
7.598000000000000000e+03
3.318000000000000000e+03
1.136000000000000000e+03
8.635000000000000000e+03
3.415000000000000000e+03
9.355000000000000000e+03
1.941000000000000000e+03
2.320000000000000000e+03
7.971000000000000000e+03
9.868000000000000000e+03
4.321000000000000000e+03
4.399000000000000000e+03
6.709000000000000000e+03
2.197000000000000000e+03
9.828000000000000000e+03
6.688000000000000000e+03
4.490000000000000000e+03
4.378000000000000000e+03
3.259000000000000000e+03
3.130000000000000000e+03
4.830000000000000000e+02
7.847000000000000000e+03
6.975000000000000000e+03
3.855000000000000000e+03
6.654000000000000000e+03
9.240000000000000000e+03
3.284000000000000000e+03
5.503000000000000000e+03
4.600000000000000000e+01
3.614000000000000000e+03
3.839000000000000000e+03
5.280000000000000000e+03
7.001000000000000000e+03
2.689000000000000000e+03
3.280000000000000000e+02
5.849000000000000000e+03
7.045000000000000000e+03
5.796000000000000000e+03
1.283000000000000000e+03
7.915000000000000000e+03
8.764000000000000000e+03
3.137000000000000000e+03
9.229000000000000000e+03
2.605000000000000000e+03
9.470000000000000000e+03
6.875000000000000000e+03
6.833000000000000000e+03
4.413000000000000000e+03
3.135000000000000000e+03
9.209000000000000000e+03
4.422000000000000000e+03
6.809000000000000000e+03
2.612000000000000000e+03
1.290000000000000000e+03
6.877000000000000000e+03
5.494000000000000000e+03
5.880000000000000000e+02
4.452000000000000000e+03
3.330000000000000000e+02
6.767000000000000000e+03
4.458000000000000000e+03
6.750000000000000000e+03
9.360000000000000000e+02
6.898000000000000000e+03
8.295000000000000000e+03
2.930000000000000000e+02
6.916000000000000000e+03
1.217000000000000000e+03
5.900000000000000000e+01
3.644000000000000000e+03
2.592000000000000000e+03
4.533000000000000000e+03
9.007000000000000000e+03
2.031000000000000000e+03
7.238000000000000000e+03
7.822000000000000000e+03
5.463000000000000000e+03
8.406000000000000000e+03
8.778000000000000000e+03
6.466000000000000000e+03
5.459000000000000000e+03
8.242000000000000000e+03
1.524000000000000000e+03
7.215000000000000000e+03
4.000000000000000000e+01
9.148000000000000000e+03
7.829000000000000000e+03
1.014000000000000000e+03
7.828000000000000000e+03
7.217000000000000000e+03
6.490000000000000000e+03
4.636000000000000000e+03
6.478000000000000000e+03
5.039000000000000000e+03
3.733000000000000000e+03
3.826000000000000000e+03
5.458000000000000000e+03
7.205000000000000000e+03
1.763000000000000000e+03
2.219000000000000000e+03
1.914000000000000000e+03
3.113000000000000000e+03
2.722000000000000000e+03
3.190000000000000000e+02
3.712000000000000000e+03
9.860000000000000000e+02
8.181000000000000000e+03
9.880000000000000000e+02
7.133000000000000000e+03
2.099000000000000000e+03
7.309000000000000000e+03
1.612000000000000000e+03
8.436000000000000000e+03
7.285000000000000000e+03
5.604000000000000000e+03
3.295000000000000000e+03
3.747000000000000000e+03
1.925000000000000000e+03
5.174000000000000000e+03
8.848000000000000000e+03
7.151000000000000000e+03
1.631000000000000000e+03
8.893000000000000000e+03
2.821000000000000000e+03
9.282000000000000000e+03
9.276000000000000000e+03
8.908000000000000000e+03
4.146000000000000000e+03
6.147000000000000000e+03
5.673000000000000000e+03
8.644000000000000000e+03
4.866000000000000000e+03
7.840000000000000000e+03
3.058000000000000000e+03
7.098000000000000000e+03
8.279000000000000000e+03
8.742000000000000000e+03
1.334000000000000000e+03
8.871000000000000000e+03
1.030000000000000000e+03
9.979000000000000000e+03
7.653000000000000000e+03
1.245000000000000000e+03
1.816000000000000000e+03
4.658000000000000000e+03
2.205000000000000000e+03
1.396000000000000000e+03
2.111000000000000000e+03
3.539000000000000000e+03
5.574000000000000000e+03
9.866000000000000000e+03
5.554000000000000000e+03
6.637000000000000000e+03
4.640000000000000000e+03
9.840000000000000000e+03
7.710000000000000000e+03
9.882000000000000000e+03
7.500000000000000000e+03
6.659000000000000000e+03
1.607000000000000000e+03
6.549000000000000000e+03
5.416000000000000000e+03
3.999000000000000000e+03
2.918000000000000000e+03
8.929000000000000000e+03
2.092000000000000000e+03
6.501000000000000000e+03
1.541000000000000000e+03
2.595000000000000000e+03
6.720000000000000000e+03
5.922000000000000000e+03
2.834000000000000000e+03
6.305000000000000000e+03
8.069000000000000000e+03
6.046000000000000000e+03
1.380000000000000000e+02
2.288000000000000000e+03
8.950000000000000000e+02
1.265000000000000000e+03
3.893000000000000000e+03
4.361000000000000000e+03
2.382000000000000000e+03
2.666000000000000000e+03
6.790000000000000000e+02
2.107000000000000000e+03
4.956000000000000000e+03
6.655000000000000000e+03
2.817000000000000000e+03
2.129000000000000000e+03
4.100000000000000000e+01
6.856000000000000000e+03
5.273000000000000000e+03
4.487000000000000000e+03
2.900000000000000000e+02
2.850000000000000000e+03
6.590000000000000000e+03
9.839000000000000000e+03
4.405000000000000000e+03
7.588000000000000000e+03
7.626000000000000000e+03
9.610000000000000000e+02
6.580000000000000000e+03
7.816000000000000000e+03
8.386000000000000000e+03
4.626000000000000000e+03
7.796000000000000000e+03
4.242000000000000000e+03
1.124000000000000000e+03
3.623000000000000000e+03
7.857000000000000000e+03
1.388000000000000000e+03
6.769000000000000000e+03
6.096000000000000000e+03
4.721000000000000000e+03
6.831000000000000000e+03
6.843000000000000000e+03
6.737000000000000000e+03
5.599000000000000000e+03
5.524000000000000000e+03
9.439000000000000000e+03
1.419000000000000000e+03
8.212000000000000000e+03
5.261000000000000000e+03
3.186000000000000000e+03
5.660000000000000000e+02
3.886000000000000000e+03
3.912000000000000000e+03
3.924000000000000000e+03
1.335000000000000000e+03
4.920000000000000000e+02
7.604000000000000000e+03
8.058000000000000000e+03
7.030000000000000000e+02
8.063000000000000000e+03
2.369000000000000000e+03
7.457000000000000000e+03
4.165000000000000000e+03
3.735000000000000000e+03
7.566000000000000000e+03
7.412000000000000000e+03
2.687000000000000000e+03
2.764000000000000000e+03
8.561000000000000000e+03
2.868000000000000000e+03
2.650000000000000000e+02
9.123000000000000000e+03
1.256000000000000000e+03
5.614000000000000000e+03
5.891000000000000000e+03
8.652000000000000000e+03
6.468000000000000000e+03
2.740000000000000000e+02
2.911000000000000000e+03
4.040000000000000000e+02
3.423000000000000000e+03
6.000000000000000000e+03
1.459000000000000000e+03
3.166000000000000000e+03
3.980000000000000000e+03
9.258000000000000000e+03
4.700000000000000000e+01
6.344000000000000000e+03
4.492000000000000000e+03
4.499000000000000000e+03
7.824000000000000000e+03
9.370000000000000000e+03
1.909000000000000000e+03
1.450000000000000000e+03
9.289000000000000000e+03
2.040000000000000000e+02
7.328000000000000000e+03
9.376000000000000000e+03
7.759000000000000000e+03
1.437000000000000000e+03
3.327000000000000000e+03
3.194000000000000000e+03
5.828000000000000000e+03
5.194000000000000000e+03
3.253000000000000000e+03
3.680000000000000000e+03
6.946000000000000000e+03
1.616000000000000000e+03
4.542000000000000000e+03
8.193000000000000000e+03
2.660000000000000000e+02
9.167000000000000000e+03
1.984000000000000000e+03
6.365000000000000000e+03
1.337000000000000000e+03
6.568000000000000000e+03
8.648000000000000000e+03
6.524000000000000000e+03
2.938000000000000000e+03
8.048000000000000000e+03
3.040000000000000000e+02
9.287000000000000000e+03
3.230000000000000000e+03
5.183000000000000000e+03
5.182000000000000000e+03
1.800000000000000000e+03
8.950000000000000000e+03
1.730000000000000000e+03
9.610000000000000000e+03
5.018000000000000000e+03
4.561000000000000000e+03
5.047000000000000000e+03
4.955000000000000000e+03
9.201000000000000000e+03
8.985000000000000000e+03
9.383000000000000000e+03
4.834000000000000000e+03
4.813000000000000000e+03
9.271000000000000000e+03
4.795000000000000000e+03
1.656000000000000000e+03
9.239000000000000000e+03
4.106000000000000000e+03
3.773000000000000000e+03
4.861000000000000000e+03
3.313000000000000000e+03
4.885000000000000000e+03
4.400000000000000000e+03
9.603000000000000000e+03
5.110000000000000000e+03
5.220000000000000000e+03
3.652000000000000000e+03
3.761000000000000000e+03
6.027000000000000000e+03
8.838000000000000000e+03
5.636000000000000000e+03
5.656000000000000000e+03
3.106000000000000000e+03
1.255000000000000000e+03
7.038000000000000000e+03
5.687000000000000000e+03
5.917000000000000000e+03
7.360000000000000000e+02
2.375000000000000000e+03
8.419000000000000000e+03
6.028000000000000000e+03
7.667000000000000000e+03
6.295000000000000000e+03
6.083000000000000000e+03
6.361000000000000000e+03
6.650000000000000000e+02
7.343000000000000000e+03
8.354000000000000000e+03
2.305000000000000000e+03
1.010000000000000000e+02
6.820000000000000000e+02
6.001000000000000000e+03
3.046000000000000000e+03
7.498000000000000000e+03
1.938000000000000000e+03
8.412000000000000000e+03
2.155000000000000000e+03
2.770000000000000000e+03
8.349000000000000000e+03
7.696000000000000000e+03
7.273000000000000000e+03
2.802000000000000000e+03
5.347000000000000000e+03
7.257000000000000000e+03
7.252000000000000000e+03
6.354000000000000000e+03
6.819000000000000000e+03
7.239000000000000000e+03
4.080000000000000000e+02
3.034000000000000000e+03
8.388000000000000000e+03
8.264000000000000000e+03
2.245000000000000000e+03
2.628000000000000000e+03
7.231000000000000000e+03
9.847000000000000000e+03
3.139000000000000000e+03
7.000000000000000000e+03
9.830000000000000000e+03
8.282000000000000000e+03
3.132000000000000000e+03
9.803000000000000000e+03
3.900000000000000000e+01
9.735000000000000000e+03
5.319000000000000000e+03
9.652000000000000000e+03
9.808000000000000000e+03
5.964000000000000000e+03
7.838000000000000000e+03
3.919000000000000000e+03
5.450000000000000000e+02
6.228000000000000000e+03
3.283000000000000000e+03
9.820000000000000000e+02
2.175000000000000000e+03
8.850000000000000000e+03
2.100000000000000000e+02
1.172000000000000000e+03
5.072000000000000000e+03
8.541000000000000000e+03
9.540000000000000000e+03
8.210000000000000000e+02
4.023000000000000000e+03
8.084000000000000000e+03
6.020000000000000000e+03
7.235000000000000000e+03
4.089000000000000000e+03
2.385000000000000000e+03
7.364000000000000000e+03
8.204000000000000000e+03
9.162000000000000000e+03
7.377000000000000000e+03
8.808000000000000000e+03
6.677000000000000000e+03
8.971000000000000000e+03
3.704000000000000000e+03
1.560000000000000000e+02
8.961000000000000000e+03
4.471000000000000000e+03
9.505000000000000000e+03
7.036000000000000000e+03
7.983000000000000000e+03
5.394000000000000000e+03
8.270000000000000000e+03
4.375000000000000000e+03
2.611000000000000000e+03
3.222000000000000000e+03
3.753000000000000000e+03
8.716000000000000000e+03
1.644000000000000000e+03
7.924000000000000000e+03
6.647000000000000000e+03
7.262000000000000000e+03
3.600000000000000000e+03
7.201000000000000000e+03
9.394000000000000000e+03
7.194000000000000000e+03
6.626000000000000000e+03
3.195000000000000000e+03
5.819000000000000000e+03
9.436000000000000000e+03
3.968000000000000000e+03
3.043000000000000000e+03
8.390000000000000000e+02
1.657000000000000000e+03
5.076000000000000000e+03
9.346000000000000000e+03
7.124000000000000000e+03
5.916000000000000000e+03
4.310000000000000000e+02
5.310000000000000000e+03
7.140000000000000000e+03
4.631000000000000000e+03
2.480000000000000000e+03
3.575000000000000000e+03
4.246000000000000000e+03
9.160000000000000000e+03
9.870000000000000000e+02
8.477000000000000000e+03
8.460000000000000000e+02
4.497000000000000000e+03
2.685000000000000000e+03
6.729000000000000000e+03
8.317000000000000000e+03
1.588000000000000000e+03
2.077000000000000000e+03
2.016000000000000000e+03
7.274000000000000000e+03
8.288000000000000000e+03
5.562000000000000000e+03
9.410000000000000000e+03
5.946000000000000000e+03
5.933000000000000000e+03
4.011000000000000000e+03
9.928000000000000000e+03
3.289000000000000000e+03
4.972000000000000000e+03
9.365000000000000000e+03
9.556000000000000000e+03
7.160000000000000000e+02
5.871000000000000000e+03
9.998000000000000000e+03
5.136000000000000000e+03
5.846000000000000000e+03
8.183000000000000000e+03
9.389000000000000000e+03
5.750000000000000000e+03
6.740000000000000000e+02
9.677000000000000000e+03
1.832000000000000000e+03
7.493000000000000000e+03
8.794000000000000000e+03
2.141000000000000000e+03
5.510000000000000000e+03
1.381000000000000000e+03
2.255000000000000000e+03
7.458000000000000000e+03
5.434000000000000000e+03
2.898000000000000000e+03
1.083000000000000000e+03
1.111000000000000000e+03
6.130000000000000000e+02
9.941000000000000000e+03
8.125000000000000000e+03
8.509000000000000000e+03
2.250000000000000000e+02
2.603000000000000000e+03
8.310000000000000000e+03
7.865000000000000000e+03
1.244000000000000000e+03
9.859000000000000000e+03
1.887000000000000000e+03
8.939000000000000000e+03
1.572000000000000000e+03
6.220000000000000000e+02
5.368000000000000000e+03
5.412000000000000000e+03
8.335000000000000000e+03
3.468000000000000000e+03
4.526000000000000000e+03
5.101000000000000000e+03
6.179000000000000000e+03
6.441000000000000000e+03
4.849000000000000000e+03
4.855000000000000000e+03
8.099000000000000000e+03
8.610000000000000000e+03
7.644000000000000000e+03
4.232000000000000000e+03
6.041000000000000000e+03
3.389000000000000000e+03
9.422000000000000000e+03
3.724000000000000000e+03
3.018000000000000000e+03
7.334000000000000000e+03
6.297000000000000000e+03
5.869000000000000000e+03
7.323000000000000000e+03
8.729000000000000000e+03
5.029000000000000000e+03
2.157000000000000000e+03
3.752000000000000000e+03
4.806000000000000000e+03
6.270000000000000000e+03
7.456000000000000000e+03
6.716000000000000000e+03
8.693000000000000000e+03
7.946000000000000000e+03
8.590000000000000000e+02
2.284000000000000000e+03
6.987000000000000000e+03
3.847000000000000000e+03
8.546000000000000000e+03
5.211000000000000000e+03
5.485000000000000000e+03
2.713000000000000000e+03
4.467000000000000000e+03
5.343000000000000000e+03
4.910000000000000000e+03
9.878000000000000000e+03
2.581000000000000000e+03
6.178000000000000000e+03
9.031000000000000000e+03
4.205000000000000000e+03
6.846000000000000000e+03
7.362000000000000000e+03
4.912000000000000000e+03
5.048000000000000000e+03
2.334000000000000000e+03
6.570000000000000000e+03
5.670000000000000000e+02
7.665000000000000000e+03
6.153000000000000000e+03
8.797000000000000000e+03
2.915000000000000000e+03
4.935000000000000000e+03
1.231000000000000000e+03
1.104000000000000000e+03
4.260000000000000000e+03
1.774000000000000000e+03
5.106000000000000000e+03
4.121000000000000000e+03
1.815000000000000000e+03
9.691000000000000000e+03
9.016000000000000000e+03
9.987000000000000000e+03
9.833000000000000000e+03
1.557000000000000000e+03
3.775000000000000000e+03
4.519000000000000000e+03
3.056000000000000000e+03
5.786000000000000000e+03
4.325000000000000000e+03
7.589000000000000000e+03
6.721000000000000000e+03
5.817000000000000000e+03
5.005000000000000000e+03
5.001000000000000000e+03
5.895000000000000000e+03
5.931000000000000000e+03
5.742000000000000000e+03
8.331000000000000000e+03
9.716000000000000000e+03
3.785000000000000000e+03
9.025000000000000000e+03
4.301000000000000000e+03
4.066000000000000000e+03
2.500000000000000000e+03
8.341000000000000000e+03
8.721000000000000000e+03
1.781000000000000000e+03
2.639000000000000000e+03
2.637000000000000000e+03
1.346000000000000000e+03
8.949000000000000000e+03
7.852000000000000000e+03
6.948000000000000000e+03
8.321000000000000000e+03
1.884000000000000000e+03
3.238000000000000000e+03
7.967000000000000000e+03
9.461000000000000000e+03
2.547000000000000000e+03
9.100000000000000000e+02
2.242000000000000000e+03
5.430000000000000000e+03
4.810000000000000000e+02
5.534000000000000000e+03
5.610000000000000000e+03
8.842000000000000000e+03
7.691000000000000000e+03
5.686000000000000000e+03
1.919000000000000000e+03
1.070000000000000000e+02
8.250000000000000000e+03
5.195000000000000000e+03
6.040000000000000000e+03
1.780000000000000000e+03
9.186000000000000000e+03
6.292000000000000000e+03
1.029000000000000000e+03
9.106000000000000000e+03
8.369000000000000000e+03
9.720000000000000000e+02
4.756000000000000000e+03
9.780000000000000000e+03
5.350000000000000000e+02
6.451000000000000000e+03
9.783000000000000000e+03
9.797000000000000000e+03
2.852000000000000000e+03
8.184000000000000000e+03
2.830000000000000000e+03
9.502000000000000000e+03
1.649000000000000000e+03
8.070000000000000000e+02
6.288000000000000000e+03
2.130000000000000000e+02
9.481000000000000000e+03
6.586000000000000000e+03
6.652000000000000000e+03
8.588000000000000000e+03
4.509000000000000000e+03
8.150000000000000000e+03
9.861000000000000000e+03
6.957000000000000000e+03
8.440000000000000000e+02
7.389000000000000000e+03
1.005000000000000000e+03
2.798000000000000000e+03
4.275000000000000000e+03
6.921000000000000000e+03
2.820000000000000000e+03
7.355000000000000000e+03
2.851000000000000000e+03
8.182000000000000000e+03
9.800000000000000000e+03
1.972000000000000000e+03
3.000000000000000000e+03
1.971000000000000000e+03
4.185000000000000000e+03
7.325000000000000000e+03
9.827000000000000000e+03
2.763000000000000000e+03
5.780000000000000000e+03
2.199000000000000000e+03
4.694000000000000000e+03
9.309000000000000000e+03
2.287000000000000000e+03
3.116000000000000000e+03
2.094000000000000000e+03
7.795000000000000000e+03
7.536000000000000000e+03
2.793000000000000000e+03
6.212000000000000000e+03
9.037000000000000000e+03
4.994000000000000000e+03
3.163000000000000000e+03
6.745000000000000000e+03
8.173000000000000000e+03
9.357000000000000000e+03
5.579000000000000000e+03
9.142000000000000000e+03
2.516000000000000000e+03
4.236000000000000000e+03
2.494000000000000000e+03
1.531000000000000000e+03
9.770000000000000000e+03
8.711000000000000000e+03
3.865000000000000000e+03
6.772000000000000000e+03
6.960000000000000000e+02
4.727000000000000000e+03
6.377000000000000000e+03
3.723000000000000000e+03
9.062000000000000000e+03
4.997000000000000000e+03
6.464000000000000000e+03
4.966000000000000000e+03
6.554000000000000000e+03
1.695000000000000000e+03
9.923000000000000000e+03
4.468000000000000000e+03
2.528000000000000000e+03
3.060000000000000000e+02
3.620000000000000000e+03
9.644000000000000000e+03
4.014000000000000000e+03
1.329000000000000000e+03
1.920000000000000000e+03
7.802000000000000000e+03
2.892000000000000000e+03
3.689000000000000000e+03
5.690000000000000000e+03
2.396000000000000000e+03
6.893000000000000000e+03
4.514000000000000000e+03
8.628000000000000000e+03
7.873000000000000000e+03
2.731000000000000000e+03
1.139000000000000000e+03
6.164000000000000000e+03
4.704000000000000000e+03
2.974000000000000000e+03
1.700000000000000000e+02
7.304000000000000000e+03
1.724000000000000000e+03
6.307000000000000000e+03
7.839000000000000000e+03
6.776000000000000000e+03
1.998000000000000000e+03
5.151000000000000000e+03
1.556000000000000000e+03
6.469000000000000000e+03
8.244000000000000000e+03
6.591000000000000000e+03
9.690000000000000000e+02
9.659000000000000000e+03
4.214000000000000000e+03
8.430000000000000000e+03
7.391000000000000000e+03
9.485000000000000000e+03
8.804000000000000000e+03
9.218000000000000000e+03
8.174000000000000000e+03
7.704000000000000000e+03
6.200000000000000000e+01
7.487000000000000000e+03
9.158000000000000000e+03
1.929000000000000000e+03
7.642000000000000000e+03
9.041000000000000000e+03
3.631000000000000000e+03
2.496000000000000000e+03
5.768000000000000000e+03
8.820000000000000000e+02
5.248000000000000000e+03
4.977000000000000000e+03
3.310000000000000000e+02
4.928000000000000000e+03
8.962000000000000000e+03
5.962000000000000000e+03
7.753000000000000000e+03
1.744000000000000000e+03
9.534000000000000000e+03
3.762000000000000000e+03
1.986000000000000000e+03
4.900000000000000000e+01
3.169000000000000000e+03
6.290000000000000000e+03
5.108000000000000000e+03
8.330000000000000000e+03
2.259000000000000000e+03
7.137000000000000000e+03
8.086000000000000000e+03
2.012000000000000000e+03
9.840000000000000000e+02
8.952000000000000000e+03
4.860000000000000000e+02
1.416000000000000000e+03
6.121000000000000000e+03
4.758000000000000000e+03
2.151000000000000000e+03
9.369000000000000000e+03
3.821000000000000000e+03
2.112000000000000000e+03
5.162000000000000000e+03
8.450000000000000000e+02
5.588000000000000000e+03
1.945000000000000000e+03
2.669000000000000000e+03
1.989000000000000000e+03
5.624000000000000000e+03
3.570000000000000000e+02
7.171000000000000000e+03
6.666000000000000000e+03
7.350000000000000000e+02
8.954000000000000000e+03
1.367000000000000000e+03
3.227000000000000000e+03
5.244000000000000000e+03
3.790000000000000000e+03
3.090000000000000000e+02
8.370000000000000000e+03
7.831000000000000000e+03
3.759000000000000000e+03
1.325000000000000000e+03
2.318000000000000000e+03
8.050000000000000000e+02
9.038000000000000000e+03
9.627000000000000000e+03
3.098000000000000000e+03
3.512000000000000000e+03
6.920000000000000000e+03
5.589000000000000000e+03
1.553000000000000000e+03
2.610000000000000000e+03
1.345000000000000000e+03
3.952000000000000000e+03
3.375000000000000000e+03
6.491000000000000000e+03
1.636000000000000000e+03
5.345000000000000000e+03
1.045000000000000000e+03
9.873000000000000000e+03
2.430000000000000000e+03
8.654000000000000000e+03
5.999000000000000000e+03
7.212000000000000000e+03
5.808000000000000000e+03
6.990000000000000000e+03
6.796000000000000000e+03
8.759000000000000000e+03
8.213000000000000000e+03
7.467000000000000000e+03
5.070000000000000000e+03
7.126000000000000000e+03
6.226000000000000000e+03
8.765000000000000000e+03
6.306000000000000000e+03
7.734000000000000000e+03
5.958000000000000000e+03
1.236000000000000000e+03
8.662000000000000000e+03
5.717000000000000000e+03
5.867000000000000000e+03
7.807000000000000000e+03
9.336000000000000000e+03
6.011000000000000000e+03
5.749000000000000000e+03
2.949000000000000000e+03
9.823000000000000000e+03
2.600000000000000000e+01
9.117000000000000000e+03
1.386000000000000000e+03
3.160000000000000000e+02
6.482000000000000000e+03
4.247000000000000000e+03
8.168000000000000000e+03
2.337000000000000000e+03
7.618000000000000000e+03
7.258000000000000000e+03
4.341000000000000000e+03
3.473000000000000000e+03
4.437000000000000000e+03
2.347000000000000000e+03
8.943000000000000000e+03
5.129000000000000000e+03
5.123000000000000000e+03
8.967000000000000000e+03
3.931000000000000000e+03
7.357000000000000000e+03
9.835000000000000000e+03
3.916000000000000000e+03
8.238000000000000000e+03
1.501000000000000000e+03
3.011000000000000000e+03
9.521000000000000000e+03
3.657000000000000000e+03
7.419000000000000000e+03
6.440000000000000000e+03
9.593000000000000000e+03
7.649000000000000000e+03
1.051000000000000000e+03
5.558000000000000000e+03
9.792000000000000000e+03
2.261000000000000000e+03
4.122000000000000000e+03
3.181000000000000000e+03
4.030000000000000000e+03
8.948000000000000000e+03
4.330000000000000000e+02
7.230000000000000000e+02
4.289000000000000000e+03
6.579000000000000000e+03
1.025000000000000000e+03
6.534000000000000000e+03
4.660000000000000000e+02
2.538000000000000000e+03
6.430000000000000000e+02
5.168000000000000000e+03
4.951000000000000000e+03
8.668000000000000000e+03
6.399000000000000000e+03
6.623000000000000000e+03
5.170000000000000000e+03
3.422000000000000000e+03
8.936000000000000000e+03
4.439000000000000000e+03
8.801000000000000000e+03
6.614000000000000000e+03
6.180000000000000000e+02
3.176000000000000000e+03
7.125000000000000000e+03
9.049000000000000000e+03
4.281000000000000000e+03
8.190000000000000000e+02
7.856000000000000000e+03
9.651000000000000000e+03
6.458000000000000000e+03
7.360000000000000000e+03
5.185000000000000000e+03
6.899000000000000000e+03
9.520000000000000000e+03
2.149000000000000000e+03
6.732000000000000000e+03
7.546000000000000000e+03
9.286000000000000000e+03
2.068000000000000000e+03
3.205000000000000000e+03
3.745000000000000000e+03
6.423000000000000000e+03
1.840000000000000000e+02
4.154000000000000000e+03
4.818000000000000000e+03
8.830000000000000000e+03
9.663000000000000000e+03
9.345000000000000000e+03
1.176000000000000000e+03
6.951000000000000000e+03
5.322000000000000000e+03
7.308000000000000000e+03
5.387000000000000000e+03
8.452000000000000000e+03
8.911000000000000000e+03
8.357000000000000000e+03
5.830000000000000000e+02
2.053000000000000000e+03
2.449000000000000000e+03
9.504000000000000000e+03
4.622000000000000000e+03
8.180000000000000000e+02
3.484000000000000000e+03
3.431000000000000000e+03
7.403000000000000000e+03
7.051000000000000000e+03
9.851000000000000000e+03
7.370000000000000000e+03
2.549000000000000000e+03
2.562000000000000000e+03
9.000000000000000000e+02
9.205000000000000000e+03
4.443000000000000000e+03
8.889000000000000000e+03
7.340000000000000000e+03
4.310000000000000000e+03
2.881000000000000000e+03
1.950000000000000000e+02
2.912000000000000000e+03
1.000000000000000000e+02
8.055000000000000000e+03
8.486000000000000000e+03
6.032000000000000000e+03
8.899000000000000000e+03
6.421000000000000000e+03
5.504000000000000000e+03
8.191000000000000000e+03
9.304000000000000000e+03
9.238000000000000000e+03
7.988000000000000000e+03
7.527000000000000000e+03
8.356000000000000000e+03
1.084000000000000000e+03
4.888000000000000000e+03
8.878000000000000000e+03
6.006000000000000000e+03
4.816000000000000000e+03
9.320000000000000000e+03
2.010000000000000000e+02
9.701000000000000000e+03
1.841000000000000000e+03
6.480000000000000000e+02
1.771000000000000000e+03
3.000000000000000000e+02
4.480000000000000000e+03
9.584000000000000000e+03
4.750000000000000000e+03
2.019000000000000000e+03
1.922000000000000000e+03
2.253000000000000000e+03
8.390000000000000000e+03
9.070000000000000000e+02
8.416000000000000000e+03
8.141000000000000000e+03
3.069000000000000000e+03
1.220000000000000000e+03
7.670000000000000000e+03
9.969000000000000000e+03
4.173000000000000000e+03
7.191000000000000000e+03
2.195000000000000000e+03
9.709000000000000000e+03
2.534000000000000000e+03
5.660000000000000000e+03
1.368000000000000000e+03
3.320000000000000000e+02
9.221000000000000000e+03
3.741000000000000000e+03
6.350000000000000000e+02
2.360000000000000000e+03
6.298000000000000000e+03
6.312000000000000000e+03
1.720000000000000000e+02
1.330000000000000000e+03
2.536000000000000000e+03
2.864000000000000000e+03
4.260000000000000000e+02
2.289000000000000000e+03
9.500000000000000000e+03
3.062000000000000000e+03
5.202000000000000000e+03
2.279000000000000000e+03
9.621000000000000000e+03
2.168000000000000000e+03
6.592000000000000000e+03
7.469000000000000000e+03
4.312000000000000000e+03
3.667000000000000000e+03
3.213000000000000000e+03
3.180000000000000000e+03
3.358000000000000000e+03
1.288000000000000000e+03
7.078000000000000000e+03
7.442000000000000000e+03
6.129000000000000000e+03
6.977000000000000000e+03
4.064000000000000000e+03
5.007000000000000000e+03
2.055000000000000000e+03
8.997000000000000000e+03
2.894000000000000000e+03
1.536000000000000000e+03
6.636000000000000000e+03
5.904000000000000000e+03
3.361000000000000000e+03
9.650000000000000000e+03
4.392000000000000000e+03
2.702000000000000000e+03
4.189000000000000000e+03
7.346000000000000000e+03
2.866000000000000000e+03
7.491000000000000000e+03
6.908000000000000000e+03
7.666000000000000000e+03
6.930000000000000000e+02
6.804000000000000000e+03
8.470000000000000000e+03
8.665000000000000000e+03
1.060000000000000000e+03
9.869000000000000000e+03
4.280000000000000000e+02
5.739000000000000000e+03
4.333000000000000000e+03
1.072000000000000000e+03
4.654000000000000000e+03
2.854000000000000000e+03
2.845000000000000000e+03
5.797000000000000000e+03
4.547000000000000000e+03
5.000000000000000000e+02
7.073000000000000000e+03
3.136000000000000000e+03
4.163000000000000000e+03
6.850000000000000000e+02
5.252000000000000000e+03
6.980000000000000000e+03
6.162000000000000000e+03
9.775000000000000000e+03
3.500000000000000000e+01
4.263000000000000000e+03
6.850000000000000000e+03
6.214000000000000000e+03
2.299000000000000000e+03
2.336000000000000000e+03
2.867000000000000000e+03
3.464000000000000000e+03
7.950000000000000000e+03
3.382000000000000000e+03
2.408000000000000000e+03
6.282000000000000000e+03
9.006000000000000000e+03
7.140000000000000000e+02
3.858000000000000000e+03
9.100000000000000000e+01
2.465000000000000000e+03
3.026000000000000000e+03
2.842000000000000000e+03
9.247000000000000000e+03
6.704000000000000000e+03
6.060000000000000000e+02
7.991000000000000000e+03
7.784000000000000000e+03
7.861000000000000000e+03
7.886000000000000000e+03
7.723000000000000000e+03
6.931000000000000000e+03
7.605000000000000000e+03
9.706000000000000000e+03
5.960000000000000000e+03
2.972000000000000000e+03
5.911000000000000000e+03
8.749000000000000000e+03
8.624000000000000000e+03
9.731000000000000000e+03
6.106000000000000000e+03
9.756000000000000000e+03
8.605000000000000000e+03
6.204000000000000000e+03
8.574000000000000000e+03
9.761000000000000000e+03
6.293000000000000000e+03
6.454000000000000000e+03
5.425000000000000000e+03
6.671000000000000000e+03
9.903000000000000000e+03
8.111000000000000000e+03
9.877000000000000000e+03
3.530000000000000000e+03
9.506000000000000000e+03
3.425000000000000000e+03
7.608000000000000000e+03
3.417000000000000000e+03
4.943000000000000000e+03
3.364000000000000000e+03
8.302000000000000000e+03
8.316000000000000000e+03
3.300000000000000000e+03
5.180000000000000000e+03
9.047000000000000000e+03
9.377000000000000000e+03
9.999000000000000000e+03
1.201000000000000000e+03
2.700000000000000000e+02
2.560000000000000000e+02
1.661000000000000000e+03
2.035000000000000000e+03
8.000000000000000000e+02
1.818000000000000000e+03
3.770000000000000000e+02
1.296000000000000000e+03
2.480000000000000000e+02
1.574000000000000000e+03
2.633000000000000000e+03
9.757000000000000000e+03
9.773000000000000000e+03
2.296000000000000000e+03
1.356000000000000000e+03
5.017000000000000000e+03
6.167000000000000000e+03
5.974000000000000000e+03
8.209000000000000000e+03
6.319000000000000000e+03
9.074000000000000000e+03
1.476000000000000000e+03
6.087000000000000000e+03
7.558000000000000000e+03
5.359000000000000000e+03
8.585000000000000000e+03
4.757000000000000000e+03
3.541000000000000000e+03
5.834000000000000000e+03
5.445000000000000000e+03
2.576000000000000000e+03
2.312000000000000000e+03
2.700000000000000000e+01
5.045000000000000000e+03
9.446000000000000000e+03
9.879000000000000000e+03
1.209000000000000000e+03
5.897000000000000000e+03
7.750000000000000000e+02
1.157000000000000000e+03
3.520000000000000000e+03
6.792000000000000000e+03
6.901000000000000000e+03
8.391000000000000000e+03
8.733000000000000000e+03
2.115000000000000000e+03
1.867000000000000000e+03
9.865000000000000000e+03
1.394000000000000000e+03
8.172000000000000000e+03
9.344000000000000000e+03
6.853000000000000000e+03
6.733000000000000000e+03
1.308000000000000000e+03
8.164000000000000000e+03
4.151000000000000000e+03
6.722000000000000000e+03
2.292000000000000000e+03
4.108000000000000000e+03
8.301000000000000000e+03
2.922000000000000000e+03
3.360000000000000000e+02
8.728000000000000000e+03
8.062000000000000000e+03
7.954000000000000000e+03
5.988000000000000000e+03
9.087000000000000000e+03
5.230000000000000000e+02
6.409000000000000000e+03
7.770000000000000000e+03
8.136000000000000000e+03
8.518000000000000000e+03
9.210000000000000000e+02
5.941000000000000000e+03
8.715000000000000000e+03
7.319000000000000000e+03
7.350000000000000000e+03
5.180000000000000000e+02
5.820000000000000000e+03
7.646000000000000000e+03
2.671000000000000000e+03
4.017000000000000000e+03
6.813000000000000000e+03
2.422000000000000000e+03
4.808000000000000000e+03
4.217000000000000000e+03
8.786000000000000000e+03
3.868000000000000000e+03
9.339000000000000000e+03
9.896000000000000000e+03
7.933000000000000000e+03
5.664000000000000000e+03
7.267000000000000000e+03
1.519000000000000000e+03
3.010000000000000000e+03
6.505000000000000000e+03
7.560000000000000000e+02
2.011000000000000000e+03
2.508000000000000000e+03
7.460000000000000000e+02
5.316000000000000000e+03
8.060000000000000000e+03
2.101000000000000000e+03
8.807000000000000000e+03
2.762000000000000000e+03
5.415000000000000000e+03
9.550000000000000000e+02
5.992000000000000000e+03
4.209000000000000000e+03
1.667000000000000000e+03
3.015000000000000000e+03
5.026000000000000000e+03
9.090000000000000000e+03
8.309000000000000000e+03
9.034000000000000000e+03
3.816000000000000000e+03
2.608000000000000000e+03
9.129000000000000000e+03
8.180000000000000000e+03
2.766000000000000000e+03
9.039000000000000000e+03
6.919000000000000000e+03
8.705000000000000000e+03
7.249000000000000000e+03
9.555000000000000000e+03
5.939000000000000000e+03
8.090000000000000000e+02
3.959000000000000000e+03
8.498000000000000000e+03
3.025000000000000000e+03
9.417000000000000000e+03
1.979000000000000000e+03
5.549000000000000000e+03
8.090000000000000000e+03
2.598000000000000000e+03
7.221000000000000000e+03
7.027000000000000000e+03
2.945000000000000000e+03
8.626000000000000000e+03
3.606000000000000000e+03
7.430000000000000000e+03
9.953000000000000000e+03
1.808000000000000000e+03
1.041000000000000000e+03
6.641000000000000000e+03
6.277000000000000000e+03
6.394000000000000000e+03
4.827000000000000000e+03
4.575000000000000000e+03
7.850000000000000000e+03
6.030000000000000000e+02
3.308000000000000000e+03
1.247000000000000000e+03
4.363000000000000000e+03
5.053000000000000000e+03
5.328000000000000000e+03
4.360000000000000000e+02
4.057000000000000000e+03
4.300000000000000000e+01
4.772000000000000000e+03
5.417000000000000000e+03
5.542000000000000000e+03
9.060000000000000000e+03
4.080000000000000000e+03
9.938000000000000000e+03
7.204000000000000000e+03
6.243000000000000000e+03
5.889000000000000000e+03
6.401000000000000000e+03
5.859000000000000000e+03
6.705000000000000000e+03
4.022000000000000000e+03
3.427000000000000000e+03
5.638000000000000000e+03
8.284000000000000000e+03
8.425000000000000000e+03
4.856000000000000000e+03
1.277000000000000000e+03
5.668000000000000000e+03
7.750000000000000000e+03
2.213000000000000000e+03
1.246000000000000000e+03
4.899000000000000000e+03
2.557000000000000000e+03
4.760000000000000000e+02
6.822000000000000000e+03
7.002000000000000000e+03
3.697000000000000000e+03
6.584000000000000000e+03
4.283000000000000000e+03
7.777000000000000000e+03
9.372000000000000000e+03
6.979000000000000000e+03
6.200000000000000000e+02
4.000000000000000000e+03
2.013000000000000000e+03
5.661000000000000000e+03
1.453000000000000000e+03
5.200000000000000000e+01
7.057000000000000000e+03
5.062000000000000000e+03
3.793000000000000000e+03
4.698000000000000000e+03
9.316000000000000000e+03
1.180000000000000000e+03
6.459000000000000000e+03
7.446000000000000000e+03
2.489000000000000000e+03
4.099000000000000000e+03
1.876000000000000000e+03
9.721000000000000000e+03
6.630000000000000000e+02
3.915000000000000000e+03
4.410000000000000000e+02
5.699000000000000000e+03
6.254000000000000000e+03
8.500000000000000000e+01
5.771000000000000000e+03
3.543000000000000000e+03
3.725000000000000000e+03
5.292000000000000000e+03
3.941000000000000000e+03
1.017000000000000000e+03
6.490000000000000000e+02
1.670000000000000000e+03
5.755000000000000000e+03
2.201000000000000000e+03
1.630000000000000000e+02
9.683000000000000000e+03
5.564000000000000000e+03
1.637000000000000000e+03
1.698000000000000000e+03
3.827000000000000000e+03
4.188000000000000000e+03
5.334000000000000000e+03
3.581000000000000000e+03
6.865000000000000000e+03
1.431000000000000000e+03
1.546000000000000000e+03
5.480000000000000000e+02
9.305000000000000000e+03
6.051000000000000000e+03
2.353000000000000000e+03
2.540000000000000000e+02
7.721000000000000000e+03
5.049000000000000000e+03
2.933000000000000000e+03
1.539000000000000000e+03
5.004000000000000000e+03
8.978000000000000000e+03
2.275000000000000000e+03
2.750000000000000000e+03
5.873000000000000000e+03
1.575000000000000000e+03
1.472000000000000000e+03
5.705000000000000000e+03
5.333000000000000000e+03
9.073000000000000000e+03
5.866000000000000000e+03
1.421000000000000000e+03
5.691000000000000000e+03
5.520000000000000000e+03
9.582000000000000000e+03
5.935000000000000000e+03
7.321000000000000000e+03
5.267000000000000000e+03
