9.535000000000000000e+03
1.280000000000000000e+03
2.517000000000000000e+03
9.971000000000000000e+03
8.673000000000000000e+03
3.173000000000000000e+03
7.514000000000000000e+03
1.591000000000000000e+03
5.525000000000000000e+03
4.971000000000000000e+03
2.716000000000000000e+03
6.377000000000000000e+03
9.634000000000000000e+03
9.303000000000000000e+03
1.137000000000000000e+03
8.959000000000000000e+03
3.170000000000000000e+02
6.080000000000000000e+02
2.657000000000000000e+03
2.944000000000000000e+03
7.826000000000000000e+03
7.075000000000000000e+03
9.717000000000000000e+03
1.400000000000000000e+01
7.908000000000000000e+03
4.753000000000000000e+03
4.670000000000000000e+03
2.444000000000000000e+03
8.228000000000000000e+03
5.617000000000000000e+03
9.510000000000000000e+03
8.905000000000000000e+03
2.236000000000000000e+03
4.380000000000000000e+02
8.595000000000000000e+03
1.316000000000000000e+03
1.245000000000000000e+03
2.222000000000000000e+03
6.965000000000000000e+03
2.446000000000000000e+03
1.773000000000000000e+03
9.295000000000000000e+03
4.176000000000000000e+03
3.508000000000000000e+03
9.285000000000000000e+03
8.490000000000000000e+03
3.502000000000000000e+03
6.942000000000000000e+03
6.227000000000000000e+03
9.261000000000000000e+03
3.287000000000000000e+03
5.084000000000000000e+03
4.077000000000000000e+03
3.514000000000000000e+03
6.694000000000000000e+03
3.594000000000000000e+03
6.356000000000000000e+03
3.142000000000000000e+03
5.647000000000000000e+03
7.840000000000000000e+03
9.812000000000000000e+03
1.480000000000000000e+03
3.561000000000000000e+03
6.333000000000000000e+03
7.291000000000000000e+03
6.493000000000000000e+03
3.165000000000000000e+03
1.645000000000000000e+03
9.527000000000000000e+03
5.553000000000000000e+03
5.575000000000000000e+03
4.306000000000000000e+03
7.118000000000000000e+03
5.303000000000000000e+03
6.201000000000000000e+03
4.995000000000000000e+03
1.854000000000000000e+03
5.807000000000000000e+03
6.460000000000000000e+02
1.861000000000000000e+03
7.510000000000000000e+03
7.137000000000000000e+03
1.191000000000000000e+03
5.694000000000000000e+03
3.135000000000000000e+03
9.880000000000000000e+03
2.258000000000000000e+03
7.985000000000000000e+03
8.348000000000000000e+03
3.031000000000000000e+03
3.819000000000000000e+03
9.040000000000000000e+03
5.925000000000000000e+03
8.128000000000000000e+03
8.389000000000000000e+03
3.377000000000000000e+03
3.700000000000000000e+03
5.901000000000000000e+03
9.146000000000000000e+03
1.593000000000000000e+03
1.327000000000000000e+03
3.356000000000000000e+03
2.091000000000000000e+03
4.845000000000000000e+03
4.833000000000000000e+03
5.186000000000000000e+03
1.059000000000000000e+03
6.793000000000000000e+03
9.640000000000000000e+02
9.997000000000000000e+03
1.569000000000000000e+03
8.410000000000000000e+03
9.720000000000000000e+03
6.000000000000000000e+00
8.684000000000000000e+03
9.714000000000000000e+03
3.080000000000000000e+02
8.097000000000000000e+03
1.600000000000000000e+01
9.712000000000000000e+03
5.936000000000000000e+03
4.924000000000000000e+03
8.697000000000000000e+03
7.433000000000000000e+03
9.095000000000000000e+03
3.830000000000000000e+03
5.597000000000000000e+03
2.707000000000000000e+03
9.215000000000000000e+03
8.745000000000000000e+03
2.462000000000000000e+03
5.469000000000000000e+03
4.810000000000000000e+03
6.023000000000000000e+03
3.970000000000000000e+02
5.843000000000000000e+03
6.741000000000000000e+03
3.325000000000000000e+03
6.763000000000000000e+03
8.028000000000000000e+03
4.830000000000000000e+03
8.740000000000000000e+02
4.241000000000000000e+03
3.452000000000000000e+03
4.247000000000000000e+03
2.698000000000000000e+03
1.948000000000000000e+03
7.265000000000000000e+03
3.900000000000000000e+02
2.106000000000000000e+03
6.587000000000000000e+03
6.834000000000000000e+03
9.346000000000000000e+03
9.167000000000000000e+03
4.332000000000000000e+03
8.115000000000000000e+03
2.576000000000000000e+03
3.926000000000000000e+03
3.695000000000000000e+03
5.310000000000000000e+02
5.494000000000000000e+03
4.061000000000000000e+03
6.316000000000000000e+03
1.810000000000000000e+03
7.786000000000000000e+03
7.789000000000000000e+03
5.385000000000000000e+03
8.447000000000000000e+03
4.770000000000000000e+03
8.355000000000000000e+03
2.425000000000000000e+03
2.600000000000000000e+02
9.592000000000000000e+03
1.671000000000000000e+03
9.563000000000000000e+03
8.726000000000000000e+03
7.198000000000000000e+03
9.769000000000000000e+03
6.269000000000000000e+03
9.532000000000000000e+03
1.284000000000000000e+03
9.580000000000000000e+03
1.387000000000000000e+03
1.281000000000000000e+03
4.890000000000000000e+03
8.655000000000000000e+03
7.215000000000000000e+03
1.786000000000000000e+03
5.667000000000000000e+03
9.476000000000000000e+03
1.886000000000000000e+03
9.287000000000000000e+03
1.102000000000000000e+03
8.578000000000000000e+03
2.700000000000000000e+03
1.091000000000000000e+03
4.445000000000000000e+03
5.828000000000000000e+03
8.975000000000000000e+03
4.232000000000000000e+03
9.939000000000000000e+03
9.169000000000000000e+03
4.396000000000000000e+03
2.725000000000000000e+03
5.887000000000000000e+03
4.361000000000000000e+03
4.358000000000000000e+03
5.918000000000000000e+03
9.093000000000000000e+03
5.144000000000000000e+03
4.330000000000000000e+03
2.747000000000000000e+03
9.048000000000000000e+03
9.985000000000000000e+03
5.946000000000000000e+03
9.860000000000000000e+02
9.060000000000000000e+03
8.890000000000000000e+03
1.880000000000000000e+03
2.157000000000000000e+03
4.619000000000000000e+03
1.730000000000000000e+02
5.294000000000000000e+03
1.466000000000000000e+03
5.646000000000000000e+03
2.846000000000000000e+03
7.524000000000000000e+03
3.557000000000000000e+03
1.490000000000000000e+02
6.776000000000000000e+03
3.110000000000000000e+03
5.287000000000000000e+03
6.230000000000000000e+02
2.930000000000000000e+03
5.114000000000000000e+03
2.568000000000000000e+03
5.214000000000000000e+03
6.647000000000000000e+03
4.595000000000000000e+03
4.765000000000000000e+03
3.104000000000000000e+03
7.815000000000000000e+03
9.835000000000000000e+03
9.459000000000000000e+03
4.923000000000000000e+03
6.818000000000000000e+03
4.298000000000000000e+03
9.990000000000000000e+03
7.781000000000000000e+03
5.950000000000000000e+03
7.079000000000000000e+03
6.838000000000000000e+03
5.191000000000000000e+03
2.859000000000000000e+03
2.945000000000000000e+03
7.410000000000000000e+02
3.043000000000000000e+03
1.864000000000000000e+03
3.529000000000000000e+03
9.910000000000000000e+03
2.689000000000000000e+03
9.382000000000000000e+03
7.703000000000000000e+03
3.220000000000000000e+03
1.815000000000000000e+03
7.610000000000000000e+03
8.337000000000000000e+03
5.332000000000000000e+03
7.694000000000000000e+03
9.216000000000000000e+03
4.210000000000000000e+03
5.737000000000000000e+03
6.425000000000000000e+03
7.004000000000000000e+03
6.790000000000000000e+02
2.548000000000000000e+03
3.753000000000000000e+03
8.855000000000000000e+03
3.270000000000000000e+02
9.300000000000000000e+01
4.935000000000000000e+03
9.863000000000000000e+03
5.822000000000000000e+03
2.651000000000000000e+03
8.901000000000000000e+03
1.340000000000000000e+03
7.817000000000000000e+03
1.768000000000000000e+03
9.584000000000000000e+03
6.640000000000000000e+02
8.770000000000000000e+02
8.163000000000000000e+03
5.954000000000000000e+03
9.570000000000000000e+02
9.999000000000000000e+03
1.517000000000000000e+03
7.623000000000000000e+03
4.081000000000000000e+03
4.569000000000000000e+03
3.776000000000000000e+03
2.800000000000000000e+02
4.994000000000000000e+03
9.500000000000000000e+02
8.952000000000000000e+03
5.991000000000000000e+03
5.416000000000000000e+03
9.788000000000000000e+03
4.947000000000000000e+03
2.596000000000000000e+03
4.716000000000000000e+03
4.070000000000000000e+03
8.482000000000000000e+03
9.881000000000000000e+03
4.253000000000000000e+03
6.744000000000000000e+03
8.019000000000000000e+03
7.105000000000000000e+03
2.098000000000000000e+03
4.998000000000000000e+03
9.434000000000000000e+03
4.972000000000000000e+03
4.975000000000000000e+03
8.436000000000000000e+03
9.725000000000000000e+03
3.244000000000000000e+03
7.931000000000000000e+03
8.778000000000000000e+03
8.217000000000000000e+03
2.219000000000000000e+03
6.705000000000000000e+03
5.535000000000000000e+03
8.325000000000000000e+03
9.800000000000000000e+03
2.410000000000000000e+03
5.067000000000000000e+03
7.124000000000000000e+03
8.788000000000000000e+03
2.205000000000000000e+03
3.249000000000000000e+03
8.335000000000000000e+03
1.914000000000000000e+03
5.808000000000000000e+03
6.319000000000000000e+03
2.450000000000000000e+03
2.821000000000000000e+03
9.247000000000000000e+03
4.963000000000000000e+03
8.192000000000000000e+03
1.931000000000000000e+03
2.320000000000000000e+02
3.042000000000000000e+03
7.939000000000000000e+03
3.854000000000000000e+03
6.432000000000000000e+03
6.386000000000000000e+03
7.957000000000000000e+03
7.278000000000000000e+03
3.267000000000000000e+03
7.760000000000000000e+02
1.136000000000000000e+03
7.484000000000000000e+03
8.209000000000000000e+03
5.519000000000000000e+03
3.573000000000000000e+03
3.077000000000000000e+03
1.794000000000000000e+03
4.162000000000000000e+03
7.791000000000000000e+03
2.357000000000000000e+03
8.260000000000000000e+03
1.258000000000000000e+03
6.490000000000000000e+03
4.684000000000000000e+03
6.507000000000000000e+03
1.217000000000000000e+03
1.222000000000000000e+03
2.305000000000000000e+03
2.344000000000000000e+03
7.868000000000000000e+03
4.080000000000000000e+03
7.044000000000000000e+03
6.144000000000000000e+03
1.478000000000000000e+03
8.615000000000000000e+03
1.476000000000000000e+03
9.460000000000000000e+03
5.790000000000000000e+02
1.790000000000000000e+02
1.825000000000000000e+03
7.050000000000000000e+03
4.098000000000000000e+03
1.822000000000000000e+03
7.749000000000000000e+03
9.387000000000000000e+03
6.509000000000000000e+03
3.520000000000000000e+03
4.542000000000000000e+03
2.230000000000000000e+03
7.286000000000000000e+03
9.773000000000000000e+03
4.555000000000000000e+03
6.516000000000000000e+03
5.060000000000000000e+03
7.113000000000000000e+03
1.501000000000000000e+03
7.110000000000000000e+03
6.677000000000000000e+03
1.499000000000000000e+03
5.056000000000000000e+03
7.108000000000000000e+03
1.270000000000000000e+02
5.700000000000000000e+03
4.581000000000000000e+03
7.005000000000000000e+03
3.539000000000000000e+03
3.540000000000000000e+03
1.808000000000000000e+03
9.376000000000000000e+03
9.383000000000000000e+03
5.140000000000000000e+02
5.809000000000000000e+03
4.486000000000000000e+03
6.355000000000000000e+03
6.833000000000000000e+03
2.531000000000000000e+03
9.698000000000000000e+03
8.820000000000000000e+02
4.405000000000000000e+03
2.928000000000000000e+03
4.406000000000000000e+03
7.603000000000000000e+03
1.598000000000000000e+03
5.975000000000000000e+03
4.893000000000000000e+03
6.457000000000000000e+03
6.580000000000000000e+03
2.047000000000000000e+03
3.837000000000000000e+03
6.780000000000000000e+03
2.741000000000000000e+03
1.386000000000000000e+03
2.112000000000000000e+03
3.310000000000000000e+02
8.701000000000000000e+03
6.306000000000000000e+03
9.229000000000000000e+03
9.671000000000000000e+03
1.033000000000000000e+03
8.053000000000000000e+03
7.395000000000000000e+03
9.143000000000000000e+03
9.117000000000000000e+03
9.959000000000000000e+03
4.352000000000000000e+03
4.600000000000000000e+01
5.998000000000000000e+03
9.013000000000000000e+03
5.999000000000000000e+03
6.279000000000000000e+03
3.702000000000000000e+03
5.914000000000000000e+03
8.667000000000000000e+03
9.183000000000000000e+03
8.547000000000000000e+03
9.185000000000000000e+03
8.747000000000000000e+03
4.070000000000000000e+02
1.335000000000000000e+03
4.090000000000000000e+02
6.030000000000000000e+03
2.500000000000000000e+02
1.332000000000000000e+03
2.136000000000000000e+03
6.903000000000000000e+03
5.394000000000000000e+03
8.683000000000000000e+03
6.806000000000000000e+03
3.027000000000000000e+03
9.612000000000000000e+03
2.900000000000000000e+02
4.897000000000000000e+03
1.960000000000000000e+03
7.173000000000000000e+03
9.053000000000000000e+03
1.706000000000000000e+03
3.880000000000000000e+02
7.435000000000000000e+03
4.943000000000000000e+03
5.182000000000000000e+03
2.925000000000000000e+03
1.606000000000000000e+03
9.680000000000000000e+02
9.761000000000000000e+03
9.674000000000000000e+03
4.827000000000000000e+03
3.014000000000000000e+03
9.087000000000000000e+03
5.381000000000000000e+03
2.578000000000000000e+03
6.590000000000000000e+03
8.425000000000000000e+03
6.936000000000000000e+03
1.038000000000000000e+03
4.927000000000000000e+03
9.450000000000000000e+03
1.000000000000000000e+01
3.205000000000000000e+03
3.900000000000000000e+01
7.790000000000000000e+03
9.394000000000000000e+03
1.255000000000000000e+03
5.959000000000000000e+03
6.987000000000000000e+03
4.730000000000000000e+02
7.360000000000000000e+02
6.263000000000000000e+03
1.423000000000000000e+03
7.974000000000000000e+03
4.734000000000000000e+03
8.226000000000000000e+03
4.217000000000000000e+03
3.696000000000000000e+03
9.384000000000000000e+03
8.414000000000000000e+03
1.887000000000000000e+03
3.002000000000000000e+03
9.741000000000000000e+03
5.120000000000000000e+02
2.718000000000000000e+03
3.065000000000000000e+03
8.609000000000000000e+03
8.451000000000000000e+03
5.079000000000000000e+03
6.270000000000000000e+02
1.513000000000000000e+03
8.295000000000000000e+03
5.966000000000000000e+03
5.348000000000000000e+03
3.894000000000000000e+03
8.107000000000000000e+03
2.809000000000000000e+03
6.100000000000000000e+02
7.816000000000000000e+03
4.626000000000000000e+03
7.129000000000000000e+03
8.055000000000000000e+03
1.381000000000000000e+03
5.433000000000000000e+03
6.786000000000000000e+03
9.882000000000000000e+03
2.898000000000000000e+03
4.551000000000000000e+03
4.582000000000000000e+03
5.322000000000000000e+03
4.257000000000000000e+03
5.266000000000000000e+03
5.122000000000000000e+03
6.389000000000000000e+03
7.127000000000000000e+03
2.269000000000000000e+03
2.055000000000000000e+03
6.875000000000000000e+03
4.131000000000000000e+03
2.603000000000000000e+03
8.129000000000000000e+03
7.140000000000000000e+02
4.641000000000000000e+03
5.706000000000000000e+03
9.429000000000000000e+03
1.537000000000000000e+03
9.140000000000000000e+03
9.241000000000000000e+03
9.100000000000000000e+01
1.519000000000000000e+03
4.283000000000000000e+03
5.994000000000000000e+03
7.921000000000000000e+03
1.493000000000000000e+03
8.268000000000000000e+03
9.720000000000000000e+02
5.300000000000000000e+01
9.034000000000000000e+03
6.401000000000000000e+03
3.326000000000000000e+03
9.186000000000000000e+03
7.355000000000000000e+03
1.148000000000000000e+03
8.611000000000000000e+03
1.070000000000000000e+02
7.852000000000000000e+03
1.069000000000000000e+03
2.125000000000000000e+03
1.201000000000000000e+03
8.111000000000000000e+03
4.990000000000000000e+03
5.471000000000000000e+03
7.722000000000000000e+03
7.083000000000000000e+03
1.421000000000000000e+03
3.450000000000000000e+02
8.403000000000000000e+03
7.078000000000000000e+03
5.640000000000000000e+02
2.363000000000000000e+03
7.069000000000000000e+03
5.520000000000000000e+03
9.461000000000000000e+03
1.443000000000000000e+03
9.783000000000000000e+03
2.557000000000000000e+03
6.586000000000000000e+03
9.534000000000000000e+03
9.731000000000000000e+03
2.493000000000000000e+03
9.998000000000000000e+03
6.520000000000000000e+03
6.241000000000000000e+03
3.371000000000000000e+03
4.966000000000000000e+03
3.598000000000000000e+03
5.150000000000000000e+02
2.000000000000000000e+02
8.967000000000000000e+03
6.715000000000000000e+03
5.939000000000000000e+03
9.635000000000000000e+03
7.390000000000000000e+03
6.615000000000000000e+03
4.503000000000000000e+03
3.890000000000000000e+02
1.867000000000000000e+03
8.430000000000000000e+02
2.883000000000000000e+03
3.507000000000000000e+03
5.252000000000000000e+03
2.066000000000000000e+03
7.750000000000000000e+03
2.016000000000000000e+03
2.364000000000000000e+03
3.484000000000000000e+03
2.749000000000000000e+03
7.446000000000000000e+03
1.170000000000000000e+02
2.700000000000000000e+01
5.096000000000000000e+03
4.774000000000000000e+03
5.062000000000000000e+03
4.603000000000000000e+03
5.985000000000000000e+03
4.563000000000000000e+03
4.856000000000000000e+03
7.693000000000000000e+03
9.878000000000000000e+03
