8.529000000000000000e+03
6.058000000000000000e+03
3.807000000000000000e+03
6.390000000000000000e+02
4.543000000000000000e+03
9.950000000000000000e+02
1.898000000000000000e+03
5.905000000000000000e+03
2.017000000000000000e+03
9.519000000000000000e+03
5.790000000000000000e+03
2.238000000000000000e+03
9.535000000000000000e+03
5.054000000000000000e+03
5.465000000000000000e+03
9.717000000000000000e+03
3.982000000000000000e+03
2.899000000000000000e+03
4.850000000000000000e+03
3.846000000000000000e+03
1.293000000000000000e+03
6.276000000000000000e+03
4.971000000000000000e+03
1.531000000000000000e+03
1.250000000000000000e+02
6.780000000000000000e+02
3.219000000000000000e+03
0.000000000000000000e+00
6.774000000000000000e+03
2.459000000000000000e+03
1.598000000000000000e+03
2.444000000000000000e+03
8.463000000000000000e+03
6.543000000000000000e+03
2.889000000000000000e+03
1.984000000000000000e+03
5.879000000000000000e+03
3.282000000000000000e+03
5.811000000000000000e+03
9.714000000000000000e+03
4.820000000000000000e+03
4.810000000000000000e+03
7.736000000000000000e+03
8.720000000000000000e+02
5.468000000000000000e+03
4.740000000000000000e+03
6.227000000000000000e+03
2.462000000000000000e+03
7.654000000000000000e+03
2.840000000000000000e+03
6.310000000000000000e+03
1.210000000000000000e+02
8.140000000000000000e+03
6.837000000000000000e+03
6.475000000000000000e+03
1.460000000000000000e+02
5.843000000000000000e+03
8.128000000000000000e+03
1.133000000000000000e+03
1.326000000000000000e+03
1.970000000000000000e+03
8.745000000000000000e+03
8.114000000000000000e+03
8.495000000000000000e+03
8.493000000000000000e+03
7.292000000000000000e+03
8.010000000000000000e+02
8.490000000000000000e+03
1.316000000000000000e+03
8.203000000000000000e+03
2.997000000000000000e+03
4.077000000000000000e+03
4.277000000000000000e+03
6.728000000000000000e+03
5.912000000000000000e+03
6.150000000000000000e+02
3.165000000000000000e+03
7.984000000000000000e+03
9.730000000000000000e+02
9.295000000000000000e+03
8.059000000000000000e+03
2.106000000000000000e+03
5.698000000000000000e+03
4.495000000000000000e+03
9.095000000000000000e+03
5.925000000000000000e+03
3.387000000000000000e+03
5.725000000000000000e+03
9.336000000000000000e+03
5.647000000000000000e+03
3.135000000000000000e+03
3.452000000000000000e+03
5.570000000000000000e+02
7.817000000000000000e+03
9.584000000000000000e+03
7.118000000000000000e+03
3.502000000000000000e+03
2.258000000000000000e+03
1.996000000000000000e+03
8.959000000000000000e+03
8.099000000000000000e+03
4.718000000000000000e+03
7.865000000000000000e+03
1.916000000000000000e+03
1.517000000000000000e+03
6.670000000000000000e+03
7.074000000000000000e+03
8.318000000000000000e+03
5.900000000000000000e+03
4.143000000000000000e+03
4.166000000000000000e+03
3.491000000000000000e+03
1.353000000000000000e+03
1.948000000000000000e+03
5.117000000000000000e+03
2.747000000000000000e+03
2.698000000000000000e+03
6.413000000000000000e+03
5.194000000000000000e+03
1.080000000000000000e+02
7.474000000000000000e+03
8.697000000000000000e+03
6.392000000000000000e+03
1.494000000000000000e+03
7.440000000000000000e+03
8.654000000000000000e+03
5.210000000000000000e+03
1.371000000000000000e+03
6.919000000000000000e+03
2.576000000000000000e+03
7.286000000000000000e+03
9.258000000000000000e+03
5.023000000000000000e+03
4.310000000000000000e+02
1.279000000000000000e+03
9.387000000000000000e+03
2.278000000000000000e+03
7.623000000000000000e+03
1.925000000000000000e+03
4.676000000000000000e+03
4.207000000000000000e+03
4.658000000000000000e+03
1.755000000000000000e+03
3.343000000000000000e+03
7.119000000000000000e+03
1.387000000000000000e+03
4.396000000000000000e+03
1.639000000000000000e+03
3.999000000000000000e+03
5.182000000000000000e+03
5.933000000000000000e+03
8.035000000000000000e+03
9.101000000000000000e+03
9.744000000000000000e+03
9.287000000000000000e+03
3.826000000000000000e+03
2.967000000000000000e+03
7.786000000000000000e+03
4.890000000000000000e+03
4.061000000000000000e+03
4.062000000000000000e+03
9.083000000000000000e+03
1.363000000000000000e+03
6.107000000000000000e+03
2.220000000000000000e+02
8.593000000000000000e+03
9.233000000000000000e+03
6.182000000000000000e+03
9.440000000000000000e+03
9.949000000000000000e+03
1.053000000000000000e+03
5.880000000000000000e+02
8.726000000000000000e+03
4.142000000000000000e+03
8.148000000000000000e+03
5.828000000000000000e+03
3.449000000000000000e+03
1.786000000000000000e+03
3.150000000000000000e+03
9.550000000000000000e+02
4.806000000000000000e+03
1.815000000000000000e+03
1.772000000000000000e+03
9.091000000000000000e+03
3.300000000000000000e+03
9.379000000000000000e+03
8.065000000000000000e+03
9.360000000000000000e+03
4.326000000000000000e+03
9.775000000000000000e+03
9.985000000000000000e+03
4.502000000000000000e+03
3.950000000000000000e+02
3.600000000000000000e+02
8.901000000000000000e+03
2.018000000000000000e+03
2.327000000000000000e+03
4.121000000000000000e+03
6.838000000000000000e+03
1.501000000000000000e+03
7.703000000000000000e+03
6.355000000000000000e+03
9.930000000000000000e+02
1.635000000000000000e+03
1.560000000000000000e+03
6.830000000000000000e+03
2.880000000000000000e+02
4.870000000000000000e+02
7.976000000000000000e+03
3.969000000000000000e+03
3.669000000000000000e+03
4.730000000000000000e+02
4.736000000000000000e+03
5.533000000000000000e+03
2.344000000000000000e+03
2.397000000000000000e+03
9.948000000000000000e+03
3.320000000000000000e+02
2.911000000000000000e+03
6.737000000000000000e+03
5.733000000000000000e+03
8.980000000000000000e+03
7.014000000000000000e+03
5.808000000000000000e+03
9.185000000000000000e+03
7.300000000000000000e+02
5.203000000000000000e+03
4.168000000000000000e+03
1.910000000000000000e+02
6.633000000000000000e+03
4.081000000000000000e+03
7.372000000000000000e+03
1.183000000000000000e+03
5.991000000000000000e+03
7.360000000000000000e+02
5.175000000000000000e+03
8.394000000000000000e+03
7.752000000000000000e+03
7.609000000000000000e+03
3.617000000000000000e+03
8.392000000000000000e+03
5.749000000000000000e+03
8.426000000000000000e+03
1.684000000000000000e+03
1.808000000000000000e+03
6.420000000000000000e+03
9.123000000000000000e+03
7.217000000000000000e+03
2.372000000000000000e+03
8.885000000000000000e+03
6.580000000000000000e+03
4.823000000000000000e+03
7.176000000000000000e+03
1.168000000000000000e+03
4.477000000000000000e+03
3.160000000000000000e+02
7.915000000000000000e+03
1.878000000000000000e+03
7.050000000000000000e+03
6.604000000000000000e+03
6.440000000000000000e+02
7.958000000000000000e+03
9.953000000000000000e+03
7.824000000000000000e+03
6.637000000000000000e+03
1.763000000000000000e+03
7.495000000000000000e+03
4.000000000000000000e+01
5.562000000000000000e+03
6.240000000000000000e+02
4.643000000000000000e+03
2.259000000000000000e+03
4.690000000000000000e+02
4.780000000000000000e+02
2.137000000000000000e+03
1.396000000000000000e+03
3.811000000000000000e+03
5.900000000000000000e+01
5.549000000000000000e+03
3.014000000000000000e+03
7.772000000000000000e+03
5.140000000000000000e+02
2.291000000000000000e+03
3.553000000000000000e+03
3.096000000000000000e+03
3.880000000000000000e+02
1.041000000000000000e+03
7.005000000000000000e+03
5.700000000000000000e+03
2.206000000000000000e+03
4.500000000000000000e+03
5.656000000000000000e+03
1.136000000000000000e+03
1.820000000000000000e+03
1.706000000000000000e+03
2.994000000000000000e+03
4.070000000000000000e+03
6.833000000000000000e+03
6.432000000000000000e+03
7.055000000000000000e+03
9.383000000000000000e+03
7.819000000000000000e+03
1.822000000000000000e+03
4.111000000000000000e+03
8.033000000000000000e+03
5.096000000000000000e+03
6.485000000000000000e+03
2.531000000000000000e+03
8.090000000000000000e+02
2.020000000000000000e+03
7.262000000000000000e+03
2.520000000000000000e+02
4.406000000000000000e+03
1.606000000000000000e+03
8.072000000000000000e+03
1.536000000000000000e+03
6.204000000000000000e+03
2.430000000000000000e+03
5.112000000000000000e+03
5.228000000000000000e+03
8.465000000000000000e+03
4.329000000000000000e+03
1.979000000000000000e+03
6.857000000000000000e+03
2.821000000000000000e+03
2.656000000000000000e+03
9.823000000000000000e+03
9.811000000000000000e+03
1.290000000000000000e+03
2.511000000000000000e+03
8.089000000000000000e+03
2.658000000000000000e+03
8.202000000000000000e+03
8.740000000000000000e+02
8.511000000000000000e+03
4.907000000000000000e+03
9.788000000000000000e+03
1.914000000000000000e+03
7.608000000000000000e+03
8.683000000000000000e+03
6.260000000000000000e+03
3.371000000000000000e+03
6.196000000000000000e+03
3.311000000000000000e+03
8.110000000000000000e+02
4.456000000000000000e+03
6.162000000000000000e+03
3.259000000000000000e+03
3.342000000000000000e+03
5.266000000000000000e+03
7.912000000000000000e+03
7.911000000000000000e+03
6.965000000000000000e+03
3.840000000000000000e+03
9.520000000000000000e+02
2.423000000000000000e+03
3.933000000000000000e+03
4.257000000000000000e+03
9.422000000000000000e+03
7.963000000000000000e+03
2.230000000000000000e+02
6.268000000000000000e+03
5.304000000000000000e+03
1.254000000000000000e+03
9.110000000000000000e+03
9.066000000000000000e+03
4.466000000000000000e+03
7.370000000000000000e+03
5.007000000000000000e+03
2.036000000000000000e+03
3.872000000000000000e+03
9.416000000000000000e+03
7.351000000000000000e+03
2.055000000000000000e+03
9.420000000000000000e+02
5.300000000000000000e+01
3.162000000000000000e+03
1.394000000000000000e+03
7.069000000000000000e+03
9.300000000000000000e+03
1.589000000000000000e+03
8.512000000000000000e+03
2.125000000000000000e+03
5.520000000000000000e+03
4.331000000000000000e+03
7.856000000000000000e+03
4.116000000000000000e+03
5.965000000000000000e+03
6.652000000000000000e+03
4.547000000000000000e+03
5.000000000000000000e+02
5.866000000000000000e+03
1.421000000000000000e+03
6.901000000000000000e+03
4.283000000000000000e+03
9.461000000000000000e+03
5.994000000000000000e+03
9.112000000000000000e+03
1.623000000000000000e+03
2.149000000000000000e+03
3.437000000000000000e+03
3.346000000000000000e+03
1.696000000000000000e+03
1.867000000000000000e+03
5.939000000000000000e+03
5.317000000000000000e+03
3.252000000000000000e+03
3.136000000000000000e+03
3.299000000000000000e+03
6.109000000000000000e+03
6.511000000000000000e+03
4.610000000000000000e+02
3.405000000000000000e+03
3.710000000000000000e+02
