2.988000000000000000e+03
8.741000000000000000e+03
8.100000000000000000e+02
3.458000000000000000e+03
2.726000000000000000e+03
8.169000000000000000e+03
3.019000000000000000e+03
9.237000000000000000e+03
8.945000000000000000e+03
8.359000000000000000e+03
5.165000000000000000e+03
9.687000000000000000e+03
8.266000000000000000e+03
3.615000000000000000e+03
6.550000000000000000e+03
6.259000000000000000e+03
5.701000000000000000e+03
7.293000000000000000e+03
8.959000000000000000e+03
2.679000000000000000e+03
2.247000000000000000e+03
9.059000000000000000e+03
4.442000000000000000e+03
4.966000000000000000e+03
5.226000000000000000e+03
7.166000000000000000e+03
9.637000000000000000e+03
2.017000000000000000e+03
5.335000000000000000e+03
9.535000000000000000e+03
4.400000000000000000e+02
5.905000000000000000e+03
6.210000000000000000e+02
4.532000000000000000e+03
9.923000000000000000e+03
9.700000000000000000e+02
6.278000000000000000e+03
1.400000000000000000e+01
5.864000000000000000e+03
5.922000000000000000e+03
1.264000000000000000e+03
2.847000000000000000e+03
1.968000000000000000e+03
1.310000000000000000e+02
3.096000000000000000e+03
1.439000000000000000e+03
9.699000000000000000e+03
1.474000000000000000e+03
2.396000000000000000e+03
5.061000000000000000e+03
9.819000000000000000e+03
7.386000000000000000e+03
4.934000000000000000e+03
2.860000000000000000e+02
4.719000000000000000e+03
1.784000000000000000e+03
6.493000000000000000e+03
4.440000000000000000e+02
4.647000000000000000e+03
4.274000000000000000e+03
2.056000000000000000e+03
2.544000000000000000e+03
7.475000000000000000e+03
9.914000000000000000e+03
1.266000000000000000e+03
1.714000000000000000e+03
2.665000000000000000e+03
1.463000000000000000e+03
4.162000000000000000e+03
5.820000000000000000e+02
5.100000000000000000e+03
7.931000000000000000e+03
9.680000000000000000e+02
4.981000000000000000e+03
7.908000000000000000e+03
6.108000000000000000e+03
7.662000000000000000e+03
7.492000000000000000e+03
2.255000000000000000e+03
3.688000000000000000e+03
9.440000000000000000e+03
3.806000000000000000e+03
6.341000000000000000e+03
8.614000000000000000e+03
9.046000000000000000e+03
8.118000000000000000e+03
6.646000000000000000e+03
2.979000000000000000e+03
3.037000000000000000e+03
2.624000000000000000e+03
6.643000000000000000e+03
8.556000000000000000e+03
5.376000000000000000e+03
8.975000000000000000e+03
5.077000000000000000e+03
7.737000000000000000e+03
4.538000000000000000e+03
7.060000000000000000e+03
3.641000000000000000e+03
9.611000000000000000e+03
2.451000000000000000e+03
5.840000000000000000e+02
4.670000000000000000e+03
1.959000000000000000e+03
5.920000000000000000e+03
2.139000000000000000e+03
9.843000000000000000e+03
8.890000000000000000e+03
2.480000000000000000e+03
8.053000000000000000e+03
6.613000000000000000e+03
2.426000000000000000e+03
4.506000000000000000e+03
1.007000000000000000e+03
9.532000000000000000e+03
9.390000000000000000e+02
7.387000000000000000e+03
7.106000000000000000e+03
5.995000000000000000e+03
1.141000000000000000e+03
1.395000000000000000e+03
8.590000000000000000e+02
1.262000000000000000e+03
5.993000000000000000e+03
8.219000000000000000e+03
1.049000000000000000e+03
6.878000000000000000e+03
7.568000000000000000e+03
2.915000000000000000e+03
6.555000000000000000e+03
3.387000000000000000e+03
6.984000000000000000e+03
7.170000000000000000e+03
5.064000000000000000e+03
8.789000000000000000e+03
8.754000000000000000e+03
9.714000000000000000e+03
8.028000000000000000e+03
4.737000000000000000e+03
9.730000000000000000e+02
3.031000000000000000e+03
4.055000000000000000e+03
2.530000000000000000e+02
2.106000000000000000e+03
8.697000000000000000e+03
5.179000000000000000e+03
7.366000000000000000e+03
7.398000000000000000e+03
5.117000000000000000e+03
5.553000000000000000e+03
7.359000000000000000e+03
6.310000000000000000e+03
9.269000000000000000e+03
1.016000000000000000e+03
3.263000000000000000e+03
3.058000000000000000e+03
1.996000000000000000e+03
6.581000000000000000e+03
5.925000000000000000e+03
1.970000000000000000e+03
5.723000000000000000e+03
8.551000000000000000e+03
9.640000000000000000e+02
1.948000000000000000e+03
3.312000000000000000e+03
7.985000000000000000e+03
2.264000000000000000e+03
2.258000000000000000e+03
5.439000000000000000e+03
6.694000000000000000e+03
5.617000000000000000e+03
6.268000000000000000e+03
9.122000000000000000e+03
9.109000000000000000e+03
2.444000000000000000e+03
2.803000000000000000e+03
1.370000000000000000e+03
4.144000000000000000e+03
1.559000000000000000e+03
4.156000000000000000e+03
3.510000000000000000e+02
4.830000000000000000e+03
2.541000000000000000e+03
4.393000000000000000e+03
7.549000000000000000e+03
4.176000000000000000e+03
5.615000000000000000e+03
5.441000000000000000e+03
3.165000000000000000e+03
5.605000000000000000e+03
7.444000000000000000e+03
3.970000000000000000e+02
4.077000000000000000e+03
9.812000000000000000e+03
8.490000000000000000e+03
9.739000000000000000e+03
5.450000000000000000e+03
2.285000000000000000e+03
5.447000000000000000e+03
5.312000000000000000e+03
2.345000000000000000e+03
4.995000000000000000e+03
4.842000000000000000e+03
6.267000000000000000e+03
8.549000000000000000e+03
6.684000000000000000e+03
8.152000000000000000e+03
2.276000000000000000e+03
8.788000000000000000e+03
9.712000000000000000e+03
8.160000000000000000e+03
7.368000000000000000e+03
1.359000000000000000e+03
3.745000000000000000e+03
3.239000000000000000e+03
3.482000000000000000e+03
6.143000000000000000e+03
9.303000000000000000e+03
8.883000000000000000e+03
3.544000000000000000e+03
8.666000000000000000e+03
8.559000000000000000e+03
4.655000000000000000e+03
2.138000000000000000e+03
2.333000000000000000e+03
3.840000000000000000e+02
1.410000000000000000e+02
3.541000000000000000e+03
9.033000000000000000e+03
7.557000000000000000e+03
3.890000000000000000e+03
9.915000000000000000e+03
8.840000000000000000e+03
5.246000000000000000e+03
9.537000000000000000e+03
1.767000000000000000e+03
7.107000000000000000e+03
5.977000000000000000e+03
9.040000000000000000e+03
3.906000000000000000e+03
3.424000000000000000e+03
2.532000000000000000e+03
9.085000000000000000e+03
6.374000000000000000e+03
3.772000000000000000e+03
3.485000000000000000e+03
6.672000000000000000e+03
4.168000000000000000e+03
6.354000000000000000e+03
1.655000000000000000e+03
4.848000000000000000e+03
8.944000000000000000e+03
9.291000000000000000e+03
6.596000000000000000e+03
1.000000000000000000e+00
2.248000000000000000e+03
8.541000000000000000e+03
5.880000000000000000e+02
7.070000000000000000e+02
9.314000000000000000e+03
4.464000000000000000e+03
5.485000000000000000e+03
5.600000000000000000e+02
9.946000000000000000e+03
4.153000000000000000e+03
5.827000000000000000e+03
1.856000000000000000e+03
7.320000000000000000e+03
1.200000000000000000e+03
1.495000000000000000e+03
8.795000000000000000e+03
4.453000000000000000e+03
1.010000000000000000e+03
8.324000000000000000e+03
9.817000000000000000e+03
4.866000000000000000e+03
3.240000000000000000e+02
9.935000000000000000e+03
4.452000000000000000e+03
2.806000000000000000e+03
5.680000000000000000e+03
1.572000000000000000e+03
9.769000000000000000e+03
3.798000000000000000e+03
9.589000000000000000e+03
6.043000000000000000e+03
8.372000000000000000e+03
3.705000000000000000e+03
8.520000000000000000e+02
2.125000000000000000e+03
8.410000000000000000e+03
5.000000000000000000e+01
5.600000000000000000e+01
2.159000000000000000e+03
9.245000000000000000e+03
8.664000000000000000e+03
4.577000000000000000e+03
4.940000000000000000e+02
7.786000000000000000e+03
3.347000000000000000e+03
6.269000000000000000e+03
1.889000000000000000e+03
9.209000000000000000e+03
6.190000000000000000e+03
3.388000000000000000e+03
3.395000000000000000e+03
7.311000000000000000e+03
2.969000000000000000e+03
7.126000000000000000e+03
4.054000000000000000e+03
7.168000000000000000e+03
3.872000000000000000e+03
1.769000000000000000e+03
3.838000000000000000e+03
3.557000000000000000e+03
1.110000000000000000e+02
9.030000000000000000e+02
8.759000000000000000e+03
6.940000000000000000e+03
1.908000000000000000e+03
5.645000000000000000e+03
2.098000000000000000e+03
4.246000000000000000e+03
8.183000000000000000e+03
7.764000000000000000e+03
5.759000000000000000e+03
3.687000000000000000e+03
8.453000000000000000e+03
8.815000000000000000e+03
8.811000000000000000e+03
3.670000000000000000e+02
9.277000000000000000e+03
1.999000000000000000e+03
9.665000000000000000e+03
2.686000000000000000e+03
5.497000000000000000e+03
7.243000000000000000e+03
7.991000000000000000e+03
8.212000000000000000e+03
5.270000000000000000e+02
1.219000000000000000e+03
8.133000000000000000e+03
5.341000000000000000e+03
3.072000000000000000e+03
5.954000000000000000e+03
6.799000000000000000e+03
2.295000000000000000e+03
2.524000000000000000e+03
7.878000000000000000e+03
6.175000000000000000e+03
3.800000000000000000e+03
6.403000000000000000e+03
1.221000000000000000e+03
8.413000000000000000e+03
8.575000000000000000e+03
4.367000000000000000e+03
8.805000000000000000e+03
9.067000000000000000e+03
1.108000000000000000e+03
8.690000000000000000e+02
3.218000000000000000e+03
9.786000000000000000e+03
7.360000000000000000e+03
2.855000000000000000e+03
6.700000000000000000e+02
4.831000000000000000e+03
9.950000000000000000e+02
5.647000000000000000e+03
3.142000000000000000e+03
2.446000000000000000e+03
2.793000000000000000e+03
8.005000000000000000e+03
5.483000000000000000e+03
7.154000000000000000e+03
5.520000000000000000e+02
5.743000000000000000e+03
3.083000000000000000e+03
1.613000000000000000e+03
2.941000000000000000e+03
1.648000000000000000e+03
4.430000000000000000e+02
8.239000000000000000e+03
6.026000000000000000e+03
1.452000000000000000e+03
3.709000000000000000e+03
2.815000000000000000e+03
4.874000000000000000e+03
4.495000000000000000e+03
7.421000000000000000e+03
1.721000000000000000e+03
5.681000000000000000e+03
3.515000000000000000e+03
5.700000000000000000e+02
9.407000000000000000e+03
4.277000000000000000e+03
1.898000000000000000e+03
5.409000000000000000e+03
4.287000000000000000e+03
7.181000000000000000e+03
5.936000000000000000e+03
9.888000000000000000e+03
9.671000000000000000e+03
7.799000000000000000e+03
3.317000000000000000e+03
5.850000000000000000e+02
2.568000000000000000e+03
5.914000000000000000e+03
7.829000000000000000e+03
6.388000000000000000e+03
3.603000000000000000e+03
1.815000000000000000e+03
9.060000000000000000e+03
5.225000000000000000e+03
8.717000000000000000e+03
1.401000000000000000e+03
5.917000000000000000e+03
1.398000000000000000e+03
4.639000000000000000e+03
3.814000000000000000e+03
6.229000000000000000e+03
5.305000000000000000e+03
2.219000000000000000e+03
3.570000000000000000e+02
8.874000000000000000e+03
2.531000000000000000e+03
4.244000000000000000e+03
4.547000000000000000e+03
1.749000000000000000e+03
9.770000000000000000e+03
6.230000000000000000e+03
1.656000000000000000e+03
2.572000000000000000e+03
4.465000000000000000e+03
2.291000000000000000e+03
1.440000000000000000e+02
6.529000000000000000e+03
6.096000000000000000e+03
8.250000000000000000e+03
7.620000000000000000e+02
5.180000000000000000e+03
3.888000000000000000e+03
9.500000000000000000e+02
9.450000000000000000e+02
6.825000000000000000e+03
1.940000000000000000e+02
9.967000000000000000e+03
2.384000000000000000e+03
6.656000000000000000e+03
3.945000000000000000e+03
7.056000000000000000e+03
1.354000000000000000e+03
4.590000000000000000e+03
5.206000000000000000e+03
9.689000000000000000e+03
6.612000000000000000e+03
1.775000000000000000e+03
4.379000000000000000e+03
4.420000000000000000e+02
4.910000000000000000e+02
9.562000000000000000e+03
2.767000000000000000e+03
9.075000000000000000e+03
6.215000000000000000e+03
1.694000000000000000e+03
1.022000000000000000e+03
7.110000000000000000e+02
3.546000000000000000e+03
5.500000000000000000e+01
5.707000000000000000e+03
7.402000000000000000e+03
3.924000000000000000e+03
1.078000000000000000e+03
1.084000000000000000e+03
8.925000000000000000e+03
6.208000000000000000e+03
1.664000000000000000e+03
7.347000000000000000e+03
5.702000000000000000e+03
1.719000000000000000e+03
3.454000000000000000e+03
5.660000000000000000e+03
4.171000000000000000e+03
8.630000000000000000e+02
5.688000000000000000e+03
9.397000000000000000e+03
4.238000000000000000e+03
4.242000000000000000e+03
8.841000000000000000e+03
7.289000000000000000e+03
7.370000000000000000e+02
6.294000000000000000e+03
8.230000000000000000e+03
7.164000000000000000e+03
1.093000000000000000e+03
7.669000000000000000e+03
3.923000000000000000e+03
5.716000000000000000e+03
1.409000000000000000e+03
5.382000000000000000e+03
3.685000000000000000e+03
1.239000000000000000e+03
3.870000000000000000e+03
3.823000000000000000e+03
4.359000000000000000e+03
4.419000000000000000e+03
7.077000000000000000e+03
5.394000000000000000e+03
9.097000000000000000e+03
9.932000000000000000e+03
9.924000000000000000e+03
3.735000000000000000e+03
9.080000000000000000e+03
6.424000000000000000e+03
1.240000000000000000e+02
8.991000000000000000e+03
1.525000000000000000e+03
1.116000000000000000e+03
4.316000000000000000e+03
1.590000000000000000e+03
3.900000000000000000e+03
9.956000000000000000e+03
9.235000000000000000e+03
1.164000000000000000e+03
9.203000000000000000e+03
1.205000000000000000e+03
6.366000000000000000e+03
1.220000000000000000e+03
7.123000000000000000e+03
3.660000000000000000e+03
4.426000000000000000e+03
5.729000000000000000e+03
1.604000000000000000e+03
3.859000000000000000e+03
6.105000000000000000e+03
8.856000000000000000e+03
8.264000000000000000e+03
3.130000000000000000e+02
3.120000000000000000e+02
2.911000000000000000e+03
6.665000000000000000e+03
2.322000000000000000e+03
2.330000000000000000e+03
2.662000000000000000e+03
3.288000000000000000e+03
8.691000000000000000e+03
7.803000000000000000e+03
2.904000000000000000e+03
8.716000000000000000e+03
3.321000000000000000e+03
2.887000000000000000e+03
5.196000000000000000e+03
2.332000000000000000e+03
5.140000000000000000e+03
2.041000000000000000e+03
2.251000000000000000e+03
3.070000000000000000e+03
4.675000000000000000e+03
8.241000000000000000e+03
2.724000000000000000e+03
6.623000000000000000e+03
9.844000000000000000e+03
4.873000000000000000e+03
2.193000000000000000e+03
2.203000000000000000e+03
8.592000000000000000e+03
2.102000000000000000e+03
2.082000000000000000e+03
2.223000000000000000e+03
6.950000000000000000e+03
6.078000000000000000e+03
4.080000000000000000e+02
9.818000000000000000e+03
5.844000000000000000e+03
9.664000000000000000e+03
2.681000000000000000e+03
4.939000000000000000e+03
2.566000000000000000e+03
8.812000000000000000e+03
1.805000000000000000e+03
5.220000000000000000e+02
3.403000000000000000e+03
5.190000000000000000e+02
3.399000000000000000e+03
9.790000000000000000e+03
8.769000000000000000e+03
2.833000000000000000e+03
6.548000000000000000e+03
1.874000000000000000e+03
2.463000000000000000e+03
5.040000000000000000e+02
5.078000000000000000e+03
6.115000000000000000e+03
8.397000000000000000e+03
4.566000000000000000e+03
3.354000000000000000e+03
1.891000000000000000e+03
2.812000000000000000e+03
8.844000000000000000e+03
6.743000000000000000e+03
7.234000000000000000e+03
3.298000000000000000e+03
6.490000000000000000e+03
5.619000000000000000e+03
2.931000000000000000e+03
1.155000000000000000e+03
2.850000000000000000e+03
4.366000000000000000e+03
2.039000000000000000e+03
3.369000000000000000e+03
5.921000000000000000e+03
2.984000000000000000e+03
4.380000000000000000e+02
2.514000000000000000e+03
2.980000000000000000e+03
3.676000000000000000e+03
7.047000000000000000e+03
7.367000000000000000e+03
5.585000000000000000e+03
6.370000000000000000e+03
9.380000000000000000e+03
4.825000000000000000e+03
1.582000000000000000e+03
9.382000000000000000e+03
8.148000000000000000e+03
6.891000000000000000e+03
1.343000000000000000e+03
8.554000000000000000e+03
9.943000000000000000e+03
1.500000000000000000e+02
2.234000000000000000e+03
5.406000000000000000e+03
1.902000000000000000e+03
7.174000000000000000e+03
9.995000000000000000e+03
5.733000000000000000e+03
2.227000000000000000e+03
4.780000000000000000e+03
8.035000000000000000e+03
7.340000000000000000e+02
4.919000000000000000e+03
2.943000000000000000e+03
2.937000000000000000e+03
8.493000000000000000e+03
9.274000000000000000e+03
2.783000000000000000e+03
9.533000000000000000e+03
2.324000000000000000e+03
4.845000000000000000e+03
7.733000000000000000e+03
7.240000000000000000e+03
4.219000000000000000e+03
1.362000000000000000e+03
2.165000000000000000e+03
9.612000000000000000e+03
1.517000000000000000e+03
7.817000000000000000e+03
7.562000000000000000e+03
9.602000000000000000e+03
6.965000000000000000e+03
5.923000000000000000e+03
5.383000000000000000e+03
9.680000000000000000e+03
1.440000000000000000e+03
3.754000000000000000e+03
1.693000000000000000e+03
5.405000000000000000e+03
7.854000000000000000e+03
1.848000000000000000e+03
7.849000000000000000e+03
7.014000000000000000e+03
9.642000000000000000e+03
1.377000000000000000e+03
1.326000000000000000e+03
8.593000000000000000e+03
3.148000000000000000e+03
9.117000000000000000e+03
3.771000000000000000e+03
8.590000000000000000e+03
7.054000000000000000e+03
4.920000000000000000e+02
2.197000000000000000e+03
1.055000000000000000e+03
3.334000000000000000e+03
3.211000000000000000e+03
7.611000000000000000e+03
3.896000000000000000e+03
1.793000000000000000e+03
4.224000000000000000e+03
6.486000000000000000e+03
7.127000000000000000e+03
1.420000000000000000e+03
5.500000000000000000e+02
1.881000000000000000e+03
3.514000000000000000e+03
6.275000000000000000e+03
4.569000000000000000e+03
1.048000000000000000e+03
8.106000000000000000e+03
5.319000000000000000e+03
5.222000000000000000e+03
3.690000000000000000e+02
5.315000000000000000e+03
3.353000000000000000e+03
3.566000000000000000e+03
3.368000000000000000e+03
7.335000000000000000e+03
1.702000000000000000e+03
8.307000000000000000e+03
5.210000000000000000e+03
6.500000000000000000e+03
1.896000000000000000e+03
5.308000000000000000e+03
9.283000000000000000e+03
7.272000000000000000e+03
6.868000000000000000e+03
3.219000000000000000e+03
8.253000000000000000e+03
7.497000000000000000e+03
2.225000000000000000e+03
3.892000000000000000e+03
9.054000000000000000e+03
4.840000000000000000e+02
4.670000000000000000e+02
9.200000000000000000e+01
8.000000000000000000e+03
6.338000000000000000e+03
9.029000000000000000e+03
6.332000000000000000e+03
2.919000000000000000e+03
9.566000000000000000e+03
6.629000000000000000e+03
1.487000000000000000e+03
3.819000000000000000e+03
8.064000000000000000e+03
1.260000000000000000e+02
2.906000000000000000e+03
3.260000000000000000e+03
1.372000000000000000e+03
2.653000000000000000e+03
7.220000000000000000e+03
8.262000000000000000e+03
7.252000000000000000e+03
9.457000000000000000e+03
8.060000000000000000e+02
7.198000000000000000e+03
5.240000000000000000e+03
8.145000000000000000e+03
5.279000000000000000e+03
7.573000000000000000e+03
5.347000000000000000e+03
5.156000000000000000e+03
5.147000000000000000e+03
6.405000000000000000e+03
5.087000000000000000e+03
7.455000000000000000e+03
7.982000000000000000e+03
9.870000000000000000e+02
6.879000000000000000e+03
6.363000000000000000e+03
2.951000000000000000e+03
2.271000000000000000e+03
6.336000000000000000e+03
6.328000000000000000e+03
6.660000000000000000e+03
7.157000000000000000e+03
4.271000000000000000e+03
9.335000000000000000e+03
9.185000000000000000e+03
9.149000000000000000e+03
0.000000000000000000e+00
7.360000000000000000e+02
5.735000000000000000e+03
3.630000000000000000e+02
6.080000000000000000e+03
7.628000000000000000e+03
7.926000000000000000e+03
2.250000000000000000e+03
3.060000000000000000e+03
9.737000000000000000e+03
1.256000000000000000e+03
7.395000000000000000e+03
2.875000000000000000e+03
9.553000000000000000e+03
6.302000000000000000e+03
1.961000000000000000e+03
8.104000000000000000e+03
6.958000000000000000e+03
1.680000000000000000e+02
5.207000000000000000e+03
8.125000000000000000e+03
8.251000000000000000e+03
4.051000000000000000e+03
3.149000000000000000e+03
1.984000000000000000e+03
5.204000000000000000e+03
3.800000000000000000e+01
3.380000000000000000e+03
2.957000000000000000e+03
9.220000000000000000e+02
1.695000000000000000e+03
5.002000000000000000e+03
7.692000000000000000e+03
3.161000000000000000e+03
3.420000000000000000e+03
4.394000000000000000e+03
7.079000000000000000e+03
4.779000000000000000e+03
7.000000000000000000e+02
5.102000000000000000e+03
6.746000000000000000e+03
5.856000000000000000e+03
2.393000000000000000e+03
4.425000000000000000e+03
2.020000000000000000e+03
3.320000000000000000e+03
1.581000000000000000e+03
5.084000000000000000e+03
7.118000000000000000e+03
7.440000000000000000e+03
1.916000000000000000e+03
6.768000000000000000e+03
7.595000000000000000e+03
5.529000000000000000e+03
1.527000000000000000e+03
8.038000000000000000e+03
8.966000000000000000e+03
8.660000000000000000e+02
4.462000000000000000e+03
5.964000000000000000e+03
2.701000000000000000e+03
8.300000000000000000e+01
2.554000000000000000e+03
4.371000000000000000e+03
3.837000000000000000e+03
3.501000000000000000e+03
8.434000000000000000e+03
6.220000000000000000e+02
7.640000000000000000e+03
9.262000000000000000e+03
1.349000000000000000e+03
7.416000000000000000e+03
8.513000000000000000e+03
1.241000000000000000e+03
4.070000000000000000e+03
1.850000000000000000e+03
3.663000000000000000e+03
7.950000000000000000e+03
8.343000000000000000e+03
9.459000000000000000e+03
2.829000000000000000e+03
9.400000000000000000e+02
4.284000000000000000e+03
9.623000000000000000e+03
7.346000000000000000e+03
5.000000000000000000e+03
4.923000000000000000e+03
4.139000000000000000e+03
8.465000000000000000e+03
7.636000000000000000e+03
5.770000000000000000e+03
2.661000000000000000e+03
7.312000000000000000e+03
4.457000000000000000e+03
1.284000000000000000e+03
6.195000000000000000e+03
9.307000000000000000e+03
2.462000000000000000e+03
6.145000000000000000e+03
9.556000000000000000e+03
5.191000000000000000e+03
1.280000000000000000e+03
3.600000000000000000e+03
3.852000000000000000e+03
6.849000000000000000e+03
4.133000000000000000e+03
5.698000000000000000e+03
4.595000000000000000e+03
3.900000000000000000e+02
2.955000000000000000e+03
4.094000000000000000e+03
7.810000000000000000e+02
3.940000000000000000e+03
3.446000000000000000e+03
3.674000000000000000e+03
2.683000000000000000e+03
9.225000000000000000e+03
2.157000000000000000e+03
2.277000000000000000e+03
2.965000000000000000e+03
9.093000000000000000e+03
7.548000000000000000e+03
8.060000000000000000e+03
4.110000000000000000e+03
5.978000000000000000e+03
8.158000000000000000e+03
6.088000000000000000e+03
6.461000000000000000e+03
3.379000000000000000e+03
5.883000000000000000e+03
8.505000000000000000e+03
1.873000000000000000e+03
1.692000000000000000e+03
8.745000000000000000e+03
6.770000000000000000e+03
8.510000000000000000e+02
5.540000000000000000e+02
8.002000000000000000e+03
5.580000000000000000e+02
1.810000000000000000e+02
9.955000000000000000e+03
1.544000000000000000e+03
9.528000000000000000e+03
5.535000000000000000e+03
9.567000000000000000e+03
8.760000000000000000e+03
5.578000000000000000e+03
4.378000000000000000e+03
1.949000000000000000e+03
2.718000000000000000e+03
6.320000000000000000e+03
8.719000000000000000e+03
4.503000000000000000e+03
7.372000000000000000e+03
1.290000000000000000e+03
8.862000000000000000e+03
4.885000000000000000e+03
9.147000000000000000e+03
1.217000000000000000e+03
6.158000000000000000e+03
3.258000000000000000e+03
9.476000000000000000e+03
3.049000000000000000e+03
8.395000000000000000e+03
5.853000000000000000e+03
9.486000000000000000e+03
5.750000000000000000e+03
9.703000000000000000e+03
7.988000000000000000e+03
5.379000000000000000e+03
9.735000000000000000e+03
5.821000000000000000e+03
9.394000000000000000e+03
9.123000000000000000e+03
3.054000000000000000e+03
6.432000000000000000e+03
6.420000000000000000e+03
4.561000000000000000e+03
7.915000000000000000e+03
2.305000000000000000e+03
2.369000000000000000e+03
3.014000000000000000e+03
1.238000000000000000e+03
6.801000000000000000e+03
6.040000000000000000e+03
8.568000000000000000e+03
4.871000000000000000e+03
9.590000000000000000e+02
2.399000000000000000e+03
1.390000000000000000e+02
9.351000000000000000e+03
7.122000000000000000e+03
9.958000000000000000e+03
6.840000000000000000e+03
7.162000000000000000e+03
5.323000000000000000e+03
3.236000000000000000e+03
9.477000000000000000e+03
3.300000000000000000e+01
8.424000000000000000e+03
8.210000000000000000e+02
8.744000000000000000e+03
6.264000000000000000e+03
3.002000000000000000e+03
4.404000000000000000e+03
5.745000000000000000e+03
4.178000000000000000e+03
5.998000000000000000e+03
5.892000000000000000e+03
1.696000000000000000e+03
2.619000000000000000e+03
6.334000000000000000e+03
5.446000000000000000e+03
8.054000000000000000e+03
6.472000000000000000e+03
5.273000000000000000e+03
7.816000000000000000e+03
3.803000000000000000e+03
1.014000000000000000e+03
8.075000000000000000e+03
3.331000000000000000e+03
8.269000000000000000e+03
2.429000000000000000e+03
2.118000000000000000e+03
4.586000000000000000e+03
7.485000000000000000e+03
2.589000000000000000e+03
9.963000000000000000e+03
9.289000000000000000e+03
2.401000000000000000e+03
3.452000000000000000e+03
5.314000000000000000e+03
8.360000000000000000e+03
2.930000000000000000e+03
1.320000000000000000e+03
6.565000000000000000e+03
7.348000000000000000e+03
5.137000000000000000e+03
7.808000000000000000e+03
5.779000000000000000e+03
7.219000000000000000e+03
4.526000000000000000e+03
3.902000000000000000e+03
8.099000000000000000e+03
3.846000000000000000e+03
9.725000000000000000e+03
6.147000000000000000e+03
1.234000000000000000e+03
9.744000000000000000e+03
6.881000000000000000e+03
5.632000000000000000e+03
3.128000000000000000e+03
5.565000000000000000e+03
4.691000000000000000e+03
4.582000000000000000e+03
7.839000000000000000e+03
6.184000000000000000e+03
8.596000000000000000e+03
7.877000000000000000e+03
4.929000000000000000e+03
3.301000000000000000e+03
3.858000000000000000e+03
9.430000000000000000e+03
6.805000000000000000e+03
7.260000000000000000e+03
4.578000000000000000e+03
8.248000000000000000e+03
8.898000000000000000e+03
4.735000000000000000e+03
8.702000000000000000e+03
5.400000000000000000e+03
8.138000000000000000e+03
4.370000000000000000e+03
2.687000000000000000e+03
1.082000000000000000e+03
4.470000000000000000e+03
1.255000000000000000e+03
9.580000000000000000e+02
3.102000000000000000e+03
3.158000000000000000e+03
3.151000000000000000e+03
6.882000000000000000e+03
7.303000000000000000e+03
6.492000000000000000e+03
1.263000000000000000e+03
3.720000000000000000e+03
3.887000000000000000e+03
9.022000000000000000e+03
1.925000000000000000e+03
3.990000000000000000e+02
7.484000000000000000e+03
8.360000000000000000e+02
2.045000000000000000e+03
6.605000000000000000e+03
4.745000000000000000e+03
9.930000000000000000e+02
8.814000000000000000e+03
9.513000000000000000e+03
6.380000000000000000e+03
8.768000000000000000e+03
5.869000000000000000e+03
2.003000000000000000e+03
3.775000000000000000e+03
7.276000000000000000e+03
1.125000000000000000e+03
1.803000000000000000e+03
2.530000000000000000e+03
3.594000000000000000e+03
6.491000000000000000e+03
4.437000000000000000e+03
3.487000000000000000e+03
7.105000000000000000e+03
3.570000000000000000e+03
7.650000000000000000e+03
2.480000000000000000e+02
2.371000000000000000e+03
6.200000000000000000e+02
4.432000000000000000e+03
1.100000000000000000e+01
4.837000000000000000e+03
3.760000000000000000e+03
7.660000000000000000e+03
3.097000000000000000e+03
1.967000000000000000e+03
9.581000000000000000e+03
8.762000000000000000e+03
7.564000000000000000e+03
9.805000000000000000e+03
9.412000000000000000e+03
8.010000000000000000e+02
7.390000000000000000e+03
4.887000000000000000e+03
9.845000000000000000e+03
8.384000000000000000e+03
7.947000000000000000e+03
1.589000000000000000e+03
1.821000000000000000e+03
9.614000000000000000e+03
6.498000000000000000e+03
3.728000000000000000e+03
7.160000000000000000e+03
4.849000000000000000e+03
2.044000000000000000e+03
8.693000000000000000e+03
8.037000000000000000e+03
7.522000000000000000e+03
4.518000000000000000e+03
2.667000000000000000e+03
3.150000000000000000e+03
6.435000000000000000e+03
3.210000000000000000e+03
7.819000000000000000e+03
8.726000000000000000e+03
7.024000000000000000e+03
1.792000000000000000e+03
9.529000000000000000e+03
6.150000000000000000e+02
5.307000000000000000e+03
5.950000000000000000e+03
2.467000000000000000e+03
5.440000000000000000e+03
3.769000000000000000e+03
5.623000000000000000e+03
1.639000000000000000e+03
7.422000000000000000e+03
1.684000000000000000e+03
3.686000000000000000e+03
9.490000000000000000e+03
5.135000000000000000e+03
2.177000000000000000e+03
2.525000000000000000e+03
5.877000000000000000e+03
6.982000000000000000e+03
6.587000000000000000e+03
2.300000000000000000e+01
6.890000000000000000e+03
5.791000000000000000e+03
3.761000000000000000e+03
3.981000000000000000e+03
6.067000000000000000e+03
6.763000000000000000e+03
1.034000000000000000e+03
2.730000000000000000e+02
8.281000000000000000e+03
9.681000000000000000e+03
1.180000000000000000e+02
4.248000000000000000e+03
5.879000000000000000e+03
4.230000000000000000e+02
3.356000000000000000e+03
6.769000000000000000e+03
7.291000000000000000e+03
6.023000000000000000e+03
8.213000000000000000e+03
3.532000000000000000e+03
6.990000000000000000e+03
6.283000000000000000e+03
1.988000000000000000e+03
5.372000000000000000e+03
7.084000000000000000e+03
6.475000000000000000e+03
7.334000000000000000e+03
9.311000000000000000e+03
5.058000000000000000e+03
8.316000000000000000e+03
8.231000000000000000e+03
9.141000000000000000e+03
7.432000000000000000e+03
2.069000000000000000e+03
5.054000000000000000e+03
7.964000000000000000e+03
1.969000000000000000e+03
1.410000000000000000e+03
2.932000000000000000e+03
5.703000000000000000e+03
9.634000000000000000e+03
2.357000000000000000e+03
7.330000000000000000e+02
3.220000000000000000e+03
1.396000000000000000e+03
4.225000000000000000e+03
1.461000000000000000e+03
5.887000000000000000e+03
3.540000000000000000e+03
2.895000000000000000e+03
6.916000000000000000e+03
1.288000000000000000e+03
5.981000000000000000e+03
1.550000000000000000e+02
5.900000000000000000e+01
6.286000000000000000e+03
7.654000000000000000e+03
8.290000000000000000e+02
3.597000000000000000e+03
1.000000000000000000e+03
1.228000000000000000e+03
1.520000000000000000e+02
7.667000000000000000e+03
6.246000000000000000e+03
7.045000000000000000e+03
9.053000000000000000e+03
5.336000000000000000e+03
7.043000000000000000e+03
8.908000000000000000e+03
2.925000000000000000e+03
6.600000000000000000e+02
2.000000000000000000e+03
7.270000000000000000e+02
6.673000000000000000e+03
4.560000000000000000e+03
9.058000000000000000e+03
1.738000000000000000e+03
3.137000000000000000e+03
6.466000000000000000e+03
9.880000000000000000e+02
8.258000000000000000e+03
5.330000000000000000e+02
3.998000000000000000e+03
2.259000000000000000e+03
5.039000000000000000e+03
6.011000000000000000e+03
5.377000000000000000e+03
9.626000000000000000e+03
6.877000000000000000e+03
8.620000000000000000e+03
6.903000000000000000e+03
5.098000000000000000e+03
7.205000000000000000e+03
5.849000000000000000e+03
5.041000000000000000e+03
7.309000000000000000e+03
5.350000000000000000e+03
4.829000000000000000e+03
1.877000000000000000e+03
5.689000000000000000e+03
1.524000000000000000e+03
7.713000000000000000e+03
1.501000000000000000e+03
5.108000000000000000e+03
6.956000000000000000e+03
4.846000000000000000e+03
4.684000000000000000e+03
4.422000000000000000e+03
6.573000000000000000e+03
7.804000000000000000e+03
7.797000000000000000e+03
3.878000000000000000e+03
3.969000000000000000e+03
6.415000000000000000e+03
6.670000000000000000e+03
2.862000000000000000e+03
6.364000000000000000e+03
2.612000000000000000e+03
1.020000000000000000e+03
7.443000000000000000e+03
1.206000000000000000e+03
6.309000000000000000e+03
1.685000000000000000e+03
2.560000000000000000e+02
6.386000000000000000e+03
3.162000000000000000e+03
6.870000000000000000e+03
8.494000000000000000e+03
6.020000000000000000e+03
9.000000000000000000e+00
6.875000000000000000e+03
2.930000000000000000e+02
8.778000000000000000e+03
1.045000000000000000e+03
2.821000000000000000e+03
1.598000000000000000e+03
9.270000000000000000e+02
4.146000000000000000e+03
7.321000000000000000e+03
5.422000000000000000e+03
2.764000000000000000e+03
8.790000000000000000e+03
7.461000000000000000e+03
1.185000000000000000e+03
5.321000000000000000e+03
9.378000000000000000e+03
8.347000000000000000e+03
5.448000000000000000e+03
1.097000000000000000e+03
4.646000000000000000e+03
7.016000000000000000e+03
7.232000000000000000e+03
6.410000000000000000e+03
4.489000000000000000e+03
2.390000000000000000e+02
4.290000000000000000e+02
4.884000000000000000e+03
8.045000000000000000e+03
8.094000000000000000e+03
4.778000000000000000e+03
8.348000000000000000e+03
2.987000000000000000e+03
4.129000000000000000e+03
8.279000000000000000e+03
4.631000000000000000e+03
3.080000000000000000e+02
9.114000000000000000e+03
8.686000000000000000e+03
7.155000000000000000e+03
1.841000000000000000e+03
2.310000000000000000e+02
2.529000000000000000e+03
2.723000000000000000e+03
8.871000000000000000e+03
7.431000000000000000e+03
2.659000000000000000e+03
5.522000000000000000e+03
9.968000000000000000e+03
2.703000000000000000e+03
4.113000000000000000e+03
9.979000000000000000e+03
1.456000000000000000e+03
2.817000000000000000e+03
2.238000000000000000e+03
9.210000000000000000e+02
5.472000000000000000e+03
1.136000000000000000e+03
9.866000000000000000e+03
3.539000000000000000e+03
3.853000000000000000e+03
2.498000000000000000e+03
2.560000000000000000e+03
6.876000000000000000e+03
7.028000000000000000e+03
6.659000000000000000e+03
1.305000000000000000e+03
9.494000000000000000e+03
8.249000000000000000e+03
2.620000000000000000e+02
1.153000000000000000e+03
7.108000000000000000e+03
7.500000000000000000e+03
7.919000000000000000e+03
8.337000000000000000e+03
2.945000000000000000e+03
1.620000000000000000e+02
3.870000000000000000e+02
1.607000000000000000e+03
1.937000000000000000e+03
9.552000000000000000e+03
1.893000000000000000e+03
1.469000000000000000e+03
8.628000000000000000e+03
8.918000000000000000e+03
9.077000000000000000e+03
1.385000000000000000e+03
8.196000000000000000e+03
2.092000000000000000e+03
1.142000000000000000e+03
7.955000000000000000e+03
2.287000000000000000e+03
6.900000000000000000e+02
8.902000000000000000e+03
6.708000000000000000e+03
9.239000000000000000e+03
3.652000000000000000e+03
5.766000000000000000e+03
5.950000000000000000e+02
5.730000000000000000e+03
4.918000000000000000e+03
4.683000000000000000e+03
1.551000000000000000e+03
1.496000000000000000e+03
8.425000000000000000e+03
8.309000000000000000e+03
6.559000000000000000e+03
2.834000000000000000e+03
5.533000000000000000e+03
4.471000000000000000e+03
8.724000000000000000e+03
5.513000000000000000e+03
9.299000000000000000e+03
5.790000000000000000e+02
9.309000000000000000e+03
5.217000000000000000e+03
6.433000000000000000e+03
6.857000000000000000e+03
3.332000000000000000e+03
8.701000000000000000e+03
2.176000000000000000e+03
4.510000000000000000e+02
7.329000000000000000e+03
9.096000000000000000e+03
1.172000000000000000e+03
7.851000000000000000e+03
8.722000000000000000e+03
5.132000000000000000e+03
5.326000000000000000e+03
4.340000000000000000e+02
2.198000000000000000e+03
3.617000000000000000e+03
9.207000000000000000e+03
2.935000000000000000e+03
4.818000000000000000e+03
6.520000000000000000e+02
6.549000000000000000e+03
5.801000000000000000e+03
8.039000000000000000e+03
4.552000000000000000e+03
4.708000000000000000e+03
4.510000000000000000e+03
6.655000000000000000e+03
3.350000000000000000e+02
4.448000000000000000e+03
2.448000000000000000e+03
2.096000000000000000e+03
9.972000000000000000e+03
2.129000000000000000e+03
4.190000000000000000e+03
2.900000000000000000e+02
9.648000000000000000e+03
3.372000000000000000e+03
4.827000000000000000e+03
7.310000000000000000e+03
4.487000000000000000e+03
8.609000000000000000e+03
8.861000000000000000e+03
9.218000000000000000e+03
6.121000000000000000e+03
5.149000000000000000e+03
6.580000000000000000e+03
7.824000000000000000e+03
7.080000000000000000e+03
9.125000000000000000e+03
6.150000000000000000e+03
1.124000000000000000e+03
7.732000000000000000e+03
4.232000000000000000e+03
2.625000000000000000e+03
4.862000000000000000e+03
4.721000000000000000e+03
7.974000000000000000e+03
5.013000000000000000e+03
4.618000000000000000e+03
3.338000000000000000e+03
2.058000000000000000e+03
6.114000000000000000e+03
8.236000000000000000e+03
4.165000000000000000e+03
8.929000000000000000e+03
3.712000000000000000e+03
2.655000000000000000e+03
6.737000000000000000e+03
9.240000000000000000e+03
9.050000000000000000e+02
2.374000000000000000e+03
5.614000000000000000e+03
6.205000000000000000e+03
3.060000000000000000e+02
8.860000000000000000e+02
9.271000000000000000e+03
2.140000000000000000e+02
5.660000000000000000e+02
8.524000000000000000e+03
4.950000000000000000e+02
7.696000000000000000e+03
9.306000000000000000e+03
2.714000000000000000e+03
5.999000000000000000e+03
1.750000000000000000e+03
1.423000000000000000e+03
6.191000000000000000e+03
2.579000000000000000e+03
1.248000000000000000e+03
9.960000000000000000e+02
5.380000000000000000e+02
7.434000000000000000e+03
7.148000000000000000e+03
9.361000000000000000e+03
7.597000000000000000e+03
9.317000000000000000e+03
9.867000000000000000e+03
3.521000000000000000e+03
6.819000000000000000e+03
3.847000000000000000e+03
1.313000000000000000e+03
5.941000000000000000e+03
9.312000000000000000e+03
8.132000000000000000e+03
6.975000000000000000e+03
2.344000000000000000e+03
1.557000000000000000e+03
4.137000000000000000e+03
6.468000000000000000e+03
2.973000000000000000e+03
6.355000000000000000e+03
7.506000000000000000e+03
3.190000000000000000e+03
1.763000000000000000e+03
3.166000000000000000e+03
2.112000000000000000e+03
2.802000000000000000e+03
6.134000000000000000e+03
3.459000000000000000e+03
6.417000000000000000e+03
3.885000000000000000e+03
3.461000000000000000e+03
2.136000000000000000e+03
1.309000000000000000e+03
8.216000000000000000e+03
9.214000000000000000e+03
4.824000000000000000e+03
3.434000000000000000e+03
2.299000000000000000e+03
1.066000000000000000e+03
1.567000000000000000e+03
9.813000000000000000e+03
9.617000000000000000e+03
1.265000000000000000e+03
4.565000000000000000e+03
1.189000000000000000e+03
1.620000000000000000e+03
1.334000000000000000e+03
5.230000000000000000e+02
7.759000000000000000e+03
9.860000000000000000e+02
1.790000000000000000e+02
6.365000000000000000e+03
5.797000000000000000e+03
5.796000000000000000e+03
6.782000000000000000e+03
5.820000000000000000e+03
5.673000000000000000e+03
8.436000000000000000e+03
1.950000000000000000e+03
8.135000000000000000e+03
7.828000000000000000e+03
7.236000000000000000e+03
3.006000000000000000e+03
5.724000000000000000e+03
6.339000000000000000e+03
1.030000000000000000e+03
9.264000000000000000e+03
8.178000000000000000e+03
8.955000000000000000e+03
9.743000000000000000e+03
6.898000000000000000e+03
4.134000000000000000e+03
7.680000000000000000e+03
6.940000000000000000e+02
6.540000000000000000e+03
8.048000000000000000e+03
4.290000000000000000e+03
2.029000000000000000e+03
8.392000000000000000e+03
3.476000000000000000e+03
4.530000000000000000e+03
1.650000000000000000e+03
4.524000000000000000e+03
7.990000000000000000e+03
1.186000000000000000e+03
2.338000000000000000e+03
3.640000000000000000e+03
3.040000000000000000e+02
4.221000000000000000e+03
9.860000000000000000e+03
7.499000000000000000e+03
3.490000000000000000e+02
3.805000000000000000e+03
8.160000000000000000e+02
4.867000000000000000e+03
7.051000000000000000e+03
2.644000000000000000e+03
7.457000000000000000e+03
8.287000000000000000e+03
3.900000000000000000e+01
8.058000000000000000e+03
2.611000000000000000e+03
3.829000000000000000e+03
8.838000000000000000e+03
1.866000000000000000e+03
7.731000000000000000e+03
3.423000000000000000e+03
4.764000000000000000e+03
3.230000000000000000e+03
4.955000000000000000e+03
4.008000000000000000e+03
1.990000000000000000e+02
9.652000000000000000e+03
7.150000000000000000e+03
2.320000000000000000e+03
8.325000000000000000e+03
7.800000000000000000e+03
9.830000000000000000e+03
6.650000000000000000e+02
7.881000000000000000e+03
7.671000000000000000e+03
9.101000000000000000e+03
4.488000000000000000e+03
2.952000000000000000e+03
3.313000000000000000e+03
3.061000000000000000e+03
6.295000000000000000e+03
3.913000000000000000e+03
6.317000000000000000e+03
3.209000000000000000e+03
3.733000000000000000e+03
3.132000000000000000e+03
9.201000000000000000e+03
1.010000000000000000e+02
9.206000000000000000e+03
3.625000000000000000e+03
4.428000000000000000e+03
6.001000000000000000e+03
9.423000000000000000e+03
7.842000000000000000e+03
5.555000000000000000e+03
9.065000000000000000e+03
4.409000000000000000e+03
3.611000000000000000e+03
3.813000000000000000e+03
8.180000000000000000e+02
4.987000000000000000e+03
3.898000000000000000e+03
5.726000000000000000e+03
9.421000000000000000e+03
4.838000000000000000e+03
2.088000000000000000e+03
6.508000000000000000e+03
7.838000000000000000e+03
7.914000000000000000e+03
7.693000000000000000e+03
3.905000000000000000e+03
6.350000000000000000e+03
3.389000000000000000e+03
6.095000000000000000e+03
8.654000000000000000e+03
2.484000000000000000e+03
2.379000000000000000e+03
1.473000000000000000e+03
1.972000000000000000e+03
3.818000000000000000e+03
6.149000000000000000e+03
7.262000000000000000e+03
7.333000000000000000e+03
9.345000000000000000e+03
2.789000000000000000e+03
4.253000000000000000e+03
8.900000000000000000e+01
4.971000000000000000e+03
4.480000000000000000e+03
8.850000000000000000e+03
1.701000000000000000e+03
8.001000000000000000e+03
8.130000000000000000e+02
1.033000000000000000e+03
2.629000000000000000e+03
6.647000000000000000e+03
7.600000000000000000e+03
8.242000000000000000e+03
1.332000000000000000e+03
3.481000000000000000e+03
3.753000000000000000e+03
8.779000000000000000e+03
5.599000000000000000e+03
7.393000000000000000e+03
6.361000000000000000e+03
6.132000000000000000e+03
9.346000000000000000e+03
6.939000000000000000e+03
2.100000000000000000e+02
7.445000000000000000e+03
9.891000000000000000e+03
6.946000000000000000e+03
1.560000000000000000e+02
5.459000000000000000e+03
7.472000000000000000e+03
8.270000000000000000e+03
5.046000000000000000e+03
5.499000000000000000e+03
4.797000000000000000e+03
1.700000000000000000e+03
6.271000000000000000e+03
3.991000000000000000e+03
2.115000000000000000e+03
7.924000000000000000e+03
7.781000000000000000e+03
6.330000000000000000e+02
8.969000000000000000e+03
3.560000000000000000e+02
8.971000000000000000e+03
3.143000000000000000e+03
9.509000000000000000e+03
9.030000000000000000e+03
5.218000000000000000e+03
3.393000000000000000e+03
6.627000000000000000e+03
9.373000000000000000e+03
5.076000000000000000e+03
4.080000000000000000e+03
1.611000000000000000e+03
3.456000000000000000e+03
2.293000000000000000e+03
8.388000000000000000e+03
4.622000000000000000e+03
9.389000000000000000e+03
2.472000000000000000e+03
9.941000000000000000e+03
5.053000000000000000e+03
6.130000000000000000e+02
9.928000000000000000e+03
7.948000000000000000e+03
4.082000000000000000e+03
8.610000000000000000e+03
5.636000000000000000e+03
8.083000000000000000e+03
9.880000000000000000e+03
1.750000000000000000e+02
4.140000000000000000e+02
7.909000000000000000e+03
1.700000000000000000e+02
2.378000000000000000e+03
8.350000000000000000e+02
3.449000000000000000e+03
1.306000000000000000e+03
8.976000000000000000e+03
6.008000000000000000e+03
3.052000000000000000e+03
8.472000000000000000e+03
6.127000000000000000e+03
7.223000000000000000e+03
9.340000000000000000e+02
8.760000000000000000e+02
2.852000000000000000e+03
9.284000000000000000e+03
4.395000000000000000e+03
7.928000000000000000e+03
4.009000000000000000e+03
9.859000000000000000e+03
7.267000000000000000e+03
7.323000000000000000e+03
2.107000000000000000e+03
5.550000000000000000e+03
6.441000000000000000e+03
5.629000000000000000e+03
6.027000000000000000e+03
4.061000000000000000e+03
6.828000000000000000e+03
1.062000000000000000e+03
4.551000000000000000e+03
4.333000000000000000e+03
9.778000000000000000e+03
9.191000000000000000e+03
5.300000000000000000e+01
8.049000000000000000e+03
7.712000000000000000e+03
1.838000000000000000e+03
8.291000000000000000e+03
6.729000000000000000e+03
9.505000000000000000e+03
2.267000000000000000e+03
6.297000000000000000e+03
3.936000000000000000e+03
8.336000000000000000e+03
5.784000000000000000e+03
4.310000000000000000e+02
7.374000000000000000e+03
6.709000000000000000e+03
7.876000000000000000e+03
3.573000000000000000e+03
7.163000000000000000e+03
5.368000000000000000e+03
1.338000000000000000e+03
3.011000000000000000e+03
5.257000000000000000e+03
5.297000000000000000e+03
3.565000000000000000e+03
2.158000000000000000e+03
4.336000000000000000e+03
2.502000000000000000e+03
3.342000000000000000e+03
7.102000000000000000e+03
9.127000000000000000e+03
7.018000000000000000e+03
2.992000000000000000e+03
1.810000000000000000e+03
4.799000000000000000e+03
3.100000000000000000e+02
7.292000000000000000e+03
4.597000000000000000e+03
6.810000000000000000e+03
8.888000000000000000e+03
9.610000000000000000e+03
3.139000000000000000e+03
4.385000000000000000e+03
5.959000000000000000e+03
9.583000000000000000e+03
6.300000000000000000e+02
1.728000000000000000e+03
1.730000000000000000e+02
2.073000000000000000e+03
8.854000000000000000e+03
5.036000000000000000e+03
6.507000000000000000e+03
6.852000000000000000e+03
3.106000000000000000e+03
8.294000000000000000e+03
5.354000000000000000e+03
1.004000000000000000e+03
3.585000000000000000e+03
7.983000000000000000e+03
4.340000000000000000e+03
9.770000000000000000e+02
1.215000000000000000e+03
9.621000000000000000e+03
6.340000000000000000e+02
5.210000000000000000e+02
8.187000000000000000e+03
4.189000000000000000e+03
8.056000000000000000e+03
3.779000000000000000e+03
8.462000000000000000e+03
3.578000000000000000e+03
1.276000000000000000e+03
1.671000000000000000e+03
7.177000000000000000e+03
9.882000000000000000e+03
8.391000000000000000e+03
3.925000000000000000e+03
2.788000000000000000e+03
2.775000000000000000e+03
2.410000000000000000e+02
4.611000000000000000e+03
8.426000000000000000e+03
4.992000000000000000e+03
8.818000000000000000e+03
9.887000000000000000e+03
3.271000000000000000e+03
8.802000000000000000e+03
5.048000000000000000e+03
8.512000000000000000e+03
3.196000000000000000e+03
3.418000000000000000e+03
3.979000000000000000e+03
6.156000000000000000e+03
4.468000000000000000e+03
6.846000000000000000e+03
6.274000000000000000e+03
7.706000000000000000e+03
1.864000000000000000e+03
5.051000000000000000e+03
2.147000000000000000e+03
7.756000000000000000e+03
9.363000000000000000e+03
2.892000000000000000e+03
3.043000000000000000e+03
5.667000000000000000e+03
2.835000000000000000e+03
9.189000000000000000e+03
7.238000000000000000e+03
6.919000000000000000e+03
4.516000000000000000e+03
2.608000000000000000e+03
1.758000000000000000e+03
5.331000000000000000e+03
3.443000000000000000e+03
7.708000000000000000e+03
5.620000000000000000e+03
4.641000000000000000e+03
9.386000000000000000e+03
1.243000000000000000e+03
2.094000000000000000e+03
2.273000000000000000e+03
4.039000000000000000e+03
8.824000000000000000e+03
9.198000000000000000e+03
2.859000000000000000e+03
7.478000000000000000e+03
8.310000000000000000e+03
5.330000000000000000e+03
5.271000000000000000e+03
8.283000000000000000e+03
6.640000000000000000e+02
4.293000000000000000e+03
2.949000000000000000e+03
1.542000000000000000e+03
5.029000000000000000e+03
6.773000000000000000e+03
2.195000000000000000e+03
1.563000000000000000e+03
4.338000000000000000e+03
2.188000000000000000e+03
4.692000000000000000e+03
9.833000000000000000e+03
5.085000000000000000e+03
8.993000000000000000e+03
2.476000000000000000e+03
5.531000000000000000e+03
2.156000000000000000e+03
1.231000000000000000e+03
5.340000000000000000e+03
5.888000000000000000e+03
1.532000000000000000e+03
9.379000000000000000e+03
5.114000000000000000e+03
9.310000000000000000e+02
3.941000000000000000e+03
2.015000000000000000e+03
7.069000000000000000e+03
3.523000000000000000e+03
4.509000000000000000e+03
6.578000000000000000e+03
5.889000000000000000e+03
4.337000000000000000e+03
1.312000000000000000e+03
6.510000000000000000e+02
5.419000000000000000e+03
7.691000000000000000e+03
6.954000000000000000e+03
6.948000000000000000e+03
9.603000000000000000e+03
9.468000000000000000e+03
6.452000000000000000e+03
1.537000000000000000e+03
8.070000000000000000e+02
1.860000000000000000e+02
8.967000000000000000e+03
2.149000000000000000e+03
9.738000000000000000e+03
6.100000000000000000e+02
4.066000000000000000e+03
6.421000000000000000e+03
5.103000000000000000e+03
6.265000000000000000e+03
3.770000000000000000e+02
8.910000000000000000e+02
9.130000000000000000e+02
4.283000000000000000e+03
6.721000000000000000e+03
8.150000000000000000e+03
1.039000000000000000e+03
4.197000000000000000e+03
5.000000000000000000e+02
2.798000000000000000e+03
9.858000000000000000e+03
5.241000000000000000e+03
8.781000000000000000e+03
6.019000000000000000e+03
2.294000000000000000e+03
4.402000000000000000e+03
2.553000000000000000e+03
4.217000000000000000e+03
7.614000000000000000e+03
2.700000000000000000e+02
7.193000000000000000e+03
1.799000000000000000e+03
3.473000000000000000e+03
7.749000000000000000e+03
9.178000000000000000e+03
7.376000000000000000e+03
7.451000000000000000e+03
9.340000000000000000e+03
6.560000000000000000e+02
7.729000000000000000e+03
7.144000000000000000e+03
7.775000000000000000e+03
7.207000000000000000e+03
7.100000000000000000e+01
1.909000000000000000e+03
4.766000000000000000e+03
4.658000000000000000e+03
4.020000000000000000e+02
2.763000000000000000e+03
9.627000000000000000e+03
1.847000000000000000e+03
9.937000000000000000e+03
6.880000000000000000e+02
5.234000000000000000e+03
6.050000000000000000e+03
5.370000000000000000e+02
3.864000000000000000e+03
5.018000000000000000e+03
9.083000000000000000e+03
4.150000000000000000e+02
4.652000000000000000e+03
5.390000000000000000e+02
6.400000000000000000e+03
7.674000000000000000e+03
2.842000000000000000e+03
4.994000000000000000e+03
9.711000000000000000e+03
3.931000000000000000e+03
7.524000000000000000e+03
2.666000000000000000e+03
8.137000000000000000e+03
4.261000000000000000e+03
7.095000000000000000e+03
6.128000000000000000e+03
7.717000000000000000e+03
8.790000000000000000e+02
6.570000000000000000e+03
6.745000000000000000e+03
7.826000000000000000e+03
1.392000000000000000e+03
1.419000000000000000e+03
8.157000000000000000e+03
2.516000000000000000e+03
5.652000000000000000e+03
8.990000000000000000e+03
7.645000000000000000e+03
2.231000000000000000e+03
9.162000000000000000e+03
9.339000000000000000e+03
6.814000000000000000e+03
1.531000000000000000e+03
7.397000000000000000e+03
7.200000000000000000e+03
4.210000000000000000e+02
4.906000000000000000e+03
8.450000000000000000e+03
8.440000000000000000e+03
7.566000000000000000e+03
7.953000000000000000e+03
7.853000000000000000e+03
3.225000000000000000e+03
9.062000000000000000e+03
2.693000000000000000e+03
5.875000000000000000e+03
4.704000000000000000e+03
4.344000000000000000e+03
2.233000000000000000e+03
7.206000000000000000e+03
3.752000000000000000e+03
2.517000000000000000e+03
5.188000000000000000e+03
1.814000000000000000e+03
7.572000000000000000e+03
6.464000000000000000e+03
3.351000000000000000e+03
7.767000000000000000e+03
6.913000000000000000e+03
5.986000000000000000e+03
9.810000000000000000e+02
9.467000000000000000e+03
6.280000000000000000e+03
4.521000000000000000e+03
8.998000000000000000e+03
5.980000000000000000e+03
9.131000000000000000e+03
8.098000000000000000e+03
2.657000000000000000e+03
2.111000000000000000e+03
7.780000000000000000e+03
6.084000000000000000e+03
7.710000000000000000e+02
2.174000000000000000e+03
9.090000000000000000e+02
9.580000000000000000e+03
2.595000000000000000e+03
3.731000000000000000e+03
8.373000000000000000e+03
9.644000000000000000e+03
6.394000000000000000e+03
1.779000000000000000e+03
1.127000000000000000e+03
5.893000000000000000e+03
4.816000000000000000e+03
3.146000000000000000e+03
7.271000000000000000e+03
6.748000000000000000e+03
9.570000000000000000e+03
9.357000000000000000e+03
7.410000000000000000e+02
4.369000000000000000e+03
7.734000000000000000e+03
7.609000000000000000e+03
5.867000000000000000e+03
2.731000000000000000e+03
5.582000000000000000e+03
8.136000000000000000e+03
3.631000000000000000e+03
9.706000000000000000e+03
9.367000000000000000e+03
4.897000000000000000e+03
7.470000000000000000e+03
7.795000000000000000e+03
5.144000000000000000e+03
1.700000000000000000e+01
4.254000000000000000e+03
3.378000000000000000e+03
8.021000000000000000e+03
4.544000000000000000e+03
4.343000000000000000e+03
4.970000000000000000e+03
5.038000000000000000e+03
7.201000000000000000e+03
8.335000000000000000e+03
7.778000000000000000e+03
6.990000000000000000e+02
7.600000000000000000e+02
4.441000000000000000e+03
6.776000000000000000e+03
7.545000000000000000e+03
6.724000000000000000e+03
1.324000000000000000e+03
2.470000000000000000e+03
2.552000000000000000e+03
6.280000000000000000e+02
9.082000000000000000e+03
4.948000000000000000e+03
4.372000000000000000e+03
9.540000000000000000e+03
8.172000000000000000e+03
5.668000000000000000e+03
1.191000000000000000e+03
5.461000000000000000e+03
7.230000000000000000e+02
5.127000000000000000e+03
5.882000000000000000e+03
9.674000000000000000e+03
8.285000000000000000e+03
5.861000000000000000e+03
2.609000000000000000e+03
4.723000000000000000e+03
8.680000000000000000e+02
1.229000000000000000e+03
3.690000000000000000e+03
9.904000000000000000e+03
5.693000000000000000e+03
8.618000000000000000e+03
3.919000000000000000e+03
4.022000000000000000e+03
9.592000000000000000e+03
7.875000000000000000e+03
6.397000000000000000e+03
9.132000000000000000e+03
6.196000000000000000e+03
6.212000000000000000e+03
7.328000000000000000e+03
6.230000000000000000e+02
9.685000000000000000e+03
5.120000000000000000e+02
9.690000000000000000e+02
6.632000000000000000e+03
7.052000000000000000e+03
7.946000000000000000e+03
9.670000000000000000e+03
9.912000000000000000e+03
5.276000000000000000e+03
6.381000000000000000e+03
3.879000000000000000e+03
2.071000000000000000e+03
2.064000000000000000e+03
9.918000000000000000e+03
5.313000000000000000e+03
4.445000000000000000e+03
7.490000000000000000e+02
6.960000000000000000e+02
7.517000000000000000e+03
9.128000000000000000e+03
4.665000000000000000e+03
4.688000000000000000e+03
7.772000000000000000e+03
9.041000000000000000e+03
5.223000000000000000e+03
6.606000000000000000e+03
3.323000000000000000e+03
9.875000000000000000e+03
3.462000000000000000e+03
1.104000000000000000e+03
8.621000000000000000e+03
7.000000000000000000e+03
7.082000000000000000e+03
6.337000000000000000e+03
7.192000000000000000e+03
1.272000000000000000e+03
6.681000000000000000e+03
7.873000000000000000e+03
2.600000000000000000e+01
9.606000000000000000e+03
9.287000000000000000e+03
5.858000000000000000e+03
2.540000000000000000e+02
9.534000000000000000e+03
7.880000000000000000e+02
4.429000000000000000e+03
9.342000000000000000e+03
5.886000000000000000e+03
5.247000000000000000e+03
2.220000000000000000e+02
9.663000000000000000e+03
1.934000000000000000e+03
1.520000000000000000e+03
3.126000000000000000e+03
7.935000000000000000e+03
4.534000000000000000e+03
2.950000000000000000e+02
7.158000000000000000e+03
9.334000000000000000e+03
2.633000000000000000e+03
8.332000000000000000e+03
5.310000000000000000e+02
2.022000000000000000e+03
4.105000000000000000e+03
4.272000000000000000e+03
1.706000000000000000e+03
1.254000000000000000e+03
3.768000000000000000e+03
2.720000000000000000e+03
4.594000000000000000e+03
9.985000000000000000e+03
9.796000000000000000e+03
7.188000000000000000e+03
4.956000000000000000e+03
4.424000000000000000e+03
3.018000000000000000e+03
9.940000000000000000e+03
3.839000000000000000e+03
2.926000000000000000e+03
7.680000000000000000e+02
9.257000000000000000e+03
2.026000000000000000e+03
2.012000000000000000e+03
4.260000000000000000e+02
2.055000000000000000e+03
2.167000000000000000e+03
5.122000000000000000e+03
1.281000000000000000e+03
9.498000000000000000e+03
8.700000000000000000e+03
8.810000000000000000e+03
7.592000000000000000e+03
9.598000000000000000e+03
5.067000000000000000e+03
9.582000000000000000e+03
8.419000000000000000e+03
2.660000000000000000e+02
2.141000000000000000e+03
6.608000000000000000e+03
1.730000000000000000e+03
5.514000000000000000e+03
1.500000000000000000e+01
1.995000000000000000e+03
6.440000000000000000e+02
2.918000000000000000e+03
4.972000000000000000e+03
9.360000000000000000e+02
6.932000000000000000e+03
6.576000000000000000e+03
1.329000000000000000e+03
2.725000000000000000e+03
7.862000000000000000e+03
4.201000000000000000e+03
7.798000000000000000e+03
1.222000000000000000e+03
5.664000000000000000e+03
4.391000000000000000e+03
7.137000000000000000e+03
8.728000000000000000e+03
2.489000000000000000e+03
8.288000000000000000e+03
8.956000000000000000e+03
4.514000000000000000e+03
9.446000000000000000e+03
9.727000000000000000e+03
8.699000000000000000e+03
9.660000000000000000e+02
4.664000000000000000e+03
9.230000000000000000e+02
2.590000000000000000e+03
5.096000000000000000e+03
5.389000000000000000e+03
6.298000000000000000e+03
3.824000000000000000e+03
3.531000000000000000e+03
9.820000000000000000e+02
1.250000000000000000e+03
9.799000000000000000e+03
1.662000000000000000e+03
1.774000000000000000e+03
6.699000000000000000e+03
1.367000000000000000e+03
9.632000000000000000e+03
6.666000000000000000e+03
3.090000000000000000e+02
7.540000000000000000e+02
3.952000000000000000e+03
5.244000000000000000e+03
3.596000000000000000e+03
2.034000000000000000e+03
3.790000000000000000e+03
4.234000000000000000e+03
3.990000000000000000e+03
3.851000000000000000e+03
9.800000000000000000e+02
4.644000000000000000e+03
6.056000000000000000e+03
6.626000000000000000e+03
2.778000000000000000e+03
5.146000000000000000e+03
6.162000000000000000e+03
9.422000000000000000e+03
1.070000000000000000e+03
5.490000000000000000e+03
9.349000000000000000e+03
1.053000000000000000e+03
1.610000000000000000e+02
5.846000000000000000e+03
4.348000000000000000e+03
1.917000000000000000e+03
4.401000000000000000e+03
7.285000000000000000e+03
9.873000000000000000e+03
9.381000000000000000e+03
5.777000000000000000e+03
7.212000000000000000e+03
3.999000000000000000e+03
7.087000000000000000e+03
7.538000000000000000e+03
3.746000000000000000e+03
2.790000000000000000e+02
7.071000000000000000e+03
6.796000000000000000e+03
2.519000000000000000e+03
5.047000000000000000e+03
7.037000000000000000e+03
4.820000000000000000e+03
5.433000000000000000e+03
6.793000000000000000e+03
5.808000000000000000e+03
4.460000000000000000e+03
7.820000000000000000e+03
5.508000000000000000e+03
8.723000000000000000e+03
5.407000000000000000e+03
2.588000000000000000e+03
7.061000000000000000e+03
1.840000000000000000e+02
9.435000000000000000e+03
5.924000000000000000e+03
3.174000000000000000e+03
7.807000000000000000e+03
5.910000000000000000e+03
5.106000000000000000e+03
8.096000000000000000e+03
9.134000000000000000e+03
2.920000000000000000e+03
4.830000000000000000e+02
2.385000000000000000e+03
4.542000000000000000e+03
5.682000000000000000e+03
2.403000000000000000e+03
5.749000000000000000e+03
2.372000000000000000e+03
1.657000000000000000e+03
8.174000000000000000e+03
5.328000000000000000e+03
8.088000000000000000e+03
7.618000000000000000e+03
3.180000000000000000e+03
3.130000000000000000e+03
8.672000000000000000e+03
4.626000000000000000e+03
9.336000000000000000e+03
9.570000000000000000e+02
3.259000000000000000e+03
3.489000000000000000e+03
4.975000000000000000e+03
1.982000000000000000e+03
5.913000000000000000e+03
5.479000000000000000e+03
2.269000000000000000e+03
9.320000000000000000e+02
8.190000000000000000e+02
3.697000000000000000e+03
3.744000000000000000e+03
1.289000000000000000e+03
1.867000000000000000e+03
4.030000000000000000e+03
6.240000000000000000e+03
1.041000000000000000e+03
3.997000000000000000e+03
7.242000000000000000e+03
4.180000000000000000e+02
8.356000000000000000e+03
2.581000000000000000e+03
4.212000000000000000e+03
1.923000000000000000e+03
6.197000000000000000e+03
8.194000000000000000e+03
8.200000000000000000e+03
8.409000000000000000e+03
9.016000000000000000e+03
7.806000000000000000e+03
2.702000000000000000e+03
5.168000000000000000e+03
3.665000000000000000e+03
1.086000000000000000e+03
7.911000000000000000e+03
9.268000000000000000e+03
4.563000000000000000e+03
1.115000000000000000e+03
7.496000000000000000e+03
6.697000000000000000e+03
3.796000000000000000e+03
8.611000000000000000e+03
4.458000000000000000e+03
6.482000000000000000e+03
3.542000000000000000e+03
8.382000000000000000e+03
6.248000000000000000e+03
6.680000000000000000e+02
5.416000000000000000e+03
2.938000000000000000e+03
2.585000000000000000e+03
2.600000000000000000e+03
4.927000000000000000e+03
6.348000000000000000e+03
8.954000000000000000e+03
6.190000000000000000e+02
9.788000000000000000e+03
5.167000000000000000e+03
3.448000000000000000e+03
7.183000000000000000e+03
3.262000000000000000e+03
7.965000000000000000e+03
3.519000000000000000e+03
3.742000000000000000e+03
6.488000000000000000e+03
9.454000000000000000e+03
2.212000000000000000e+03
3.422000000000000000e+03
4.331000000000000000e+03
2.210000000000000000e+02
8.936000000000000000e+03
8.996000000000000000e+03
4.281000000000000000e+03
8.708000000000000000e+03
3.176000000000000000e+03
9.651000000000000000e+03
7.442000000000000000e+03
1.630000000000000000e+02
5.859000000000000000e+03
7.578000000000000000e+03
6.762000000000000000e+03
6.179000000000000000e+03
9.398000000000000000e+03
6.570000000000000000e+02
8.275000000000000000e+03
4.612000000000000000e+03
9.792000000000000000e+03
8.394000000000000000e+03
4.928000000000000000e+03
4.350000000000000000e+02
5.782000000000000000e+03
5.655000000000000000e+03
7.050000000000000000e+03
2.137000000000000000e+03
8.525000000000000000e+03
2.000000000000000000e+00
8.460000000000000000e+02
7.418000000000000000e+03
1.139000000000000000e+03
6.718000000000000000e+03
1.144000000000000000e+03
4.183000000000000000e+03
4.757000000000000000e+03
5.274000000000000000e+03
8.906000000000000000e+03
6.324000000000000000e+03
7.546000000000000000e+03
8.545000000000000000e+03
8.221000000000000000e+03
2.758000000000000000e+03
3.352000000000000000e+03
4.006000000000000000e+03
1.386000000000000000e+03
2.068000000000000000e+03
5.310000000000000000e+03
5.266000000000000000e+03
8.794000000000000000e+03
4.408000000000000000e+03
4.294000000000000000e+03
5.437000000000000000e+03
8.648000000000000000e+03
2.668000000000000000e+03
8.507000000000000000e+03
3.475000000000000000e+03
7.226000000000000000e+03
1.287000000000000000e+03
6.404000000000000000e+03
2.534000000000000000e+03
9.775000000000000000e+03
2.853000000000000000e+03
5.752000000000000000e+03
9.584000000000000000e+03
8.624000000000000000e+03
7.542000000000000000e+03
5.003000000000000000e+03
7.699000000000000000e+03
9.654000000000000000e+03
2.816000000000000000e+03
8.141000000000000000e+03
1.976000000000000000e+03
7.961000000000000000e+03
9.773000000000000000e+03
3.477000000000000000e+03
7.152000000000000000e+03
2.263000000000000000e+03
9.823000000000000000e+03
6.727000000000000000e+03
6.451000000000000000e+03
9.019000000000000000e+03
2.648000000000000000e+03
4.576000000000000000e+03
6.479000000000000000e+03
5.300000000000000000e+02
9.499000000000000000e+03
7.651000000000000000e+03
3.484000000000000000e+03
7.370000000000000000e+03
1.624000000000000000e+03
4.903000000000000000e+03
7.403000000000000000e+03
2.881000000000000000e+03
5.158000000000000000e+03
4.310000000000000000e+03
4.000000000000000000e+00
7.308000000000000000e+03
4.443000000000000000e+03
8.637000000000000000e+03
9.205000000000000000e+03
1.431000000000000000e+03
9.104000000000000000e+03
5.387000000000000000e+03
3.431000000000000000e+03
8.889000000000000000e+03
8.430000000000000000e+02
8.069000000000000000e+03
1.522000000000000000e+03
4.560000000000000000e+02
8.191000000000000000e+03
8.899000000000000000e+03
6.676000000000000000e+03
7.831000000000000000e+03
2.697000000000000000e+03
9.258000000000000000e+03
6.744000000000000000e+03
8.786000000000000000e+03
6.760000000000000000e+03
5.410000000000000000e+02
3.854000000000000000e+03
2.423000000000000000e+03
1.798000000000000000e+03
1.308000000000000000e+03
5.436000000000000000e+03
2.689000000000000000e+03
5.824000000000000000e+03
4.709000000000000000e+03
4.477000000000000000e+03
3.447000000000000000e+03
5.123000000000000000e+03
9.925000000000000000e+03
5.420000000000000000e+03
6.949000000000000000e+03
4.329000000000000000e+03
8.999000000000000000e+03
3.186000000000000000e+03
5.159000000000000000e+03
1.218000000000000000e+03
9.320000000000000000e+03
6.731000000000000000e+03
9.143000000000000000e+03
3.160000000000000000e+03
6.480000000000000000e+02
9.550000000000000000e+03
6.890000000000000000e+02
7.850000000000000000e+03
1.672000000000000000e+03
6.252000000000000000e+03
4.300000000000000000e+01
1.161000000000000000e+03
2.143000000000000000e+03
9.124000000000000000e+03
8.720000000000000000e+02
7.890000000000000000e+03
3.708000000000000000e+03
7.707000000000000000e+03
6.525000000000000000e+03
8.979000000000000000e+03
3.520000000000000000e+03
4.326000000000000000e+03
1.786000000000000000e+03
1.337000000000000000e+03
3.630000000000000000e+03
6.030000000000000000e+02
3.479000000000000000e+03
6.931000000000000000e+03
2.253000000000000000e+03
6.652000000000000000e+03
8.950000000000000000e+03
4.788000000000000000e+03
9.728000000000000000e+03
9.070000000000000000e+02
8.616000000000000000e+03
6.625000000000000000e+03
4.050000000000000000e+02
5.430000000000000000e+03
5.704000000000000000e+03
2.170000000000000000e+02
9.234000000000000000e+03
6.312000000000000000e+03
9.709000000000000000e+03
2.035000000000000000e+03
9.541000000000000000e+03
7.956000000000000000e+03
6.213000000000000000e+03
3.015000000000000000e+03
6.896000000000000000e+03
6.446000000000000000e+03
5.359000000000000000e+03
4.751000000000000000e+03
1.521000000000000000e+03
4.084000000000000000e+03
9.322000000000000000e+03
2.200000000000000000e+02
6.350000000000000000e+02
8.167000000000000000e+03
3.036000000000000000e+03
1.450000000000000000e+02
9.047000000000000000e+03
4.828000000000000000e+03
1.074000000000000000e+03
4.350000000000000000e+03
1.754000000000000000e+03
2.997000000000000000e+03
6.311000000000000000e+03
3.267000000000000000e+03
1.244000000000000000e+03
2.151000000000000000e+03
9.949000000000000000e+03
3.290000000000000000e+03
3.623000000000000000e+03
1.703000000000000000e+03
5.070000000000000000e+03
2.040000000000000000e+02
9.164000000000000000e+03
9.297000000000000000e+03
5.916000000000000000e+03
2.966000000000000000e+03
7.211000000000000000e+03
1.606000000000000000e+03
9.001000000000000000e+03
3.062000000000000000e+03
3.172000000000000000e+03
5.736000000000000000e+03
8.830000000000000000e+03
9.060000000000000000e+02
6.820000000000000000e+02
7.227000000000000000e+03
5.449000000000000000e+03
8.446000000000000000e+03
8.450000000000000000e+02
2.336000000000000000e+03
1.665000000000000000e+03
5.088000000000000000e+03
1.989000000000000000e+03
4.740000000000000000e+03
8.752000000000000000e+03
6.557000000000000000e+03
9.953000000000000000e+03
3.833000000000000000e+03
7.375000000000000000e+03
4.650000000000000000e+03
7.381000000000000000e+03
9.886000000000000000e+03
4.654000000000000000e+03
9.460000000000000000e+03
3.109000000000000000e+03
7.076000000000000000e+03
3.238000000000000000e+03
6.592000000000000000e+03
1.886000000000000000e+03
3.249000000000000000e+03
6.200000000000000000e+01
1.922000000000000000e+03
1.360000000000000000e+03
2.019000000000000000e+03
1.673000000000000000e+03
8.126000000000000000e+03
9.945000000000000000e+03
3.667000000000000000e+03
7.080000000000000000e+02
8.750000000000000000e+03
6.129000000000000000e+03
3.364000000000000000e+03
2.417000000000000000e+03
4.856000000000000000e+03
9.720000000000000000e+02
5.738000000000000000e+03
8.420000000000000000e+03
7.066000000000000000e+03
3.662000000000000000e+03
1.894000000000000000e+03
8.084000000000000000e+03
8.776000000000000000e+03
9.645000000000000000e+03
9.783000000000000000e+03
1.143000000000000000e+03
9.803000000000000000e+03
8.820000000000000000e+02
5.063000000000000000e+03
2.894000000000000000e+03
5.151000000000000000e+03
4.888000000000000000e+03
9.600000000000000000e+01
6.962000000000000000e+03
2.042000000000000000e+03
6.137000000000000000e+03
5.659000000000000000e+03
5.402000000000000000e+03
6.636000000000000000e+03
1.845000000000000000e+03
3.914000000000000000e+03
9.150000000000000000e+02
8.962000000000000000e+03
8.682000000000000000e+03
5.280000000000000000e+03
5.194000000000000000e+03
4.085000000000000000e+03
1.079000000000000000e+03
5.900000000000000000e+02
4.130000000000000000e+03
3.010000000000000000e+02
6.981000000000000000e+03
8.459000000000000000e+03
2.929000000000000000e+03
6.186000000000000000e+03
4.230000000000000000e+03
7.070000000000000000e+03
3.590000000000000000e+02
6.456000000000000000e+03
8.284000000000000000e+03
3.710000000000000000e+02
2.898000000000000000e+03
6.710000000000000000e+03
3.200000000000000000e+02
7.905000000000000000e+03
3.276000000000000000e+03
8.040000000000000000e+02
6.083000000000000000e+03
6.344000000000000000e+03
8.139000000000000000e+03
1.038000000000000000e+03
6.688000000000000000e+03
5.625000000000000000e+03
2.866000000000000000e+03
8.615000000000000000e+03
8.376000000000000000e+03
5.776000000000000000e+03
1.535000000000000000e+03
6.930000000000000000e+02
8.617000000000000000e+03
1.333000000000000000e+03
4.439000000000000000e+03
7.629000000000000000e+03
8.065000000000000000e+03
3.163000000000000000e+03
6.741000000000000000e+03
9.000000000000000000e+02
1.486000000000000000e+03
1.148000000000000000e+03
8.477000000000000000e+03
3.513000000000000000e+03
4.988000000000000000e+03
4.237000000000000000e+03
4.177000000000000000e+03
1.209000000000000000e+03
9.273000000000000000e+03
4.276000000000000000e+03
1.601000000000000000e+03
6.761000000000000000e+03
7.967000000000000000e+03
3.324000000000000000e+03
2.814000000000000000e+03
5.600000000000000000e+03
7.841000000000000000e+03
4.280000000000000000e+02
5.895000000000000000e+03
6.992000000000000000e+03
4.275000000000000000e+03
6.495000000000000000e+03
6.957000000000000000e+03
9.731000000000000000e+03
6.165000000000000000e+03
8.767000000000000000e+03
1.846000000000000000e+03
5.062000000000000000e+03
8.464000000000000000e+03
3.195000000000000000e+03
4.782000000000000000e+03
1.035000000000000000e+03
1.083000000000000000e+03
3.360000000000000000e+03
2.442000000000000000e+03
6.760000000000000000e+02
5.248000000000000000e+03
9.947000000000000000e+03
4.151000000000000000e+03
1.502000000000000000e+03
8.821000000000000000e+03
2.598000000000000000e+03
9.050000000000000000e+03
9.629000000000000000e+03
3.750000000000000000e+03
1.592000000000000000e+03
3.344000000000000000e+03
7.603000000000000000e+03
4.363000000000000000e+03
5.800000000000000000e+01
8.192000000000000000e+03
2.536000000000000000e+03
4.257000000000000000e+03
7.417000000000000000e+03
9.829000000000000000e+03
2.013000000000000000e+03
8.626000000000000000e+03
1.753000000000000000e+03
7.026000000000000000e+03
4.998000000000000000e+03
1.553000000000000000e+03
6.752000000000000000e+03
4.076000000000000000e+03
3.793000000000000000e+03
7.930000000000000000e+02
1.760000000000000000e+03
1.302000000000000000e+03
1.426000000000000000e+03
6.064000000000000000e+03
3.955000000000000000e+03
2.470000000000000000e+02
4.211000000000000000e+03
8.981000000000000000e+03
1.549000000000000000e+03
9.700000000000000000e+01
2.960000000000000000e+02
7.268000000000000000e+03
8.487000000000000000e+03
3.129000000000000000e+03
3.374000000000000000e+03
9.969000000000000000e+03
5.170000000000000000e+02
7.302000000000000000e+03
9.111000000000000000e+03
4.743000000000000000e+03
9.821000000000000000e+03
1.350000000000000000e+03
7.590000000000000000e+03
1.443000000000000000e+03
6.282000000000000000e+03
3.605000000000000000e+03
8.302000000000000000e+03
5.742000000000000000e+03
9.761000000000000000e+03
7.874000000000000000e+03
1.506000000000000000e+03
6.887000000000000000e+03
9.293000000000000000e+03
5.839000000000000000e+03
4.352000000000000000e+03
7.954000000000000000e+03
3.916000000000000000e+03
4.943000000000000000e+03
5.371000000000000000e+03
7.605000000000000000e+03
2.321000000000000000e+03
5.960000000000000000e+03
6.603000000000000000e+03
9.756000000000000000e+03
9.506000000000000000e+03
1.201000000000000000e+03
9.076000000000000000e+03
5.066000000000000000e+03
1.534000000000000000e+03
5.342000000000000000e+03
8.586000000000000000e+03
3.245000000000000000e+03
6.963000000000000000e+03
5.540000000000000000e+03
3.123000000000000000e+03
5.523000000000000000e+03
3.550000000000000000e+03
3.270000000000000000e+02
3.556000000000000000e+03
5.177000000000000000e+03
6.214000000000000000e+03
3.525000000000000000e+03
5.213000000000000000e+03
6.293000000000000000e+03
9.350000000000000000e+03
4.699000000000000000e+03
1.990000000000000000e+03
7.481000000000000000e+03
7.153000000000000000e+03
1.226000000000000000e+03
2.556000000000000000e+03
2.882000000000000000e+03
2.791000000000000000e+03
3.022000000000000000e+03
3.470000000000000000e+03
7.081000000000000000e+03
5.560000000000000000e+02
1.029000000000000000e+03
5.184000000000000000e+03
1.570000000000000000e+02
7.256000000000000000e+03
5.974000000000000000e+03
4.149000000000000000e+03
8.144000000000000000e+03
3.336000000000000000e+03
8.799000000000000000e+03
9.560000000000000000e+03
4.986000000000000000e+03
5.939000000000000000e+03
8.886000000000000000e+03
2.976000000000000000e+03
4.023000000000000000e+03
4.098000000000000000e+03
2.425000000000000000e+03
8.713000000000000000e+03
8.661000000000000000e+03
1.009000000000000000e+03
6.160000000000000000e+03
4.632000000000000000e+03
9.757000000000000000e+03
5.429000000000000000e+03
1.991000000000000000e+03
2.132000000000000000e+03
3.558000000000000000e+03
3.644000000000000000e+03
4.064000000000000000e+03
1.829000000000000000e+03
2.370000000000000000e+02
7.520000000000000000e+03
8.344000000000000000e+03
3.056000000000000000e+03
1.801000000000000000e+03
7.788000000000000000e+03
9.460000000000000000e+02
3.310000000000000000e+02
5.764000000000000000e+03
6.900000000000000000e+01
4.380000000000000000e+03
7.067000000000000000e+03
2.411000000000000000e+03
8.111000000000000000e+03
9.229000000000000000e+03
8.110000000000000000e+03
1.394000000000000000e+03
5.530000000000000000e+03
9.106000000000000000e+03
5.830000000000000000e+02
9.797000000000000000e+03
8.749000000000000000e+03
8.452000000000000000e+03
7.340000000000000000e+03
8.695000000000000000e+03
8.201000000000000000e+03
8.204000000000000000e+03
6.204000000000000000e+03
4.320000000000000000e+02
5.670000000000000000e+02
3.044000000000000000e+03
8.301000000000000000e+03
9.305000000000000000e+03
9.100000000000000000e+01
2.922000000000000000e+03
5.030000000000000000e+02
4.100000000000000000e+01
8.753000000000000000e+03
4.963000000000000000e+03
5.507000000000000000e+03
8.062000000000000000e+03
6.046000000000000000e+03
9.878000000000000000e+03
4.163000000000000000e+03
1.539000000000000000e+03
6.167000000000000000e+03
5.988000000000000000e+03
6.135000000000000000e+03
4.245000000000000000e+03
6.409000000000000000e+03
4.000000000000000000e+01
7.249000000000000000e+03
4.938000000000000000e+03
6.767000000000000000e+03
8.518000000000000000e+03
6.722000000000000000e+03
4.860000000000000000e+02
9.604000000000000000e+03
3.415000000000000000e+03
7.184000000000000000e+03
1.998000000000000000e+03
6.307000000000000000e+03
8.467000000000000000e+03
6.784000000000000000e+03
2.602000000000000000e+03
6.254000000000000000e+03
9.981000000000000000e+03
7.666000000000000000e+03
8.887000000000000000e+03
4.562000000000000000e+03
3.894000000000000000e+03
5.017000000000000000e+03
3.169000000000000000e+03
2.237000000000000000e+03
5.434000000000000000e+03
6.028000000000000000e+03
6.164000000000000000e+03
1.979000000000000000e+03
8.367000000000000000e+03
3.932000000000000000e+03
5.755000000000000000e+03
8.412000000000000000e+03
5.393000000000000000e+03
9.450000000000000000e+03
2.808000000000000000e+03
8.601000000000000000e+03
6.813000000000000000e+03
4.413000000000000000e+03
5.661000000000000000e+03
2.292000000000000000e+03
8.711000000000000000e+03
5.935000000000000000e+03
7.676000000000000000e+03
9.156000000000000000e+03
3.382000000000000000e+03
7.679000000000000000e+03
3.989000000000000000e+03
1.070000000000000000e+02
6.483000000000000000e+03
4.161000000000000000e+03
2.515000000000000000e+03
1.645000000000000000e+03
8.920000000000000000e+03
7.326000000000000000e+03
1.204000000000000000e+03
1.519000000000000000e+03
6.547000000000000000e+03
5.630000000000000000e+02
3.915000000000000000e+03
7.410000000000000000e+03
4.859000000000000000e+03
4.739000000000000000e+03
4.138000000000000000e+03
7.278000000000000000e+03
2.011000000000000000e+03
2.242000000000000000e+03
2.101000000000000000e+03
2.635000000000000000e+03
2.551000000000000000e+03
9.938000000000000000e+03
2.192000000000000000e+03
3.131000000000000000e+03
8.836000000000000000e+03
6.905000000000000000e+03
7.141000000000000000e+03
8.209000000000000000e+03
3.205000000000000000e+03
6.822000000000000000e+03
8.321000000000000000e+03
7.755000000000000000e+03
2.766000000000000000e+03
5.527000000000000000e+03
5.992000000000000000e+03
7.175000000000000000e+03
1.546000000000000000e+03
6.458000000000000000e+03
6.126000000000000000e+03
8.180000000000000000e+03
6.599000000000000000e+03
8.705000000000000000e+03
1.211000000000000000e+03
1.504000000000000000e+03
5.620000000000000000e+02
5.174000000000000000e+03
3.530000000000000000e+03
9.039000000000000000e+03
3.145000000000000000e+03
9.605000000000000000e+03
6.401000000000000000e+03
3.327000000000000000e+03
4.116000000000000000e+03
5.286000000000000000e+03
9.087000000000000000e+03
5.517000000000000000e+03
8.378000000000000000e+03
6.792000000000000000e+03
1.032000000000000000e+03
9.369000000000000000e+03
3.967000000000000000e+03
8.764000000000000000e+03
9.238000000000000000e+03
9.420000000000000000e+03
2.297000000000000000e+03
5.800000000000000000e+03
5.699000000000000000e+03
9.800000000000000000e+03
2.342000000000000000e+03
4.877000000000000000e+03
6.310000000000000000e+02
5.466000000000000000e+03
6.345000000000000000e+03
4.122000000000000000e+03
2.872000000000000000e+03
2.975000000000000000e+03
8.497000000000000000e+03
7.750000000000000000e+02
4.036000000000000000e+03
6.237000000000000000e+03
8.926000000000000000e+03
3.816000000000000000e+03
5.467000000000000000e+03
1.273000000000000000e+03
1.453000000000000000e+03
5.504000000000000000e+03
1.042000000000000000e+03
3.495000000000000000e+03
1.118000000000000000e+03
5.417000000000000000e+03
3.720000000000000000e+02
6.641000000000000000e+03
9.571000000000000000e+03
8.535000000000000000e+03
4.592000000000000000e+03
9.593000000000000000e+03
1.002000000000000000e+03
3.821000000000000000e+03
9.470000000000000000e+03
2.430000000000000000e+03
8.486000000000000000e+03
4.033000000000000000e+03
4.758000000000000000e+03
7.709000000000000000e+03
4.000000000000000000e+03
2.261000000000000000e+03
8.086000000000000000e+03
9.221000000000000000e+03
5.761000000000000000e+03
7.221000000000000000e+03
4.321000000000000000e+03
4.993000000000000000e+03
3.360000000000000000e+02
2.920000000000000000e+02
6.674000000000000000e+03
2.230000000000000000e+03
3.778000000000000000e+03
3.231000000000000000e+03
7.784000000000000000e+03
4.017000000000000000e+03
7.085000000000000000e+03
1.870000000000000000e+02
7.294000000000000000e+03
1.578000000000000000e+03
6.911000000000000000e+03
3.030000000000000000e+03
5.944000000000000000e+03
3.469000000000000000e+03
8.403000000000000000e+03
2.780000000000000000e+02
5.931000000000000000e+03
6.856000000000000000e+03
6.459000000000000000e+03
8.168000000000000000e+03
1.766000000000000000e+03
7.491000000000000000e+03
8.206000000000000000e+03
3.613000000000000000e+03
3.020000000000000000e+02
2.465000000000000000e+03
7.204000000000000000e+03
7.273000000000000000e+03
8.911000000000000000e+03
8.398000000000000000e+03
5.634000000000000000e+03
4.263000000000000000e+03
1.491000000000000000e+03
2.127000000000000000e+03
1.876000000000000000e+03
9.090000000000000000e+03
9.502000000000000000e+03
5.423000000000000000e+03
8.865000000000000000e+03
8.816000000000000000e+03
1.575000000000000000e+03
6.910000000000000000e+03
8.718000000000000000e+03
8.030000000000000000e+02
1.277000000000000000e+03
1.170000000000000000e+02
8.801000000000000000e+03
8.577000000000000000e+03
3.118000000000000000e+03
2.639000000000000000e+03
3.402000000000000000e+03
6.584000000000000000e+03
2.800000000000000000e+03
7.561000000000000000e+03
7.750000000000000000e+03
2.364000000000000000e+03
2.526000000000000000e+03
7.002000000000000000e+03
9.952000000000000000e+03
6.148000000000000000e+03
3.290000000000000000e+02
2.066000000000000000e+03
4.454000000000000000e+03
2.671000000000000000e+03
7.721000000000000000e+03
8.190000000000000000e+03
5.616000000000000000e+03
6.671000000000000000e+03
9.759000000000000000e+03
7.777000000000000000e+03
6.988000000000000000e+03
6.243000000000000000e+03
1.658000000000000000e+03
6.288000000000000000e+03
7.660000000000000000e+02
9.219000000000000000e+03
2.580000000000000000e+02
5.845000000000000000e+03
9.464000000000000000e+03
5.016000000000000000e+03
2.268000000000000000e+03
3.759000000000000000e+03
4.073000000000000000e+03
2.555000000000000000e+03
3.671000000000000000e+03
9.452000000000000000e+03
3.136000000000000000e+03
4.099000000000000000e+03
8.582000000000000000e+03
4.900000000000000000e+01
1.782000000000000000e+03
2.652000000000000000e+03
5.113000000000000000e+03
7.810000000000000000e+03
9.481000000000000000e+03
4.301000000000000000e+03
8.636000000000000000e+03
9.161000000000000000e+03
8.498000000000000000e+03
7.266000000000000000e+03
6.016000000000000000e+03
6.109000000000000000e+03
3.849000000000000000e+03
8.322000000000000000e+03
5.705000000000000000e+03
1.562000000000000000e+03
8.919000000000000000e+03
6.500000000000000000e+01
8.370000000000000000e+03
2.312000000000000000e+03
9.411000000000000000e+03
5.728000000000000000e+03
4.456000000000000000e+03
4.186000000000000000e+03
8.933000000000000000e+03
4.053000000000000000e+03
8.273000000000000000e+03
6.270000000000000000e+02
8.433000000000000000e+03
4.330000000000000000e+02
7.675000000000000000e+03
7.251000000000000000e+03
5.049000000000000000e+03
3.224000000000000000e+03
5.133000000000000000e+03
9.555000000000000000e+03
8.184000000000000000e+03
3.593000000000000000e+03
4.810000000000000000e+02
1.017000000000000000e+03
5.539000000000000000e+03
9.140000000000000000e+03
9.038000000000000000e+03
7.591000000000000000e+03
5.345000000000000000e+03
4.915000000000000000e+03
2.897000000000000000e+03
1.832000000000000000e+03
2.521000000000000000e+03
7.882000000000000000e+03
7.357000000000000000e+03
3.124000000000000000e+03
7.430000000000000000e+03
4.026000000000000000e+03
1.330000000000000000e+03
7.558000000000000000e+03
8.171000000000000000e+03
3.959000000000000000e+03
5.884000000000000000e+03
4.980000000000000000e+03
2.999000000000000000e+03
8.011000000000000000e+03
8.585000000000000000e+03
5.872000000000000000e+03
6.586000000000000000e+03
3.827000000000000000e+03
6.368000000000000000e+03
2.825000000000000000e+03
6.032000000000000000e+03
7.365000000000000000e+03
3.299000000000000000e+03
2.664000000000000000e+03
9.436000000000000000e+03
5.075000000000000000e+03
1.950000000000000000e+02
7.730000000000000000e+03
9.400000000000000000e+01
5.505000000000000000e+03
1.670000000000000000e+03
7.068000000000000000e+03
5.640000000000000000e+02
7.766000000000000000e+03
7.700000000000000000e+03
8.523000000000000000e+03
1.513000000000000000e+03
2.488000000000000000e+03
4.746000000000000000e+03
5.786000000000000000e+03
9.615000000000000000e+03
4.958000000000000000e+03
8.268000000000000000e+03
9.919000000000000000e+03
6.519000000000000000e+03
9.767000000000000000e+03
7.298000000000000000e+03
2.933000000000000000e+03
2.353000000000000000e+03
4.420000000000000000e+03
2.275000000000000000e+03
3.512000000000000000e+03
4.760000000000000000e+02
5.654000000000000000e+03
5.350000000000000000e+02
3.026000000000000000e+03
2.535000000000000000e+03
4.707000000000000000e+03
1.299000000000000000e+03
7.450000000000000000e+02
9.595000000000000000e+03
8.710000000000000000e+03
6.804000000000000000e+03
3.862000000000000000e+03
2.239000000000000000e+03
4.974000000000000000e+03
9.316000000000000000e+03
7.130000000000000000e+03
1.421000000000000000e+03
3.790000000000000000e+02
8.558000000000000000e+03
3.076000000000000000e+03
5.911000000000000000e+03
2.981000000000000000e+03
5.897000000000000000e+03
1.797000000000000000e+03
1.762000000000000000e+03
4.965000000000000000e+03
8.289000000000000000e+03
8.490000000000000000e+02
9.044000000000000000e+03
9.780000000000000000e+03
7.019000000000000000e+03
6.539000000000000000e+03
1.596000000000000000e+03
9.401000000000000000e+03
6.682000000000000000e+03
4.473000000000000000e+03
7.446000000000000000e+03
6.615000000000000000e+03
6.180000000000000000e+02
4.325000000000000000e+03
4.990000000000000000e+03
5.290000000000000000e+02
1.225000000000000000e+03
9.025000000000000000e+03
8.748000000000000000e+03
5.001000000000000000e+03
9.461000000000000000e+03
2.316000000000000000e+03
5.691000000000000000e+03
7.190000000000000000e+03
3.160000000000000000e+02
3.025000000000000000e+03
5.564000000000000000e+03
8.890000000000000000e+02
3.292000000000000000e+03
8.978000000000000000e+03
3.340000000000000000e+02
1.771000000000000000e+03
8.698000000000000000e+03
8.963000000000000000e+03
5.686000000000000000e+03
2.547000000000000000e+03
3.788000000000000000e+03
7.921000000000000000e+03
