0.000000000000000000e+00
4.979000000000000000e+03
3.173000000000000000e+03
1.896000000000000000e+03
8.949000000000000000e+03
7.473000000000000000e+03
4.610000000000000000e+03
4.917000000000000000e+03
5.081000000000000000e+03
2.573000000000000000e+03
1.179000000000000000e+03
5.907000000000000000e+03
1.545000000000000000e+03
1.460000000000000000e+02
3.984000000000000000e+03
5.666000000000000000e+03
5.925000000000000000e+03
5.539000000000000000e+03
9.301000000000000000e+03
4.908000000000000000e+03
5.808000000000000000e+03
3.122000000000000000e+03
7.342000000000000000e+03
1.141000000000000000e+03
8.380000000000000000e+03
8.213000000000000000e+03
4.444000000000000000e+03
2.607000000000000000e+03
2.004000000000000000e+03
8.030000000000000000e+02
9.862000000000000000e+03
3.644000000000000000e+03
5.636000000000000000e+03
9.605000000000000000e+03
5.686000000000000000e+03
