2.789000000000000000e+03
1.530000000000000000e+03
4.178000000000000000e+03
4.081000000000000000e+03
3.477000000000000000e+03
2.899000000000000000e+03
4.013000000000000000e+03
5.905000000000000000e+03
3.173000000000000000e+03
9.303000000000000000e+03
5.409000000000000000e+03
6.814000000000000000e+03
4.853000000000000000e+03
5.670000000000000000e+03
2.212000000000000000e+03
8.690000000000000000e+02
4.407000000000000000e+03
6.460000000000000000e+02
9.450000000000000000e+02
3.377000000000000000e+03
5.812000000000000000e+03
6.670000000000000000e+03
2.924000000000000000e+03
3.617000000000000000e+03
5.617000000000000000e+03
6.345000000000000000e+03
1.933000000000000000e+03
7.840000000000000000e+03
1.490000000000000000e+02
9.434000000000000000e+03
6.941000000000000000e+03
6.932000000000000000e+03
9.694000000000000000e+03
4.452000000000000000e+03
8.987000000000000000e+03
2.840000000000000000e+03
4.133000000000000000e+03
9.698000000000000000e+03
1.191000000000000000e+03
3.875000000000000000e+03
9.070000000000000000e+02
8.458000000000000000e+03
5.351000000000000000e+03
5.754000000000000000e+03
6.164000000000000000e+03
7.118000000000000000e+03
5.179000000000000000e+03
5.901000000000000000e+03
5.081000000000000000e+03
8.203000000000000000e+03
4.830000000000000000e+03
2.889000000000000000e+03
3.743000000000000000e+03
8.720000000000000000e+02
9.134000000000000000e+03
3.752000000000000000e+03
6.875000000000000000e+03
6.460000000000000000e+03
3.165000000000000000e+03
3.954000000000000000e+03
6.710000000000000000e+02
7.475000000000000000e+03
7.255000000000000000e+03
6.587000000000000000e+03
7.988000000000000000e+03
6.000000000000000000e+00
9.730000000000000000e+02
7.817000000000000000e+03
4.998000000000000000e+03
9.185000000000000000e+03
8.290000000000000000e+03
5.565000000000000000e+03
1.221000000000000000e+03
2.147000000000000000e+03
7.378000000000000000e+03
2.667000000000000000e+03
7.767000000000000000e+03
2.274000000000000000e+03
7.573000000000000000e+03
2.450000000000000000e+02
5.463000000000000000e+03
9.828000000000000000e+03
9.060000000000000000e+03
6.570000000000000000e+02
5.287000000000000000e+03
8.655000000000000000e+03
9.843000000000000000e+03
5.067000000000000000e+03
4.890000000000000000e+03
5.383000000000000000e+03
2.864000000000000000e+03
1.706000000000000000e+03
9.476000000000000000e+03
1.480000000000000000e+02
1.488000000000000000e+03
8.726000000000000000e+03
9.421000000000000000e+03
5.090000000000000000e+03
1.958000000000000000e+03
7.091000000000000000e+03
9.996000000000000000e+03
3.611000000000000000e+03
7.980000000000000000e+03
2.966000000000000000e+03
1.378000000000000000e+03
7.704000000000000000e+03
9.775000000000000000e+03
5.607000000000000000e+03
2.656000000000000000e+03
3.459000000000000000e+03
8.788000000000000000e+03
3.308000000000000000e+03
6.404000000000000000e+03
7.007000000000000000e+03
9.792000000000000000e+03
3.690000000000000000e+02
7.005000000000000000e+03
9.800000000000000000e+03
5.954000000000000000e+03
4.139000000000000000e+03
2.205000000000000000e+03
2.811000000000000000e+03
1.136000000000000000e+03
3.539000000000000000e+03
7.125000000000000000e+03
5.298000000000000000e+03
5.070000000000000000e+03
8.242000000000000000e+03
5.539000000000000000e+03
1.872000000000000000e+03
3.261000000000000000e+03
1.324000000000000000e+03
1.983000000000000000e+03
9.221000000000000000e+03
1.217000000000000000e+03
6.657000000000000000e+03
9.524000000000000000e+03
2.855000000000000000e+03
2.603000000000000000e+03
4.810000000000000000e+02
