1.898000000000000000e+03
4.532000000000000000e+03
7.483000000000000000e+03
6.198000000000000000e+03
7.349000000000000000e+03
1.171000000000000000e+03
4.607000000000000000e+03
5.054000000000000000e+03
9.535000000000000000e+03
6.780000000000000000e+02
6.276000000000000000e+03
9.303000000000000000e+03
3.150000000000000000e+03
9.267000000000000000e+03
3.009000000000000000e+03
9.298000000000000000e+03
6.377000000000000000e+03
6.390000000000000000e+03
2.944000000000000000e+03
8.575000000000000000e+03
2.657000000000000000e+03
9.710000000000000000e+03
4.233000000000000000e+03
4.917000000000000000e+03
5.828000000000000000e+03
5.179000000000000000e+03
9.380000000000000000e+03
9.160000000000000000e+03
6.460000000000000000e+02
8.740000000000000000e+02
2.106000000000000000e+03
4.998000000000000000e+03
2.098000000000000000e+03
5.874000000000000000e+03
7.985000000000000000e+03
7.988000000000000000e+03
8.028000000000000000e+03
8.114000000000000000e+03
5.186000000000000000e+03
9.201000000000000000e+03
1.996000000000000000e+03
3.276000000000000000e+03
1.988000000000000000e+03
2.104000000000000000e+03
9.381000000000000000e+03
5.843000000000000000e+03
5.617000000000000000e+03
5.303000000000000000e+03
2.862000000000000000e+03
4.864000000000000000e+03
2.444000000000000000e+03
4.830000000000000000e+03
4.810000000000000000e+03
2.923000000000000000e+03
9.646000000000000000e+03
7.157000000000000000e+03
4.740000000000000000e+03
3.970000000000000000e+02
1.550000000000000000e+02
4.230000000000000000e+02
7.108000000000000000e+03
3.028000000000000000e+03
1.430000000000000000e+02
2.264000000000000000e+03
5.539000000000000000e+03
7.084000000000000000e+03
7.854000000000000000e+03
4.631000000000000000e+03
9.868000000000000000e+03
5.570000000000000000e+03
5.578000000000000000e+03
5.591000000000000000e+03
7.044000000000000000e+03
4.277000000000000000e+03
3.165000000000000000e+03
4.589000000000000000e+03
5.284000000000000000e+03
4.247000000000000000e+03
1.156000000000000000e+03
8.883000000000000000e+03
3.561000000000000000e+03
8.385000000000000000e+03
8.389000000000000000e+03
1.191000000000000000e+03
8.813000000000000000e+03
6.201000000000000000e+03
5.067000000000000000e+03
8.458000000000000000e+03
8.490000000000000000e+03
8.745000000000000000e+03
8.493000000000000000e+03
1.569000000000000000e+03
1.316000000000000000e+03
1.559000000000000000e+03
6.268000000000000000e+03
1.545000000000000000e+03
9.978000000000000000e+03
6.310000000000000000e+03
6.315000000000000000e+03
3.819000000000000000e+03
8.570000000000000000e+03
5.117000000000000000e+03
3.806000000000000000e+03
1.416000000000000000e+03
3.752000000000000000e+03
8.905000000000000000e+03
3.532000000000000000e+03
3.949000000000000000e+03
8.334000000000000000e+03
3.491000000000000000e+03
6.670000000000000000e+03
8.203000000000000000e+03
6.023000000000000000e+03
1.034000000000000000e+03
5.947000000000000000e+03
5.963000000000000000e+03
6.764000000000000000e+03
4.166000000000000000e+03
9.941000000000000000e+03
7.180000000000000000e+02
9.580000000000000000e+03
7.129000000000000000e+03
2.289000000000000000e+03
3.013000000000000000e+03
2.278000000000000000e+03
8.525000000000000000e+03
1.524000000000000000e+03
9.064000000000000000e+03
7.786000000000000000e+03
1.387000000000000000e+03
3.695000000000000000e+03
6.420000000000000000e+03
2.343000000000000000e+03
8.655000000000000000e+03
2.378000000000000000e+03
9.470000000000000000e+02
3.080000000000000000e+02
8.578000000000000000e+03
6.806000000000000000e+03
9.145000000000000000e+03
1.880000000000000000e+03
3.762000000000000000e+03
8.620000000000000000e+03
2.978000000000000000e+03
2.271000000000000000e+03
8.726000000000000000e+03
4.189000000000000000e+03
6.953000000000000000e+03
3.204000000000000000e+03
1.705000000000000000e+03
4.455000000000000000e+03
5.736000000000000000e+03
8.953000000000000000e+03
6.580000000000000000e+03
4.109000000000000000e+03
3.609000000000000000e+03
8.049000000000000000e+03
6.060000000000000000e+02
7.017000000000000000e+03
2.174000000000000000e+03
4.396000000000000000e+03
4.274000000000000000e+03
9.258000000000000000e+03
3.926000000000000000e+03
8.764000000000000000e+03
9.253000000000000000e+03
4.619000000000000000e+03
2.235000000000000000e+03
8.097000000000000000e+03
4.940000000000000000e+02
9.532000000000000000e+03
8.300000000000000000e+02
9.349000000000000000e+03
6.469000000000000000e+03
7.824000000000000000e+03
2.667000000000000000e+03
8.609000000000000000e+03
2.741000000000000000e+03
7.334000000000000000e+03
8.600000000000000000e+01
4.000000000000000000e+01
7.586000000000000000e+03
1.440000000000000000e+02
7.435000000000000000e+03
4.489000000000000000e+03
5.406000000000000000e+03
3.800000000000000000e+03
5.097000000000000000e+03
6.615000000000000000e+03
3.251000000000000000e+03
8.280000000000000000e+02
4.404000000000000000e+03
5.191000000000000000e+03
7.005000000000000000e+03
4.412000000000000000e+03
6.143000000000000000e+03
5.529000000000000000e+03
7.736000000000000000e+03
1.684000000000000000e+03
6.086000000000000000e+03
8.138000000000000000e+03
2.514000000000000000e+03
2.136000000000000000e+03
6.680000000000000000e+03
7.693000000000000000e+03
1.033000000000000000e+03
5.746000000000000000e+03
3.940000000000000000e+02
5.272000000000000000e+03
4.168000000000000000e+03
4.994000000000000000e+03
6.910000000000000000e+02
5.833000000000000000e+03
3.293000000000000000e+03
6.425000000000000000e+03
2.966000000000000000e+03
7.604000000000000000e+03
7.158000000000000000e+03
2.956000000000000000e+03
7.702000000000000000e+03
7.004000000000000000e+03
8.901000000000000000e+03
2.369000000000000000e+03
7.370000000000000000e+02
6.225000000000000000e+03
2.047000000000000000e+03
3.628000000000000000e+03
8.434000000000000000e+03
7.910000000000000000e+03
2.091000000000000000e+03
3.905000000000000000e+03
2.942000000000000000e+03
8.693000000000000000e+03
6.640000000000000000e+03
7.950000000000000000e+03
2.396000000000000000e+03
3.254000000000000000e+03
9.854000000000000000e+03
5.060000000000000000e+02
2.848000000000000000e+03
5.080000000000000000e+02
6.097000000000000000e+03
9.560000000000000000e+03
4.837000000000000000e+03
6.076000000000000000e+03
6.048000000000000000e+03
7.110000000000000000e+03
6.965000000000000000e+03
1.631000000000000000e+03
1.606000000000000000e+03
5.211000000000000000e+03
8.316000000000000000e+03
2.940000000000000000e+02
4.502000000000000000e+03
2.531000000000000000e+03
8.436000000000000000e+03
8.938000000000000000e+03
2.305000000000000000e+03
2.294000000000000000e+03
5.667000000000000000e+03
5.381000000000000000e+03
1.206000000000000000e+03
3.980000000000000000e+03
4.021000000000000000e+03
4.017000000000000000e+03
5.576000000000000000e+03
7.071000000000000000e+03
4.614000000000000000e+03
1.168000000000000000e+03
6.482000000000000000e+03
2.202000000000000000e+03
1.700000000000000000e+03
5.562000000000000000e+03
6.119000000000000000e+03
6.485000000000000000e+03
5.790000000000000000e+02
5.625000000000000000e+03
1.650000000000000000e+02
7.176000000000000000e+03
1.335000000000000000e+03
6.466000000000000000e+03
2.918000000000000000e+03
3.130000000000000000e+03
7.847000000000000000e+03
7.931000000000000000e+03
5.436000000000000000e+03
5.108000000000000000e+03
4.758000000000000000e+03
1.450000000000000000e+02
7.050000000000000000e+03
2.900000000000000000e+02
1.782000000000000000e+03
5.296000000000000000e+03
5.300000000000000000e+03
9.788000000000000000e+03
1.872000000000000000e+03
8.581000000000000000e+03
9.530000000000000000e+02
8.090000000000000000e+03
9.078000000000000000e+03
2.474000000000000000e+03
2.470000000000000000e+03
4.217000000000000000e+03
6.875000000000000000e+03
2.854000000000000000e+03
9.067000000000000000e+03
7.760000000000000000e+02
5.174000000000000000e+03
4.341000000000000000e+03
8.587000000000000000e+03
2.590000000000000000e+03
1.790000000000000000e+02
6.800000000000000000e+03
9.158000000000000000e+03
8.770000000000000000e+02
3.330000000000000000e+03
6.386000000000000000e+03
9.125000000000000000e+03
5.962000000000000000e+03
4.929000000000000000e+03
2.821000000000000000e+03
9.110000000000000000e+03
5.853000000000000000e+03
5.100000000000000000e+03
9.102000000000000000e+03
2.040000000000000000e+02
8.631000000000000000e+03
8.177000000000000000e+03
7.262000000000000000e+03
8.774000000000000000e+03
6.898000000000000000e+03
1.822000000000000000e+03
2.440000000000000000e+03
2.875000000000000000e+03
8.035000000000000000e+03
7.239000000000000000e+03
9.037000000000000000e+03
1.000000000000000000e+02
2.450000000000000000e+03
9.278000000000000000e+03
8.278000000000000000e+03
9.930000000000000000e+02
2.520000000000000000e+02
8.280000000000000000e+03
9.742000000000000000e+03
9.053000000000000000e+03
5.121000000000000000e+03
2.744000000000000000e+03
5.607000000000000000e+03
3.321000000000000000e+03
9.394000000000000000e+03
2.260000000000000000e+03
3.054000000000000000e+03
1.255000000000000000e+03
2.480000000000000000e+02
9.239000000000000000e+03
7.989000000000000000e+03
9.911000000000000000e+03
7.474000000000000000e+03
8.325000000000000000e+03
4.246000000000000000e+03
4.321000000000000000e+03
5.750000000000000000e+03
7.242000000000000000e+03
2.016000000000000000e+03
2.549000000000000000e+03
5.633000000000000000e+03
4.795000000000000000e+03
3.289000000000000000e+03
4.011000000000000000e+03
2.560000000000000000e+02
6.610000000000000000e+02
8.386000000000000000e+03
2.605000000000000000e+03
1.699000000000000000e+03
1.035000000000000000e+03
9.140000000000000000e+03
4.283000000000000000e+03
1.238000000000000000e+03
6.800000000000000000e+02
5.686000000000000000e+03
5.742000000000000000e+03
2.292000000000000000e+03
4.066000000000000000e+03
4.331000000000000000e+03
9.461000000000000000e+03
6.116000000000000000e+03
9.720000000000000000e+02
7.921000000000000000e+03
9.241000000000000000e+03
4.073000000000000000e+03
6.586000000000000000e+03
4.547000000000000000e+03
5.520000000000000000e+03
6.721000000000000000e+03
9.300000000000000000e+03
7.856000000000000000e+03
8.111000000000000000e+03
6.165000000000000000e+03
9.861000000000000000e+03
1.649000000000000000e+03
4.333000000000000000e+03
8.190000000000000000e+03
2.149000000000000000e+03
9.907000000000000000e+03
8.910000000000000000e+02
2.814000000000000000e+03
7.660000000000000000e+03
7.762000000000000000e+03
3.785000000000000000e+03
8.499000000000000000e+03
1.421000000000000000e+03
4.794000000000000000e+03
3.450000000000000000e+02
8.606000000000000000e+03
1.453000000000000000e+03
1.537000000000000000e+03
5.396000000000000000e+03
9.773000000000000000e+03
1.922000000000000000e+03
4.520000000000000000e+02
2.066000000000000000e+03
2.880000000000000000e+03
1.330000000000000000e+03
4.856000000000000000e+03
2.328000000000000000e+03
