2.830000000000000000e+03
4.278000000000000000e+03
1.682000000000000000e+03
8.487000000000000000e+03
7.170000000000000000e+02
9.400000000000000000e+02
5.054000000000000000e+03
9.407000000000000000e+03
7.075000000000000000e+03
4.606000000000000000e+03
7.985000000000000000e+03
4.740000000000000000e+03
7.313000000000000000e+03
5.925000000000000000e+03
8.060000000000000000e+03
2.106000000000000000e+03
4.995000000000000000e+03
8.279000000000000000e+03
7.736000000000000000e+03
8.213000000000000000e+03
1.977000000000000000e+03
2.291000000000000000e+03
1.490000000000000000e+02
9.817000000000000000e+03
9.336000000000000000e+03
6.269000000000000000e+03
9.476000000000000000e+03
5.272000000000000000e+03
5.710000000000000000e+02
7.704000000000000000e+03
5.181000000000000000e+03
4.098000000000000000e+03
5.264000000000000000e+03
