4.891000000000000000e+03
6.492000000000000000e+03
3.220000000000000000e+03
1.898000000000000000e+03
4.233000000000000000e+03
2.517000000000000000e+03
3.212000000000000000e+03
4.297000000000000000e+03
3.976000000000000000e+03
8.976000000000000000e+03
1.171000000000000000e+03
3.099000000000000000e+03
6.780000000000000000e+02
7.263000000000000000e+03
5.671000000000000000e+03
6.460000000000000000e+02
4.058000000000000000e+03
1.996000000000000000e+03
5.947000000000000000e+03
9.939000000000000000e+03
4.393000000000000000e+03
2.537000000000000000e+03
1.569000000000000000e+03
1.316000000000000000e+03
2.923000000000000000e+03
5.316000000000000000e+03
8.558000000000000000e+03
1.845000000000000000e+03
3.165000000000000000e+03
3.713000000000000000e+03
3.210000000000000000e+02
6.541000000000000000e+03
8.279000000000000000e+03
5.698000000000000000e+03
5.147000000000000000e+03
3.285000000000000000e+03
4.306000000000000000e+03
7.180000000000000000e+03
2.840000000000000000e+03
1.964000000000000000e+03
7.776000000000000000e+03
6.906000000000000000e+03
4.176000000000000000e+03
7.032000000000000000e+03
6.227000000000000000e+03
2.091000000000000000e+03
8.203000000000000000e+03
3.561000000000000000e+03
5.925000000000000000e+03
9.447000000000000000e+03
2.106000000000000000e+03
2.444000000000000000e+03
9.215000000000000000e+03
9.977000000000000000e+03
5.843000000000000000e+03
5.081000000000000000e+03
7.118000000000000000e+03
7.840000000000000000e+03
4.830000000000000000e+03
8.028000000000000000e+03
8.493000000000000000e+03
1.191000000000000000e+03
8.674000000000000000e+03
8.530000000000000000e+02
8.128000000000000000e+03
5.991000000000000000e+03
1.916000000000000000e+03
9.160000000000000000e+03
1.517000000000000000e+03
9.289000000000000000e+03
6.177000000000000000e+03
5.876000000000000000e+03
4.200000000000000000e+01
1.327000000000000000e+03
9.640000000000000000e+02
7.440000000000000000e+03
4.072000000000000000e+03
4.077000000000000000e+03
9.380000000000000000e+03
3.487000000000000000e+03
1.388000000000000000e+03
9.146000000000000000e+03
9.385000000000000000e+03
2.732000000000000000e+03
8.823000000000000000e+03
5.178000000000000000e+03
5.062000000000000000e+03
7.747000000000000000e+03
5.277000000000000000e+03
5.365000000000000000e+03
1.784000000000000000e+03
8.300000000000000000e+02
2.484000000000000000e+03
4.201000000000000000e+03
3.144000000000000000e+03
9.470000000000000000e+03
9.828000000000000000e+03
8.053000000000000000e+03
3.162000000000000000e+03
6.145000000000000000e+03
9.382000000000000000e+03
9.688000000000000000e+03
7.157000000000000000e+03
3.012000000000000000e+03
9.532000000000000000e+03
9.060000000000000000e+03
8.726000000000000000e+03
1.718000000000000000e+03
4.619000000000000000e+03
2.667000000000000000e+03
3.500000000000000000e+01
2.578000000000000000e+03
7.903000000000000000e+03
4.054000000000000000e+03
6.582000000000000000e+03
4.330000000000000000e+03
1.880000000000000000e+03
1.279000000000000000e+03
3.491000000000000000e+03
8.593000000000000000e+03
4.748000000000000000e+03
1.310000000000000000e+02
6.416000000000000000e+03
1.222000000000000000e+03
3.972000000000000000e+03
8.076000000000000000e+03
6.913000000000000000e+03
4.947000000000000000e+03
1.961000000000000000e+03
4.629000000000000000e+03
5.848000000000000000e+03
6.143000000000000000e+03
3.183000000000000000e+03
5.467000000000000000e+03
3.772000000000000000e+03
4.489000000000000000e+03
9.184000000000000000e+03
5.954000000000000000e+03
2.966000000000000000e+03
6.480000000000000000e+03
5.537000000000000000e+03
4.225000000000000000e+03
4.081000000000000000e+03
2.310000000000000000e+02
5.875000000000000000e+03
6.517000000000000000e+03
3.547000000000000000e+03
6.659000000000000000e+03
9.773000000000000000e+03
8.999000000000000000e+03
4.866000000000000000e+03
6.890000000000000000e+02
1.545000000000000000e+03
1.208000000000000000e+03
8.380000000000000000e+02
9.500000000000000000e+03
7.258000000000000000e+03
8.683000000000000000e+03
7.110000000000000000e+03
9.363000000000000000e+03
9.761000000000000000e+03
1.822000000000000000e+03
9.211000000000000000e+03
1.172000000000000000e+03
6.392000000000000000e+03
6.753000000000000000e+03
2.773000000000000000e+03
1.168000000000000000e+03
6.246000000000000000e+03
1.859000000000000000e+03
5.056000000000000000e+03
5.624000000000000000e+03
4.111000000000000000e+03
5.140000000000000000e+02
4.477000000000000000e+03
3.800000000000000000e+03
6.099000000000000000e+03
4.217000000000000000e+03
3.663000000000000000e+03
6.273000000000000000e+03
3.985000000000000000e+03
8.198000000000000000e+03
3.404000000000000000e+03
2.450000000000000000e+03
5.112000000000000000e+03
7.060000000000000000e+02
5.535000000000000000e+03
8.778000000000000000e+03
4.418000000000000000e+03
6.509000000000000000e+03
3.727000000000000000e+03
9.357000000000000000e+03
1.782000000000000000e+03
4.166000000000000000e+03
7.150000000000000000e+02
7.618000000000000000e+03
3.570000000000000000e+02
6.124000000000000000e+03
2.234000000000000000e+03
9.743000000000000000e+03
1.255000000000000000e+03
5.990000000000000000e+02
9.800000000000000000e+03
3.981000000000000000e+03
1.083000000000000000e+03
2.235000000000000000e+03
2.337000000000000000e+03
5.831000000000000000e+03
5.939000000000000000e+03
9.563000000000000000e+03
6.586000000000000000e+03
7.750000000000000000e+03
8.890000000000000000e+02
4.509000000000000000e+03
5.288000000000000000e+03
1.705000000000000000e+03
3.790000000000000000e+02
7.899000000000000000e+03
8.846000000000000000e+03
6.957000000000000000e+03
4.283000000000000000e+03
9.300000000000000000e+03
2.442000000000000000e+03
3.785000000000000000e+03
2.436000000000000000e+03
5.817000000000000000e+03
1.421000000000000000e+03
6.690000000000000000e+02
7.490000000000000000e+03
6.265000000000000000e+03
9.835000000000000000e+03
2.260000000000000000e+03
3.916000000000000000e+03
1.473000000000000000e+03
5.668000000000000000e+03
6.800000000000000000e+02
7.325000000000000000e+03
7.834000000000000000e+03
2.296000000000000000e+03
9.925000000000000000e+03
