9.323000000000000000e+03
6.787000000000000000e+03
9.059000000000000000e+03
1.088000000000000000e+03
8.690000000000000000e+02
9.299000000000000000e+03
2.965000000000000000e+03
7.166000000000000000e+03
9.519000000000000000e+03
4.445000000000000000e+03
3.033000000000000000e+03
5.905000000000000000e+03
3.490000000000000000e+02
5.247000000000000000e+03
8.744000000000000000e+03
9.958000000000000000e+03
3.730000000000000000e+03
4.400000000000000000e+02
1.834000000000000000e+03
4.278000000000000000e+03
9.971000000000000000e+03
8.699000000000000000e+03
4.740000000000000000e+02
7.864000000000000000e+03
4.371000000000000000e+03
1.806000000000000000e+03
9.980000000000000000e+03
2.752000000000000000e+03
4.647000000000000000e+03
2.667000000000000000e+03
7.640000000000000000e+02
4.274000000000000000e+03
8.152000000000000000e+03
8.715000000000000000e+03
2.492000000000000000e+03
2.697000000000000000e+03
7.908000000000000000e+03
6.030000000000000000e+03
5.081000000000000000e+03
8.427000000000000000e+03
3.661000000000000000e+03
6.728000000000000000e+03
6.852000000000000000e+03
1.363000000000000000e+03
7.372000000000000000e+03
3.125000000000000000e+03
7.486000000000000000e+03
7.088000000000000000e+03
3.806000000000000000e+03
5.995000000000000000e+03
6.562000000000000000e+03
8.156000000000000000e+03
2.980000000000000000e+03
9.390000000000000000e+02
3.803000000000000000e+03
7.316000000000000000e+03
4.142000000000000000e+03
5.524000000000000000e+03
5.650000000000000000e+02
5.277000000000000000e+03
3.134000000000000000e+03
7.510000000000000000e+03
8.760000000000000000e+03
8.255000000000000000e+03
3.072000000000000000e+03
3.487000000000000000e+03
7.054000000000000000e+03
5.084000000000000000e+03
8.170000000000000000e+03
6.310000000000000000e+03
2.106000000000000000e+03
8.697000000000000000e+03
4.495000000000000000e+03
2.258000000000000000e+03
2.264000000000000000e+03
8.114000000000000000e+03
8.097000000000000000e+03
6.460000000000000000e+03
2.103000000000000000e+03
5.469000000000000000e+03
3.514000000000000000e+03
3.165000000000000000e+03
1.988000000000000000e+03
1.993000000000000000e+03
1.996000000000000000e+03
1.580000000000000000e+02
6.965000000000000000e+03
6.984000000000000000e+03
2.046000000000000000e+03
1.970000000000000000e+03
8.458000000000000000e+03
1.948000000000000000e+03
3.404000000000000000e+03
4.981000000000000000e+03
3.201000000000000000e+03
3.510000000000000000e+02
8.389000000000000000e+03
5.012000000000000000e+03
9.640000000000000000e+02
1.780000000000000000e+02
4.452000000000000000e+03
2.889000000000000000e+03
7.118000000000000000e+03
6.670000000000000000e+03
7.736000000000000000e+03
2.624000000000000000e+03
3.263000000000000000e+03
4.713000000000000000e+03
4.393000000000000000e+03
6.763000000000000000e+03
7.363000000000000000e+03
2.698000000000000000e+03
5.647000000000000000e+03
3.970000000000000000e+02
7.579000000000000000e+03
3.312000000000000000e+03
8.510000000000000000e+02
5.441000000000000000e+03
7.440000000000000000e+03
2.832000000000000000e+03
6.710000000000000000e+02
3.282000000000000000e+03
7.493000000000000000e+03
2.790000000000000000e+02
2.537000000000000000e+03
2.923000000000000000e+03
3.325000000000000000e+03
2.378000000000000000e+03
5.450000000000000000e+03
3.008000000000000000e+03
5.312000000000000000e+03
3.387000000000000000e+03
6.555000000000000000e+03
5.179000000000000000e+03
6.577000000000000000e+03
6.587000000000000000e+03
2.462000000000000000e+03
7.128000000000000000e+03
5.540000000000000000e+02
6.770000000000000000e+03
6.606000000000000000e+03
3.210000000000000000e+02
5.194000000000000000e+03
6.612000000000000000e+03
5.439000000000000000e+03
2.510000000000000000e+02
2.530000000000000000e+02
7.282000000000000000e+03
7.106000000000000000e+03
8.028000000000000000e+03
5.621000000000000000e+03
4.995000000000000000e+03
9.689000000000000000e+03
9.714000000000000000e+03
4.200000000000000000e+01
6.057000000000000000e+03
6.084000000000000000e+03
5.553000000000000000e+03
1.080000000000000000e+02
9.095000000000000000e+03
3.819000000000000000e+03
9.084000000000000000e+03
4.623000000000000000e+03
9.812000000000000000e+03
4.945000000000000000e+03
9.843000000000000000e+03
5.852000000000000000e+03
1.559000000000000000e+03
9.012000000000000000e+03
1.030000000000000000e+03
9.646000000000000000e+03
6.268000000000000000e+03
5.947000000000000000e+03
5.925000000000000000e+03
3.798000000000000000e+03
9.345000000000000000e+03
1.316000000000000000e+03
7.800000000000000000e+01
5.963000000000000000e+03
9.455000000000000000e+03
9.488000000000000000e+03
5.901000000000000000e+03
4.845000000000000000e+03
9.589000000000000000e+03
9.269000000000000000e+03
9.261000000000000000e+03
3.805000000000000000e+03
5.605000000000000000e+03
9.418000000000000000e+03
5.617000000000000000e+03
9.941000000000000000e+03
4.506000000000000000e+03
5.733000000000000000e+03
4.077000000000000000e+03
6.000000000000000000e+00
9.730000000000000000e+02
1.703000000000000000e+03
8.873000000000000000e+03
4.156000000000000000e+03
4.527000000000000000e+03
8.745000000000000000e+03
8.789000000000000000e+03
1.430000000000000000e+02
6.795000000000000000e+03
4.658000000000000000e+03
3.096000000000000000e+03
5.500000000000000000e+03
1.051000000000000000e+03
6.527000000000000000e+03
9.651000000000000000e+03
4.654000000000000000e+03
6.746000000000000000e+03
4.080000000000000000e+03
1.738000000000000000e+03
1.410000000000000000e+02
9.873000000000000000e+03
7.050000000000000000e+03
9.078000000000000000e+03
8.342000000000000000e+03
3.268000000000000000e+03
4.946000000000000000e+03
5.371000000000000000e+03
1.708000000000000000e+03
5.500000000000000000e+02
1.655000000000000000e+03
3.485000000000000000e+03
2.238000000000000000e+03
4.825000000000000000e+03
4.464000000000000000e+03
5.032000000000000000e+03
5.485000000000000000e+03
1.856000000000000000e+03
7.420000000000000000e+03
8.909000000000000000e+03
1.495000000000000000e+03
9.946000000000000000e+03
7.016000000000000000e+03
1.102000000000000000e+03
2.890000000000000000e+03
1.091000000000000000e+03
7.714000000000000000e+03
9.871000000000000000e+03
9.440000000000000000e+03
9.949000000000000000e+03
7.450000000000000000e+03
9.725000000000000000e+03
3.855000000000000000e+03
4.676000000000000000e+03
4.030000000000000000e+03
7.621000000000000000e+03
4.358000000000000000e+03
5.700000000000000000e+01
1.141000000000000000e+03
9.537000000000000000e+03
4.940000000000000000e+02
8.520000000000000000e+02
1.262000000000000000e+03
1.288000000000000000e+03
5.350000000000000000e+03
1.282000000000000000e+03
9.532000000000000000e+03
3.172000000000000000e+03
1.880000000000000000e+03
9.365000000000000000e+03
8.308000000000000000e+03
6.107000000000000000e+03
7.340000000000000000e+02
2.447000000000000000e+03
3.347000000000000000e+03
4.257000000000000000e+03
6.190000000000000000e+03
9.258000000000000000e+03
3.372000000000000000e+03
4.867000000000000000e+03
1.593000000000000000e+03
2.433000000000000000e+03
9.191000000000000000e+03
2.415000000000000000e+03
6.556000000000000000e+03
8.254000000000000000e+03
5.422000000000000000e+03
2.012000000000000000e+03
6.000000000000000000e+02
1.755000000000000000e+03
1.640000000000000000e+02
3.705000000000000000e+03
1.387000000000000000e+03
3.609000000000000000e+03
2.467000000000000000e+03
3.579000000000000000e+03
2.382000000000000000e+03
2.040000000000000000e+03
2.042000000000000000e+03
4.455000000000000000e+03
4.396000000000000000e+03
2.153000000000000000e+03
6.431000000000000000e+03
3.390000000000000000e+02
7.187000000000000000e+03
5.982000000000000000e+03
1.750000000000000000e+02
3.190000000000000000e+03
1.219000000000000000e+03
5.431000000000000000e+03
8.413000000000000000e+03
4.379000000000000000e+03
8.931000000000000000e+03
3.549000000000000000e+03
2.815000000000000000e+03
1.137000000000000000e+03
1.530000000000000000e+03
9.732000000000000000e+03
3.264000000000000000e+03
7.330000000000000000e+02
8.946000000000000000e+03
5.191000000000000000e+03
4.298000000000000000e+03
4.870000000000000000e+02
7.625000000000000000e+03
8.280000000000000000e+02
2.039000000000000000e+03
8.300000000000000000e+01
2.018000000000000000e+03
5.914000000000000000e+03
9.500000000000000000e+03
6.630000000000000000e+03
5.226000000000000000e+03
6.645000000000000000e+03
2.607000000000000000e+03
6.838000000000000000e+03
6.913000000000000000e+03
1.908000000000000000e+03
9.996000000000000000e+03
3.150000000000000000e+03
7.920000000000000000e+03
4.210000000000000000e+03
7.586000000000000000e+03
7.785000000000000000e+03
9.064000000000000000e+03
4.595000000000000000e+03
7.293000000000000000e+03
9.570000000000000000e+03
4.366000000000000000e+03
9.722000000000000000e+03
5.532000000000000000e+03
5.366000000000000000e+03
3.837000000000000000e+03
6.771000000000000000e+03
2.136000000000000000e+03
1.697000000000000000e+03
3.258000000000000000e+03
3.080000000000000000e+02
5.848000000000000000e+03
8.293000000000000000e+03
3.249000000000000000e+03
6.478000000000000000e+03
9.807000000000000000e+03
3.751000000000000000e+03
7.480000000000000000e+02
3.779000000000000000e+03
3.321000000000000000e+03
6.229000000000000000e+03
3.197000000000000000e+03
4.245000000000000000e+03
7.940000000000000000e+02
4.244000000000000000e+03
3.311000000000000000e+03
6.137000000000000000e+03
7.690000000000000000e+02
2.576000000000000000e+03
9.339000000000000000e+03
8.441000000000000000e+03
7.506000000000000000e+03
2.806000000000000000e+03
4.618000000000000000e+03
1.605000000000000000e+03
5.013000000000000000e+03
8.343000000000000000e+03
5.305000000000000000e+03
2.686000000000000000e+03
4.846000000000000000e+03
2.511000000000000000e+03
1.038000000000000000e+03
4.903000000000000000e+03
2.489000000000000000e+03
9.652000000000000000e+03
8.855000000000000000e+03
8.242000000000000000e+03
9.126000000000000000e+03
9.536000000000000000e+03
9.125000000000000000e+03
9.976000000000000000e+03
9.964000000000000000e+03
1.348000000000000000e+03
4.303000000000000000e+03
9.500000000000000000e+02
2.966000000000000000e+03
1.401000000000000000e+03
7.169000000000000000e+03
7.273000000000000000e+03
1.942000000000000000e+03
4.935000000000000000e+03
1.294000000000000000e+03
8.157000000000000000e+03
3.073000000000000000e+03
2.444000000000000000e+03
6.656000000000000000e+03
3.945000000000000000e+03
4.115000000000000000e+03
7.991000000000000000e+03
4.500000000000000000e+03
9.275000000000000000e+03
9.280000000000000000e+03
6.937000000000000000e+03
1.664000000000000000e+03
9.890000000000000000e+02
5.537000000000000000e+03
1.694000000000000000e+03
3.735000000000000000e+03
9.008000000000000000e+03
8.991000000000000000e+03
1.604000000000000000e+03
9.142000000000000000e+03
5.601000000000000000e+03
1.382000000000000000e+03
5.652000000000000000e+03
5.688000000000000000e+03
1.093000000000000000e+03
1.116000000000000000e+03
5.722000000000000000e+03
9.932000000000000000e+03
4.171000000000000000e+03
5.080000000000000000e+02
5.785000000000000000e+03
9.912000000000000000e+03
9.900000000000000000e+03
3.955000000000000000e+03
4.192000000000000000e+03
4.990000000000000000e+02
3.859000000000000000e+03
4.799000000000000000e+03
9.848000000000000000e+03
4.811000000000000000e+03
4.812000000000000000e+03
9.802000000000000000e+03
9.747000000000000000e+03
5.583000000000000000e+03
4.820000000000000000e+02
9.424000000000000000e+03
1.022000000000000000e+03
7.900000000000000000e+01
8.928000000000000000e+03
8.691000000000000000e+03
6.225000000000000000e+03
4.426000000000000000e+03
8.856000000000000000e+03
7.960000000000000000e+03
2.456000000000000000e+03
7.813000000000000000e+03
7.803000000000000000e+03
7.920000000000000000e+02
5.265000000000000000e+03
6.686000000000000000e+03
2.729000000000000000e+03
8.570000000000000000e+02
6.549000000000000000e+03
6.716000000000000000e+03
4.359000000000000000e+03
7.402000000000000000e+03
5.337000000000000000e+03
7.347000000000000000e+03
7.289000000000000000e+03
7.262000000000000000e+03
6.773000000000000000e+03
7.123000000000000000e+03
7.023000000000000000e+03
6.970000000000000000e+03
3.117000000000000000e+03
6.734000000000000000e+03
6.546000000000000000e+03
2.443000000000000000e+03
8.015000000000000000e+03
1.720000000000000000e+03
6.235000000000000000e+03
1.891000000000000000e+03
4.968000000000000000e+03
6.925000000000000000e+03
8.638000000000000000e+03
3.621000000000000000e+03
4.504000000000000000e+03
8.592000000000000000e+03
7.990000000000000000e+03
3.548000000000000000e+03
1.810000000000000000e+02
2.207000000000000000e+03
8.528000000000000000e+03
4.701000000000000000e+03
5.140000000000000000e+03
6.476000000000000000e+03
8.037000000000000000e+03
2.332000000000000000e+03
2.210000000000000000e+03
3.454000000000000000e+03
6.073000000000000000e+03
7.229000000000000000e+03
5.800000000000000000e+03
6.748000000000000000e+03
7.063000000000000000e+03
5.165000000000000000e+03
5.578000000000000000e+03
4.437000000000000000e+03
5.239000000000000000e+03
6.150000000000000000e+02
4.919000000000000000e+03
5.192000000000000000e+03
5.325000000000000000e+03
4.780000000000000000e+03
4.413000000000000000e+03
4.219000000000000000e+03
4.223000000000000000e+03
5.147000000000000000e+03
7.292000000000000000e+03
5.060000000000000000e+02
8.980000000000000000e+03
1.714000000000000000e+03
1.959000000000000000e+03
7.291000000000000000e+03
8.436000000000000000e+03
8.410000000000000000e+03
3.030000000000000000e+02
2.048000000000000000e+03
2.058000000000000000e+03
7.463000000000000000e+03
2.076000000000000000e+03
2.165000000000000000e+03
7.522000000000000000e+03
2.821000000000000000e+03
2.173000000000000000e+03
7.562000000000000000e+03
8.590000000000000000e+02
2.100000000000000000e+02
2.674000000000000000e+03
2.644000000000000000e+03
8.138000000000000000e+03
2.324000000000000000e+03
7.989000000000000000e+03
2.434000000000000000e+03
7.849000000000000000e+03
1.693000000000000000e+03
7.854000000000000000e+03
7.148000000000000000e+03
3.037000000000000000e+03
3.938000000000000000e+03
3.863000000000000000e+03
4.890000000000000000e+02
5.920000000000000000e+03
3.771000000000000000e+03
9.868000000000000000e+03
1.133000000000000000e+03
3.743000000000000000e+03
3.736000000000000000e+03
6.163000000000000000e+03
7.095000000000000000e+03
3.630000000000000000e+03
3.733000000000000000e+03
6.344000000000000000e+03
3.502000000000000000e+03
6.508000000000000000e+03
9.533000000000000000e+03
1.291000000000000000e+03
6.737000000000000000e+03
1.020000000000000000e+03
1.395000000000000000e+03
9.127000000000000000e+03
6.939000000000000000e+03
9.612000000000000000e+03
7.984000000000000000e+03
7.680000000000000000e+02
9.893000000000000000e+03
7.771000000000000000e+03
3.804000000000000000e+03
7.827000000000000000e+03
2.471000000000000000e+03
9.120000000000000000e+03
6.868000000000000000e+03
4.880000000000000000e+03
9.214000000000000000e+03
6.776000000000000000e+03
3.830000000000000000e+02
6.633000000000000000e+03
3.353000000000000000e+03
9.566000000000000000e+03
6.275000000000000000e+03
1.280000000000000000e+03
9.816000000000000000e+03
9.845000000000000000e+03
4.805000000000000000e+03
1.130000000000000000e+03
4.789000000000000000e+03
4.670000000000000000e+02
5.980000000000000000e+03
9.918000000000000000e+03
7.983000000000000000e+03
7.234000000000000000e+03
5.574000000000000000e+03
5.315000000000000000e+03
8.148000000000000000e+03
1.898000000000000000e+03
7.272000000000000000e+03
8.078000000000000000e+03
2.008000000000000000e+03
2.906000000000000000e+03
2.899000000000000000e+03
7.434000000000000000e+03
2.601000000000000000e+03
2.847000000000000000e+03
2.838000000000000000e+03
8.976000000000000000e+03
8.189000000000000000e+03
8.029000000000000000e+03
2.951000000000000000e+03
4.042000000000000000e+03
4.667000000000000000e+03
2.502000000000000000e+03
4.378000000000000000e+03
3.754000000000000000e+03
2.723000000000000000e+03
1.532000000000000000e+03
2.941000000000000000e+03
2.271000000000000000e+03
1.687000000000000000e+03
0.000000000000000000e+00
6.336000000000000000e+03
4.978000000000000000e+03
6.020000000000000000e+02
8.217000000000000000e+03
5.156000000000000000e+03
9.957000000000000000e+03
7.829000000000000000e+03
8.253000000000000000e+03
5.230000000000000000e+03
8.145000000000000000e+03
5.249000000000000000e+03
4.848000000000000000e+03
8.726000000000000000e+03
8.674000000000000000e+03
7.623000000000000000e+03
7.573000000000000000e+03
9.618000000000000000e+03
7.964000000000000000e+03
2.354000000000000000e+03
3.060000000000000000e+03
7.628000000000000000e+03
2.095000000000000000e+03
5.745000000000000000e+03
1.411000000000000000e+03
7.956000000000000000e+03
1.243000000000000000e+03
5.448000000000000000e+03
2.713000000000000000e+03
5.362000000000000000e+03
8.760000000000000000e+02
5.102000000000000000e+03
6.668000000000000000e+03
4.620000000000000000e+02
5.162000000000000000e+03
8.666000000000000000e+03
5.832000000000000000e+03
3.149000000000000000e+03
6.543000000000000000e+03
8.381000000000000000e+03
4.830000000000000000e+03
8.348000000000000000e+03
1.460000000000000000e+02
1.527000000000000000e+03
8.384000000000000000e+03
5.541000000000000000e+03
5.210000000000000000e+02
9.671000000000000000e+03
3.905000000000000000e+03
2.130000000000000000e+03
6.223000000000000000e+03
4.962000000000000000e+03
9.370000000000000000e+03
3.242000000000000000e+03
9.606000000000000000e+03
1.845000000000000000e+03
8.624000000000000000e+03
9.295000000000000000e+03
8.010000000000000000e+02
1.480000000000000000e+03
1.327000000000000000e+03
9.854000000000000000e+03
2.632000000000000000e+03
4.650000000000000000e+03
9.789000000000000000e+03
6.568000000000000000e+03
4.580000000000000000e+02
3.746000000000000000e+03
1.731000000000000000e+03
9.226000000000000000e+03
5.833000000000000000e+03
3.376000000000000000e+03
9.037000000000000000e+03
6.418000000000000000e+03
7.360000000000000000e+02
7.746000000000000000e+03
8.225000000000000000e+03
1.134000000000000000e+03
2.440000000000000000e+03
1.045000000000000000e+03
2.379000000000000000e+03
8.262000000000000000e+03
5.290000000000000000e+03
7.817000000000000000e+03
5.336000000000000000e+03
7.596000000000000000e+03
8.280000000000000000e+03
2.850000000000000000e+02
7.541000000000000000e+03
7.176000000000000000e+03
9.460000000000000000e+02
1.254000000000000000e+03
1.965000000000000000e+03
2.474000000000000000e+03
4.467000000000000000e+03
4.107000000000000000e+03
1.534000000000000000e+03
7.632000000000000000e+03
6.759000000000000000e+03
3.446000000000000000e+03
1.201000000000000000e+03
1.580000000000000000e+03
4.253000000000000000e+03
3.608000000000000000e+03
9.988000000000000000e+03
4.866000000000000000e+03
1.085000000000000000e+03
2.880000000000000000e+02
1.917000000000000000e+03
9.210000000000000000e+03
3.847000000000000000e+03
4.365000000000000000e+03
3.854000000000000000e+03
6.197000000000000000e+03
5.266000000000000000e+03
3.441000000000000000e+03
6.891000000000000000e+03
5.969000000000000000e+03
6.502000000000000000e+03
6.520000000000000000e+02
7.953000000000000000e+03
2.022000000000000000e+03
7.642000000000000000e+03
9.000000000000000000e+00
4.552000000000000000e+03
3.137000000000000000e+03
1.340000000000000000e+02
4.514000000000000000e+03
3.990000000000000000e+02
8.844000000000000000e+03
3.128000000000000000e+03
7.804000000000000000e+03
5.332000000000000000e+03
8.655000000000000000e+03
3.260000000000000000e+03
3.742000000000000000e+03
2.900000000000000000e+02
8.039000000000000000e+03
8.035000000000000000e+03
6.811000000000000000e+03
5.875000000000000000e+03
9.335000000000000000e+03
2.045000000000000000e+03
7.679000000000000000e+03
4.431000000000000000e+03
3.760000000000000000e+03
8.762000000000000000e+03
2.278000000000000000e+03
5.818000000000000000e+03
8.487000000000000000e+03
7.411000000000000000e+03
4.606000000000000000e+03
2.220000000000000000e+02
3.926000000000000000e+03
8.953000000000000000e+03
2.800000000000000000e+02
1.792000000000000000e+03
2.359000000000000000e+03
5.877000000000000000e+03
2.498000000000000000e+03
1.648000000000000000e+03
7.706000000000000000e+03
5.967000000000000000e+03
7.986000000000000000e+03
4.631000000000000000e+03
5.570000000000000000e+03
6.990000000000000000e+03
8.618000000000000000e+03
5.473000000000000000e+03
8.548000000000000000e+03
1.034000000000000000e+03
4.246000000000000000e+03
4.342000000000000000e+03
8.490000000000000000e+03
4.248000000000000000e+03
2.098000000000000000e+03
2.730000000000000000e+02
5.671000000000000000e+03
8.213000000000000000e+03
5.715000000000000000e+03
5.907000000000000000e+03
6.769000000000000000e+03
9.302000000000000000e+03
3.617000000000000000e+03
6.372000000000000000e+03
3.532000000000000000e+03
2.459000000000000000e+03
3.356000000000000000e+03
6.460000000000000000e+02
7.198000000000000000e+03
5.444000000000000000e+03
6.672000000000000000e+03
3.516000000000000000e+03
3.220000000000000000e+03
2.817000000000000000e+03
8.793000000000000000e+03
4.549000000000000000e+03
1.172000000000000000e+03
8.104000000000000000e+03
1.131000000000000000e+03
9.830000000000000000e+03
2.099000000000000000e+03
9.757000000000000000e+03
1.217000000000000000e+03
2.167000000000000000e+03
1.206000000000000000e+03
9.959000000000000000e+03
2.308000000000000000e+03
9.943000000000000000e+03
8.108000000000000000e+03
9.792000000000000000e+03
2.205000000000000000e+03
2.208000000000000000e+03
1.094000000000000000e+03
8.270000000000000000e+03
1.142000000000000000e+03
8.181000000000000000e+03
8.115000000000000000e+03
8.154000000000000000e+03
2.234000000000000000e+03
2.219000000000000000e+03
2.111000000000000000e+03
9.294000000000000000e+03
2.088000000000000000e+03
9.373000000000000000e+03
1.761000000000000000e+03
8.848000000000000000e+03
1.380000000000000000e+03
8.888000000000000000e+03
1.711000000000000000e+03
8.938000000000000000e+03
9.013000000000000000e+03
9.363000000000000000e+03
9.048000000000000000e+03
9.053000000000000000e+03
9.389000000000000000e+03
9.088000000000000000e+03
9.123000000000000000e+03
1.638000000000000000e+03
1.612000000000000000e+03
1.606000000000000000e+03
9.164000000000000000e+03
9.185000000000000000e+03
1.599000000000000000e+03
9.201000000000000000e+03
1.577000000000000000e+03
9.209000000000000000e+03
1.457000000000000000e+03
9.109000000000000000e+03
8.824000000000000000e+03
1.322000000000000000e+03
8.764000000000000000e+03
8.330000000000000000e+03
1.222000000000000000e+03
1.236000000000000000e+03
8.494000000000000000e+03
8.519000000000000000e+03
2.031000000000000000e+03
8.541000000000000000e+03
8.585000000000000000e+03
8.593000000000000000e+03
8.620000000000000000e+03
1.501000000000000000e+03
1.979000000000000000e+03
8.650000000000000000e+03
9.729000000000000000e+03
9.626000000000000000e+03
8.654000000000000000e+03
8.661000000000000000e+03
1.914000000000000000e+03
1.290000000000000000e+03
8.713000000000000000e+03
9.523000000000000000e+03
9.510000000000000000e+03
9.450000000000000000e+03
1.864000000000000000e+03
9.422000000000000000e+03
9.742000000000000000e+03
8.079000000000000000e+03
4.762000000000000000e+03
2.374000000000000000e+03
3.768000000000000000e+03
6.001000000000000000e+03
5.999000000000000000e+03
5.959000000000000000e+03
3.799000000000000000e+03
5.941000000000000000e+03
3.761000000000000000e+03
5.887000000000000000e+03
3.826000000000000000e+03
5.862000000000000000e+03
5.849000000000000000e+03
3.857000000000000000e+03
3.872000000000000000e+03
3.878000000000000000e+03
3.811000000000000000e+03
6.100000000000000000e+03
3.753000000000000000e+03
6.160000000000000000e+03
6.415000000000000000e+03
6.409000000000000000e+03
6.405000000000000000e+03
6.371000000000000000e+03
6.330000000000000000e+03
6.317000000000000000e+03
6.311000000000000000e+03
6.269000000000000000e+03
3.644000000000000000e+03
3.645000000000000000e+03
6.252000000000000000e+03
3.695000000000000000e+03
6.230000000000000000e+03
6.207000000000000000e+03
6.166000000000000000e+03
3.885000000000000000e+03
3.491000000000000000e+03
5.828000000000000000e+03
3.969000000000000000e+03
5.210000000000000000e+03
4.422000000000000000e+03
5.182000000000000000e+03
5.174000000000000000e+03
5.154000000000000000e+03
4.460000000000000000e+03
5.280000000000000000e+03
5.108000000000000000e+03
4.510000000000000000e+03
4.542000000000000000e+03
4.574000000000000000e+03
4.907000000000000000e+03
4.829000000000000000e+03
4.764000000000000000e+03
5.039000000000000000e+03
5.298000000000000000e+03
4.321000000000000000e+03
5.377000000000000000e+03
3.998000000000000000e+03
5.794000000000000000e+03
5.718000000000000000e+03
4.094000000000000000e+03
5.689000000000000000e+03
5.667000000000000000e+03
4.190000000000000000e+03
5.604000000000000000e+03
5.575000000000000000e+03
4.215000000000000000e+03
5.459000000000000000e+03
4.247000000000000000e+03
4.261000000000000000e+03
5.394000000000000000e+03
5.393000000000000000e+03
5.820000000000000000e+03
6.426000000000000000e+03
6.466000000000000000e+03
3.479000000000000000e+03
2.731000000000000000e+03
2.802000000000000000e+03
7.547000000000000000e+03
7.534000000000000000e+03
7.517000000000000000e+03
7.484000000000000000e+03
7.622000000000000000e+03
2.856000000000000000e+03
7.443000000000000000e+03
7.416000000000000000e+03
7.387000000000000000e+03
7.285000000000000000e+03
7.238000000000000000e+03
2.943000000000000000e+03
4.721000000000000000e+03
2.719000000000000000e+03
2.711000000000000000e+03
2.700000000000000000e+03
8.072000000000000000e+03
2.430000000000000000e+03
7.957000000000000000e+03
7.948000000000000000e+03
7.885000000000000000e+03
7.847000000000000000e+03
7.828000000000000000e+03
2.521000000000000000e+03
7.799000000000000000e+03
7.784000000000000000e+03
2.579000000000000000e+03
7.734000000000000000e+03
2.612000000000000000e+03
7.713000000000000000e+03
7.645000000000000000e+03
7.205000000000000000e+03
7.157000000000000000e+03
7.125000000000000000e+03
7.114000000000000000e+03
6.709000000000000000e+03
3.284000000000000000e+03
3.289000000000000000e+03
6.688000000000000000e+03
6.687000000000000000e+03
6.681000000000000000e+03
6.580000000000000000e+03
6.526000000000000000e+03
3.397000000000000000e+03
3.435000000000000000e+03
3.440000000000000000e+03
3.449000000000000000e+03
3.452000000000000000e+03
6.493000000000000000e+03
3.459000000000000000e+03
6.752000000000000000e+03
2.349000000000000000e+03
6.774000000000000000e+03
3.216000000000000000e+03
7.077000000000000000e+03
3.049000000000000000e+03
7.045000000000000000e+03
7.025000000000000000e+03
6.995000000000000000e+03
6.953000000000000000e+03
6.898000000000000000e+03
3.130000000000000000e+03
3.139000000000000000e+03
6.889000000000000000e+03
6.834000000000000000e+03
3.168000000000000000e+03
6.833000000000000000e+03
6.819000000000000000e+03
6.806000000000000000e+03
6.784000000000000000e+03
2.862000000000000000e+03
9.999000000000000000e+03
4.510000000000000000e+02
9.680000000000000000e+02
4.700000000000000000e+01
6.790000000000000000e+02
4.350000000000000000e+02
3.900000000000000000e+01
4.000000000000000000e+01
3.280000000000000000e+02
9.860000000000000000e+02
2.550000000000000000e+02
8.740000000000000000e+02
7.270000000000000000e+02
2.930000000000000000e+02
8.820000000000000000e+02
5.580000000000000000e+02
8.860000000000000000e+02
9.880000000000000000e+02
5.620000000000000000e+02
9.870000000000000000e+02
1.990000000000000000e+02
3.460000000000000000e+02
9.360000000000000000e+02
1.000000000000000000e+00
5.000000000000000000e+01
8.310000000000000000e+02
9.330000000000000000e+02
2.560000000000000000e+02
1.000000000000000000e+03
7.730000000000000000e+02
2.080000000000000000e+02
3.670000000000000000e+02
2.040000000000000000e+02
5.850000000000000000e+02
3.410000000000000000e+02
3.020000000000000000e+02
7.700000000000000000e+01
8.347000000000000000e+03
1.100000000000000000e+01
2.688000000000000000e+03
9.435000000000000000e+03
5.067000000000000000e+03
4.641000000000000000e+03
8.663000000000000000e+03
7.380000000000000000e+02
7.873000000000000000e+03
4.113000000000000000e+03
6.590000000000000000e+03
2.189000000000000000e+03
9.979000000000000000e+03
2.850000000000000000e+03
1.136000000000000000e+03
7.500000000000000000e+03
6.655000000000000000e+03
3.214000000000000000e+03
1.469000000000000000e+03
5.440000000000000000e+03
2.255000000000000000e+03
4.260000000000000000e+03
3.999000000000000000e+03
6.708000000000000000e+03
8.325000000000000000e+03
8.890000000000000000e+03
3.624000000000000000e+03
8.474000000000000000e+03
4.049000000000000000e+03
1.553000000000000000e+03
2.501000000000000000e+03
8.070000000000000000e+02
6.599000000000000000e+03
6.740000000000000000e+03
2.595000000000000000e+03
8.180000000000000000e+03
8.340000000000000000e+02
8.425000000000000000e+03
1.667000000000000000e+03
7.710000000000000000e+02
1.265000000000000000e+03
8.098000000000000000e+03
8.102000000000000000e+03
3.893000000000000000e+03
2.000000000000000000e+02
1.721000000000000000e+03
7.140000000000000000e+02
2.096000000000000000e+03
5.111000000000000000e+03
8.043000000000000000e+03
4.487000000000000000e+03
1.823000000000000000e+03
8.391000000000000000e+03
8.683000000000000000e+03
7.329000000000000000e+03
8.646000000000000000e+03
7.124000000000000000e+03
7.675000000000000000e+03
4.626000000000000000e+03
3.010000000000000000e+02
2.746000000000000000e+03
9.727000000000000000e+03
6.583000000000000000e+03
9.340000000000000000e+03
4.344000000000000000e+03
7.974000000000000000e+03
2.097000000000000000e+03
8.860000000000000000e+03
8.950000000000000000e+03
8.999000000000000000e+03
4.588000000000000000e+03
8.702000000000000000e+03
8.385000000000000000e+03
9.867000000000000000e+03
1.994000000000000000e+03
1.810000000000000000e+03
9.347000000000000000e+03
2.385000000000000000e+03
9.183000000000000000e+03
4.893000000000000000e+03
5.844000000000000000e+03
5.460000000000000000e+02
7.456000000000000000e+03
5.770000000000000000e+02
2.620000000000000000e+02
2.369000000000000000e+03
3.305000000000000000e+03
8.303000000000000000e+03
8.407000000000000000e+03
5.285000000000000000e+03
2.133000000000000000e+03
5.500000000000000000e+01
3.293000000000000000e+03
9.085000000000000000e+03
2.437000000000000000e+03
3.974000000000000000e+03
4.489000000000000000e+03
8.090000000000000000e+02
3.800000000000000000e+03
3.980000000000000000e+03
2.590000000000000000e+03
6.134000000000000000e+03
3.752000000000000000e+03
6.099000000000000000e+03
3.210000000000000000e+03
8.945000000000000000e+03
8.058000000000000000e+03
8.877000000000000000e+03
5.809000000000000000e+03
4.372000000000000000e+03
3.839000000000000000e+03
3.493000000000000000e+03
3.887000000000000000e+03
7.527000000000000000e+03
5.726000000000000000e+03
7.254000000000000000e+03
4.293000000000000000e+03
1.782000000000000000e+03
3.542000000000000000e+03
8.414000000000000000e+03
7.030000000000000000e+02
1.124000000000000000e+03
3.640000000000000000e+03
6.931000000000000000e+03
6.267000000000000000e+03
4.971000000000000000e+03
1.305000000000000000e+03
8.349000000000000000e+03
4.784000000000000000e+03
7.982000000000000000e+03
3.924000000000000000e+03
7.868000000000000000e+03
7.671000000000000000e+03
5.531000000000000000e+03
4.675000000000000000e+03
6.286000000000000000e+03
7.850000000000000000e+02
9.317000000000000000e+03
2.000000000000000000e+00
3.769000000000000000e+03
5.347000000000000000e+03
3.230000000000000000e+03
5.656000000000000000e+03
4.332000000000000000e+03
5.463000000000000000e+03
7.667000000000000000e+03
8.132000000000000000e+03
3.366000000000000000e+03
7.490000000000000000e+02
7.257000000000000000e+03
6.118000000000000000e+03
4.054000000000000000e+03
4.098000000000000000e+03
3.729000000000000000e+03
9.371000000000000000e+03
8.460000000000000000e+03
9.369000000000000000e+03
1.000000000000000000e+01
4.861000000000000000e+03
5.630000000000000000e+03
3.871000000000000000e+03
6.060000000000000000e+03
3.884000000000000000e+03
3.043000000000000000e+03
3.046000000000000000e+03
9.929000000000000000e+03
6.650000000000000000e+02
9.610000000000000000e+02
3.132000000000000000e+03
2.718000000000000000e+03
8.688000000000000000e+03
1.010000000000000000e+02
1.987000000000000000e+03
2.655000000000000000e+03
1.000000000000000000e+02
7.498000000000000000e+03
5.140000000000000000e+02
2.637000000000000000e+03
4.719000000000000000e+03
6.440000000000000000e+02
8.985000000000000000e+03
2.869000000000000000e+03
4.955000000000000000e+03
3.331000000000000000e+03
5.183000000000000000e+03
1.084000000000000000e+03
4.754000000000000000e+03
9.104000000000000000e+03
8.048000000000000000e+03
7.922000000000000000e+03
2.073000000000000000e+03
3.276000000000000000e+03
7.409000000000000000e+03
9.148000000000000000e+03
5.687000000000000000e+03
9.891000000000000000e+03
9.567000000000000000e+03
7.194000000000000000e+03
3.205000000000000000e+03
1.938000000000000000e+03
3.342000000000000000e+03
9.030000000000000000e+03
3.773000000000000000e+03
2.375000000000000000e+03
6.673000000000000000e+03
7.842000000000000000e+03
9.735000000000000000e+03
1.657000000000000000e+03
9.383000000000000000e+03
8.418000000000000000e+03
3.014000000000000000e+03
4.735000000000000000e+03
7.731000000000000000e+03
7.252000000000000000e+03
7.696000000000000000e+03
4.821000000000000000e+03
8.900000000000000000e+01
6.846000000000000000e+03
2.769000000000000000e+03
3.400000000000000000e+02
1.478000000000000000e+03
5.599000000000000000e+03
5.582000000000000000e+03
5.085000000000000000e+03
9.685000000000000000e+03
3.550000000000000000e+03
8.869000000000000000e+03
2.611000000000000000e+03
3.270000000000000000e+02
2.662000000000000000e+03
7.091000000000000000e+03
2.558000000000000000e+03
5.724000000000000000e+03
7.201000000000000000e+03
7.200000000000000000e+03
9.460000000000000000e+03
9.457000000000000000e+03
4.109000000000000000e+03
5.231000000000000000e+03
4.530000000000000000e+03
7.600000000000000000e+03
6.987000000000000000e+03
8.264000000000000000e+03
3.560000000000000000e+02
4.089000000000000000e+03
7.646000000000000000e+03
2.525000000000000000e+03
6.299000000000000000e+03
7.361000000000000000e+03
4.943000000000000000e+03
3.092000000000000000e+03
1.383000000000000000e+03
7.418000000000000000e+03
3.503000000000000000e+03
9.774000000000000000e+03
3.868000000000000000e+03
8.424000000000000000e+03
8.581000000000000000e+03
4.744000000000000000e+03
3.968000000000000000e+03
7.445000000000000000e+03
2.469000000000000000e+03
4.137000000000000000e+03
7.553000000000000000e+03
5.944000000000000000e+03
9.505000000000000000e+03
8.204000000000000000e+03
3.259000000000000000e+03
4.076000000000000000e+03
9.487000000000000000e+03
4.082000000000000000e+03
8.610000000000000000e+03
5.294000000000000000e+03
7.480000000000000000e+03
2.600000000000000000e+03
6.786000000000000000e+03
7.080000000000000000e+03
4.665000000000000000e+03
1.995000000000000000e+03
8.354000000000000000e+03
4.131000000000000000e+03
3.539000000000000000e+03
9.673000000000000000e+03
4.500000000000000000e+01
1.588000000000000000e+03
8.609000000000000000e+03
6.083000000000000000e+03
7.822000000000000000e+03
7.538000000000000000e+03
1.060000000000000000e+02
5.676000000000000000e+03
9.866000000000000000e+03
8.314000000000000000e+03
7.026000000000000000e+03
4.590000000000000000e+03
8.477000000000000000e+03
2.151000000000000000e+03
6.729000000000000000e+03
5.854000000000000000e+03
5.047000000000000000e+03
6.561000000000000000e+03
6.608000000000000000e+03
5.899000000000000000e+03
3.124000000000000000e+03
3.793000000000000000e+03
3.152000000000000000e+03
1.035000000000000000e+03
3.574000000000000000e+03
4.561000000000000000e+03
1.381000000000000000e+03
5.636000000000000000e+03
7.626000000000000000e+03
2.669000000000000000e+03
6.750000000000000000e+03
1.036000000000000000e+03
2.112000000000000000e+03
2.741000000000000000e+03
2.141000000000000000e+03
9.853000000000000000e+03
6.130000000000000000e+02
7.712000000000000000e+03
4.352000000000000000e+03
8.140000000000000000e+03
7.133000000000000000e+03
5.127000000000000000e+03
7.640000000000000000e+03
8.509000000000000000e+03
2.547000000000000000e+03
9.502000000000000000e+03
1.489000000000000000e+03
1.895000000000000000e+03
2.297000000000000000e+03
2.157000000000000000e+03
7.778000000000000000e+03
1.887000000000000000e+03
5.050000000000000000e+03
8.335000000000000000e+03
6.358000000000000000e+03
6.441000000000000000e+03
1.989000000000000000e+03
2.556000000000000000e+03
5.006000000000000000e+03
7.554000000000000000e+03
5.713000000000000000e+03
3.450000000000000000e+03
8.099000000000000000e+03
7.323000000000000000e+03
6.297000000000000000e+03
8.001000000000000000e+03
2.107000000000000000e+03
3.013000000000000000e+03
9.450000000000000000e+02
1.803000000000000000e+03
9.428000000000000000e+03
3.422000000000000000e+03
9.498000000000000000e+03
7.374000000000000000e+03
6.183000000000000000e+03
6.027000000000000000e+03
5.461000000000000000e+03
8.776000000000000000e+03
1.271000000000000000e+03
1.473000000000000000e+03
1.470000000000000000e+03
2.169000000000000000e+03
6.879000000000000000e+03
9.287000000000000000e+03
1.427000000000000000e+03
5.954000000000000000e+03
9.583000000000000000e+03
3.870000000000000000e+02
8.797000000000000000e+03
2.175000000000000000e+03
8.002000000000000000e+03
5.385000000000000000e+03
1.893000000000000000e+03
9.062000000000000000e+03
4.874000000000000000e+03
8.139000000000000000e+03
7.665000000000000000e+03
4.468000000000000000e+03
7.104000000000000000e+03
1.041000000000000000e+03
7.680000000000000000e+03
6.369000000000000000e+03
6.060000000000000000e+02
5.048000000000000000e+03
6.289000000000000000e+03
4.777000000000000000e+03
1.104000000000000000e+03
8.682000000000000000e+03
2.372000000000000000e+03
7.954000000000000000e+03
6.576000000000000000e+03
7.881000000000000000e+03
6.115000000000000000e+03
4.956000000000000000e+03
5.114000000000000000e+03
8.910000000000000000e+02
9.259000000000000000e+03
3.989000000000000000e+03
5.686000000000000000e+03
1.572000000000000000e+03
5.414000000000000000e+03
1.919000000000000000e+03
9.549000000000000000e+03
7.750000000000000000e+02
5.419000000000000000e+03
2.639000000000000000e+03
3.266000000000000000e+03
3.788000000000000000e+03
7.967000000000000000e+03
6.265000000000000000e+03
3.785000000000000000e+03
1.709000000000000000e+03
1.797000000000000000e+03
4.685000000000000000e+03
5.856000000000000000e+03
9.402000000000000000e+03
9.401000000000000000e+03
8.286000000000000000e+03
1.779000000000000000e+03
6.293000000000000000e+03
6.979000000000000000e+03
6.678000000000000000e+03
8.714000000000000000e+03
5.288000000000000000e+03
6.692000000000000000e+03
5.000000000000000000e+02
7.660000000000000000e+03
6.586000000000000000e+03
9.934000000000000000e+03
6.804000000000000000e+03
9.506000000000000000e+03
5.388000000000000000e+03
7.413000000000000000e+03
2.557000000000000000e+03
9.872000000000000000e+03
3.286000000000000000e+03
9.300000000000000000e+03
9.025000000000000000e+03
4.547000000000000000e+03
4.420000000000000000e+03
4.337000000000000000e+03
1.837000000000000000e+03
5.750000000000000000e+02
8.403000000000000000e+03
7.389000000000000000e+03
9.316000000000000000e+03
6.957000000000000000e+03
5.895000000000000000e+03
4.283000000000000000e+03
7.083000000000000000e+03
1.649000000000000000e+03
9.372000000000000000e+03
2.814000000000000000e+03
6.560000000000000000e+03
9.090000000000000000e+03
5.654000000000000000e+03
9.186000000000000000e+03
4.100000000000000000e+01
5.360000000000000000e+02
3.840000000000000000e+02
2.030000000000000000e+03
4.900000000000000000e+01
5.650000000000000000e+03
1.493000000000000000e+03
2.807000000000000000e+03
2.125000000000000000e+03
6.495000000000000000e+03
5.300000000000000000e+01
6.440000000000000000e+03
3.915000000000000000e+03
5.577000000000000000e+03
1.029000000000000000e+03
5.629000000000000000e+03
1.421000000000000000e+03
5.062000000000000000e+03
9.106000000000000000e+03
1.630000000000000000e+02
2.436000000000000000e+03
6.161000000000000000e+03
3.526000000000000000e+03
5.600000000000000000e+03
2.852000000000000000e+03
1.443000000000000000e+03
7.264000000000000000e+03
9.783000000000000000e+03
9.034000000000000000e+03
3.523000000000000000e+03
5.520000000000000000e+03
2.442000000000000000e+03
1.453000000000000000e+03
7.841000000000000000e+03
1.537000000000000000e+03
1.456000000000000000e+03
4.592000000000000000e+03
9.740000000000000000e+03
7.173000000000000000e+03
6.208000000000000000e+03
4.217000000000000000e+03
6.554000000000000000e+03
8.721000000000000000e+03
6.560000000000000000e+02
4.201000000000000000e+03
5.262000000000000000e+03
5.850000000000000000e+03
6.669000000000000000e+03
8.346000000000000000e+03
6.106000000000000000e+03
5.566000000000000000e+03
1.633000000000000000e+03
9.398000000000000000e+03
2.793000000000000000e+03
2.425000000000000000e+03
8.936000000000000000e+03
7.078000000000000000e+03
2.640000000000000000e+03
6.307000000000000000e+03
2.516000000000000000e+03
7.110000000000000000e+03
6.425000000000000000e+03
6.009000000000000000e+03
6.322000000000000000e+03
5.940000000000000000e+02
3.515000000000000000e+03
6.110000000000000000e+03
2.402000000000000000e+03
3.985000000000000000e+03
3.157000000000000000e+03
8.977000000000000000e+03
5.083000000000000000e+03
4.640000000000000000e+03
7.024000000000000000e+03
2.393000000000000000e+03
4.521000000000000000e+03
1.590000000000000000e+02
9.644000000000000000e+03
5.010000000000000000e+02
2.578000000000000000e+03
6.095000000000000000e+03
2.974000000000000000e+03
8.136000000000000000e+03
6.741000000000000000e+03
9.706000000000000000e+03
6.365000000000000000e+03
2.020000000000000000e+03
1.335000000000000000e+03
2.480000000000000000e+02
7.980000000000000000e+03
4.252000000000000000e+03
6.230000000000000000e+02
2.396000000000000000e+03
5.151000000000000000e+03
2.728000000000000000e+03
8.260000000000000000e+03
9.022000000000000000e+03
4.141000000000000000e+03
8.893000000000000000e+03
7.535000000000000000e+03
9.645000000000000000e+03
1.724000000000000000e+03
2.950000000000000000e+02
5.904000000000000000e+03
6.217000000000000000e+03
9.178000000000000000e+03
8.133000000000000000e+03
5.490000000000000000e+03
7.230000000000000000e+02
4.723000000000000000e+03
5.177000000000000000e+03
4.267000000000000000e+03
3.635000000000000000e+03
3.471000000000000000e+03
5.763000000000000000e+03
3.879000000000000000e+03
2.765000000000000000e+03
5.381000000000000000e+03
9.800000000000000000e+03
3.254000000000000000e+03
5.380000000000000000e+02
1.386000000000000000e+03
5.171000000000000000e+03
8.143000000000000000e+03
7.838000000000000000e+03
3.253000000000000000e+03
5.819000000000000000e+03
5.737000000000000000e+03
2.204000000000000000e+03
9.930000000000000000e+02
5.974000000000000000e+03
5.248000000000000000e+03
2.619000000000000000e+03
9.905000000000000000e+03
8.000000000000000000e+02
3.003000000000000000e+03
8.450000000000000000e+02
6.636000000000000000e+03
6.190000000000000000e+02
1.699000000000000000e+03
6.975000000000000000e+03
1.039000000000000000e+03
5.142000000000000000e+03
4.544000000000000000e+03
9.102000000000000000e+03
5.596000000000000000e+03
6.704000000000000000e+03
9.243000000000000000e+03
1.886000000000000000e+03
1.620000000000000000e+03
5.118000000000000000e+03
2.770000000000000000e+03
2.898000000000000000e+03
6.491000000000000000e+03
2.811000000000000000e+03
9.240000000000000000e+03
6.468000000000000000e+03
1.876000000000000000e+03
8.818000000000000000e+03
1.300000000000000000e+01
3.358000000000000000e+03
8.628000000000000000e+03
3.531000000000000000e+03
5.244000000000000000e+03
4.136000000000000000e+03
9.038000000000000000e+03
3.990000000000000000e+03
1.367000000000000000e+03
4.240000000000000000e+02
1.325000000000000000e+03
4.027000000000000000e+03
3.375000000000000000e+03
7.245000000000000000e+03
6.699000000000000000e+03
3.681000000000000000e+03
6.666000000000000000e+03
3.573000000000000000e+03
7.958000000000000000e+03
4.232000000000000000e+03
7.820000000000000000e+03
6.796000000000000000e+03
7.467000000000000000e+03
7.978000000000000000e+03
8.053000000000000000e+03
4.975000000000000000e+03
6.722000000000000000e+03
8.296000000000000000e+03
7.649000000000000000e+03
1.706000000000000000e+03
4.330000000000000000e+02
7.709000000000000000e+03
3.720000000000000000e+02
2.055000000000000000e+03
8.096000000000000000e+03
8.173000000000000000e+03
1.210000000000000000e+03
6.135000000000000000e+03
5.749000000000000000e+03
7.654000000000000000e+03
3.880000000000000000e+02
5.517000000000000000e+03
8.382000000000000000e+03
7.710000000000000000e+03
1.960000000000000000e+03
4.830000000000000000e+02
7.807000000000000000e+03
4.023000000000000000e+03
8.802000000000000000e+03
4.684000000000000000e+03
9.033000000000000000e+03
1.360000000000000000e+03
7.955000000000000000e+03
5.568000000000000000e+03
7.824000000000000000e+03
8.967000000000000000e+03
1.715000000000000000e+03
4.250000000000000000e+03
8.275000000000000000e+03
4.980000000000000000e+03
1.332000000000000000e+03
3.495000000000000000e+03
9.593000000000000000e+03
2.289000000000000000e+03
3.667000000000000000e+03
3.677000000000000000e+03
3.597000000000000000e+03
4.073000000000000000e+03
5.024000000000000000e+03
5.489000000000000000e+03
4.212000000000000000e+03
4.369000000000000000e+03
5.168000000000000000e+03
6.534000000000000000e+03
2.710000000000000000e+02
2.734000000000000000e+03
5.655000000000000000e+03
2.880000000000000000e+03
2.780000000000000000e+02
1.890000000000000000e+03
8.996000000000000000e+03
5.588000000000000000e+03
1.647000000000000000e+03
8.870000000000000000e+02
8.190000000000000000e+02
2.652000000000000000e+03
6.652000000000000000e+03
7.442000000000000000e+03
2.253000000000000000e+03
8.390000000000000000e+03
8.206000000000000000e+03
4.088000000000000000e+03
4.938000000000000000e+03
9.218000000000000000e+03
3.902000000000000000e+03
7.073000000000000000e+03
6.973000000000000000e+03
7.600000000000000000e+02
5.519000000000000000e+03
4.250000000000000000e+02
1.476000000000000000e+03
5.760000000000000000e+03
5.202000000000000000e+03
7.167000000000000000e+03
9.236000000000000000e+03
5.316000000000000000e+03
7.253000000000000000e+03
2.053000000000000000e+03
8.367000000000000000e+03
3.484000000000000000e+03
2.562000000000000000e+03
7.370000000000000000e+03
2.032000000000000000e+03
7.051000000000000000e+03
9.000000000000000000e+02
3.431000000000000000e+03
4.443000000000000000e+03
7.135000000000000000e+03
5.514000000000000000e+03
9.205000000000000000e+03
4.622000000000000000e+03
3.136000000000000000e+03
8.889000000000000000e+03
2.858000000000000000e+03
4.400000000000000000e+03
8.236000000000000000e+03
3.808000000000000000e+03
2.912000000000000000e+03
1.928000000000000000e+03
4.310000000000000000e+03
8.170000000000000000e+02
2.549000000000000000e+03
8.452000000000000000e+03
3.360000000000000000e+03
1.670000000000000000e+03
4.524000000000000000e+03
2.066000000000000000e+03
7.308000000000000000e+03
9.767000000000000000e+03
9.162000000000000000e+03
5.776000000000000000e+03
3.734000000000000000e+03
2.192000000000000000e+03
4.590000000000000000e+02
1.991000000000000000e+03
2.172000000000000000e+03
2.010000000000000000e+02
7.909000000000000000e+03
3.087000000000000000e+03
2.413000000000000000e+03
4.265000000000000000e+03
9.773000000000000000e+03
5.466000000000000000e+03
1.922000000000000000e+03
4.280000000000000000e+02
5.845000000000000000e+03
1.247000000000000000e+03
9.070000000000000000e+02
9.728000000000000000e+03
9.184000000000000000e+03
8.878000000000000000e+03
3.069000000000000000e+03
6.785000000000000000e+03
7.376000000000000000e+03
6.350000000000000000e+02
4.160000000000000000e+02
5.793000000000000000e+03
5.660000000000000000e+03
7.603000000000000000e+03
7.392000000000000000e+03
4.085000000000000000e+03
5.359000000000000000e+03
7.027000000000000000e+03
1.287000000000000000e+03
7.926000000000000000e+03
3.684000000000000000e+03
4.173000000000000000e+03
4.751000000000000000e+03
1.220000000000000000e+03
7.764000000000000000e+03
4.061000000000000000e+03
4.924000000000000000e+03
8.752000000000000000e+03
1.373000000000000000e+03
3.085000000000000000e+03
7.606000000000000000e+03
2.365000000000000000e+03
3.181000000000000000e+03
3.657000000000000000e+03
2.568000000000000000e+03
8.672000000000000000e+03
2.466000000000000000e+03
5.757000000000000000e+03
3.662000000000000000e+03
4.325000000000000000e+03
7.788000000000000000e+03
1.931000000000000000e+03
8.997000000000000000e+03
3.520000000000000000e+03
8.250000000000000000e+03
3.919000000000000000e+03
2.922000000000000000e+03
4.997000000000000000e+03
5.234000000000000000e+03
1.857000000000000000e+03
1.220000000000000000e+02
9.470000000000000000e+03
7.491000000000000000e+03
5.805000000000000000e+03
9.060000000000000000e+03
1.849000000000000000e+03
4.377000000000000000e+03
1.417000000000000000e+03
3.036000000000000000e+03
2.854000000000000000e+03
2.867000000000000000e+03
5.184000000000000000e+03
9.759000000000000000e+03
8.306000000000000000e+03
2.370000000000000000e+02
2.580000000000000000e+02
8.626000000000000000e+03
9.140000000000000000e+03
8.767000000000000000e+03
5.215000000000000000e+03
1.623000000000000000e+03
8.190000000000000000e+03
6.165000000000000000e+03
6.401000000000000000e+03
9.436000000000000000e+03
6.204000000000000000e+03
8.392000000000000000e+03
4.163000000000000000e+03
6.626000000000000000e+03
8.172000000000000000e+03
2.764000000000000000e+03
2.311000000000000000e+03
3.374000000000000000e+03
8.328000000000000000e+03
6.288000000000000000e+03
8.610000000000000000e+02
9.006000000000000000e+03
2.851000000000000000e+03
8.305000000000000000e+03
7.740000000000000000e+03
1.814000000000000000e+03
3.745000000000000000e+03
5.579000000000000000e+03
3.044000000000000000e+03
8.489000000000000000e+03
9.877000000000000000e+03
4.069000000000000000e+03
7.495000000000000000e+03
6.313000000000000000e+03
8.892000000000000000e+03
4.559000000000000000e+03
7.605000000000000000e+03
1.426000000000000000e+03
8.499000000000000000e+03
9.874000000000000000e+03
7.699000000000000000e+03
2.791000000000000000e+03
5.038000000000000000e+03
2.168000000000000000e+03
2.970000000000000000e+03
5.960000000000000000e+03
3.648000000000000000e+03
4.084000000000000000e+03
3.692000000000000000e+03
4.918000000000000000e+03
6.271000000000000000e+03
9.047000000000000000e+03
8.577000000000000000e+03
9.797000000000000000e+03
6.480000000000000000e+02
8.302000000000000000e+03
5.988000000000000000e+03
4.100000000000000000e+03
9.938000000000000000e+03
3.327000000000000000e+03
5.018000000000000000e+03
2.321000000000000000e+03
9.761000000000000000e+03
6.908000000000000000e+03
5.342000000000000000e+03
3.300000000000000000e+03
3.346000000000000000e+03
9.076000000000000000e+03
3.448000000000000000e+03
7.061000000000000000e+03
6.671000000000000000e+03
9.231000000000000000e+03
4.000000000000000000e+03
8.083000000000000000e+03
1.002000000000000000e+03
5.411000000000000000e+03
1.562000000000000000e+03
5.504000000000000000e+03
3.456000000000000000e+03
3.991000000000000000e+03
8.110000000000000000e+03
3.437000000000000000e+03
3.525000000000000000e+03
3.469000000000000000e+03
3.231000000000000000e+03
1.574000000000000000e+03
5.782000000000000000e+03
2.860000000000000000e+03
1.951000000000000000e+03
5.120000000000000000e+03
7.321000000000000000e+03
4.966000000000000000e+03
3.295000000000000000e+03
2.250000000000000000e+03
4.130000000000000000e+03
6.167000000000000000e+03
6.760000000000000000e+03
6.464000000000000000e+03
3.025000000000000000e+03
6.312000000000000000e+03
4.632000000000000000e+03
2.417000000000000000e+03
6.579000000000000000e+03
2.145000000000000000e+03
2.700000000000000000e+01
9.521000000000000000e+03
4.625000000000000000e+03
6.324000000000000000e+03
4.856000000000000000e+03
3.180000000000000000e+03
7.558000000000000000e+03
8.365000000000000000e+03
6.280000000000000000e+02
4.959000000000000000e+03
1.394000000000000000e+03
9.738000000000000000e+03
7.242000000000000000e+03
6.853000000000000000e+03
1.950000000000000000e+02
3.041000000000000000e+03
9.350000000000000000e+03
9.087000000000000000e+03
6.485000000000000000e+03
7.608000000000000000e+03
5.167000000000000000e+03
5.434000000000000000e+03
2.013000000000000000e+03
6.310000000000000000e+02
7.294000000000000000e+03
2.210000000000000000e+02
6.855000000000000000e+03
2.573000000000000000e+03
3.120000000000000000e+03
1.757000000000000000e+03
7.839000000000000000e+03
5.664000000000000000e+03
1.204000000000000000e+03
6.919000000000000000e+03
4.410000000000000000e+02
1.870000000000000000e+02
1.255000000000000000e+03
8.622000000000000000e+03
4.209000000000000000e+03
5.992000000000000000e+03
3.361000000000000000e+03
5.829000000000000000e+03
2.313000000000000000e+03
3.851000000000000000e+03
8.191000000000000000e+03
3.952000000000000000e+03
7.211000000000000000e+03
5.130000000000000000e+03
9.942000000000000000e+03
6.557000000000000000e+03
6.319000000000000000e+03
3.415000000000000000e+03
7.588000000000000000e+03
5.939000000000000000e+03
9.582000000000000000e+03
7.069000000000000000e+03
5.824000000000000000e+03
1.170000000000000000e+02
3.290000000000000000e+02
6.850000000000000000e+03
6.865000000000000000e+03
7.221000000000000000e+03
6.402000000000000000e+03
5.756000000000000000e+03
1.611000000000000000e+03
7.314000000000000000e+03
6.863000000000000000e+03
1.644000000000000000e+03
6.890000000000000000e+02
4.988000000000000000e+03
1.578000000000000000e+03
4.122000000000000000e+03
3.699000000000000000e+03
4.360000000000000000e+02
8.433000000000000000e+03
3.186000000000000000e+03
8.518000000000000000e+03
8.168000000000000000e+03
9.953000000000000000e+03
9.238000000000000000e+03
8.821000000000000000e+03
3.916000000000000000e+03
4.465000000000000000e+03
3.728000000000000000e+03
1.420000000000000000e+03
5.049000000000000000e+03
5.423000000000000000e+03
5.638000000000000000e+03
3.213000000000000000e+03
5.053000000000000000e+03
8.890000000000000000e+02
7.180000000000000000e+02
9.952000000000000000e+03
5.670000000000000000e+03
7.175000000000000000e+03
8.112000000000000000e+03
6.584000000000000000e+03
1.418000000000000000e+03
6.200000000000000000e+02
8.718000000000000000e+03
4.026000000000000000e+03
8.291000000000000000e+03
9.221000000000000000e+03
9.731000000000000000e+03
4.301000000000000000e+03
5.981000000000000000e+03
7.766000000000000000e+03
2.452000000000000000e+03
7.750000000000000000e+03
3.118000000000000000e+03
7.537000000000000000e+03
8.611000000000000000e+03
7.810000000000000000e+03
5.026000000000000000e+03
2.312000000000000000e+03
5.942000000000000000e+03
3.267000000000000000e+03
4.260000000000000000e+02
4.458000000000000000e+03
9.820000000000000000e+02
6.981000000000000000e+03
2.230000000000000000e+02
8.289000000000000000e+03
7.730000000000000000e+03
5.930000000000000000e+02
7.921000000000000000e+03
3.889000000000000000e+03
8.816000000000000000e+03
8.184000000000000000e+03
2.275000000000000000e+03
3.447000000000000000e+03
5.911000000000000000e+03
2.353000000000000000e+03
6.539000000000000000e+03
8.753000000000000000e+03
9.632000000000000000e+03
5.786000000000000000e+03
6.180000000000000000e+02
7.751000000000000000e+03
5.290000000000000000e+02
9.605000000000000000e+03
7.226000000000000000e+03
1.308000000000000000e+03
2.933000000000000000e+03
1.771000000000000000e+03
