2.657000000000000000e+03
4.516000000000000000e+03
5.790000000000000000e+03
3.933000000000000000e+03
1.114000000000000000e+03
3.976000000000000000e+03
9.140000000000000000e+03
1.697000000000000000e+03
5.054000000000000000e+03
8.959000000000000000e+03
1.562000000000000000e+03
4.233000000000000000e+03
1.400000000000000000e+01
4.891000000000000000e+03
5.221000000000000000e+03
9.519000000000000000e+03
6.780000000000000000e+02
6.830000000000000000e+03
9.223000000000000000e+03
2.517000000000000000e+03
1.199000000000000000e+03
7.908000000000000000e+03
4.500000000000000000e+03
6.470000000000000000e+03
8.490000000000000000e+03
2.059000000000000000e+03
8.213000000000000000e+03
2.444000000000000000e+03
5.698000000000000000e+03
2.300000000000000000e+02
8.493000000000000000e+03
9.128000000000000000e+03
6.201000000000000000e+03
2.510000000000000000e+02
4.247000000000000000e+03
7.295000000000000000e+03
2.821000000000000000e+03
1.996000000000000000e+03
1.210000000000000000e+02
1.327000000000000000e+03
9.289000000000000000e+03
1.316000000000000000e+03
6.268000000000000000e+03
5.754000000000000000e+03
1.490000000000000000e+02
5.901000000000000000e+03
9.160000000000000000e+03
7.598000000000000000e+03
8.059000000000000000e+03
8.776000000000000000e+03
8.203000000000000000e+03
2.039000000000000000e+03
1.559000000000000000e+03
9.030000000000000000e+02
6.764000000000000000e+03
1.300000000000000000e+03
3.614000000000000000e+03
6.460000000000000000e+02
8.458000000000000000e+03
7.817000000000000000e+03
1.703000000000000000e+03
7.118000000000000000e+03
5.617000000000000000e+03
6.612000000000000000e+03
9.589000000000000000e+03
2.258000000000000000e+03
4.380000000000000000e+02
7.840000000000000000e+03
5.650000000000000000e+02
7.098000000000000000e+03
4.665000000000000000e+03
4.112000000000000000e+03
8.334000000000000000e+03
9.527000000000000000e+03
4.595000000000000000e+03
3.084000000000000000e+03
5.461000000000000000e+03
4.072000000000000000e+03
9.434000000000000000e+03
6.728000000000000000e+03
4.830000000000000000e+03
1.191000000000000000e+03
9.381000000000000000e+03
1.494000000000000000e+03
3.030000000000000000e+02
5.925000000000000000e+03
6.145000000000000000e+03
3.387000000000000000e+03
4.845000000000000000e+03
5.666000000000000000e+03
6.964000000000000000e+03
1.648000000000000000e+03
2.098000000000000000e+03
7.985000000000000000e+03
5.647000000000000000e+03
8.410000000000000000e+03
2.106000000000000000e+03
1.133000000000000000e+03
7.741000000000000000e+03
4.995000000000000000e+03
3.073000000000000000e+03
5.808000000000000000e+03
6.315000000000000000e+03
4.600000000000000000e+01
7.640000000000000000e+02
5.186000000000000000e+03
5.179000000000000000e+03
8.619000000000000000e+03
7.450000000000000000e+03
7.423000000000000000e+03
3.743000000000000000e+03
7.440000000000000000e+03
7.100000000000000000e+01
5.080000000000000000e+03
5.843000000000000000e+03
3.787000000000000000e+03
4.306000000000000000e+03
5.128000000000000000e+03
1.988000000000000000e+03
5.809000000000000000e+03
1.377000000000000000e+03
8.654000000000000000e+03
8.550000000000000000e+02
1.671000000000000000e+03
3.720000000000000000e+02
4.636000000000000000e+03
1.545000000000000000e+03
5.104000000000000000e+03
3.259000000000000000e+03
3.144000000000000000e+03
5.494000000000000000e+03
1.886000000000000000e+03
3.926000000000000000e+03
1.281000000000000000e+03
4.310000000000000000e+02
6.469000000000000000e+03
7.198000000000000000e+03
2.932000000000000000e+03
5.732000000000000000e+03
8.907000000000000000e+03
2.036000000000000000e+03
1.639000000000000000e+03
6.769000000000000000e+03
9.580000000000000000e+03
1.880000000000000000e+03
3.008000000000000000e+03
9.060000000000000000e+03
5.070000000000000000e+02
7.286000000000000000e+03
7.991000000000000000e+03
2.600000000000000000e+02
8.021000000000000000e+03
6.709000000000000000e+03
7.017000000000000000e+03
6.364000000000000000e+03
6.560000000000000000e+02
2.271000000000000000e+03
9.564000000000000000e+03
1.457000000000000000e+03
9.285000000000000000e+03
8.726000000000000000e+03
6.100000000000000000e+03
7.824000000000000000e+03
7.864000000000000000e+03
2.433000000000000000e+03
1.387000000000000000e+03
6.435000000000000000e+03
5.448000000000000000e+03
3.516000000000000000e+03
3.135000000000000000e+03
6.953000000000000000e+03
9.871000000000000000e+03
9.064000000000000000e+03
9.287000000000000000e+03
6.000000000000000000e+02
4.054000000000000000e+03
4.326000000000000000e+03
8.022000000000000000e+03
1.607000000000000000e+03
5.916000000000000000e+03
3.040000000000000000e+03
8.976000000000000000e+03
2.088000000000000000e+03
2.437000000000000000e+03
6.913000000000000000e+03
1.700000000000000000e+03
4.480000000000000000e+03
6.659000000000000000e+03
8.280000000000000000e+02
2.949000000000000000e+03
8.076000000000000000e+03
2.136000000000000000e+03
6.076000000000000000e+03
4.078000000000000000e+03
2.189000000000000000e+03
4.211000000000000000e+03
2.368000000000000000e+03
7.541000000000000000e+03
6.524000000000000000e+03
5.833000000000000000e+03
7.480000000000000000e+02
8.855000000000000000e+03
8.063000000000000000e+03
2.207000000000000000e+03
7.360000000000000000e+02
8.434000000000000000e+03
4.504000000000000000e+03
9.360000000000000000e+03
3.736000000000000000e+03
4.081000000000000000e+03
1.037000000000000000e+03
1.481000000000000000e+03
9.339000000000000000e+03
6.727000000000000000e+03
5.875000000000000000e+03
6.862000000000000000e+03
9.800000000000000000e+03
2.396000000000000000e+03
6.344000000000000000e+03
4.489000000000000000e+03
2.391000000000000000e+03
1.064000000000000000e+03
3.397000000000000000e+03
9.626000000000000000e+03
9.247000000000000000e+03
3.980000000000000000e+03
8.030000000000000000e+02
8.225000000000000000e+03
4.070000000000000000e+02
9.742000000000000000e+03
3.611000000000000000e+03
6.834000000000000000e+03
6.710000000000000000e+03
8.465000000000000000e+03
3.531000000000000000e+03
3.539000000000000000e+03
7.847000000000000000e+03
9.078000000000000000e+03
6.119000000000000000e+03
3.900000000000000000e+01
3.500000000000000000e+01
7.176000000000000000e+03
2.656000000000000000e+03
7.173000000000000000e+03
8.626000000000000000e+03
4.015000000000000000e+03
6.975000000000000000e+03
3.558000000000000000e+03
6.137000000000000000e+03
5.112000000000000000e+03
1.169000000000000000e+03
9.422000000000000000e+03
3.799000000000000000e+03
6.143000000000000000e+03
3.080000000000000000e+02
3.020000000000000000e+02
4.520000000000000000e+02
9.382000000000000000e+03
6.722000000000000000e+03
6.613000000000000000e+03
6.048000000000000000e+03
9.379000000000000000e+03
5.667000000000000000e+03
5.079000000000000000e+03
3.871000000000000000e+03
1.313000000000000000e+03
8.701000000000000000e+03
7.050000000000000000e+03
7.931000000000000000e+03
7.369000000000000000e+03
4.460000000000000000e+03
7.597000000000000000e+03
1.217000000000000000e+03
2.450000000000000000e+03
5.140000000000000000e+02
4.646000000000000000e+03
3.872000000000000000e+03
6.903000000000000000e+03
3.216000000000000000e+03
1.740000000000000000e+02
5.162000000000000000e+03
4.975000000000000000e+03
6.275000000000000000e+03
4.907000000000000000e+03
1.960000000000000000e+02
9.143000000000000000e+03
2.483000000000000000e+03
2.736000000000000000e+03
8.090000000000000000e+03
8.035000000000000000e+03
6.803000000000000000e+03
5.039000000000000000e+03
8.096000000000000000e+03
9.123000000000000000e+03
3.745000000000000000e+03
9.050000000000000000e+03
2.500000000000000000e+02
2.480000000000000000e+02
2.056000000000000000e+03
6.260000000000000000e+03
9.500000000000000000e+03
6.940000000000000000e+03
2.732000000000000000e+03
4.467000000000000000e+03
6.508000000000000000e+03
3.004000000000000000e+03
5.684000000000000000e+03
3.342000000000000000e+03
4.332000000000000000e+03
3.006000000000000000e+03
1.290000000000000000e+02
4.344000000000000000e+03
4.061000000000000000e+03
2.235000000000000000e+03
9.688000000000000000e+03
4.131000000000000000e+03
8.520000000000000000e+03
1.950000000000000000e+02
4.011000000000000000e+03
3.244000000000000000e+03
2.335000000000000000e+03
7.730000000000000000e+03
3.191000000000000000e+03
8.386000000000000000e+03
2.055000000000000000e+03
7.646000000000000000e+03
2.202000000000000000e+03
7.066000000000000000e+03
2.741000000000000000e+03
1.380000000000000000e+02
3.402000000000000000e+03
8.910000000000000000e+02
5.742000000000000000e+03
3.450000000000000000e+02
4.283000000000000000e+03
1.537000000000000000e+03
5.062000000000000000e+03
6.895000000000000000e+03
5.493000000000000000e+03
9.034000000000000000e+03
1.493000000000000000e+03
1.453000000000000000e+03
8.846000000000000000e+03
7.267000000000000000e+03
8.718000000000000000e+03
5.116000000000000000e+03
7.899000000000000000e+03
4.547000000000000000e+03
9.461000000000000000e+03
6.547000000000000000e+03
3.238000000000000000e+03
5.288000000000000000e+03
6.957000000000000000e+03
5.786000000000000000e+03
2.710000000000000000e+03
9.534000000000000000e+03
7.069000000000000000e+03
7.450000000000000000e+02
1.637000000000000000e+03
7.430000000000000000e+03
1.029000000000000000e+03
7.967000000000000000e+03
9.345000000000000000e+03
5.939000000000000000e+03
1.277000000000000000e+03
4.408000000000000000e+03
1.624000000000000000e+03
6.504000000000000000e+03
2.780000000000000000e+03
