8.759000000000000000e+03
2.988000000000000000e+03
8.100000000000000000e+02
1.882000000000000000e+03
9.876000000000000000e+03
8.169000000000000000e+03
8.800000000000000000e+01
3.019000000000000000e+03
5.061000000000000000e+03
4.810000000000000000e+03
9.237000000000000000e+03
6.847000000000000000e+03
1.947000000000000000e+03
8.945000000000000000e+03
9.007000000000000000e+03
5.192000000000000000e+03
3.466000000000000000e+03
6.259000000000000000e+03
6.787000000000000000e+03
7.367000000000000000e+03
8.547000000000000000e+03
3.371000000000000000e+03
4.966000000000000000e+03
1.806000000000000000e+03
1.834000000000000000e+03
1.410000000000000000e+03
1.591000000000000000e+03
9.059000000000000000e+03
8.294000000000000000e+03
9.217000000000000000e+03
5.611000000000000000e+03
6.538000000000000000e+03
7.047000000000000000e+03
4.442000000000000000e+03
1.872000000000000000e+03
3.800000000000000000e+03
8.744000000000000000e+03
6.210000000000000000e+02
9.732000000000000000e+03
9.700000000000000000e+02
1.370000000000000000e+02
9.637000000000000000e+03
4.532000000000000000e+03
4.891000000000000000e+03
8.589000000000000000e+03
7.130000000000000000e+02
2.277000000000000000e+03
9.551000000000000000e+03
3.783000000000000000e+03
1.968000000000000000e+03
6.564000000000000000e+03
2.540000000000000000e+03
9.950000000000000000e+03
9.209000000000000000e+03
9.881000000000000000e+03
5.772000000000000000e+03
9.704000000000000000e+03
3.239000000000000000e+03
1.960000000000000000e+02
1.439000000000000000e+03
6.301000000000000000e+03
8.931000000000000000e+03
4.361000000000000000e+03
3.482000000000000000e+03
4.790000000000000000e+03
3.687000000000000000e+03
4.110000000000000000e+02
7.254000000000000000e+03
2.725000000000000000e+03
3.450000000000000000e+03
9.819000000000000000e+03
9.225000000000000000e+03
7.386000000000000000e+03
7.662000000000000000e+03
1.219000000000000000e+03
1.769000000000000000e+03
8.907000000000000000e+03
7.600000000000000000e+03
2.978000000000000000e+03
3.501000000000000000e+03
1.980000000000000000e+02
2.565000000000000000e+03
1.238000000000000000e+03
1.054000000000000000e+03
1.677000000000000000e+03
1.467000000000000000e+03
7.898000000000000000e+03
5.081000000000000000e+03
7.394000000000000000e+03
7.220000000000000000e+03
1.266000000000000000e+03
2.697000000000000000e+03
3.210000000000000000e+02
7.908000000000000000e+03
7.931000000000000000e+03
8.035000000000000000e+03
4.863000000000000000e+03
0.000000000000000000e+00
5.820000000000000000e+02
5.186000000000000000e+03
4.421000000000000000e+03
8.100000000000000000e+01
9.857000000000000000e+03
5.456000000000000000e+03
3.688000000000000000e+03
8.266000000000000000e+03
3.641000000000000000e+03
5.206000000000000000e+03
6.341000000000000000e+03
7.486000000000000000e+03
2.929000000000000000e+03
5.207000000000000000e+03
4.378000000000000000e+03
2.860000000000000000e+02
9.532000000000000000e+03
7.510000000000000000e+03
3.705000000000000000e+03
3.683000000000000000e+03
5.840000000000000000e+02
7.774000000000000000e+03
8.556000000000000000e+03
3.900000000000000000e+02
7.793000000000000000e+03
6.150000000000000000e+02
3.803000000000000000e+03
9.390000000000000000e+02
9.254000000000000000e+03
8.118000000000000000e+03
4.142000000000000000e+03
7.737000000000000000e+03
9.440000000000000000e+03
7.316000000000000000e+03
6.747000000000000000e+03
5.879000000000000000e+03
2.484000000000000000e+03
2.440000000000000000e+02
2.522000000000000000e+03
2.341000000000000000e+03
4.670000000000000000e+03
5.993000000000000000e+03
1.742000000000000000e+03
5.503000000000000000e+03
5.995000000000000000e+03
2.451000000000000000e+03
1.671000000000000000e+03
6.613000000000000000e+03
7.106000000000000000e+03
6.067000000000000000e+03
2.624000000000000000e+03
6.489000000000000000e+03
9.843000000000000000e+03
2.139000000000000000e+03
1.517000000000000000e+03
2.007000000000000000e+03
7.088000000000000000e+03
1.049000000000000000e+03
2.005000000000000000e+03
8.905000000000000000e+03
3.514000000000000000e+03
2.345000000000000000e+03
2.264000000000000000e+03
4.981000000000000000e+03
5.692000000000000000e+03
8.754000000000000000e+03
5.605000000000000000e+03
2.541000000000000000e+03
5.441000000000000000e+03
9.269000000000000000e+03
3.970000000000000000e+02
3.510000000000000000e+02
5.353000000000000000e+03
5.312000000000000000e+03
9.447000000000000000e+03
5.179000000000000000e+03
5.172000000000000000e+03
5.100000000000000000e+03
5.723000000000000000e+03
2.106000000000000000e+03
8.490000000000000000e+03
8.697000000000000000e+03
7.398000000000000000e+03
1.442000000000000000e+03
7.440000000000000000e+03
7.244000000000000000e+03
7.444000000000000000e+03
1.559000000000000000e+03
3.165000000000000000e+03
7.118000000000000000e+03
7.549000000000000000e+03
4.527000000000000000e+03
7.741000000000000000e+03
6.984000000000000000e+03
3.086000000000000000e+03
1.177000000000000000e+03
3.031000000000000000e+03
7.985000000000000000e+03
1.094000000000000000e+03
2.057000000000000000e+03
1.996000000000000000e+03
7.359000000000000000e+03
8.334000000000000000e+03
1.970000000000000000e+03
1.948000000000000000e+03
2.103000000000000000e+03
4.737000000000000000e+03
8.183000000000000000e+03
6.581000000000000000e+03
1.016000000000000000e+03
6.606000000000000000e+03
4.713000000000000000e+03
8.028000000000000000e+03
3.263000000000000000e+03
4.914000000000000000e+03
3.594000000000000000e+03
8.600000000000000000e+01
4.200000000000000000e+01
1.430000000000000000e+02
9.714000000000000000e+03
9.689000000000000000e+03
5.790000000000000000e+03
7.453000000000000000e+03
9.769000000000000000e+03
5.660000000000000000e+02
7.270000000000000000e+02
6.688000000000000000e+03
8.929000000000000000e+03
9.487000000000000000e+03
8.292000000000000000e+03
7.918000000000000000e+03
4.056000000000000000e+03
6.915000000000000000e+03
8.815000000000000000e+03
3.830000000000000000e+03
5.828000000000000000e+03
8.901000000000000000e+03
1.359000000000000000e+03
6.143000000000000000e+03
5.916000000000000000e+03
4.441000000000000000e+03
3.096000000000000000e+03
2.944000000000000000e+03
2.148000000000000000e+03
8.946000000000000000e+03
4.688000000000000000e+03
7.293000000000000000e+03
2.450000000000000000e+02
3.471000000000000000e+03
9.638000000000000000e+03
4.980000000000000000e+03
9.104000000000000000e+03
3.290000000000000000e+03
5.921000000000000000e+03
8.740000000000000000e+03
9.651000000000000000e+03
7.107000000000000000e+03
1.888000000000000000e+03
6.746000000000000000e+03
3.045000000000000000e+03
6.190000000000000000e+02
3.958000000000000000e+03
7.220000000000000000e+02
9.912000000000000000e+03
2.532000000000000000e+03
3.772000000000000000e+03
4.870000000000000000e+03
1.080000000000000000e+02
2.437000000000000000e+03
6.779000000000000000e+03
6.882000000000000000e+03
1.655000000000000000e+03
9.085000000000000000e+03
4.370000000000000000e+03
8.854000000000000000e+03
5.880000000000000000e+02
8.975000000000000000e+03
4.062000000000000000e+03
7.621000000000000000e+03
8.596000000000000000e+03
2.248000000000000000e+03
8.541000000000000000e+03
1.284000000000000000e+03
2.490000000000000000e+03
7.054000000000000000e+03
2.238000000000000000e+03
3.600000000000000000e+02
4.480000000000000000e+03
7.129000000000000000e+03
9.314000000000000000e+03
4.167000000000000000e+03
4.464000000000000000e+03
5.681000000000000000e+03
3.125000000000000000e+03
3.652000000000000000e+03
5.600000000000000000e+02
7.320000000000000000e+03
8.909000000000000000e+03
9.946000000000000000e+03
3.048000000000000000e+03
5.827000000000000000e+03
7.463000000000000000e+03
1.200000000000000000e+03
1.307000000000000000e+03
8.730000000000000000e+02
9.256000000000000000e+03
4.153000000000000000e+03
6.064000000000000000e+03
5.613000000000000000e+03
7.232000000000000000e+03
9.817000000000000000e+03
2.630000000000000000e+02
5.759000000000000000e+03
1.530000000000000000e+03
7.690000000000000000e+02
2.687000000000000000e+03
4.702000000000000000e+03
3.347000000000000000e+03
4.054000000000000000e+03
1.593000000000000000e+03
7.937000000000000000e+03
8.664000000000000000e+03
4.156000000000000000e+03
3.387000000000000000e+03
7.340000000000000000e+02
1.889000000000000000e+03
6.190000000000000000e+03
4.189000000000000000e+03
7.250000000000000000e+02
5.919000000000000000e+03
6.729000000000000000e+03
1.854000000000000000e+03
5.604000000000000000e+03
6.220000000000000000e+02
9.058000000000000000e+03
8.181000000000000000e+03
8.049000000000000000e+03
3.081000000000000000e+03
1.444000000000000000e+03
9.245000000000000000e+03
9.725000000000000000e+03
7.170000000000000000e+03
3.491000000000000000e+03
3.838000000000000000e+03
1.270000000000000000e+03
8.148000000000000000e+03
1.412000000000000000e+03
8.038000000000000000e+03
6.320000000000000000e+02
7.840000000000000000e+03
3.743000000000000000e+03
7.859000000000000000e+03
5.713000000000000000e+03
5.676000000000000000e+03
5.509000000000000000e+03
6.188000000000000000e+03
7.345000000000000000e+03
1.106000000000000000e+03
7.208000000000000000e+03
7.074000000000000000e+03
5.953000000000000000e+03
1.242000000000000000e+03
6.727000000000000000e+03
5.406000000000000000e+03
4.429000000000000000e+03
3.629000000000000000e+03
3.910000000000000000e+02
1.250000000000000000e+02
4.486000000000000000e+03
8.293000000000000000e+03
1.999000000000000000e+03
9.665000000000000000e+03
8.450000000000000000e+02
6.825000000000000000e+03
3.210000000000000000e+03
2.665000000000000000e+03
7.243000000000000000e+03
2.700000000000000000e+03
9.838000000000000000e+03
5.570000000000000000e+02
2.768000000000000000e+03
9.366000000000000000e+03
2.197000000000000000e+03
5.440000000000000000e+02
8.927000000000000000e+03
6.501000000000000000e+03
8.097000000000000000e+03
4.689000000000000000e+03
7.878000000000000000e+03
4.754000000000000000e+03
4.944000000000000000e+03
2.295000000000000000e+03
4.730000000000000000e+02
4.517000000000000000e+03
8.834000000000000000e+03
5.954000000000000000e+03
5.034000000000000000e+03
4.374000000000000000e+03
9.280000000000000000e+02
8.805000000000000000e+03
8.690000000000000000e+02
1.108000000000000000e+03
4.704000000000000000e+03
8.575000000000000000e+03
1.314000000000000000e+03
9.809000000000000000e+03
9.435000000000000000e+03
2.855000000000000000e+03
3.461000000000000000e+03
5.450000000000000000e+03
2.300000000000000000e+02
2.446000000000000000e+03
5.647000000000000000e+03
2.656000000000000000e+03
9.773000000000000000e+03
7.524000000000000000e+03
7.461000000000000000e+03
2.854000000000000000e+03
1.985000000000000000e+03
5.743000000000000000e+03
5.752000000000000000e+03
3.901000000000000000e+03
3.709000000000000000e+03
4.495000000000000000e+03
5.002000000000000000e+03
7.421000000000000000e+03
4.277000000000000000e+03
4.390000000000000000e+02
9.220000000000000000e+02
2.506000000000000000e+03
3.719000000000000000e+03
8.083000000000000000e+03
5.096000000000000000e+03
1.128000000000000000e+03
3.865000000000000000e+03
1.848000000000000000e+03
6.371000000000000000e+03
7.799000000000000000e+03
3.166000000000000000e+03
7.089000000000000000e+03
6.832000000000000000e+03
5.272000000000000000e+03
7.620000000000000000e+02
4.903000000000000000e+03
3.197000000000000000e+03
9.652000000000000000e+03
3.250000000000000000e+02
9.536000000000000000e+03
6.048000000000000000e+03
7.132000000000000000e+03
1.401000000000000000e+03
6.229000000000000000e+03
6.230000000000000000e+03
9.537000000000000000e+03
9.964000000000000000e+03
4.410000000000000000e+02
7.057000000000000000e+03
7.273000000000000000e+03
7.680000000000000000e+03
1.861000000000000000e+03
6.297000000000000000e+03
1.214000000000000000e+03
7.117000000000000000e+03
4.963000000000000000e+03
3.945000000000000000e+03
8.263000000000000000e+03
6.837000000000000000e+03
8.569000000000000000e+03
1.192000000000000000e+03
6.114000000000000000e+03
3.023000000000000000e+03
6.958000000000000000e+03
1.256000000000000000e+03
6.439000000000000000e+03
8.894000000000000000e+03
1.500000000000000000e+02
9.495000000000000000e+03
6.691000000000000000e+03
1.775000000000000000e+03
3.584000000000000000e+03
7.110000000000000000e+03
2.047000000000000000e+03
9.562000000000000000e+03
1.508000000000000000e+03
5.789000000000000000e+03
6.595000000000000000e+03
3.660000000000000000e+03
7.414000000000000000e+03
8.769000000000000000e+03
6.663000000000000000e+03
8.856000000000000000e+03
5.810000000000000000e+02
4.693000000000000000e+03
4.701000000000000000e+03
3.859000000000000000e+03
2.904000000000000000e+03
4.811000000000000000e+03
9.956000000000000000e+03
6.470000000000000000e+02
4.834000000000000000e+03
6.686000000000000000e+03
8.928000000000000000e+03
8.925000000000000000e+03
4.875000000000000000e+03
4.939000000000000000e+03
4.968000000000000000e+03
7.688000000000000000e+03
4.991000000000000000e+03
9.890000000000000000e+02
5.702000000000000000e+03
8.153000000000000000e+03
7.803000000000000000e+03
7.000000000000000000e+01
2.193000000000000000e+03
1.022000000000000000e+03
7.813000000000000000e+03
6.138000000000000000e+03
6.105000000000000000e+03
8.079000000000000000e+03
2.380000000000000000e+03
8.061000000000000000e+03
7.858000000000000000e+03
6.075000000000000000e+03
1.084000000000000000e+03
8.037000000000000000e+03
1.590000000000000000e+02
1.090000000000000000e+03
1.164000000000000000e+03
8.015000000000000000e+03
8.008000000000000000e+03
6.052000000000000000e+03
7.995000000000000000e+03
1.116000000000000000e+03
7.974000000000000000e+03
2.322000000000000000e+03
5.687000000000000000e+03
9.501000000000000000e+03
9.987000000000000000e+03
8.230000000000000000e+03
6.644000000000000000e+03
6.627000000000000000e+03
7.470000000000000000e+02
8.694000000000000000e+03
8.691000000000000000e+03
2.812000000000000000e+03
6.548000000000000000e+03
5.160000000000000000e+03
7.920000000000000000e+02
2.009000000000000000e+03
5.265000000000000000e+03
2.025000000000000000e+03
7.648000000000000000e+03
8.501000000000000000e+03
2.041000000000000000e+03
1.294000000000000000e+03
6.424000000000000000e+03
2.668000000000000000e+03
8.630000000000000000e+02
6.395000000000000000e+03
8.397000000000000000e+03
5.500000000000000000e+01
7.169000000000000000e+03
6.346000000000000000e+03
2.569000000000000000e+03
2.563000000000000000e+03
8.241000000000000000e+03
6.215000000000000000e+03
3.120000000000000000e+02
7.370000000000000000e+02
4.171000000000000000e+03
9.008000000000000000e+03
4.920000000000000000e+02
3.354000000000000000e+03
4.426000000000000000e+03
7.250000000000000000e+03
9.120000000000000000e+03
9.208000000000000000e+03
9.790000000000000000e+03
9.424000000000000000e+03
7.077000000000000000e+03
3.184000000000000000e+03
3.359000000000000000e+03
7.010000000000000000e+03
1.694000000000000000e+03
4.030000000000000000e+02
7.289000000000000000e+03
1.702000000000000000e+03
6.869000000000000000e+03
9.327000000000000000e+03
1.200000000000000000e+02
3.272000000000000000e+03
3.399000000000000000e+03
1.662000000000000000e+03
6.937000000000000000e+03
8.997000000000000000e+03
9.664000000000000000e+03
7.164000000000000000e+03
7.209000000000000000e+03
7.347000000000000000e+03
7.072000000000000000e+03
6.970000000000000000e+03
1.825000000000000000e+03
6.932000000000000000e+03
5.540000000000000000e+02
8.844000000000000000e+03
8.568000000000000000e+03
6.339000000000000000e+03
8.462000000000000000e+03
6.540000000000000000e+02
6.073000000000000000e+03
7.845000000000000000e+03
9.799000000000000000e+03
9.303000000000000000e+03
5.198000000000000000e+03
1.155000000000000000e+03
5.270000000000000000e+03
5.800000000000000000e+03
9.348000000000000000e+03
9.308000000000000000e+03
5.619000000000000000e+03
6.999000000000000000e+03
7.968000000000000000e+03
5.418000000000000000e+03
5.572000000000000000e+03
9.870000000000000000e+02
1.647000000000000000e+03
8.045000000000000000e+03
1.736000000000000000e+03
5.585000000000000000e+03
3.369000000000000000e+03
3.011000000000000000e+03
6.378000000000000000e+03
9.686000000000000000e+03
6.936000000000000000e+03
4.610000000000000000e+03
6.509000000000000000e+03
4.910000000000000000e+02
3.409000000000000000e+03
6.818000000000000000e+03
8.260000000000000000e+03
8.046000000000000000e+03
2.234000000000000000e+03
1.343000000000000000e+03
9.177000000000000000e+03
5.248000000000000000e+03
7.850000000000000000e+02
6.462000000000000000e+03
9.143000000000000000e+03
3.529000000000000000e+03
1.358000000000000000e+03
8.053000000000000000e+03
2.968000000000000000e+03
4.845000000000000000e+03
3.917000000000000000e+03
5.733000000000000000e+03
1.714000000000000000e+03
3.502000000000000000e+03
9.995000000000000000e+03
1.141000000000000000e+03
2.324000000000000000e+03
1.213000000000000000e+03
4.742000000000000000e+03
7.854000000000000000e+03
6.364000000000000000e+03
5.377000000000000000e+03
1.440000000000000000e+03
1.023000000000000000e+03
2.952000000000000000e+03
2.492000000000000000e+03
7.817000000000000000e+03
1.160000000000000000e+02
4.306000000000000000e+03
8.395000000000000000e+03
9.642000000000000000e+03
3.806000000000000000e+03
4.024000000000000000e+03
7.218000000000000000e+03
2.165000000000000000e+03
5.926000000000000000e+03
7.447000000000000000e+03
2.821000000000000000e+03
8.590000000000000000e+03
2.361000000000000000e+03
2.931000000000000000e+03
3.143000000000000000e+03
8.210000000000000000e+02
2.408000000000000000e+03
9.896000000000000000e+03
1.634000000000000000e+03
9.893000000000000000e+03
6.919000000000000000e+03
2.915000000000000000e+03
6.440000000000000000e+03
6.486000000000000000e+03
6.300000000000000000e+03
1.793000000000000000e+03
7.384000000000000000e+03
9.748000000000000000e+03
4.744000000000000000e+03
3.002000000000000000e+03
2.880000000000000000e+02
2.803000000000000000e+03
5.852000000000000000e+03
5.178000000000000000e+03
5.247000000000000000e+03
6.500000000000000000e+03
4.113000000000000000e+03
2.996000000000000000e+03
5.319000000000000000e+03
2.008000000000000000e+03
5.079000000000000000e+03
5.688000000000000000e+03
6.633000000000000000e+03
9.671000000000000000e+03
6.457000000000000000e+03
4.670000000000000000e+02
4.569000000000000000e+03
2.469000000000000000e+03
3.353000000000000000e+03
5.222000000000000000e+03
4.005000000000000000e+03
9.457000000000000000e+03
1.048000000000000000e+03
4.896000000000000000e+03
5.574000000000000000e+03
6.332000000000000000e+03
2.906000000000000000e+03
8.796000000000000000e+03
9.566000000000000000e+03
8.307000000000000000e+03
3.566000000000000000e+03
1.037000000000000000e+03
8.106000000000000000e+03
7.497000000000000000e+03
7.095000000000000000e+03
3.987000000000000000e+03
9.581000000000000000e+03
1.594000000000000000e+03
7.800000000000000000e+02
6.868000000000000000e+03
5.156000000000000000e+03
2.646000000000000000e+03
7.042000000000000000e+03
8.000000000000000000e+03
7.300000000000000000e+03
7.703000000000000000e+03
7.290000000000000000e+02
4.805000000000000000e+03
9.552000000000000000e+03
8.021000000000000000e+03
9.149000000000000000e+03
5.225000000000000000e+03
6.445000000000000000e+03
5.279000000000000000e+03
8.540000000000000000e+02
7.991000000000000000e+03
3.627000000000000000e+03
9.214000000000000000e+03
9.680000000000000000e+02
7.982000000000000000e+03
3.282000000000000000e+03
8.253000000000000000e+03
8.262000000000000000e+03
7.873000000000000000e+03
2.951000000000000000e+03
7.559000000000000000e+03
6.080000000000000000e+03
3.102000000000000000e+03
7.360000000000000000e+02
7.513000000000000000e+03
1.621000000000000000e+03
2.946000000000000000e+03
5.857000000000000000e+03
4.978000000000000000e+03
4.133000000000000000e+03
2.136000000000000000e+03
1.858000000000000000e+03
6.367000000000000000e+03
4.173000000000000000e+03
7.219000000000000000e+03
3.320000000000000000e+03
8.852000000000000000e+03
8.174000000000000000e+03
7.787000000000000000e+03
9.118000000000000000e+03
8.104000000000000000e+03
7.462000000000000000e+03
9.971000000000000000e+03
4.100000000000000000e+02
1.695000000000000000e+03
8.251000000000000000e+03
1.140000000000000000e+02
8.409000000000000000e+03
4.051000000000000000e+03
9.283000000000000000e+03
7.324000000000000000e+03
1.420000000000000000e+03
6.697000000000000000e+03
3.600000000000000000e+01
2.813000000000000000e+03
3.770000000000000000e+03
3.351000000000000000e+03
8.709000000000000000e+03
6.900000000000000000e+02
3.710000000000000000e+02
7.993000000000000000e+03
8.872000000000000000e+03
8.648000000000000000e+03
7.557000000000000000e+03
6.668000000000000000e+03
3.052000000000000000e+03
6.794000000000000000e+03
5.848000000000000000e+03
5.588000000000000000e+03
9.708000000000000000e+03
4.064000000000000000e+03
9.279000000000000000e+03
7.027000000000000000e+03
3.325000000000000000e+03
4.452000000000000000e+03
4.995000000000000000e+03
8.170000000000000000e+03
5.617000000000000000e+03
6.460000000000000000e+02
5.469000000000000000e+03
2.010000000000000000e+03
7.474000000000000000e+03
9.980000000000000000e+03
7.063000000000000000e+03
1.433000000000000000e+03
5.529000000000000000e+03
8.793000000000000000e+03
9.935000000000000000e+03
1.699000000000000000e+03
3.762000000000000000e+03
5.614000000000000000e+03
4.785000000000000000e+03
3.316000000000000000e+03
9.941000000000000000e+03
7.930000000000000000e+03
8.870000000000000000e+02
7.891000000000000000e+03
5.964000000000000000e+03
6.745000000000000000e+03
2.496000000000000000e+03
9.151000000000000000e+03
7.628000000000000000e+03
2.310000000000000000e+02
7.710000000000000000e+03
2.737000000000000000e+03
8.726000000000000000e+03
1.700000000000000000e+02
5.150000000000000000e+02
6.672000000000000000e+03
5.067000000000000000e+03
9.203000000000000000e+03
1.940000000000000000e+03
9.553000000000000000e+03
7.296000000000000000e+03
6.302000000000000000e+03
1.271000000000000000e+03
8.878000000000000000e+03
8.884000000000000000e+03
1.816000000000000000e+03
5.726000000000000000e+03
8.746000000000000000e+03
3.621000000000000000e+03
8.972000000000000000e+03
7.574000000000000000e+03
6.991000000000000000e+03
4.986000000000000000e+03
9.900000000000000000e+01
9.087000000000000000e+03
4.851000000000000000e+03
9.299000000000000000e+03
7.920000000000000000e+03
9.103000000000000000e+03
5.912000000000000000e+03
8.500000000000000000e+02
7.141000000000000000e+03
9.520000000000000000e+02
5.060000000000000000e+02
3.831000000000000000e+03
7.092000000000000000e+03
9.974000000000000000e+03
9.200000000000000000e+01
2.957000000000000000e+03
9.147000000000000000e+03
2.189000000000000000e+03
5.770000000000000000e+03
7.252000000000000000e+03
9.019000000000000000e+03
5.362000000000000000e+03
9.080000000000000000e+03
6.913000000000000000e+03
8.366000000000000000e+03
7.262000000000000000e+03
2.734000000000000000e+03
1.476000000000000000e+03
6.098000000000000000e+03
8.563000000000000000e+03
5.050000000000000000e+03
6.880000000000000000e+02
8.260000000000000000e+02
2.517000000000000000e+03
6.168000000000000000e+03
4.589000000000000000e+03
4.880000000000000000e+03
1.800000000000000000e+02
2.670000000000000000e+03
5.315000000000000000e+03
2.318000000000000000e+03
5.698000000000000000e+03
4.366000000000000000e+03
3.752000000000000000e+03
8.152000000000000000e+03
7.704000000000000000e+03
3.240000000000000000e+02
7.528000000000000000e+03
3.446000000000000000e+03
3.700000000000000000e+03
9.093000000000000000e+03
2.965000000000000000e+03
1.149000000000000000e+03
8.039000000000000000e+03
4.097000000000000000e+03
7.539000000000000000e+03
6.140000000000000000e+02
2.632000000000000000e+03
4.331000000000000000e+03
4.650000000000000000e+03
3.379000000000000000e+03
9.874000000000000000e+03
8.025000000000000000e+03
8.510000000000000000e+02
1.692000000000000000e+03
5.553000000000000000e+03
5.439000000000000000e+03
6.770000000000000000e+03
8.619000000000000000e+03
2.045000000000000000e+03
3.058000000000000000e+03
3.428000000000000000e+03
5.512000000000000000e+03
2.606000000000000000e+03
4.297000000000000000e+03
4.365000000000000000e+03
4.172000000000000000e+03
3.966000000000000000e+03
9.475000000000000000e+03
4.645000000000000000e+03
5.336000000000000000e+03
9.528000000000000000e+03
9.271000000000000000e+03
5.298000000000000000e+03
6.196000000000000000e+03
1.283000000000000000e+03
2.068000000000000000e+03
8.519000000000000000e+03
1.310000000000000000e+03
5.556000000000000000e+03
6.661000000000000000e+03
1.949000000000000000e+03
9.388000000000000000e+03
4.674000000000000000e+03
7.173000000000000000e+03
3.733000000000000000e+03
7.989000000000000000e+03
9.013000000000000000e+03
6.158000000000000000e+03
2.344000000000000000e+03
4.745000000000000000e+03
6.370000000000000000e+02
7.194000000000000000e+03
1.856000000000000000e+03
6.950000000000000000e+02
1.905000000000000000e+03
9.612000000000000000e+03
6.246000000000000000e+03
3.546000000000000000e+03
8.385000000000000000e+03
3.539000000000000000e+03
7.253000000000000000e+03
7.292000000000000000e+03
3.280000000000000000e+02
7.696000000000000000e+03
3.773000000000000000e+03
9.735000000000000000e+03
5.379000000000000000e+03
5.578000000000000000e+03
2.208000000000000000e+03
1.201000000000000000e+03
8.833000000000000000e+03
4.871000000000000000e+03
3.344000000000000000e+03
2.743000000000000000e+03
4.503000000000000000e+03
6.040000000000000000e+03
9.821000000000000000e+03
4.507000000000000000e+03
5.388000000000000000e+03
2.399000000000000000e+03
8.228000000000000000e+03
8.546000000000000000e+03
6.730000000000000000e+03
8.384000000000000000e+03
6.597000000000000000e+03
4.912000000000000000e+03
6.840000000000000000e+03
3.730000000000000000e+03
7.013000000000000000e+03
5.888000000000000000e+03
6.151000000000000000e+03
4.661000000000000000e+03
2.306000000000000000e+03
9.477000000000000000e+03
7.287000000000000000e+03
1.121000000000000000e+03
3.053000000000000000e+03
8.424000000000000000e+03
2.779000000000000000e+03
5.696000000000000000e+03
5.210000000000000000e+02
7.312000000000000000e+03
8.308000000000000000e+03
7.492000000000000000e+03
9.001000000000000000e+03
8.272000000000000000e+03
7.643000000000000000e+03
1.308000000000000000e+03
2.970000000000000000e+03
9.126000000000000000e+03
9.496000000000000000e+03
5.887000000000000000e+03
5.211000000000000000e+03
4.717000000000000000e+03
4.404000000000000000e+03
8.052000000000000000e+03
7.387000000000000000e+03
5.215000000000000000e+03
6.830000000000000000e+03
8.339000000000000000e+03
1.783000000000000000e+03
4.502000000000000000e+03
6.306000000000000000e+03
8.200000000000000000e+01
1.354000000000000000e+03
3.310000000000000000e+02
1.241000000000000000e+03
3.476000000000000000e+03
7.488000000000000000e+03
4.907000000000000000e+03
4.586000000000000000e+03
8.075000000000000000e+03
4.673000000000000000e+03
5.762000000000000000e+03
5.595000000000000000e+03
7.000000000000000000e+03
3.718000000000000000e+03
8.410000000000000000e+02
1.557000000000000000e+03
2.773000000000000000e+03
6.824000000000000000e+03
9.242000000000000000e+03
6.755000000000000000e+03
5.729000000000000000e+03
7.155000000000000000e+03
3.617000000000000000e+03
5.730000000000000000e+03
2.092000000000000000e+03
8.099000000000000000e+03
5.736000000000000000e+03
6.329000000000000000e+03
2.930000000000000000e+02
7.286000000000000000e+03
6.881000000000000000e+03
9.576000000000000000e+03
3.128000000000000000e+03
1.763000000000000000e+03
5.020000000000000000e+03
7.459000000000000000e+03
4.750000000000000000e+03
3.264000000000000000e+03
7.987000000000000000e+03
8.290000000000000000e+03
7.260000000000000000e+03
8.249000000000000000e+03
1.670000000000000000e+02
9.883000000000000000e+03
4.691000000000000000e+03
4.929000000000000000e+03
7.695000000000000000e+03
3.750000000000000000e+03
9.715000000000000000e+03
9.144000000000000000e+03
2.708000000000000000e+03
7.749000000000000000e+03
8.727000000000000000e+03
2.604000000000000000e+03
2.194000000000000000e+03
6.970000000000000000e+02
3.331000000000000000e+03
6.820000000000000000e+02
6.716000000000000000e+03
2.010000000000000000e+02
4.494000000000000000e+03
4.814000000000000000e+03
3.655000000000000000e+03
1.261000000000000000e+03
4.644000000000000000e+03
5.527000000000000000e+03
7.955000000000000000e+03
6.986000000000000000e+03
4.330000000000000000e+03
8.980000000000000000e+03
4.700000000000000000e+01
2.962000000000000000e+03
5.127000000000000000e+03
6.000000000000000000e+02
2.648000000000000000e+03
9.472000000000000000e+03
8.189000000000000000e+03
9.054000000000000000e+03
3.911000000000000000e+03
5.520000000000000000e+02
9.580000000000000000e+02
7.892000000000000000e+03
4.779000000000000000e+03
7.484000000000000000e+03
1.031000000000000000e+03
4.437000000000000000e+03
2.022000000000000000e+03
7.642000000000000000e+03
1.907000000000000000e+03
6.605000000000000000e+03
8.360000000000000000e+02
5.273000000000000000e+03
5.212000000000000000e+03
5.483000000000000000e+03
2.003000000000000000e+03
4.043000000000000000e+03
7.615000000000000000e+03
9.910000000000000000e+02
8.203000000000000000e+03
7.180000000000000000e+03
3.724000000000000000e+03
9.513000000000000000e+03
4.266000000000000000e+03
6.810000000000000000e+02
6.547000000000000000e+03
6.658000000000000000e+03
9.875000000000000000e+03
6.555000000000000000e+03
6.612000000000000000e+03
4.830000000000000000e+03
2.832000000000000000e+03
2.769000000000000000e+03
6.491000000000000000e+03
3.867000000000000000e+03
9.950000000000000000e+02
4.951000000000000000e+03
7.177000000000000000e+03
4.432000000000000000e+03
4.168000000000000000e+03
9.067000000000000000e+03
2.056000000000000000e+03
3.760000000000000000e+03
3.417000000000000000e+03
5.372000000000000000e+03
9.412000000000000000e+03
7.431000000000000000e+03
7.564000000000000000e+03
4.300000000000000000e+03
5.170000000000000000e+03
7.125000000000000000e+03
2.980000000000000000e+03
4.784000000000000000e+03
8.056000000000000000e+03
5.234000000000000000e+03
1.589000000000000000e+03
7.160000000000000000e+03
3.000000000000000000e+01
5.830000000000000000e+03
3.960000000000000000e+02
8.472000000000000000e+03
8.773000000000000000e+03
3.852000000000000000e+03
5.240000000000000000e+03
8.513000000000000000e+03
3.769000000000000000e+03
4.656000000000000000e+03
2.202000000000000000e+03
3.926000000000000000e+03
7.809000000000000000e+03
8.953000000000000000e+03
2.433000000000000000e+03
3.150000000000000000e+03
7.819000000000000000e+03
7.949000000000000000e+03
7.311000000000000000e+03
5.783000000000000000e+03
1.291000000000000000e+03
5.950000000000000000e+03
2.271000000000000000e+03
1.639000000000000000e+03
5.366000000000000000e+03
2.800000000000000000e+02
7.522000000000000000e+03
6.435000000000000000e+03
9.717000000000000000e+03
6.702000000000000000e+03
4.768000000000000000e+03
1.092000000000000000e+03
5.936000000000000000e+03
5.730000000000000000e+02
9.012000000000000000e+03
5.221000000000000000e+03
6.587000000000000000e+03
3.271000000000000000e+03
5.321000000000000000e+03
3.686000000000000000e+03
3.021000000000000000e+03
4.874000000000000000e+03
5.615000000000000000e+03
8.745000000000000000e+03
3.029000000000000000e+03
9.968000000000000000e+03
9.490000000000000000e+03
2.530000000000000000e+02
4.537000000000000000e+03
1.110000000000000000e+02
6.967000000000000000e+03
2.790000000000000000e+02
9.939000000000000000e+03
2.730000000000000000e+02
2.098000000000000000e+03
3.356000000000000000e+03
4.355000000000000000e+03
5.811000000000000000e+03
4.478000000000000000e+03
4.248000000000000000e+03
2.401000000000000000e+03
7.255000000000000000e+03
8.059000000000000000e+03
6.990000000000000000e+03
5.808000000000000000e+03
1.034000000000000000e+03
1.180000000000000000e+02
8.870000000000000000e+03
6.763000000000000000e+03
9.301000000000000000e+03
2.091000000000000000e+03
6.281000000000000000e+03
8.959000000000000000e+03
5.059000000000000000e+03
8.089000000000000000e+03
8.682000000000000000e+03
9.446000000000000000e+03
6.656000000000000000e+03
1.221000000000000000e+03
1.400000000000000000e+01
5.054000000000000000e+03
2.754000000000000000e+03
5.928000000000000000e+03
1.648000000000000000e+03
1.512000000000000000e+03
8.850000000000000000e+03
1.630000000000000000e+03
4.619000000000000000e+03
3.630000000000000000e+02
7.388000000000000000e+03
2.583000000000000000e+03
8.188000000000000000e+03
2.198000000000000000e+03
3.488000000000000000e+03
6.513000000000000000e+03
1.980000000000000000e+03
6.334000000000000000e+03
6.199000000000000000e+03
4.445000000000000000e+03
2.932000000000000000e+03
4.979000000000000000e+03
6.603000000000000000e+03
3.837000000000000000e+03
3.983000000000000000e+03
5.092000000000000000e+03
9.634000000000000000e+03
5.307000000000000000e+03
5.229000000000000000e+03
4.225000000000000000e+03
4.162000000000000000e+03
8.655000000000000000e+03
7.760000000000000000e+02
8.620000000000000000e+03
7.562000000000000000e+03
5.108000000000000000e+03
5.149000000000000000e+03
3.878000000000000000e+03
7.534000000000000000e+03
3.969000000000000000e+03
2.040000000000000000e+02
7.157000000000000000e+03
7.205000000000000000e+03
9.282000000000000000e+03
7.238000000000000000e+03
1.660000000000000000e+03
3.259000000000000000e+03
7.045000000000000000e+03
4.303000000000000000e+03
1.685000000000000000e+03
7.309000000000000000e+03
7.314000000000000000e+03
4.396000000000000000e+03
4.422000000000000000e+03
3.130000000000000000e+03
1.482000000000000000e+03
4.499000000000000000e+03
9.041000000000000000e+03
6.875000000000000000e+03
1.764000000000000000e+03
4.684000000000000000e+03
4.710000000000000000e+03
6.790000000000000000e+03
3.649000000000000000e+03
8.908000000000000000e+03
2.950000000000000000e+03
8.848000000000000000e+03
2.846000000000000000e+03
2.308000000000000000e+03
8.610000000000000000e+03
9.389000000000000000e+03
2.420000000000000000e+03
1.020000000000000000e+03
6.426000000000000000e+03
5.750000000000000000e+03
5.459000000000000000e+03
7.973000000000000000e+03
2.571000000000000000e+03
6.166000000000000000e+03
7.830000000000000000e+03
1.290000000000000000e+03
5.667000000000000000e+03
1.000000000000000000e+03
6.020000000000000000e+03
7.622000000000000000e+03
9.860000000000000000e+02
8.609000000000000000e+03
2.054000000000000000e+03
6.386000000000000000e+03
1.995000000000000000e+03
5.429000000000000000e+03
7.713000000000000000e+03
9.270000000000000000e+02
8.507000000000000000e+03
4.336000000000000000e+03
5.537000000000000000e+03
3.314000000000000000e+03
7.321000000000000000e+03
2.078000000000000000e+03
7.526000000000000000e+03
8.300000000000000000e+02
3.802000000000000000e+03
1.640000000000000000e+02
6.965000000000000000e+03
8.137000000000000000e+03
7.743000000000000000e+03
6.600000000000000000e+02
3.220000000000000000e+03
7.351000000000000000e+03
6.883000000000000000e+03
3.337000000000000000e+03
1.097000000000000000e+03
4.727000000000000000e+03
2.688000000000000000e+03
8.685000000000000000e+03
2.171000000000000000e+03
8.145000000000000000e+03
6.659000000000000000e+03
2.817000000000000000e+03
6.540000000000000000e+03
3.257000000000000000e+03
4.290000000000000000e+02
2.482000000000000000e+03
9.319000000000000000e+03
3.899000000000000000e+03
8.347000000000000000e+03
2.240000000000000000e+03
4.435000000000000000e+03
6.145000000000000000e+03
3.080000000000000000e+02
9.656000000000000000e+03
9.445000000000000000e+03
9.359000000000000000e+03
2.529000000000000000e+03
5.410000000000000000e+02
7.653000000000000000e+03
9.979000000000000000e+03
1.030000000000000000e+03
8.871000000000000000e+03
7.569000000000000000e+03
2.667000000000000000e+03
2.470000000000000000e+03
2.205000000000000000e+03
3.611000000000000000e+03
3.449000000000000000e+03
1.657000000000000000e+03
8.717000000000000000e+03
9.866000000000000000e+03
6.043000000000000000e+03
4.324000000000000000e+03
4.800000000000000000e+03
9.083000000000000000e+03
4.199000000000000000e+03
5.457000000000000000e+03
3.909000000000000000e+03
7.500000000000000000e+03
1.436000000000000000e+03
1.330000000000000000e+02
3.818000000000000000e+03
6.241000000000000000e+03
1.607000000000000000e+03
9.745000000000000000e+03
7.198000000000000000e+03
9.993000000000000000e+03
1.469000000000000000e+03
7.467000000000000000e+03
7.614000000000000000e+03
9.159000000000000000e+03
5.452000000000000000e+03
2.340000000000000000e+03
9.448000000000000000e+03
7.932000000000000000e+03
7.751000000000000000e+03
3.300000000000000000e+02
3.232000000000000000e+03
2.806000000000000000e+03
5.432000000000000000e+03
3.857000000000000000e+03
1.620000000000000000e+03
1.829000000000000000e+03
5.797000000000000000e+03
8.764000000000000000e+03
4.290000000000000000e+03
5.289000000000000000e+03
2.287000000000000000e+03
8.200000000000000000e+03
4.775000000000000000e+03
6.393000000000000000e+03
4.154000000000000000e+03
9.806000000000000000e+03
6.737000000000000000e+03
3.243000000000000000e+03
9.610000000000000000e+02
1.906000000000000000e+03
7.183000000000000000e+03
5.219000000000000000e+03
6.559000000000000000e+03
2.448000000000000000e+03
2.595000000000000000e+03
9.632000000000000000e+03
6.407000000000000000e+03
5.533000000000000000e+03
2.051000000000000000e+03
1.435000000000000000e+03
2.590000000000000000e+02
9.623000000000000000e+03
4.284000000000000000e+03
6.072000000000000000e+03
1.721000000000000000e+03
2.536000000000000000e+03
2.893000000000000000e+03
9.309000000000000000e+03
2.276000000000000000e+03
3.229000000000000000e+03
2.176000000000000000e+03
8.162000000000000000e+03
4.296000000000000000e+03
8.701000000000000000e+03
5.217000000000000000e+03
9.810000000000000000e+03
7.710000000000000000e+02
8.312000000000000000e+03
4.420000000000000000e+02
2.042000000000000000e+03
8.110000000000000000e+02
7.108000000000000000e+03
5.724000000000000000e+03
8.380000000000000000e+03
7.399000000000000000e+03
7.625000000000000000e+03
4.924000000000000000e+03
1.066000000000000000e+03
4.379000000000000000e+03
1.792000000000000000e+03
7.342000000000000000e+03
5.356000000000000000e+03
9.519000000000000000e+03
6.814000000000000000e+03
5.705000000000000000e+03
9.406000000000000000e+03
6.701000000000000000e+03
7.893000000000000000e+03
5.583000000000000000e+03
6.310000000000000000e+03
3.906000000000000000e+03
5.746000000000000000e+03
2.250000000000000000e+02
1.551000000000000000e+03
9.100000000000000000e+01
4.204000000000000000e+03
9.606000000000000000e+03
9.140000000000000000e+03
4.448000000000000000e+03
2.096000000000000000e+03
3.230000000000000000e+02
4.487000000000000000e+03
2.343000000000000000e+03
6.121000000000000000e+03
4.626000000000000000e+03
2.035000000000000000e+03
5.862000000000000000e+03
6.134000000000000000e+03
8.700000000000000000e+03
3.575000000000000000e+03
4.733000000000000000e+03
5.421000000000000000e+03
1.125000000000000000e+03
5.143000000000000000e+03
2.439000000000000000e+03
5.275000000000000000e+03
4.137000000000000000e+03
1.779000000000000000e+03
1.302000000000000000e+03
1.124000000000000000e+03
5.114000000000000000e+03
5.329000000000000000e+03
6.023000000000000000e+03
7.853000000000000000e+03
2.955000000000000000e+03
5.645000000000000000e+03
2.888000000000000000e+03
5.426000000000000000e+03
8.638000000000000000e+03
4.675000000000000000e+03
8.855000000000000000e+03
2.412000000000000000e+03
1.205000000000000000e+03
2.251000000000000000e+03
6.252000000000000000e+03
9.727000000000000000e+03
2.332000000000000000e+03
8.220000000000000000e+03
4.721000000000000000e+03
9.030000000000000000e+03
6.096000000000000000e+03
9.500000000000000000e+02
6.677000000000000000e+03
9.317000000000000000e+03
5.013000000000000000e+03
3.920000000000000000e+02
4.253000000000000000e+03
5.945000000000000000e+03
1.789000000000000000e+03
1.938000000000000000e+03
3.771000000000000000e+03
4.919000000000000000e+03
4.037000000000000000e+03
4.621000000000000000e+03
1.768000000000000000e+03
6.001000000000000000e+03
5.169000000000000000e+03
6.877000000000000000e+03
1.987000000000000000e+03
2.298000000000000000e+03
1.750000000000000000e+03
5.941000000000000000e+03
6.975000000000000000e+03
6.432000000000000000e+03
2.038000000000000000e+03
5.844000000000000000e+03
2.375000000000000000e+03
9.803000000000000000e+03
4.000000000000000000e+01
4.187000000000000000e+03
2.245000000000000000e+03
5.853000000000000000e+03
4.822000000000000000e+03
2.856000000000000000e+03
3.034000000000000000e+03
2.943000000000000000e+03
6.394000000000000000e+03
2.655000000000000000e+03
3.521000000000000000e+03
5.354000000000000000e+03
2.347000000000000000e+03
5.037000000000000000e+03
2.548000000000000000e+03
4.245000000000000000e+03
3.167000000000000000e+03
2.644000000000000000e+03
4.533000000000000000e+03
6.819000000000000000e+03
1.446000000000000000e+03
9.127000000000000000e+03
3.030000000000000000e+02
1.386000000000000000e+03
9.274000000000000000e+03
9.476000000000000000e+03
7.240000000000000000e+03
7.870000000000000000e+02
7.994000000000000000e+03
1.240000000000000000e+02
1.398000000000000000e+03
9.499000000000000000e+03
8.890000000000000000e+03
8.212000000000000000e+03
8.434000000000000000e+03
1.101000000000000000e+03
9.306000000000000000e+03
9.312000000000000000e+03
8.489000000000000000e+03
8.531000000000000000e+03
9.361000000000000000e+03
5.040000000000000000e+02
1.990000000000000000e+02
7.457000000000000000e+03
7.934000000000000000e+03
8.150000000000000000e+02
2.220000000000000000e+02
4.074000000000000000e+03
2.303000000000000000e+03
6.920000000000000000e+03
6.033000000000000000e+03
9.880000000000000000e+03
8.681000000000000000e+03
4.329000000000000000e+03
7.416000000000000000e+03
8.593000000000000000e+03
6.725000000000000000e+03
3.459000000000000000e+03
5.347000000000000000e+03
9.294000000000000000e+03
2.611000000000000000e+03
9.335000000000000000e+03
3.916000000000000000e+03
4.201000000000000000e+03
3.558000000000000000e+03
9.985000000000000000e+03
7.505000000000000000e+03
5.473000000000000000e+03
9.500000000000000000e+03
5.394000000000000000e+03
6.373000000000000000e+03
2.064000000000000000e+03
5.998000000000000000e+03
8.915000000000000000e+03
8.857000000000000000e+03
7.402000000000000000e+03
6.500000000000000000e+02
1.814000000000000000e+03
1.432000000000000000e+03
7.772000000000000000e+03
7.694000000000000000e+03
3.824000000000000000e+03
4.800000000000000000e+02
3.042000000000000000e+03
3.680000000000000000e+03
1.738000000000000000e+03
3.810000000000000000e+02
9.053000000000000000e+03
7.328000000000000000e+03
3.137000000000000000e+03
5.194000000000000000e+03
9.888000000000000000e+03
9.289000000000000000e+03
1.939000000000000000e+03
9.812000000000000000e+03
7.804000000000000000e+03
9.167000000000000000e+03
6.453000000000000000e+03
9.626000000000000000e+03
3.481000000000000000e+03
7.530000000000000000e+03
2.938000000000000000e+03
8.971000000000000000e+03
7.356000000000000000e+03
6.568000000000000000e+03
3.924000000000000000e+03
6.549000000000000000e+03
6.059000000000000000e+03
6.250000000000000000e+02
6.811000000000000000e+03
3.850000000000000000e+03
4.440000000000000000e+02
5.809000000000000000e+03
9.148000000000000000e+03
9.065000000000000000e+03
9.847000000000000000e+03
4.389000000000000000e+03
6.295000000000000000e+03
6.361000000000000000e+03
6.042000000000000000e+03
2.151000000000000000e+03
3.829000000000000000e+03
3.587000000000000000e+03
9.830000000000000000e+03
9.928000000000000000e+03
8.392000000000000000e+03
2.770000000000000000e+03
8.349000000000000000e+03
6.466000000000000000e+03
6.616000000000000000e+03
4.955000000000000000e+03
4.931000000000000000e+03
3.900000000000000000e+01
4.861000000000000000e+03
1.656000000000000000e+03
7.257000000000000000e+03
6.320000000000000000e+03
4.764000000000000000e+03
7.671000000000000000e+03
3.258000000000000000e+03
5.747000000000000000e+03
7.881000000000000000e+03
3.004000000000000000e+03
2.480000000000000000e+03
7.038000000000000000e+03
3.054000000000000000e+03
5.656000000000000000e+03
5.630000000000000000e+02
9.958000000000000000e+03
5.323000000000000000e+03
1.190000000000000000e+03
4.866000000000000000e+03
2.674000000000000000e+03
6.508000000000000000e+03
4.525000000000000000e+03
2.466000000000000000e+03
5.162000000000000000e+03
3.905000000000000000e+03
6.350000000000000000e+03
8.820000000000000000e+02
5.777000000000000000e+03
7.693000000000000000e+03
4.947000000000000000e+03
1.984000000000000000e+03
4.646000000000000000e+03
2.088000000000000000e+03
2.307000000000000000e+03
8.955000000000000000e+03
9.530000000000000000e+02
2.740000000000000000e+03
2.518000000000000000e+03
1.865000000000000000e+03
6.280000000000000000e+02
4.035000000000000000e+03
6.558000000000000000e+03
6.149000000000000000e+03
3.999000000000000000e+03
1.475000000000000000e+03
4.514000000000000000e+03
6.580000000000000000e+03
9.360000000000000000e+03
7.158000000000000000e+03
5.799000000000000000e+03
8.900000000000000000e+01
4.971000000000000000e+03
6.631000000000000000e+03
7.372000000000000000e+03
7.844000000000000000e+03
6.274000000000000000e+03
3.133000000000000000e+03
2.987000000000000000e+03
2.390000000000000000e+03
5.400000000000000000e+02
4.855000000000000000e+03
8.987000000000000000e+03
9.295000000000000000e+03
4.259000000000000000e+03
6.030000000000000000e+02
4.530000000000000000e+03
1.426000000000000000e+03
7.036000000000000000e+03
4.797000000000000000e+03
3.270000000000000000e+02
2.808000000000000000e+03
5.085000000000000000e+03
2.100000000000000000e+02
2.862000000000000000e+03
9.505000000000000000e+03
8.779000000000000000e+03
3.821000000000000000e+03
7.588000000000000000e+03
7.517000000000000000e+03
8.317000000000000000e+03
4.882000000000000000e+03
1.650000000000000000e+03
7.082000000000000000e+03
8.264000000000000000e+03
7.778000000000000000e+03
7.842000000000000000e+03
3.880000000000000000e+03
9.410000000000000000e+03
3.123000000000000000e+03
5.076000000000000000e+03
5.944000000000000000e+03
4.089000000000000000e+03
5.310000000000000000e+03
2.414000000000000000e+03
3.195000000000000000e+03
5.854000000000000000e+03
6.966000000000000000e+03
6.317000000000000000e+03
2.689000000000000000e+03
2.383000000000000000e+03
2.115000000000000000e+03
1.560000000000000000e+02
3.127000000000000000e+03
4.009000000000000000e+03
3.207000000000000000e+03
4.082000000000000000e+03
7.370000000000000000e+03
8.082000000000000000e+03
7.797000000000000000e+03
8.154000000000000000e+03
5.769000000000000000e+03
8.601000000000000000e+03
6.117000000000000000e+03
8.825000000000000000e+03
5.120000000000000000e+02
7.822000000000000000e+03
2.141000000000000000e+03
4.205000000000000000e+03
1.059000000000000000e+03
4.363000000000000000e+03
3.557000000000000000e+03
1.222000000000000000e+03
3.236000000000000000e+03
4.606000000000000000e+03
8.808000000000000000e+03
9.310000000000000000e+02
6.068000000000000000e+03
9.304000000000000000e+03
8.466000000000000000e+03
6.124000000000000000e+03
6.208000000000000000e+03
3.490000000000000000e+03
9.257000000000000000e+03
1.400000000000000000e+03
8.135000000000000000e+03
5.478000000000000000e+03
6.579000000000000000e+03
2.852000000000000000e+03
2.602000000000000000e+03
1.895000000000000000e+03
2.603000000000000000e+03
6.530000000000000000e+02
8.070000000000000000e+02
7.170000000000000000e+02
5.183000000000000000e+03
7.644000000000000000e+03
9.569000000000000000e+03
6.647000000000000000e+03
2.157000000000000000e+03
3.196000000000000000e+03
6.786000000000000000e+03
8.626000000000000000e+03
7.160000000000000000e+02
4.898000000000000000e+03
1.081000000000000000e+03
7.323000000000000000e+03
5.976000000000000000e+03
9.829000000000000000e+03
8.450000000000000000e+03
6.400000000000000000e+02
6.203000000000000000e+03
8.000000000000000000e+00
3.936000000000000000e+03
4.681000000000000000e+03
2.024000000000000000e+03
1.524000000000000000e+03
8.671000000000000000e+03
6.270000000000000000e+03
1.894000000000000000e+03
5.629000000000000000e+03
1.029000000000000000e+03
4.624000000000000000e+03
8.729000000000000000e+03
4.960000000000000000e+03
1.821000000000000000e+03
3.573000000000000000e+03
1.255000000000000000e+03
4.117000000000000000e+03
8.516000000000000000e+03
2.838000000000000000e+03
7.303000000000000000e+03
3.517000000000000000e+03
9.595000000000000000e+03
1.703000000000000000e+03
5.959000000000000000e+03
7.964000000000000000e+03
4.261000000000000000e+03
1.000000000000000000e+01
5.485000000000000000e+03
8.760000000000000000e+03
7.102000000000000000e+03
2.073000000000000000e+03
5.261000000000000000e+03
4.042000000000000000e+03
9.610000000000000000e+03
3.148000000000000000e+03
7.698000000000000000e+03
4.008000000000000000e+03
5.766000000000000000e+03
2.434000000000000000e+03
1.427000000000000000e+03
4.098000000000000000e+03
1.263000000000000000e+03
3.420000000000000000e+02
6.879000000000000000e+03
2.502000000000000000e+03
5.630000000000000000e+03
9.583000000000000000e+03
1.295000000000000000e+03
8.064000000000000000e+03
3.585000000000000000e+03
1.587000000000000000e+03
5.597000000000000000e+03
4.813000000000000000e+03
7.239000000000000000e+03
2.681000000000000000e+03
9.258000000000000000e+03
4.799000000000000000e+03
4.712000000000000000e+03
2.188000000000000000e+03
4.371000000000000000e+03
9.592000000000000000e+03
4.211000000000000000e+03
9.035000000000000000e+03
1.568000000000000000e+03
2.175000000000000000e+03
8.386000000000000000e+03
7.839000000000000000e+03
5.095000000000000000e+03
2.750000000000000000e+03
2.272000000000000000e+03
1.729000000000000000e+03
3.437000000000000000e+03
8.332000000000000000e+03
6.419000000000000000e+03
2.788000000000000000e+03
6.267000000000000000e+03
3.982000000000000000e+03
2.268000000000000000e+03
1.820000000000000000e+03
1.831000000000000000e+03
1.653000000000000000e+03
9.617000000000000000e+03
3.961000000000000000e+03
4.848000000000000000e+03
7.634000000000000000e+03
8.968000000000000000e+03
3.646000000000000000e+03
2.741000000000000000e+03
5.420000000000000000e+03
2.891000000000000000e+03
8.914000000000000000e+03
5.181000000000000000e+03
3.919000000000000000e+03
7.362000000000000000e+03
7.197000000000000000e+03
6.113000000000000000e+03
4.570000000000000000e+02
5.047000000000000000e+03
4.159000000000000000e+03
2.020000000000000000e+03
2.187000000000000000e+03
1.114000000000000000e+03
6.469000000000000000e+03
7.795000000000000000e+03
7.199000000000000000e+03
4.468000000000000000e+03
6.156000000000000000e+03
7.100000000000000000e+01
9.264000000000000000e+03
4.690000000000000000e+02
6.280000000000000000e+03
6.652000000000000000e+03
5.062000000000000000e+03
2.892000000000000000e+03
3.843000000000000000e+03
8.578000000000000000e+03
5.576000000000000000e+03
5.371000000000000000e+03
2.219000000000000000e+03
2.296000000000000000e+03
4.516000000000000000e+03
3.990000000000000000e+03
5.620000000000000000e+03
2.608000000000000000e+03
5.331000000000000000e+03
9.825000000000000000e+03
8.974000000000000000e+03
4.369000000000000000e+03
1.893000000000000000e+03
3.012000000000000000e+03
9.480000000000000000e+03
2.294000000000000000e+03
1.487000000000000000e+03
1.243000000000000000e+03
5.803000000000000000e+03
4.350000000000000000e+02
6.240000000000000000e+02
2.094000000000000000e+03
1.571000000000000000e+03
2.997000000000000000e+03
9.691000000000000000e+03
8.283000000000000000e+03
2.949000000000000000e+03
1.040000000000000000e+03
2.415000000000000000e+03
2.859000000000000000e+03
2.269000000000000000e+03
5.232000000000000000e+03
4.357000000000000000e+03
4.341000000000000000e+03
6.773000000000000000e+03
4.100000000000000000e+03
7.432000000000000000e+03
4.401000000000000000e+03
4.384000000000000000e+03
2.919000000000000000e+03
4.428000000000000000e+03
9.016000000000000000e+03
5.531000000000000000e+03
1.231000000000000000e+03
5.167000000000000000e+03
4.354000000000000000e+03
5.000000000000000000e+00
6.724000000000000000e+03
8.699000000000000000e+03
1.810000000000000000e+03
1.719000000000000000e+03
8.950000000000000000e+03
4.046000000000000000e+03
6.028000000000000000e+03
8.199000000000000000e+03
3.985000000000000000e+03
8.910000000000000000e+02
7.750000000000000000e+03
3.861000000000000000e+03
4.509000000000000000e+03
9.055000000000000000e+03
1.795000000000000000e+03
9.797000000000000000e+03
6.265000000000000000e+03
5.110000000000000000e+02
7.882000000000000000e+03
1.919000000000000000e+03
5.000000000000000000e+02
9.106000000000000000e+03
1.453000000000000000e+03
4.066000000000000000e+03
6.578000000000000000e+03
7.413000000000000000e+03
6.948000000000000000e+03
3.056000000000000000e+03
3.326000000000000000e+03
6.520000000000000000e+03
5.994000000000000000e+03
3.513000000000000000e+03
7.841000000000000000e+03
6.957000000000000000e+03
9.481000000000000000e+03
2.561000000000000000e+03
1.289000000000000000e+03
9.934000000000000000e+03
9.720000000000000000e+02
7.083000000000000000e+03
6.019000000000000000e+03
5.836000000000000000e+03
5.986000000000000000e+03
3.873000000000000000e+03
6.468000000000000000e+03
4.402000000000000000e+03
2.374000000000000000e+03
4.368000000000000000e+03
4.262000000000000000e+03
4.652000000000000000e+03
8.000000000000000000e+01
8.200000000000000000e+02
3.871000000000000000e+03
5.860000000000000000e+02
3.253000000000000000e+03
3.663000000000000000e+03
4.070000000000000000e+03
1.744000000000000000e+03
1.335000000000000000e+03
9.943000000000000000e+03
3.087000000000000000e+03
6.563000000000000000e+03
4.992000000000000000e+03
7.451000000000000000e+03
6.660000000000000000e+02
3.516000000000000000e+03
7.592000000000000000e+03
9.796000000000000000e+03
3.173000000000000000e+03
3.768000000000000000e+03
8.750000000000000000e+03
9.096000000000000000e+03
5.850000000000000000e+02
5.249000000000000000e+03
7.285000000000000000e+03
5.203000000000000000e+03
9.839000000000000000e+03
9.823000000000000000e+03
1.532000000000000000e+03
3.341000000000000000e+03
4.164000000000000000e+03
8.722000000000000000e+03
7.847000000000000000e+03
7.545000000000000000e+03
9.914000000000000000e+03
8.500000000000000000e+03
9.163000000000000000e+03
4.985000000000000000e+03
8.353000000000000000e+03
6.305000000000000000e+03
3.968000000000000000e+03
2.585000000000000000e+03
8.991000000000000000e+03
1.150000000000000000e+02
5.744000000000000000e+03
9.081000000000000000e+03
6.416000000000000000e+03
5.637000000000000000e+03
1.847000000000000000e+03
4.132000000000000000e+03
1.315000000000000000e+03
8.158000000000000000e+03
8.443000000000000000e+03
2.379000000000000000e+03
8.285000000000000000e+03
7.382000000000000000e+03
6.400000000000000000e+03
4.095000000000000000e+03
9.421000000000000000e+03
2.890000000000000000e+03
8.818000000000000000e+03
7.216000000000000000e+03
3.931000000000000000e+03
1.064000000000000000e+03
9.575000000000000000e+03
3.742000000000000000e+03
9.937000000000000000e+03
4.928000000000000000e+03
5.223000000000000000e+03
2.424000000000000000e+03
3.604000000000000000e+03
2.425000000000000000e+03
4.006000000000000000e+03
4.719000000000000000e+03
4.780000000000000000e+03
8.862000000000000000e+03
7.869000000000000000e+03
2.099000000000000000e+03
8.798000000000000000e+03
1.041000000000000000e+03
8.535000000000000000e+03
2.590000000000000000e+03
7.674000000000000000e+03
4.107000000000000000e+03
2.123000000000000000e+03
6.006000000000000000e+03
9.131000000000000000e+03
6.036000000000000000e+03
9.142000000000000000e+03
8.343000000000000000e+03
7.645000000000000000e+03
7.397000000000000000e+03
6.452000000000000000e+03
9.984000000000000000e+03
1.273000000000000000e+03
1.777000000000000000e+03
5.417000000000000000e+03
7.200000000000000000e+03
4.210000000000000000e+02
7.707000000000000000e+03
4.906000000000000000e+03
9.219000000000000000e+03
1.070000000000000000e+03
7.731000000000000000e+03
9.598000000000000000e+03
7.543000000000000000e+03
9.062000000000000000e+03
7.236000000000000000e+03
5.210000000000000000e+03
9.185000000000000000e+03
5.147000000000000000e+03
1.898000000000000000e+03
7.838000000000000000e+03
2.666000000000000000e+03
5.865000000000000000e+03
9.630000000000000000e+02
9.570000000000000000e+03
1.254000000000000000e+03
8.157000000000000000e+03
6.910000000000000000e+02
7.375000000000000000e+03
6.852000000000000000e+03
9.210000000000000000e+02
5.715000000000000000e+03
9.341000000000000000e+03
8.618000000000000000e+03
1.152000000000000000e+03
5.276000000000000000e+03
9.508000000000000000e+03
9.467000000000000000e+03
5.847000000000000000e+03
6.110000000000000000e+02
5.083000000000000000e+03
5.980000000000000000e+03
9.923000000000000000e+03
1.586000000000000000e+03
2.195000000000000000e+03
8.840000000000000000e+02
7.124000000000000000e+03
1.360000000000000000e+02
3.305000000000000000e+03
9.781000000000000000e+03
6.718000000000000000e+03
6.504000000000000000e+03
3.415000000000000000e+03
9.173000000000000000e+03
8.949000000000000000e+03
8.663000000000000000e+03
4.418000000000000000e+03
2.300000000000000000e+01
9.090000000000000000e+02
6.207000000000000000e+03
7.635000000000000000e+03
7.025000000000000000e+03
8.602000000000000000e+03
1.320000000000000000e+03
4.852000000000000000e+03
2.170000000000000000e+02
7.153000000000000000e+03
3.741000000000000000e+03
5.893000000000000000e+03
8.574000000000000000e+03
3.731000000000000000e+03
5.220000000000000000e+02
1.329000000000000000e+03
3.146000000000000000e+03
8.573000000000000000e+03
7.669000000000000000e+03
2.263000000000000000e+03
6.591000000000000000e+03
9.363000000000000000e+03
1.104000000000000000e+03
5.923000000000000000e+03
5.449000000000000000e+03
4.840000000000000000e+02
3.975000000000000000e+03
7.953000000000000000e+03
5.867000000000000000e+03
3.631000000000000000e+03
8.088000000000000000e+03
7.470000000000000000e+03
7.773000000000000000e+03
8.789000000000000000e+03
5.582000000000000000e+03
2.936000000000000000e+03
4.758000000000000000e+03
3.786000000000000000e+03
3.003000000000000000e+03
4.897000000000000000e+03
5.396000000000000000e+03
9.674000000000000000e+03
3.914000000000000000e+03
1.642000000000000000e+03
2.762000000000000000e+03
7.935000000000000000e+03
2.883000000000000000e+03
3.378000000000000000e+03
4.730000000000000000e+03
7.350000000000000000e+02
5.144000000000000000e+03
2.558000000000000000e+03
6.132000000000000000e+03
1.929000000000000000e+03
3.018000000000000000e+03
4.069000000000000000e+03
7.871000000000000000e+03
4.265000000000000000e+03
4.715000000000000000e+03
2.158000000000000000e+03
5.017000000000000000e+03
7.144000000000000000e+03
6.181000000000000000e+03
3.677000000000000000e+03
6.871000000000000000e+03
5.952000000000000000e+03
9.775000000000000000e+03
7.768000000000000000e+03
9.997000000000000000e+03
8.010000000000000000e+02
2.540000000000000000e+02
4.956000000000000000e+03
6.744000000000000000e+03
9.845000000000000000e+03
1.473000000000000000e+03
9.786000000000000000e+03
8.172000000000000000e+03
4.469000000000000000e+03
1.350000000000000000e+02
5.535000000000000000e+03
7.706000000000000000e+03
2.177000000000000000e+03
7.442000000000000000e+03
4.623000000000000000e+03
8.144000000000000000e+03
9.223000000000000000e+03
3.144000000000000000e+03
4.431000000000000000e+03
8.665000000000000000e+03
9.032000000000000000e+03
2.546000000000000000e+03
9.988000000000000000e+03
9.198000000000000000e+03
1.886000000000000000e+03
2.974000000000000000e+03
4.895000000000000000e+03
9.813000000000000000e+03
4.728000000000000000e+03
3.690000000000000000e+03
4.926000000000000000e+03
3.921000000000000000e+03
5.991000000000000000e+03
5.594000000000000000e+03
5.107000000000000000e+03
1.740000000000000000e+02
6.752000000000000000e+03
4.238000000000000000e+03
4.484000000000000000e+03
3.505000000000000000e+03
7.152000000000000000e+03
3.963000000000000000e+03
3.469000000000000000e+03
3.767000000000000000e+03
6.398000000000000000e+03
9.037000000000000000e+03
7.604000000000000000e+03
2.572000000000000000e+03
1.840000000000000000e+03
1.709000000000000000e+03
5.514000000000000000e+03
3.880000000000000000e+02
6.119000000000000000e+03
2.393000000000000000e+03
6.569000000000000000e+03
6.100000000000000000e+03
1.853000000000000000e+03
3.732000000000000000e+03
9.561000000000000000e+03
7.230000000000000000e+02
1.218000000000000000e+03
3.776000000000000000e+03
6.381000000000000000e+03
7.976000000000000000e+03
4.508000000000000000e+03
1.298000000000000000e+03
1.844000000000000000e+03
9.158000000000000000e+03
1.260000000000000000e+03
7.150000000000000000e+02
1.940000000000000000e+02
5.575000000000000000e+03
3.360000000000000000e+03
4.111000000000000000e+03
9.339000000000000000e+03
3.462000000000000000e+03
8.458000000000000000e+03
7.105000000000000000e+03
6.898000000000000000e+03
6.944000000000000000e+03
7.385000000000000000e+03
8.802000000000000000e+03
2.552000000000000000e+03
8.412000000000000000e+03
3.336000000000000000e+03
9.229000000000000000e+03
5.689000000000000000e+03
3.736000000000000000e+03
6.610000000000000000e+03
6.464000000000000000e+03
9.930000000000000000e+02
2.568000000000000000e+03
6.857000000000000000e+03
5.992000000000000000e+03
5.858000000000000000e+03
4.353000000000000000e+03
9.342000000000000000e+03
7.496000000000000000e+03
9.534000000000000000e+03
6.769000000000000000e+03
9.681000000000000000e+03
4.796000000000000000e+03
3.418000000000000000e+03
7.946000000000000000e+03
4.616000000000000000e+03
3.400000000000000000e+01
8.499000000000000000e+03
1.520000000000000000e+03
7.767000000000000000e+03
7.542000000000000000e+03
6.017000000000000000e+03
6.313000000000000000e+03
8.830000000000000000e+03
1.151000000000000000e+03
5.996000000000000000e+03
6.065000000000000000e+03
3.955000000000000000e+03
6.696000000000000000e+03
1.925000000000000000e+03
8.940000000000000000e+02
3.964000000000000000e+03
4.510000000000000000e+02
5.310000000000000000e+02
7.212000000000000000e+03
7.499000000000000000e+03
3.175000000000000000e+03
3.225000000000000000e+03
6.846000000000000000e+03
2.815000000000000000e+03
7.609000000000000000e+03
6.228000000000000000e+03
4.580000000000000000e+02
8.560000000000000000e+02
1.288000000000000000e+03
8.956000000000000000e+03
1.710000000000000000e+03
6.443000000000000000e+03
5.859000000000000000e+03
6.226000000000000000e+03
9.060000000000000000e+03
2.410000000000000000e+03
1.309000000000000000e+03
8.184000000000000000e+03
7.019000000000000000e+03
7.030000000000000000e+02
6.389000000000000000e+03
4.130000000000000000e+03
7.536000000000000000e+03
3.030000000000000000e+03
7.137000000000000000e+03
7.865000000000000000e+03
2.731000000000000000e+03
6.345000000000000000e+03
5.636000000000000000e+03
7.680000000000000000e+02
2.201000000000000000e+03
5.106000000000000000e+03
2.012000000000000000e+03
7.418000000000000000e+03
4.076000000000000000e+03
2.026000000000000000e+03
3.699000000000000000e+03
4.561000000000000000e+03
8.336000000000000000e+03
6.735000000000000000e+03
6.086000000000000000e+03
5.558000000000000000e+03
6.338000000000000000e+03
7.808000000000000000e+03
6.680000000000000000e+02
8.221000000000000000e+03
1.828000000000000000e+03
6.440000000000000000e+02
1.809000000000000000e+03
5.246000000000000000e+03
6.650000000000000000e+02
1.944000000000000000e+03
5.564000000000000000e+03
4.972000000000000000e+03
2.385000000000000000e+03
1.730000000000000000e+03
5.348000000000000000e+03
9.110000000000000000e+03
1.265000000000000000e+03
4.094000000000000000e+03
7.727000000000000000e+03
3.750000000000000000e+02
2.800000000000000000e+01
6.570000000000000000e+03
9.777000000000000000e+03
5.521000000000000000e+03
8.236000000000000000e+03
6.060000000000000000e+03
7.820000000000000000e+03
3.696000000000000000e+03
8.132000000000000000e+03
7.756000000000000000e+03
1.277000000000000000e+03
2.279000000000000000e+03
1.132000000000000000e+03
2.847000000000000000e+03
6.095000000000000000e+03
1.625000000000000000e+03
4.553000000000000000e+03
9.643000000000000000e+03
3.208000000000000000e+03
1.774000000000000000e+03
1.325000000000000000e+03
5.589000000000000000e+03
3.090000000000000000e+02
5.022000000000000000e+03
9.832000000000000000e+03
9.386000000000000000e+03
6.699000000000000000e+03
5.157000000000000000e+03
3.596000000000000000e+03
3.759000000000000000e+03
6.740000000000000000e+03
4.184000000000000000e+03
9.627000000000000000e+03
4.234000000000000000e+03
5.244000000000000000e+03
3.790000000000000000e+03
6.666000000000000000e+03
6.046000000000000000e+03
3.725000000000000000e+03
1.989000000000000000e+03
5.146000000000000000e+03
9.800000000000000000e+02
7.227000000000000000e+03
5.250000000000000000e+02
8.080000000000000000e+03
6.162000000000000000e+03
6.525000000000000000e+03
1.390000000000000000e+02
5.999000000000000000e+03
1.916000000000000000e+03
1.917000000000000000e+03
7.133000000000000000e+03
9.381000000000000000e+03
4.538000000000000000e+03
7.126000000000000000e+03
2.449000000000000000e+03
6.793000000000000000e+03
9.048000000000000000e+03
4.348000000000000000e+03
6.796000000000000000e+03
7.037000000000000000e+03
9.677000000000000000e+03
3.729000000000000000e+03
8.728000000000000000e+03
6.803000000000000000e+03
8.755000000000000000e+03
7.044000000000000000e+03
5.355000000000000000e+03
8.213000000000000000e+03
7.358000000000000000e+03
1.362000000000000000e+03
3.623000000000000000e+03
8.310000000000000000e+02
8.279000000000000000e+03
4.413000000000000000e+03
4.850000000000000000e+02
1.186000000000000000e+03
7.087000000000000000e+03
8.139000000000000000e+03
6.210000000000000000e+03
1.745000000000000000e+03
6.369000000000000000e+03
7.360000000000000000e+03
3.389000000000000000e+03
1.588000000000000000e+03
4.631000000000000000e+03
5.824000000000000000e+03
9.398000000000000000e+03
9.320000000000000000e+02
2.039000000000000000e+03
7.480000000000000000e+02
1.840000000000000000e+02
5.749000000000000000e+03
6.995000000000000000e+03
3.998000000000000000e+03
6.135000000000000000e+03
8.892000000000000000e+03
3.376000000000000000e+03
5.846000000000000000e+03
1.977000000000000000e+03
1.761000000000000000e+03
4.260000000000000000e+02
7.807000000000000000e+03
7.816000000000000000e+03
5.717000000000000000e+03
8.943000000000000000e+03
4.975000000000000000e+03
5.069000000000000000e+03
5.218000000000000000e+03
1.501000000000000000e+03
4.326000000000000000e+03
7.086000000000000000e+03
3.568000000000000000e+03
8.310000000000000000e+03
7.215000000000000000e+03
1.200000000000000000e+01
9.263000000000000000e+03
4.263000000000000000e+03
6.592000000000000000e+03
4.280000000000000000e+02
8.226000000000000000e+03
1.867000000000000000e+03
7.332000000000000000e+03
8.886000000000000000e+03
3.997000000000000000e+03
5.123000000000000000e+03
4.838000000000000000e+03
3.520000000000000000e+03
1.313000000000000000e+03
4.212000000000000000e+03
5.703000000000000000e+03
6.405000000000000000e+03
3.411000000000000000e+03
1.600000000000000000e+02
1.224000000000000000e+03
1.415000000000000000e+03
4.382000000000000000e+03
8.164000000000000000e+03
9.927000000000000000e+03
7.875000000000000000e+03
1.900000000000000000e+01
3.092000000000000000e+03
7.806000000000000000e+03
1.765000000000000000e+03
3.209000000000000000e+03
3.592000000000000000e+03
9.524000000000000000e+03
7.062000000000000000e+03
7.029000000000000000e+03
3.276000000000000000e+03
2.128000000000000000e+03
4.757000000000000000e+03
6.253000000000000000e+03
3.785000000000000000e+03
6.765000000000000000e+03
1.115000000000000000e+03
2.872000000000000000e+03
4.988000000000000000e+03
7.726000000000000000e+03
4.893000000000000000e+03
2.577000000000000000e+03
1.623000000000000000e+03
6.264000000000000000e+03
8.721000000000000000e+03
7.176000000000000000e+03
5.513000000000000000e+03
7.471000000000000000e+03
4.195000000000000000e+03
3.390000000000000000e+03
1.688000000000000000e+03
8.766000000000000000e+03
9.287000000000000000e+03
5.662000000000000000e+03
8.985000000000000000e+03
6.632000000000000000e+03
6.230000000000000000e+02
8.094000000000000000e+03
8.419000000000000000e+03
1.035000000000000000e+03
6.943000000000000000e+03
6.560000000000000000e+02
5.390000000000000000e+02
9.690000000000000000e+02
5.737000000000000000e+03
6.397000000000000000e+03
3.928000000000000000e+03
6.690000000000000000e+02
8.244000000000000000e+03
9.367000000000000000e+03
6.700000000000000000e+02
2.860000000000000000e+03
7.531000000000000000e+03
5.657000000000000000e+03
6.973000000000000000e+03
6.872000000000000000e+03
7.585000000000000000e+03
4.310000000000000000e+02
7.679000000000000000e+03
4.161000000000000000e+03
2.242000000000000000e+03
7.890000000000000000e+03
4.765000000000000000e+03
7.326000000000000000e+03
9.002000000000000000e+03
8.470000000000000000e+03
7.926000000000000000e+03
3.069000000000000000e+03
6.180000000000000000e+03
1.472000000000000000e+03
8.390000000000000000e+03
3.176000000000000000e+03
8.585000000000000000e+03
8.190000000000000000e+02
4.197000000000000000e+03
5.472000000000000000e+03
1.488000000000000000e+03
6.179000000000000000e+03
8.487000000000000000e+03
2.240000000000000000e+02
9.060000000000000000e+02
4.471000000000000000e+03
9.357000000000000000e+03
4.641000000000000000e+03
7.379000000000000000e+03
1.172000000000000000e+03
3.061000000000000000e+03
8.394000000000000000e+03
5.451000000000000000e+03
8.611000000000000000e+03
8.460000000000000000e+02
2.000000000000000000e+00
2.352000000000000000e+03
2.516000000000000000e+03
1.139000000000000000e+03
5.463000000000000000e+03
3.230000000000000000e+03
3.913000000000000000e+03
9.835000000000000000e+03
6.831000000000000000e+03
1.863000000000000000e+03
2.850000000000000000e+03
8.918000000000000000e+03
4.224000000000000000e+03
6.776000000000000000e+03
2.377000000000000000e+03
9.981000000000000000e+03
6.423000000000000000e+03
3.098000000000000000e+03
8.865000000000000000e+03
2.791000000000000000e+03
2.250000000000000000e+03
5.801000000000000000e+03
2.382000000000000000e+03
4.716000000000000000e+03
3.494000000000000000e+03
7.600000000000000000e+02
3.126000000000000000e+03
4.725000000000000000e+03
7.435000000000000000e+03
7.478000000000000000e+03
6.106000000000000000e+03
5.297000000000000000e+03
7.886000000000000000e+03
5.380000000000000000e+02
2.058000000000000000e+03
3.205000000000000000e+03
2.802000000000000000e+03
9.134000000000000000e+03
9.094000000000000000e+03
3.761000000000000000e+03
4.026000000000000000e+03
9.450000000000000000e+03
3.065000000000000000e+03
3.571000000000000000e+03
6.415000000000000000e+03
7.374000000000000000e+03
5.519000000000000000e+03
6.063000000000000000e+03
5.078000000000000000e+03
8.860000000000000000e+03
5.437000000000000000e+03
1.988000000000000000e+03
3.372000000000000000e+03
6.084000000000000000e+03
5.467000000000000000e+03
1.741000000000000000e+03
5.430000000000000000e+02
4.185000000000000000e+03
8.240000000000000000e+02
5.384000000000000000e+03
3.493000000000000000e+03
2.489000000000000000e+03
3.163000000000000000e+03
1.610000000000000000e+02
1.756000000000000000e+03
9.770000000000000000e+03
9.307000000000000000e+03
7.148000000000000000e+03
9.879000000000000000e+03
7.017000000000000000e+03
7.965000000000000000e+03
8.074000000000000000e+03
4.528000000000000000e+03
1.845000000000000000e+03
3.827000000000000000e+03
8.790000000000000000e+02
7.405000000000000000e+03
5.490000000000000000e+03
3.122000000000000000e+03
3.113000000000000000e+03
4.762000000000000000e+03
3.360000000000000000e+02
4.022000000000000000e+03
3.422000000000000000e+03
3.477000000000000000e+03
8.033000000000000000e+03
4.139000000000000000e+03
6.236000000000000000e+03
2.130000000000000000e+02
6.600000000000000000e+01
1.176000000000000000e+03
4.824000000000000000e+03
7.593000000000000000e+03
2.581000000000000000e+03
9.156000000000000000e+03
8.561000000000000000e+03
5.300000000000000000e+02
5.868000000000000000e+03
8.889000000000000000e+03
2.549000000000000000e+03
2.329000000000000000e+03
3.199000000000000000e+03
9.205000000000000000e+03
2.053000000000000000e+03
9.000000000000000000e+02
2.391000000000000000e+03
7.308000000000000000e+03
1.000000000000000000e+02
3.484000000000000000e+03
8.430000000000000000e+02
1.014000000000000000e+03
8.191000000000000000e+03
5.404000000000000000e+03
1.522000000000000000e+03
9.738000000000000000e+03
6.609000000000000000e+03
8.369000000000000000e+03
2.036000000000000000e+03
7.566000000000000000e+03
7.983000000000000000e+03
1.045000000000000000e+03
1.618000000000000000e+03
6.760000000000000000e+03
3.135000000000000000e+03
4.315000000000000000e+03
1.798000000000000000e+03
9.737000000000000000e+03
7.830000000000000000e+02
5.634000000000000000e+03
7.469000000000000000e+03
5.633000000000000000e+03
4.888000000000000000e+03
8.893000000000000000e+03
3.892000000000000000e+03
2.592000000000000000e+03
4.414000000000000000e+03
1.830000000000000000e+02
3.563000000000000000e+03
2.550000000000000000e+03
2.407000000000000000e+03
9.550000000000000000e+03
1.189000000000000000e+03
4.449000000000000000e+03
2.143000000000000000e+03
6.184000000000000000e+03
1.009000000000000000e+03
2.671000000000000000e+03
3.473000000000000000e+03
6.488000000000000000e+03
6.087000000000000000e+03
2.629000000000000000e+03
2.954000000000000000e+03
4.590000000000000000e+02
3.854000000000000000e+03
8.720000000000000000e+02
9.859000000000000000e+03
2.321000000000000000e+03
9.570000000000000000e+02
8.518000000000000000e+03
4.169000000000000000e+03
9.759000000000000000e+03
6.201000000000000000e+03
7.675000000000000000e+03
1.570000000000000000e+03
5.271000000000000000e+03
1.786000000000000000e+03
4.380000000000000000e+03
3.626000000000000000e+03
1.706000000000000000e+03
9.865000000000000000e+03
5.187000000000000000e+03
9.756000000000000000e+03
1.286000000000000000e+03
1.337000000000000000e+03
2.700000000000000000e+02
8.524000000000000000e+03
3.479000000000000000e+03
9.816000000000000000e+03
3.996000000000000000e+03
9.025000000000000000e+03
8.996000000000000000e+03
1.459000000000000000e+03
4.927000000000000000e+03
6.130000000000000000e+02
4.070000000000000000e+02
1.585000000000000000e+03
9.344000000000000000e+03
5.139000000000000000e+03
4.788000000000000000e+03
2.309000000000000000e+03
6.239000000000000000e+03
4.200000000000000000e+02
1.862000000000000000e+03
9.430000000000000000e+03
9.728000000000000000e+03
4.935000000000000000e+03
6.930000000000000000e+02
6.534000000000000000e+03
2.627000000000000000e+03
1.073000000000000000e+03
5.175000000000000000e+03
1.698000000000000000e+03
6.896000000000000000e+03
6.350000000000000000e+02
8.167000000000000000e+03
1.951000000000000000e+03
6.298000000000000000e+03
8.617000000000000000e+03
9.953000000000000000e+03
9.660000000000000000e+02
1.720000000000000000e+02
9.541000000000000000e+03
4.751000000000000000e+03
2.550000000000000000e+02
4.640000000000000000e+02
1.028000000000000000e+03
1.330000000000000000e+03
5.590000000000000000e+03
5.359000000000000000e+03
5.761000000000000000e+03
5.711000000000000000e+03
6.722000000000000000e+03
1.215000000000000000e+03
6.183000000000000000e+03
9.792000000000000000e+03
1.982000000000000000e+03
8.654000000000000000e+03
5.468000000000000000e+03
6.833000000000000000e+03
5.849000000000000000e+03
3.839000000000000000e+03
6.515000000000000000e+03
4.061000000000000000e+03
8.335000000000000000e+03
2.340000000000000000e+02
6.289000000000000000e+03
8.514000000000000000e+03
6.165000000000000000e+03
2.370000000000000000e+02
7.067000000000000000e+03
8.898000000000000000e+03
1.417000000000000000e+03
1.826000000000000000e+03
9.604000000000000000e+03
3.062000000000000000e+03
2.460000000000000000e+03
7.213000000000000000e+03
7.660000000000000000e+02
5.423000000000000000e+03
7.992000000000000000e+03
5.668000000000000000e+03
2.000000000000000000e+02
9.397000000000000000e+03
2.255000000000000000e+03
3.060000000000000000e+03
8.752000000000000000e+03
9.659000000000000000e+03
9.525000000000000000e+03
4.090000000000000000e+03
1.724000000000000000e+03
1.026000000000000000e+03
2.299000000000000000e+03
2.237000000000000000e+03
2.956000000000000000e+03
6.000000000000000000e+03
9.878000000000000000e+03
2.958000000000000000e+03
5.874000000000000000e+03
6.680000000000000000e+03
8.711000000000000000e+03
1.350000000000000000e+03
4.808000000000000000e+03
6.614000000000000000e+03
6.723000000000000000e+03
9.300000000000000000e+03
6.762000000000000000e+03
9.779000000000000000e+03
1.418000000000000000e+03
8.077000000000000000e+03
9.049000000000000000e+03
7.717000000000000000e+03
1.360000000000000000e+03
3.667000000000000000e+03
3.697000000000000000e+03
9.521000000000000000e+03
2.019000000000000000e+03
1.922000000000000000e+03
9.557000000000000000e+03
4.345000000000000000e+03
7.334000000000000000e+03
6.136000000000000000e+03
1.181000000000000000e+03
6.429000000000000000e+03
9.238000000000000000e+03
4.489000000000000000e+03
6.319000000000000000e+03
6.129000000000000000e+03
5.691000000000000000e+03
1.032000000000000000e+03
5.129000000000000000e+03
4.370000000000000000e+02
5.227000000000000000e+03
1.753000000000000000e+03
5.507000000000000000e+03
8.057000000000000000e+03
4.705000000000000000e+03
2.763000000000000000e+03
8.330000000000000000e+03
4.321000000000000000e+03
4.551000000000000000e+03
4.526000000000000000e+03
1.338000000000000000e+03
9.800000000000000000e+03
7.211000000000000000e+03
7.856000000000000000e+03
9.783000000000000000e+03
5.170000000000000000e+02
4.618000000000000000e+03
7.393000000000000000e+03
8.022000000000000000e+03
6.931000000000000000e+03
5.915000000000000000e+03
6.382000000000000000e+03
8.196000000000000000e+03
3.902000000000000000e+03
2.557000000000000000e+03
3.109000000000000000e+03
4.276000000000000000e+03
6.583000000000000000e+03
2.798000000000000000e+03
5.305000000000000000e+03
3.252000000000000000e+03
3.443000000000000000e+03
5.700000000000000000e+02
2.758000000000000000e+03
2.539000000000000000e+03
4.108000000000000000e+03
8.136000000000000000e+03
4.752000000000000000e+03
4.815000000000000000e+03
7.143000000000000000e+03
6.459000000000000000e+03
8.590000000000000000e+02
2.730000000000000000e+03
3.414000000000000000e+03
3.475000000000000000e+03
1.367000000000000000e+03
8.962000000000000000e+03
3.545000000000000000e+03
9.187000000000000000e+03
3.361000000000000000e+03
2.749000000000000000e+03
5.381000000000000000e+03
1.060000000000000000e+03
1.180000000000000000e+03
1.079000000000000000e+03
3.010000000000000000e+02
8.677000000000000000e+03
2.560000000000000000e+02
2.226000000000000000e+03
8.096000000000000000e+03
6.094000000000000000e+03
8.459000000000000000e+03
7.390000000000000000e+03
8.194000000000000000e+03
6.186000000000000000e+03
9.793000000000000000e+03
2.844000000000000000e+03
4.964000000000000000e+03
3.450000000000000000e+02
2.918000000000000000e+03
1.293000000000000000e+03
3.129000000000000000e+03
1.168000000000000000e+03
8.525000000000000000e+03
8.734000000000000000e+03
1.950000000000000000e+02
1.148000000000000000e+03
5.510000000000000000e+03
4.625000000000000000e+03
8.970000000000000000e+02
2.032000000000000000e+03
6.344000000000000000e+03
1.220000000000000000e+02
4.806000000000000000e+03
6.041000000000000000e+03
2.480000000000000000e+02
5.856000000000000000e+03
6.519000000000000000e+03
9.252000000000000000e+03
7.340000000000000000e+03
6.127000000000000000e+03
7.491000000000000000e+03
8.644000000000000000e+03
8.365000000000000000e+03
8.906000000000000000e+03
2.933000000000000000e+03
2.702000000000000000e+03
4.562000000000000000e+03
5.554000000000000000e+03
6.911000000000000000e+03
4.023000000000000000e+03
2.620000000000000000e+02
8.788000000000000000e+03
4.260000000000000000e+03
4.521000000000000000e+03
7.629000000000000000e+03
3.747000000000000000e+03
7.927000000000000000e+03
7.274000000000000000e+03
2.111000000000000000e+03
2.465000000000000000e+03
8.960000000000000000e+02
2.413000000000000000e+03
1.389000000000000000e+03
8.112000000000000000e+03
8.933000000000000000e+03
6.286000000000000000e+03
2.900000000000000000e+02
7.734000000000000000e+03
8.799000000000000000e+03
3.716000000000000000e+03
1.450000000000000000e+02
6.446000000000000000e+03
9.880000000000000000e+02
7.605000000000000000e+03
5.599000000000000000e+03
7.445000000000000000e+03
9.969000000000000000e+03
1.537000000000000000e+03
7.080000000000000000e+02
9.273000000000000000e+03
4.655000000000000000e+03
2.015000000000000000e+03
8.767000000000000000e+03
9.543000000000000000e+03
8.273000000000000000e+03
6.204000000000000000e+03
1.083000000000000000e+03
7.550000000000000000e+03
9.593000000000000000e+03
8.176000000000000000e+03
6.809000000000000000e+03
4.454000000000000000e+03
2.863000000000000000e+03
1.460000000000000000e+03
7.945000000000000000e+03
1.074000000000000000e+03
6.850000000000000000e+02
2.229000000000000000e+03
5.678000000000000000e+03
6.980000000000000000e+03
5.508000000000000000e+03
7.618000000000000000e+03
9.470000000000000000e+02
7.673000000000000000e+03
5.140000000000000000e+02
5.120000000000000000e+03
7.247000000000000000e+03
7.310000000000000000e+03
1.491000000000000000e+03
9.346000000000000000e+03
7.201000000000000000e+03
1.803000000000000000e+03
5.784000000000000000e+03
7.476000000000000000e+03
5.412000000000000000e+03
7.417000000000000000e+03
2.023000000000000000e+03
7.632000000000000000e+03
5.477000000000000000e+03
4.998000000000000000e+03
2.657000000000000000e+03
1.553000000000000000e+03
6.630000000000000000e+02
5.208000000000000000e+03
4.900000000000000000e+01
7.548000000000000000e+03
5.562000000000000000e+03
4.732000000000000000e+03
6.013000000000000000e+03
4.887000000000000000e+03
9.320000000000000000e+03
8.868000000000000000e+03
9.925000000000000000e+03
6.949000000000000000e+03
9.675000000000000000e+03
4.398000000000000000e+03
9.938000000000000000e+03
6.402000000000000000e+03
6.324000000000000000e+03
8.718000000000000000e+03
9.244000000000000000e+03
2.319000000000000000e+03
4.191000000000000000e+03
1.846000000000000000e+03
1.523000000000000000e+03
2.960000000000000000e+02
3.324000000000000000e+03
4.694000000000000000e+03
3.374000000000000000e+03
1.931000000000000000e+03
8.661000000000000000e+03
2.934000000000000000e+03
4.743000000000000000e+03
3.120000000000000000e+03
2.575000000000000000e+03
5.130000000000000000e+03
3.523000000000000000e+03
9.761000000000000000e+03
3.410000000000000000e+02
3.860000000000000000e+02
4.839000000000000000e+03
3.858000000000000000e+03
2.470000000000000000e+02
4.311000000000000000e+03
8.110000000000000000e+03
2.842000000000000000e+03
5.839000000000000000e+03
8.500000000000000000e+01
6.307000000000000000e+03
8.270000000000000000e+02
3.781000000000000000e+03
8.605000000000000000e+03
6.704000000000000000e+03
9.076000000000000000e+03
5.035000000000000000e+03
9.350000000000000000e+03
4.073000000000000000e+03
9.268000000000000000e+03
2.503000000000000000e+03
6.299000000000000000e+03
6.271000000000000000e+03
9.375000000000000000e+03
5.540000000000000000e+03
5.670000000000000000e+03
1.534000000000000000e+03
4.943000000000000000e+03
5.038000000000000000e+03
7.494000000000000000e+03
5.561000000000000000e+03
6.981000000000000000e+03
2.168000000000000000e+03
1.990000000000000000e+03
4.275000000000000000e+03
2.654000000000000000e+03
1.226000000000000000e+03
2.192000000000000000e+03
3.704000000000000000e+03
7.207000000000000000e+03
1.780000000000000000e+03
8.451000000000000000e+03
3.550000000000000000e+03
3.605000000000000000e+03
6.478000000000000000e+03
3.770000000000000000e+02
3.531000000000000000e+03
3.308000000000000000e+03
8.280000000000000000e+03
2.400000000000000000e+01
7.306000000000000000e+03
8.600000000000000000e+02
6.430000000000000000e+02
5.900000000000000000e+02
8.069000000000000000e+03
2.834000000000000000e+03
6.400000000000000000e+01
1.486000000000000000e+03
5.434000000000000000e+03
7.080000000000000000e+03
7.788000000000000000e+03
8.382000000000000000e+03
3.753000000000000000e+03
8.861000000000000000e+03
9.757000000000000000e+03
9.230000000000000000e+02
1.333000000000000000e+03
9.050000000000000000e+02
7.527000000000000000e+03
4.809000000000000000e+03
3.648000000000000000e+03
7.558000000000000000e+03
1.039000000000000000e+03
4.632000000000000000e+03
3.036000000000000000e+03
9.322000000000000000e+03
5.517000000000000000e+03
6.472000000000000000e+03
1.645000000000000000e+03
8.993000000000000000e+03
8.497000000000000000e+03
1.762000000000000000e+03
9.485000000000000000e+03
7.520000000000000000e+03
9.034000000000000000e+03
7.377000000000000000e+03
1.606000000000000000e+03
1.570000000000000000e+02
5.063000000000000000e+03
3.145000000000000000e+03
3.833000000000000000e+03
5.764000000000000000e+03
7.078000000000000000e+03
7.630000000000000000e+03
6.954000000000000000e+03
9.391000000000000000e+03
6.448000000000000000e+03
7.452000000000000000e+03
4.289000000000000000e+03
6.926000000000000000e+03
8.291000000000000000e+03
1.983000000000000000e+03
1.244000000000000000e+03
1.998000000000000000e+03
7.419000000000000000e+03
2.866000000000000000e+03
4.946000000000000000e+03
3.009000000000000000e+03
5.822000000000000000e+03
8.749000000000000000e+03
9.506000000000000000e+03
8.981000000000000000e+03
9.701000000000000000e+03
6.480000000000000000e+02
2.097000000000000000e+03
4.699000000000000000e+03
8.204000000000000000e+03
3.923000000000000000e+03
7.638000000000000000e+03
5.670000000000000000e+02
5.725000000000000000e+03
6.512000000000000000e+03
9.542000000000000000e+03
4.337000000000000000e+03
8.610000000000000000e+02
2.210000000000000000e+02
2.669000000000000000e+03
2.900000000000000000e+01
9.056000000000000000e+03
7.647000000000000000e+03
6.624000000000000000e+03
7.740000000000000000e+03
7.140000000000000000e+02
2.445000000000000000e+03
8.636000000000000000e+03
8.534000000000000000e+03
7.700000000000000000e+03
7.676000000000000000e+03
8.794000000000000000e+03
7.163000000000000000e+03
4.100000000000000000e+01
3.447000000000000000e+03
7.104000000000000000e+03
9.706000000000000000e+03
8.753000000000000000e+03
2.538000000000000000e+03
7.941000000000000000e+03
6.828000000000000000e+03
8.498000000000000000e+03
1.394000000000000000e+03
9.186000000000000000e+03
1.620000000000000000e+02
3.015000000000000000e+03
7.460000000000000000e+02
6.421000000000000000e+03
3.720000000000000000e+02
2.560000000000000000e+03
1.247000000000000000e+03
5.988000000000000000e+03
6.681000000000000000e+03
4.150000000000000000e+02
9.741000000000000000e+03
7.954000000000000000e+03
2.736000000000000000e+03
6.903000000000000000e+03
2.765000000000000000e+03
2.273000000000000000e+03
1.332000000000000000e+03
5.974000000000000000e+03
6.671000000000000000e+03
6.167000000000000000e+03
6.191000000000000000e+03
6.081000000000000000e+03
6.988000000000000000e+03
6.177000000000000000e+03
3.266000000000000000e+03
1.153000000000000000e+03
8.280000000000000000e+02
9.600000000000000000e+01
5.973000000000000000e+03
5.935000000000000000e+03
1.890000000000000000e+03
7.597000000000000000e+03
3.666000000000000000e+03
5.819000000000000000e+03
6.784000000000000000e+03
9.711000000000000000e+03
8.887000000000000000e+03
2.882000000000000000e+03
5.616000000000000000e+03
3.849000000000000000e+03
9.952000000000000000e+03
7.670000000000000000e+02
1.299000000000000000e+03
3.448000000000000000e+03
3.851000000000000000e+03
5.606000000000000000e+03
4.163000000000000000e+03
7.123000000000000000e+03
8.390000000000000000e+02
4.671000000000000000e+03
6.083000000000000000e+03
5.025000000000000000e+03
1.877000000000000000e+03
2.077000000000000000e+03
1.326000000000000000e+03
2.718000000000000000e+03
5.755000000000000000e+03
1.400000000000000000e+02
3.327000000000000000e+03
9.355000000000000000e+03
6.164000000000000000e+03
3.885000000000000000e+03
1.979000000000000000e+03
9.360000000000000000e+02
3.299000000000000000e+03
7.560000000000000000e+02
3.382000000000000000e+03
5.316000000000000000e+03
2.851000000000000000e+03
2.556000000000000000e+03
2.292000000000000000e+03
4.859000000000000000e+03
6.695000000000000000e+03
4.571000000000000000e+03
6.855000000000000000e+03
1.519000000000000000e+03
2.101000000000000000e+03
7.172000000000000000e+03
3.224000000000000000e+03
5.664000000000000000e+03
8.842000000000000000e+03
3.708000000000000000e+03
6.122000000000000000e+03
8.920000000000000000e+03
3.717000000000000000e+03
6.288000000000000000e+03
1.204000000000000000e+03
3.671000000000000000e+03
6.483000000000000000e+03
1.070000000000000000e+02
6.527000000000000000e+03
7.051000000000000000e+03
5.567000000000000000e+03
6.822000000000000000e+03
7.940000000000000000e+02
8.486000000000000000e+03
7.364000000000000000e+03
2.660000000000000000e+02
7.188000000000000000e+03
7.357000000000000000e+03
4.362000000000000000e+03
7.070000000000000000e+03
2.858000000000000000e+03
5.897000000000000000e+03
1.942000000000000000e+03
1.672000000000000000e+03
8.111000000000000000e+03
4.560000000000000000e+02
2.766000000000000000e+03
8.180000000000000000e+03
1.380000000000000000e+02
1.211000000000000000e+03
9.811000000000000000e+03
9.039000000000000000e+03
9.571000000000000000e+03
6.311000000000000000e+03
4.237000000000000000e+03
3.888000000000000000e+03
9.709000000000000000e+03
7.957000000000000000e+03
5.659000000000000000e+03
5.549000000000000000e+03
6.890000000000000000e+02
8.705000000000000000e+03
6.413000000000000000e+03
8.533000000000000000e+03
9.050000000000000000e+03
6.615000000000000000e+03
6.368000000000000000e+03
2.149000000000000000e+03
1.956000000000000000e+03
6.051000000000000000e+03
7.930000000000000000e+02
5.488000000000000000e+03
2.125000000000000000e+03
3.213000000000000000e+03
3.512000000000000000e+03
9.556000000000000000e+03
6.539000000000000000e+03
5.684000000000000000e+03
3.959000000000000000e+03
9.369000000000000000e+03
2.922000000000000000e+03
2.339000000000000000e+03
6.270000000000000000e+02
7.777000000000000000e+03
4.320000000000000000e+02
8.084000000000000000e+03
9.798000000000000000e+03
5.829000000000000000e+03
3.026000000000000000e+03
9.090000000000000000e+03
8.703000000000000000e+03
5.820000000000000000e+03
1.658000000000000000e+03
2.342000000000000000e+03
5.805000000000000000e+03
4.918000000000000000e+03
8.265000000000000000e+03
2.313000000000000000e+03
8.490000000000000000e+02
4.036000000000000000e+03
9.962000000000000000e+03
6.748000000000000000e+03
9.195000000000000000e+03
4.127000000000000000e+03
1.808000000000000000e+03
4.877000000000000000e+03
6.753000000000000000e+03
8.060000000000000000e+03
9.945000000000000000e+03
3.000000000000000000e+02
5.760000000000000000e+03
3.597000000000000000e+03
3.991000000000000000e+03
7.294000000000000000e+03
2.422000000000000000e+03
1.145000000000000000e+03
2.230000000000000000e+02
8.090000000000000000e+03
7.667000000000000000e+03
7.709000000000000000e+03
5.328000000000000000e+03
1.002000000000000000e+03
1.731000000000000000e+03
4.827000000000000000e+03
4.330000000000000000e+02
5.878000000000000000e+03
1.356000000000000000e+03
6.674000000000000000e+03
3.744000000000000000e+03
7.221000000000000000e+03
9.221000000000000000e+03
2.230000000000000000e+03
8.452000000000000000e+03
2.261000000000000000e+03
4.460000000000000000e+02
1.870000000000000000e+02
6.934000000000000000e+03
7.784000000000000000e+03
3.231000000000000000e+03
4.772000000000000000e+03
9.068000000000000000e+03
6.641000000000000000e+03
6.482000000000000000e+03
1.578000000000000000e+03
9.877000000000000000e+03
7.430000000000000000e+03
8.577000000000000000e+03
7.073000000000000000e+03
4.122000000000000000e+03
8.238000000000000000e+03
9.999000000000000000e+03
2.925000000000000000e+03
8.378000000000000000e+03
8.040000000000000000e+02
7.179000000000000000e+03
1.443000000000000000e+03
3.910000000000000000e+03
9.851000000000000000e+03
6.767000000000000000e+03
4.630000000000000000e+03
6.243000000000000000e+03
3.200000000000000000e+02
6.887000000000000000e+03
3.178000000000000000e+03
5.661000000000000000e+03
5.889000000000000000e+03
9.716000000000000000e+03
2.364000000000000000e+03
8.622000000000000000e+03
7.298000000000000000e+03
8.668000000000000000e+03
3.874000000000000000e+03
5.369000000000000000e+03
4.420000000000000000e+03
2.551000000000000000e+03
9.420000000000000000e+03
4.436000000000000000e+03
9.293000000000000000e+03
8.714000000000000000e+03
5.638000000000000000e+03
2.288000000000000000e+03
1.576000000000000000e+03
6.902000000000000000e+03
8.425000000000000000e+03
7.190000000000000000e+03
5.049000000000000000e+03
9.047000000000000000e+03
4.592000000000000000e+03
4.439000000000000000e+03
8.030000000000000000e+02
7.770000000000000000e+03
2.639000000000000000e+03
3.526000000000000000e+03
2.452000000000000000e+03
3.118000000000000000e+03
5.577000000000000000e+03
1.042000000000000000e+03
7.000000000000000000e+00
1.884000000000000000e+03
6.161000000000000000e+03
5.121000000000000000e+03
7.561000000000000000e+03
1.069000000000000000e+03
3.290000000000000000e+02
5.872000000000000000e+03
7.264000000000000000e+03
8.050000000000000000e+02
4.542000000000000000e+03
2.720000000000000000e+03
7.190000000000000000e+02
4.604000000000000000e+03
6.584000000000000000e+03
1.860000000000000000e+02
8.476000000000000000e+03
4.547000000000000000e+03
4.283000000000000000e+03
5.230000000000000000e+02
2.580000000000000000e+02
3.421000000000000000e+03
2.975000000000000000e+03
9.401000000000000000e+03
7.446000000000000000e+03
8.710000000000000000e+03
5.682000000000000000e+03
4.541000000000000000e+03
2.000000000000000000e+01
7.271000000000000000e+03
3.581000000000000000e+03
9.452000000000000000e+03
4.746000000000000000e+03
6.853000000000000000e+03
3.495000000000000000e+03
7.002000000000000000e+03
5.393000000000000000e+03
6.813000000000000000e+03
2.950000000000000000e+02
3.132000000000000000e+03
2.845000000000000000e+03
3.076000000000000000e+03
9.978000000000000000e+03
9.429000000000000000e+03
5.932000000000000000e+03
7.175000000000000000e+03
1.541000000000000000e+03
5.026000000000000000e+03
1.666000000000000000e+03
4.782000000000000000e+03
6.109000000000000000e+03
3.559000000000000000e+03
5.911000000000000000e+03
3.095000000000000000e+03
1.771000000000000000e+03
8.781000000000000000e+03
2.312000000000000000e+03
2.239000000000000000e+03
5.870000000000000000e+02
7.537000000000000000e+03
3.406000000000000000e+03
4.443000000000000000e+03
3.136000000000000000e+03
6.016000000000000000e+03
2.403000000000000000e+03
9.436000000000000000e+03
9.743000000000000000e+03
4.033000000000000000e+03
7.251000000000000000e+03
7.068000000000000000e+03
6.014000000000000000e+03
9.582000000000000000e+03
3.989000000000000000e+03
7.921000000000000000e+03
6.200000000000000000e+01
5.290000000000000000e+02
9.297000000000000000e+03
5.202000000000000000e+03
4.099000000000000000e+03
6.365000000000000000e+03
4.993000000000000000e+03
8.698000000000000000e+03
4.011000000000000000e+03
8.171000000000000000e+03
5.501000000000000000e+03
5.541000000000000000e+03
9.020000000000000000e+02
5.286000000000000000e+03
1.630000000000000000e+02
6.979000000000000000e+03
9.468000000000000000e+03
3.606000000000000000e+03
7.167000000000000000e+03
9.550000000000000000e+02
9.377000000000000000e+03
4.793000000000000000e+03
5.906000000000000000e+03
1.637000000000000000e+03
9.074000000000000000e+03
2.576000000000000000e+03
9.107000000000000000e+03
5.415000000000000000e+03
6.312000000000000000e+03
3.020000000000000000e+02
3.593000000000000000e+03
8.398000000000000000e+03
2.521000000000000000e+03
5.686000000000000000e+03
2.814000000000000000e+03
6.994000000000000000e+03
2.800000000000000000e+03
5.075000000000000000e+03
3.431000000000000000e+03
8.637000000000000000e+03
1.546000000000000000e+03
1.817000000000000000e+03
6.254000000000000000e+03
1.670000000000000000e+03
7.730000000000000000e+03
5.830000000000000000e+02
5.930000000000000000e+02
5.493000000000000000e+03
8.168000000000000000e+03
3.984000000000000000e+03
8.620000000000000000e+02
3.889000000000000000e+03
3.915000000000000000e+03
9.194000000000000000e+03
9.615000000000000000e+03
2.013000000000000000e+03
2.488000000000000000e+03
6.410000000000000000e+02
7.999000000000000000e+03
6.800000000000000000e+03
8.331000000000000000e+03
9.767000000000000000e+03
4.524000000000000000e+03
7.666000000000000000e+03
4.760000000000000000e+02
7.880000000000000000e+02
6.458000000000000000e+03
5.738000000000000000e+03
5.004000000000000000e+03
2.547000000000000000e+03
1.575000000000000000e+03
2.353000000000000000e+03
7.180000000000000000e+02
9.502000000000000000e+03
9.305000000000000000e+03
7.391000000000000000e+03
6.918000000000000000e+03
3.816000000000000000e+03
5.786000000000000000e+03
4.053000000000000000e+03
7.450000000000000000e+02
4.974000000000000000e+03
8.190000000000000000e+03
3.790000000000000000e+02
6.901000000000000000e+03
9.584000000000000000e+03
6.327000000000000000e+03
1.489000000000000000e+03
9.780000000000000000e+03
8.289000000000000000e+03
6.505000000000000000e+03
4.301000000000000000e+03
6.220000000000000000e+03
8.695000000000000000e+03
4.672000000000000000e+03
9.980000000000000000e+02
8.474000000000000000e+03
7.425000000000000000e+03
8.321000000000000000e+03
1.665000000000000000e+03
6.025000000000000000e+03
5.471000000000000000e+03
1.225000000000000000e+03
9.920000000000000000e+03
2.253000000000000000e+03
7.967000000000000000e+03
4.540000000000000000e+03
4.325000000000000000e+03
1.791000000000000000e+03
9.216000000000000000e+03
3.292000000000000000e+03
1.421000000000000000e+03
5.288000000000000000e+03
7.802000000000000000e+03
7.266000000000000000e+03
2.562000000000000000e+03
5.654000000000000000e+03
9.316000000000000000e+03
8.367000000000000000e+03
2.500000000000000000e+03
7.606000000000000000e+03
6.500000000000000000e+01
3.025000000000000000e+03
9.504000000000000000e+03
9.161000000000000000e+03
5.159000000000000000e+03
8.963000000000000000e+03
8.978000000000000000e+03
3.007000000000000000e+03
3.941000000000000000e+03
5.739000000000000000e+03
5.241000000000000000e+03
7.810000000000000000e+03
