4.607000000000000000e+03
2.506000000000000000e+03
4.610000000000000000e+03
9.580000000000000000e+02
5.790000000000000000e+03
6.475000000000000000e+03
9.434000000000000000e+03
8.279000000000000000e+03
1.326000000000000000e+03
7.348000000000000000e+03
5.912000000000000000e+03
6.543000000000000000e+03
1.460000000000000000e+02
1.231000000000000000e+03
3.775000000000000000e+03
5.811000000000000000e+03
6.670000000000000000e+03
1.964000000000000000e+03
4.077000000000000000e+03
4.998000000000000000e+03
3.427000000000000000e+03
4.015000000000000000e+03
6.362000000000000000e+03
3.762000000000000000e+03
7.862000000000000000e+03
6.121000000000000000e+03
2.368000000000000000e+03
8.718000000000000000e+03
