3.219000000000000000e+03
9.971000000000000000e+03
2.931000000000000000e+03
9.519000000000000000e+03
7.234000000000000000e+03
9.717000000000000000e+03
7.814000000000000000e+03
4.418000000000000000e+03
5.226000000000000000e+03
3.948000000000000000e+03
3.384000000000000000e+03
2.517000000000000000e+03
3.600000000000000000e+02
4.445000000000000000e+03
9.400000000000000000e+02
4.390000000000000000e+02
6.278000000000000000e+03
6.276000000000000000e+03
1.413000000000000000e+03
2.899000000000000000e+03
8.805000000000000000e+03
4.371000000000000000e+03
6.058000000000000000e+03
4.917000000000000000e+03
1.372000000000000000e+03
3.645000000000000000e+03
3.982000000000000000e+03
3.380000000000000000e+03
1.530000000000000000e+03
4.278000000000000000e+03
9.634000000000000000e+03
4.838000000000000000e+03
9.538000000000000000e+03
9.734000000000000000e+03
5.905000000000000000e+03
9.298000000000000000e+03
3.170000000000000000e+02
2.590000000000000000e+02
6.735000000000000000e+03
1.400000000000000000e+01
4.233000000000000000e+03
3.409000000000000000e+03
1.790000000000000000e+02
8.576000000000000000e+03
8.813000000000000000e+03
9.037000000000000000e+03
7.908000000000000000e+03
5.748000000000000000e+03
4.248000000000000000e+03
2.007000000000000000e+03
1.156000000000000000e+03
6.562000000000000000e+03
5.064000000000000000e+03
3.601000000000000000e+03
6.763000000000000000e+03
6.493000000000000000e+03
6.764000000000000000e+03
2.459000000000000000e+03
3.031000000000000000e+03
4.495000000000000000e+03
4.394000000000000000e+03
4.072000000000000000e+03
3.312000000000000000e+03
6.201000000000000000e+03
1.747000000000000000e+03
9.589000000000000000e+03
7.292000000000000000e+03
1.773000000000000000e+03
1.580000000000000000e+02
7.555000000000000000e+03
4.094000000000000000e+03
1.316000000000000000e+03
6.227000000000000000e+03
4.457000000000000000e+03
3.641000000000000000e+03
2.439000000000000000e+03
4.478000000000000000e+03
8.495000000000000000e+03
2.451000000000000000e+03
1.338000000000000000e+03
4.077000000000000000e+03
8.490000000000000000e+03
5.876000000000000000e+03
5.647000000000000000e+03
4.172000000000000000e+03
8.697000000000000000e+03
3.210000000000000000e+02
8.028000000000000000e+03
3.709000000000000000e+03
7.484000000000000000e+03
2.940000000000000000e+02
5.172000000000000000e+03
3.743000000000000000e+03
2.300000000000000000e+02
6.413000000000000000e+03
9.753000000000000000e+03
5.179000000000000000e+03
3.736000000000000000e+03
7.475000000000000000e+03
7.474000000000000000e+03
8.619000000000000000e+03
5.553000000000000000e+03
5.186000000000000000e+03
2.955000000000000000e+03
2.258000000000000000e+03
4.393000000000000000e+03
4.277000000000000000e+03
1.508000000000000000e+03
7.438000000000000000e+03
5.084000000000000000e+03
3.273000000000000000e+03
7.440000000000000000e+03
3.970000000000000000e+02
4.358000000000000000e+03
6.163000000000000000e+03
5.621000000000000000e+03
7.985000000000000000e+03
9.714000000000000000e+03
1.444000000000000000e+03
9.817000000000000000e+03
2.110000000000000000e+02
8.754000000000000000e+03
8.745000000000000000e+03
1.685000000000000000e+03
6.310000000000000000e+03
2.983000000000000000e+03
3.510000000000000000e+02
1.494000000000000000e+03
8.759000000000000000e+03
3.263000000000000000e+03
2.462000000000000000e+03
8.340000000000000000e+03
3.387000000000000000e+03
4.718000000000000000e+03
2.624000000000000000e+03
3.949000000000000000e+03
9.415000000000000000e+03
9.390000000000000000e+02
5.809000000000000000e+03
3.487000000000000000e+03
7.776000000000000000e+03
6.612000000000000000e+03
3.075000000000000000e+03
5.422000000000000000e+03
9.431000000000000000e+03
7.118000000000000000e+03
4.995000000000000000e+03
6.606000000000000000e+03
6.460000000000000000e+02
4.914000000000000000e+03
3.514000000000000000e+03
6.670000000000000000e+03
5.774000000000000000e+03
3.983000000000000000e+03
6.150000000000000000e+02
7.105000000000000000e+03
1.964000000000000000e+03
5.947000000000000000e+03
4.200000000000000000e+01
7.730000000000000000e+02
9.996000000000000000e+03
7.700000000000000000e+02
8.255000000000000000e+03
5.900000000000000000e+03
6.000000000000000000e+00
5.865000000000000000e+03
2.022000000000000000e+03
9.295000000000000000e+03
4.830000000000000000e+03
9.288000000000000000e+03
4.623000000000000000e+03
9.352000000000000000e+03
9.269000000000000000e+03
1.996000000000000000e+03
9.977000000000000000e+03
5.843000000000000000e+03
9.261000000000000000e+03
5.925000000000000000e+03
9.385000000000000000e+03
9.968000000000000000e+03
7.098000000000000000e+03
6.639000000000000000e+03
4.740000000000000000e+03
4.845000000000000000e+03
9.099000000000000000e+03
2.264000000000000000e+03
6.543000000000000000e+03
1.140000000000000000e+03
8.428000000000000000e+03
1.133000000000000000e+03
5.450000000000000000e+03
8.183000000000000000e+03
5.733000000000000000e+03
4.055000000000000000e+03
1.191000000000000000e+03
6.964000000000000000e+03
3.830000000000000000e+03
6.577000000000000000e+03
9.514000000000000000e+03
3.058000000000000000e+03
8.440000000000000000e+03
6.084000000000000000e+03
3.325000000000000000e+03
2.541000000000000000e+03
2.823000000000000000e+03
7.387000000000000000e+03
3.532000000000000000e+03
7.893000000000000000e+03
2.106000000000000000e+03
1.894000000000000000e+03
8.449000000000000000e+03
1.595000000000000000e+03
3.896000000000000000e+03
4.395000000000000000e+03
3.881000000000000000e+03
8.578000000000000000e+03
7.050000000000000000e+03
5.500000000000000000e+02
6.746000000000000000e+03
6.160000000000000000e+03
7.826000000000000000e+03
7.029000000000000000e+03
8.767000000000000000e+03
4.676000000000000000e+03
6.207000000000000000e+03
9.532000000000000000e+03
7.340000000000000000e+02
2.667000000000000000e+03
5.070000000000000000e+02
2.752000000000000000e+03
6.386000000000000000e+03
5.790000000000000000e+02
5.061000000000000000e+03
7.876000000000000000e+03
9.680000000000000000e+02
5.890000000000000000e+02
5.310000000000000000e+02
9.870000000000000000e+02
6.145000000000000000e+03
3.644000000000000000e+03
5.067000000000000000e+03
9.537000000000000000e+03
8.520000000000000000e+02
2.941000000000000000e+03
3.609000000000000000e+03
6.329000000000000000e+03
3.631000000000000000e+03
6.953000000000000000e+03
5.933000000000000000e+03
6.224000000000000000e+03
9.610000000000000000e+03
1.131000000000000000e+03
4.890000000000000000e+03
6.316000000000000000e+03
1.281000000000000000e+03
9.258000000000000000e+03
8.857000000000000000e+03
5.585000000000000000e+03
3.450000000000000000e+03
6.190000000000000000e+03
8.530000000000000000e+02
3.705000000000000000e+03
9.001000000000000000e+03
4.455000000000000000e+03
4.396000000000000000e+03
0.000000000000000000e+00
4.093000000000000000e+03
7.378000000000000000e+03
1.440000000000000000e+02
1.640000000000000000e+02
1.639000000000000000e+03
3.013000000000000000e+03
9.939000000000000000e+03
3.963000000000000000e+03
9.941000000000000000e+03
8.094000000000000000e+03
1.784000000000000000e+03
9.865000000000000000e+03
2.055000000000000000e+03
2.400000000000000000e+02
6.660000000000000000e+03
3.137000000000000000e+03
4.142000000000000000e+03
4.006000000000000000e+03
3.798000000000000000e+03
8.312000000000000000e+03
4.054000000000000000e+03
1.614000000000000000e+03
3.762000000000000000e+03
2.153000000000000000e+03
4.500000000000000000e+01
4.061000000000000000e+03
1.889000000000000000e+03
3.008000000000000000e+03
9.955000000000000000e+03
3.634000000000000000e+03
9.435000000000000000e+03
6.776000000000000000e+03
2.506000000000000000e+03
2.389000000000000000e+03
6.645000000000000000e+03
9.658000000000000000e+03
4.595000000000000000e+03
5.351000000000000000e+03
6.099000000000000000e+03
7.914000000000000000e+03
8.022000000000000000e+03
7.293000000000000000e+03
3.042000000000000000e+03
4.870000000000000000e+02
5.222000000000000000e+03
5.914000000000000000e+03
1.470000000000000000e+03
8.882000000000000000e+03
6.715000000000000000e+03
4.907000000000000000e+03
4.923000000000000000e+03
7.410000000000000000e+02
8.793000000000000000e+03
4.298000000000000000e+03
5.028000000000000000e+03
5.848000000000000000e+03
5.950000000000000000e+03
5.191000000000000000e+03
6.913000000000000000e+03
5.998000000000000000e+03
1.310000000000000000e+02
7.892000000000000000e+03
8.010000000000000000e+02
5.410000000000000000e+02
2.357000000000000000e+03
1.222000000000000000e+03
4.404000000000000000e+03
5.181000000000000000e+03
2.483000000000000000e+03
8.510000000000000000e+03
4.412000000000000000e+03
1.343000000000000000e+03
8.628000000000000000e+03
2.396000000000000000e+03
3.898000000000000000e+03
9.993000000000000000e+03
9.961000000000000000e+03
6.659000000000000000e+03
8.216000000000000000e+03
4.121000000000000000e+03
6.876000000000000000e+03
8.280000000000000000e+02
4.884000000000000000e+03
1.280000000000000000e+03
6.830000000000000000e+03
9.390000000000000000e+03
1.697000000000000000e+03
2.018000000000000000e+03
2.980000000000000000e+02
9.745000000000000000e+03
2.743000000000000000e+03
3.753000000000000000e+03
5.850000000000000000e+02
5.844000000000000000e+03
2.511000000000000000e+03
5.675000000000000000e+03
6.096000000000000000e+03
9.652000000000000000e+03
1.129000000000000000e+03
4.580000000000000000e+02
5.833000000000000000e+03
1.157000000000000000e+03
2.123000000000000000e+03
9.616000000000000000e+03
9.976000000000000000e+03
8.550000000000000000e+02
8.855000000000000000e+03
3.205000000000000000e+03
9.727000000000000000e+03
7.158000000000000000e+03
6.849000000000000000e+03
6.048000000000000000e+03
5.853000000000000000e+03
9.500000000000000000e+02
7.057000000000000000e+03
9.094000000000000000e+03
4.465000000000000000e+03
6.790000000000000000e+02
8.441000000000000000e+03
3.410000000000000000e+03
2.572000000000000000e+03
5.298000000000000000e+03
6.425000000000000000e+03
1.995000000000000000e+03
7.690000000000000000e+02
1.230000000000000000e+03
1.058000000000000000e+03
7.964000000000000000e+03
9.890000000000000000e+02
6.154000000000000000e+03
1.621000000000000000e+03
5.329000000000000000e+03
2.690000000000000000e+02
8.037000000000000000e+03
1.603000000000000000e+03
5.700000000000000000e+02
8.990000000000000000e+03
6.428000000000000000e+03
2.196000000000000000e+03
6.742000000000000000e+03
5.520000000000000000e+02
5.583000000000000000e+03
4.811000000000000000e+03
2.215000000000000000e+03
7.803000000000000000e+03
1.116000000000000000e+03
1.409000000000000000e+03
3.117000000000000000e+03
2.210000000000000000e+03
4.359000000000000000e+03
8.274000000000000000e+03
7.370000000000000000e+02
8.015000000000000000e+03
1.382000000000000000e+03
8.876000000000000000e+03
6.925000000000000000e+03
8.812000000000000000e+03
8.528000000000000000e+03
4.866000000000000000e+03
9.199000000000000000e+03
4.379000000000000000e+03
8.980000000000000000e+03
2.073000000000000000e+03
5.999000000000000000e+03
1.275000000000000000e+03
8.908000000000000000e+03
8.142000000000000000e+03
5.540000000000000000e+02
2.461000000000000000e+03
3.166000000000000000e+03
3.502000000000000000e+03
7.372000000000000000e+03
2.173000000000000000e+03
6.508000000000000000e+03
5.821000000000000000e+03
5.798000000000000000e+03
6.057000000000000000e+03
7.095000000000000000e+03
1.024000000000000000e+03
3.210000000000000000e+03
5.923000000000000000e+03
4.223000000000000000e+03
2.773000000000000000e+03
1.463000000000000000e+03
5.081000000000000000e+03
9.642000000000000000e+03
8.257000000000000000e+03
6.568000000000000000e+03
7.854000000000000000e+03
4.581000000000000000e+03
9.127000000000000000e+03
7.817000000000000000e+03
2.850000000000000000e+02
1.532000000000000000e+03
2.563000000000000000e+03
5.578000000000000000e+03
2.718000000000000000e+03
8.854000000000000000e+03
4.780000000000000000e+03
8.590000000000000000e+02
8.125000000000000000e+03
5.042000000000000000e+03
4.081000000000000000e+03
6.590000000000000000e+03
9.816000000000000000e+03
3.892000000000000000e+03
6.633000000000000000e+03
2.248000000000000000e+03
6.230000000000000000e+02
7.170000000000000000e+02
6.607000000000000000e+03
2.433000000000000000e+03
1.483000000000000000e+03
5.989000000000000000e+03
2.929000000000000000e+03
8.217000000000000000e+03
2.944000000000000000e+03
9.484000000000000000e+03
9.291000000000000000e+03
2.996000000000000000e+03
3.841000000000000000e+03
8.674000000000000000e+03
2.502000000000000000e+03
3.638000000000000000e+03
9.892000000000000000e+03
2.231000000000000000e+03
8.030000000000000000e+02
7.219000000000000000e+03
5.745000000000000000e+03
8.760000000000000000e+02
8.184000000000000000e+03
2.840000000000000000e+03
5.473000000000000000e+03
8.506000000000000000e+03
7.930000000000000000e+03
4.064000000000000000e+03
3.905000000000000000e+03
5.214000000000000000e+03
5.215000000000000000e+03
1.168000000000000000e+03
5.114000000000000000e+03
2.688000000000000000e+03
4.297000000000000000e+03
8.517000000000000000e+03
4.489000000000000000e+03
2.569000000000000000e+03
5.954000000000000000e+03
6.432000000000000000e+03
9.460000000000000000e+02
5.594000000000000000e+03
2.189000000000000000e+03
1.965000000000000000e+03
1.134000000000000000e+03
3.517000000000000000e+03
1.600000000000000000e+02
8.541000000000000000e+03
1.427000000000000000e+03
7.645000000000000000e+03
6.364000000000000000e+03
7.965000000000000000e+03
5.175000000000000000e+03
5.472000000000000000e+03
5.782000000000000000e+03
4.105000000000000000e+03
3.303000000000000000e+03
8.285000000000000000e+03
6.197000000000000000e+03
2.133000000000000000e+03
6.520000000000000000e+02
3.149000000000000000e+03
4.928000000000000000e+03
9.930000000000000000e+02
6.597000000000000000e+03
9.540000000000000000e+03
9.650000000000000000e+03
9.606000000000000000e+03
1.980000000000000000e+03
3.194000000000000000e+03
4.670000000000000000e+02
6.301000000000000000e+03
5.608000000000000000e+03
1.700000000000000000e+01
1.906000000000000000e+03
3.128000000000000000e+03
9.283000000000000000e+03
8.655000000000000000e+03
9.335000000000000000e+03
5.801000000000000000e+03
3.819000000000000000e+03
6.406000000000000000e+03
4.467000000000000000e+03
2.220000000000000000e+02
8.347000000000000000e+03
9.801000000000000000e+03
4.390000000000000000e+03
8.279000000000000000e+03
9.260000000000000000e+03
7.291000000000000000e+03
1.855000000000000000e+03
8.327000000000000000e+03
6.267000000000000000e+03
9.880000000000000000e+02
2.578000000000000000e+03
9.274000000000000000e+03
8.278000000000000000e+03
4.775000000000000000e+03
9.134000000000000000e+03
8.380000000000000000e+02
8.350000000000000000e+02
9.195000000000000000e+03
2.081000000000000000e+03
6.030000000000000000e+03
6.613000000000000000e+03
2.020000000000000000e+03
8.120000000000000000e+02
8.090000000000000000e+02
9.306000000000000000e+03
7.713000000000000000e+03
9.123000000000000000e+03
9.185000000000000000e+03
2.697000000000000000e+03
8.212000000000000000e+03
8.260000000000000000e+03
7.850000000000000000e+02
7.810000000000000000e+02
9.330000000000000000e+02
5.971000000000000000e+03
1.960000000000000000e+03
1.923000000000000000e+03
5.962000000000000000e+03
3.464000000000000000e+03
8.840000000000000000e+02
3.506000000000000000e+03
8.820000000000000000e+02
9.860000000000000000e+02
4.750000000000000000e+03
1.925000000000000000e+03
9.210000000000000000e+02
6.006000000000000000e+03
2.656000000000000000e+03
2.590000000000000000e+03
6.683000000000000000e+03
3.452000000000000000e+03
4.758000000000000000e+03
2.600000000000000000e+03
1.990000000000000000e+03
3.885000000000000000e+03
9.209000000000000000e+03
4.762000000000000000e+03
2.050000000000000000e+03
9.148000000000000000e+03
9.145000000000000000e+03
5.917000000000000000e+03
2.047000000000000000e+03
1.961000000000000000e+03
8.226000000000000000e+03
1.217000000000000000e+03
6.041000000000000000e+03
6.469000000000000000e+03
6.273000000000000000e+03
1.706000000000000000e+03
6.774000000000000000e+03
4.352000000000000000e+03
8.779000000000000000e+03
8.775000000000000000e+03
6.290000000000000000e+03
7.991000000000000000e+03
4.332000000000000000e+03
6.865000000000000000e+03
4.329000000000000000e+03
8.550000000000000000e+03
2.343000000000000000e+03
4.321000000000000000e+03
8.115000000000000000e+03
2.372000000000000000e+03
4.368000000000000000e+03
2.204000000000000000e+03
8.838000000000000000e+03
8.514000000000000000e+03
6.767000000000000000e+03
6.889000000000000000e+03
3.649000000000000000e+03
6.482000000000000000e+03
2.385000000000000000e+03
6.786000000000000000e+03
6.252000000000000000e+03
6.260000000000000000e+03
8.532000000000000000e+03
1.386000000000000000e+03
1.711000000000000000e+03
8.810000000000000000e+03
8.116000000000000000e+03
1.393000000000000000e+03
4.378000000000000000e+03
2.393000000000000000e+03
3.761000000000000000e+03
4.308000000000000000e+03
3.728000000000000000e+03
1.631000000000000000e+03
2.256000000000000000e+03
4.201000000000000000e+03
2.273000000000000000e+03
6.391000000000000000e+03
2.271000000000000000e+03
6.809000000000000000e+03
6.409000000000000000e+03
8.072000000000000000e+03
1.598000000000000000e+03
6.399000000000000000e+03
6.806000000000000000e+03
8.620000000000000000e+03
8.624000000000000000e+03
6.382000000000000000e+03
1.636000000000000000e+03
8.652000000000000000e+03
4.246000000000000000e+03
4.307000000000000000e+03
8.726000000000000000e+03
8.097000000000000000e+03
6.448000000000000000e+03
8.713000000000000000e+03
8.096000000000000000e+03
8.090000000000000000e+03
6.311000000000000000e+03
8.021000000000000000e+03
6.344000000000000000e+03
6.345000000000000000e+03
4.179000000000000000e+03
6.833000000000000000e+03
8.035000000000000000e+03
8.593000000000000000e+03
2.294000000000000000e+03
8.581000000000000000e+03
1.033000000000000000e+03
8.511000000000000000e+03
8.136000000000000000e+03
3.558000000000000000e+03
6.103000000000000000e+03
1.864000000000000000e+03
9.026000000000000000e+03
1.859000000000000000e+03
1.145000000000000000e+03
6.958000000000000000e+03
9.013000000000000000e+03
1.848000000000000000e+03
9.007000000000000000e+03
7.872000000000000000e+03
1.828000000000000000e+03
3.579000000000000000e+03
1.822000000000000000e+03
4.529000000000000000e+03
3.557000000000000000e+03
8.395000000000000000e+03
6.718000000000000000e+03
7.847000000000000000e+03
1.038000000000000000e+03
7.816000000000000000e+03
4.626000000000000000e+03
3.529000000000000000e+03
1.903000000000000000e+03
9.093000000000000000e+03
3.849000000000000000e+03
1.186000000000000000e+03
9.087000000000000000e+03
7.828000000000000000e+03
7.829000000000000000e+03
3.539000000000000000e+03
9.067000000000000000e+03
6.975000000000000000e+03
6.580000000000000000e+03
9.053000000000000000e+03
3.998000000000000000e+03
7.958000000000000000e+03
1.820000000000000000e+03
7.887000000000000000e+03
6.916000000000000000e+03
6.509000000000000000e+03
1.283000000000000000e+03
3.619000000000000000e+03
8.886000000000000000e+03
6.903000000000000000e+03
6.898000000000000000e+03
1.317000000000000000e+03
3.799000000000000000e+03
7.947000000000000000e+03
1.324000000000000000e+03
4.413000000000000000e+03
1.335000000000000000e+03
1.761000000000000000e+03
8.494000000000000000e+03
6.515000000000000000e+03
4.460000000000000000e+03
4.080000000000000000e+03
1.254000000000000000e+03
6.143000000000000000e+03
8.451000000000000000e+03
8.626000000000000000e+03
3.814000000000000000e+03
4.490000000000000000e+03
6.172000000000000000e+03
8.157000000000000000e+03
3.821000000000000000e+03
1.789000000000000000e+03
8.465000000000000000e+03
1.241000000000000000e+03
8.934000000000000000e+03
2.164000000000000000e+03
4.477000000000000000e+03
1.247000000000000000e+03
7.915000000000000000e+03
8.938000000000000000e+03
1.406000000000000000e+03
8.258000000000000000e+03
3.880000000000000000e+02
3.308000000000000000e+03
2.846000000000000000e+03
5.690000000000000000e+03
4.900000000000000000e+02
5.025000000000000000e+03
2.850000000000000000e+03
4.690000000000000000e+02
2.731000000000000000e+03
2.863000000000000000e+03
5.667000000000000000e+03
5.056000000000000000e+03
4.350000000000000000e+02
7.534000000000000000e+03
9.383000000000000000e+03
3.276000000000000000e+03
7.205000000000000000e+03
5.639000000000000000e+03
7.207000000000000000e+03
9.674000000000000000e+03
4.851000000000000000e+03
5.112000000000000000e+03
4.893000000000000000e+03
3.249000000000000000e+03
9.698000000000000000e+03
3.246000000000000000e+03
3.244000000000000000e+03
5.592000000000000000e+03
5.144000000000000000e+03
5.149000000000000000e+03
7.573000000000000000e+03
7.238000000000000000e+03
5.698000000000000000e+03
5.828000000000000000e+03
7.114000000000000000e+03
6.650000000000000000e+02
5.796000000000000000e+03
2.764000000000000000e+03
9.450000000000000000e+03
7.125000000000000000e+03
2.776000000000000000e+03
2.777000000000000000e+03
6.240000000000000000e+02
5.773000000000000000e+03
9.470000000000000000e+03
7.133000000000000000e+03
9.479000000000000000e+03
7.622000000000000000e+03
6.010000000000000000e+02
3.347000000000000000e+03
4.954000000000000000e+03
7.611000000000000000e+03
9.497000000000000000e+03
9.500000000000000000e+03
7.605000000000000000e+03
5.620000000000000000e+02
4.974000000000000000e+03
9.523000000000000000e+03
7.597000000000000000e+03
9.541000000000000000e+03
2.821000000000000000e+03
5.717000000000000000e+03
5.200000000000000000e+02
7.176000000000000000e+03
7.390000000000000000e+02
5.117000000000000000e+03
9.866000000000000000e+03
2.040000000000000000e+02
9.823000000000000000e+03
9.826000000000000000e+03
5.517000000000000000e+03
2.994000000000000000e+03
5.249000000000000000e+03
9.340000000000000000e+03
1.520000000000000000e+02
5.162000000000000000e+03
3.028000000000000000e+03
3.162000000000000000e+03
9.891000000000000000e+03
5.463000000000000000e+03
4.820000000000000000e+03
3.043000000000000000e+03
7.309000000000000000e+03
5.304000000000000000e+03
5.305000000000000000e+03
7.388000000000000000e+03
5.436000000000000000e+03
8.300000000000000000e+01
3.130000000000000000e+03
9.959000000000000000e+03
4.600000000000000000e+01
4.000000000000000000e+01
3.087000000000000000e+03
5.394000000000000000e+03
5.228000000000000000e+03
2.100000000000000000e+02
9.422000000000000000e+03
2.930000000000000000e+02
9.792000000000000000e+03
5.174000000000000000e+03
5.550000000000000000e+03
2.711000000000000000e+03
4.829000000000000000e+03
5.203000000000000000e+03
7.258000000000000000e+03
9.773000000000000000e+03
7.455000000000000000e+03
9.744000000000000000e+03
5.862000000000000000e+03
9.345000000000000000e+03
9.803000000000000000e+03
5.535000000000000000e+03
2.500000000000000000e+02
2.140000000000000000e+02
9.799000000000000000e+03
2.560000000000000000e+02
4.005000000000000000e+03
6.549000000000000000e+03
9.979000000000000000e+03
3.110000000000000000e+03
7.980000000000000000e+03
1.136000000000000000e+03
8.738000000000000000e+03
7.650000000000000000e+02
4.049000000000000000e+03
4.534000000000000000e+03
8.180000000000000000e+03
2.595000000000000000e+03
2.448000000000000000e+03
1.292000000000000000e+03
6.936000000000000000e+03
2.000000000000000000e+01
2.516000000000000000e+03
2.374000000000000000e+03
3.305000000000000000e+03
1.110000000000000000e+02
6.208000000000000000e+03
4.040000000000000000e+02
3.520000000000000000e+03
6.174000000000000000e+03
2.369000000000000000e+03
2.620000000000000000e+02
1.279000000000000000e+03
5.060000000000000000e+02
2.136000000000000000e+03
9.370000000000000000e+03
7.610000000000000000e+03
3.553000000000000000e+03
3.218000000000000000e+03
8.683000000000000000e+03
5.726000000000000000e+03
3.745000000000000000e+03
7.331000000000000000e+03
1.782000000000000000e+03
2.811000000000000000e+03
7.839000000000000000e+03
5.874000000000000000e+03
4.561000000000000000e+03
9.065000000000000000e+03
7.809000000000000000e+03
2.245000000000000000e+03
5.434000000000000000e+03
5.656000000000000000e+03
3.808000000000000000e+03
8.500000000000000000e+01
8.862000000000000000e+03
7.239000000000000000e+03
5.319000000000000000e+03
2.623000000000000000e+03
1.799000000000000000e+03
5.636000000000000000e+03
6.737000000000000000e+03
2.112000000000000000e+03
5.687000000000000000e+03
3.054000000000000000e+03
2.674000000000000000e+03
9.735000000000000000e+03
2.375000000000000000e+03
3.060000000000000000e+02
5.788000000000000000e+03
7.566000000000000000e+03
3.106000000000000000e+03
2.770000000000000000e+03
9.206000000000000000e+03
8.067000000000000000e+03
8.447000000000000000e+03
1.609000000000000000e+03
5.255000000000000000e+03
7.124000000000000000e+03
3.136000000000000000e+03
7.273000000000000000e+03
9.830000000000000000e+03
2.362000000000000000e+03
2.344000000000000000e+03
3.360000000000000000e+03
2.014000000000000000e+03
1.101000000000000000e+03
8.985000000000000000e+03
4.315000000000000000e+03
5.085000000000000000e+03
9.369000000000000000e+03
3.321000000000000000e+03
8.349000000000000000e+03
1.987000000000000000e+03
6.162000000000000000e+03
5.601000000000000000e+03
5.747000000000000000e+03
1.255000000000000000e+03
9.240000000000000000e+03
3.243000000000000000e+03
5.347000000000000000e+03
5.514000000000000000e+03
9.287000000000000000e+03
9.567000000000000000e+03
6.320000000000000000e+03
2.068000000000000000e+03
9.050000000000000000e+02
8.325000000000000000e+03
8.850000000000000000e+03
5.076000000000000000e+03
6.760000000000000000e+03
8.390000000000000000e+02
8.646000000000000000e+03
7.262000000000000000e+03
9.376000000000000000e+03
8.202000000000000000e+03
5.869000000000000000e+03
2.662000000000000000e+03
3.400000000000000000e+02
6.307000000000000000e+03
2.137000000000000000e+03
7.680000000000000000e+02
7.707000000000000000e+03
2.469000000000000000e+03
3.092000000000000000e+03
9.918000000000000000e+03
5.711000000000000000e+03
4.693000000000000000e+03
2.108000000000000000e+03
5.133000000000000000e+03
2.536000000000000000e+03
2.549000000000000000e+03
1.501000000000000000e+03
9.104000000000000000e+03
6.299000000000000000e+03
8.086000000000000000e+03
5.846000000000000000e+03
2.378000000000000000e+03
8.609000000000000000e+03
4.857000000000000000e+03
7.881000000000000000e+03
9.725000000000000000e+03
1.529000000000000000e+03
9.095000000000000000e+03
9.487000000000000000e+03
2.895000000000000000e+03
5.850000000000000000e+03
3.230000000000000000e+03
2.289000000000000000e+03
5.182000000000000000e+03
6.813000000000000000e+03
8.049000000000000000e+03
7.493000000000000000e+03
8.989000000000000000e+03
6.290000000000000000e+02
2.639000000000000000e+03
5.225000000000000000e+03
3.144000000000000000e+03
4.972000000000000000e+03
8.392000000000000000e+03
4.011000000000000000e+03
1.880000000000000000e+03
3.611000000000000000e+03
6.121000000000000000e+03
9.928000000000000000e+03
7.667000000000000000e+03
8.360000000000000000e+03
7.700000000000000000e+01
7.924000000000000000e+03
5.691000000000000000e+03
2.605000000000000000e+03
2.449000000000000000e+03
5.140000000000000000e+02
3.872000000000000000e+03
4.497000000000000000e+03
9.413000000000000000e+03
9.450000000000000000e+02
3.113000000000000000e+03
6.673000000000000000e+03
3.895000000000000000e+03
5.377000000000000000e+03
9.229000000000000000e+03
4.899000000000000000e+03
6.011000000000000000e+03
5.310000000000000000e+03
2.391000000000000000e+03
5.053000000000000000e+03
6.992000000000000000e+03
1.990000000000000000e+02
5.519000000000000000e+03
3.479000000000000000e+03
6.750000000000000000e+03
7.127000000000000000e+03
2.138000000000000000e+03
5.468000000000000000e+03
9.452000000000000000e+03
5.047000000000000000e+03
7.066000000000000000e+03
4.310000000000000000e+02
3.299000000000000000e+03
2.141000000000000000e+03
6.994000000000000000e+03
3.259000000000000000e+03
6.068000000000000000e+03
9.502000000000000000e+03
3.725000000000000000e+03
5.629000000000000000e+03
3.422000000000000000e+03
6.441000000000000000e+03
8.869000000000000000e+03
2.023000000000000000e+03
5.485000000000000000e+03
8.833000000000000000e+03
7.673000000000000000e+03
5.143000000000000000e+03
6.113000000000000000e+03
9.686000000000000000e+03
5.651000000000000000e+03
3.531000000000000000e+03
7.435000000000000000e+03
4.777000000000000000e+03
2.915000000000000000e+03
2.757000000000000000e+03
5.978000000000000000e+03
9.985000000000000000e+03
1.449000000000000000e+03
3.056000000000000000e+03
2.436000000000000000e+03
2.654000000000000000e+03
6.721000000000000000e+03
5.686000000000000000e+03
8.906000000000000000e+03
2.851000000000000000e+03
8.403000000000000000e+03
2.125000000000000000e+03
8.166000000000000000e+03
5.932000000000000000e+03
2.149000000000000000e+03
2.119000000000000000e+03
7.318000000000000000e+03
2.652000000000000000e+03
4.066000000000000000e+03
8.345000000000000000e+03
5.000000000000000000e+02
1.934000000000000000e+03
5.419000000000000000e+03
5.414000000000000000e+03
5.705000000000000000e+03
5.411000000000000000e+03
8.306000000000000000e+03
5.870000000000000000e+03
5.368000000000000000e+03
5.369000000000000000e+03
7.882000000000000000e+03
5.389000000000000000e+03
2.093000000000000000e+03
8.070000000000000000e+02
4.420000000000000000e+03
1.795000000000000000e+03
6.804000000000000000e+03
4.209000000000000000e+03
6.401000000000000000e+03
6.823000000000000000e+03
3.708000000000000000e+03
1.537000000000000000e+03
9.779000000000000000e+03
4.283000000000000000e+03
1.493000000000000000e+03
3.770000000000000000e+02
9.372000000000000000e+03
8.781000000000000000e+03
5.108000000000000000e+03
1.453000000000000000e+03
3.790000000000000000e+02
5.616000000000000000e+03
9.783000000000000000e+03
7.722000000000000000e+03
1.793000000000000000e+03
5.062000000000000000e+03
3.026000000000000000e+03
1.779000000000000000e+03
8.487000000000000000e+03
8.846000000000000000e+03
7.967000000000000000e+03
8.499000000000000000e+03
7.691000000000000000e+03
6.477000000000000000e+03
9.821000000000000000e+03
2.978000000000000000e+03
4.392000000000000000e+03
9.293000000000000000e+03
1.860000000000000000e+02
7.766000000000000000e+03
2.335000000000000000e+03
4.547000000000000000e+03
9.186000000000000000e+03
4.648000000000000000e+03
9.980000000000000000e+02
5.992000000000000000e+03
2.526000000000000000e+03
5.994000000000000000e+03
9.025000000000000000e+03
3.523000000000000000e+03
6.948000000000000000e+03
4.601000000000000000e+03
9.720000000000000000e+02
2.557000000000000000e+03
1.051000000000000000e+03
9.511000000000000000e+03
6.957000000000000000e+03
6.025000000000000000e+03
7.856000000000000000e+03
9.106000000000000000e+03
5.817000000000000000e+03
5.742000000000000000e+03
4.669000000000000000e+03
6.800000000000000000e+02
7.767000000000000000e+03
9.701000000000000000e+03
9.815000000000000000e+03
7.078000000000000000e+03
5.819000000000000000e+03
2.892000000000000000e+03
2.200000000000000000e+02
5.083000000000000000e+03
4.680000000000000000e+03
2.008000000000000000e+03
1.721000000000000000e+03
4.185000000000000000e+03
3.600000000000000000e+03
9.180000000000000000e+02
9.238000000000000000e+03
3.163000000000000000e+03
2.194000000000000000e+03
1.684000000000000000e+03
7.693000000000000000e+03
3.800000000000000000e+03
1.475000000000000000e+03
8.467000000000000000e+03
3.371000000000000000e+03
5.440000000000000000e+03
7.680000000000000000e+03
6.368000000000000000e+03
4.510000000000000000e+03
5.574000000000000000e+03
6.361000000000000000e+03
5.407000000000000000e+03
1.391000000000000000e+03
5.170000000000000000e+03
6.610000000000000000e+03
3.310000000000000000e+02
4.021000000000000000e+03
3.069000000000000000e+03
3.980000000000000000e+03
3.141000000000000000e+03
6.065000000000000000e+03
3.779000000000000000e+03
4.435000000000000000e+03
3.126000000000000000e+03
4.635000000000000000e+03
5.244000000000000000e+03
3.990000000000000000e+03
6.699000000000000000e+03
4.240000000000000000e+02
8.213000000000000000e+03
3.047000000000000000e+03
1.936000000000000000e+03
5.749000000000000000e+03
6.722000000000000000e+03
2.246000000000000000e+03
7.954000000000000000e+03
6.164000000000000000e+03
4.975000000000000000e+03
1.469000000000000000e+03
8.033000000000000000e+03
1.867000000000000000e+03
6.592000000000000000e+03
6.240000000000000000e+03
4.660000000000000000e+03
6.570000000000000000e+02
4.280000000000000000e+02
7.674000000000000000e+03
8.275000000000000000e+03
7.578000000000000000e+03
1.630000000000000000e+02
1.606000000000000000e+03
3.489000000000000000e+03
5.974000000000000000e+03
6.657000000000000000e+03
4.100000000000000000e+03
9.286000000000000000e+03
6.303000000000000000e+03
1.171000000000000000e+03
2.555000000000000000e+03
5.668000000000000000e+03
6.312000000000000000e+03
7.546000000000000000e+03
6.499000000000000000e+03
9.516000000000000000e+03
6.180000000000000000e+02
9.033000000000000000e+03
6.129000000000000000e+03
8.963000000000000000e+03
7.804000000000000000e+03
1.431000000000000000e+03
9.205000000000000000e+03
2.329000000000000000e+03
4.310000000000000000e+03
8.622000000000000000e+03
1.502000000000000000e+03
7.308000000000000000e+03
3.431000000000000000e+03
2.016000000000000000e+03
3.040000000000000000e+02
7.028000000000000000e+03
1.546000000000000000e+03
4.159000000000000000e+03
2.066000000000000000e+03
9.540000000000000000e+02
2.229000000000000000e+03
1.950000000000000000e+02
1.670000000000000000e+03
4.000000000000000000e+00
1.042000000000000000e+03
8.180000000000000000e+02
1.083000000000000000e+03
8.600000000000000000e+02
7.481000000000000000e+03
5.830000000000000000e+02
3.559000000000000000e+03
5.075000000000000000e+03
9.504000000000000000e+03
9.582000000000000000e+03
6.109000000000000000e+03
2.140000000000000000e+03
2.253000000000000000e+03
1.460000000000000000e+03
3.176000000000000000e+03
8.996000000000000000e+03
1.328000000000000000e+03
7.027000000000000000e+03
9.184000000000000000e+03
4.004000000000000000e+03
6.748000000000000000e+03
3.565000000000000000e+03
8.365000000000000000e+03
9.227000000000000000e+03
2.328000000000000000e+03
3.518000000000000000e+03
1.289000000000000000e+03
5.017000000000000000e+03
7.446000000000000000e+03
3.927000000000000000e+03
2.854000000000000000e+03
1.056000000000000000e+03
8.019000000000000000e+03
3.455000000000000000e+03
8.599000000000000000e+03
6.314000000000000000e+03
8.525000000000000000e+03
1.600000000000000000e+03
8.085000000000000000e+03
6.060000000000000000e+02
2.408000000000000000e+03
5.931000000000000000e+03
8.444000000000000000e+03
1.578000000000000000e+03
2.744000000000000000e+03
6.603000000000000000e+03
5.167000000000000000e+03
6.671000000000000000e+03
3.578000000000000000e+03
3.300000000000000000e+03
5.915000000000000000e+03
5.540000000000000000e+03
2.780000000000000000e+02
2.556000000000000000e+03
7.723000000000000000e+03
3.919000000000000000e+03
9.313000000000000000e+03
4.026000000000000000e+03
5.066000000000000000e+03
2.814000000000000000e+03
8.356000000000000000e+03
1.592000000000000000e+03
5.417000000000000000e+03
6.293000000000000000e+03
5.800000000000000000e+01
9.091000000000000000e+03
3.525000000000000000e+03
1.644000000000000000e+03
3.665000000000000000e+03
6.073000000000000000e+03
6.977000000000000000e+03
3.600000000000000000e+01
9.081000000000000000e+03
4.149000000000000000e+03
9.247000000000000000e+03
9.509000000000000000e+03
4.381000000000000000e+03
3.860000000000000000e+02
8.206000000000000000e+03
7.558000000000000000e+03
3.320000000000000000e+03
8.135000000000000000e+03
8.209000000000000000e+03
2.700000000000000000e+01
5.445000000000000000e+03
8.817000000000000000e+03
9.521000000000000000e+03
4.856000000000000000e+03
3.015000000000000000e+03
5.568000000000000000e+03
9.040000000000000000e+02
6.844000000000000000e+03
4.154000000000000000e+03
5.813000000000000000e+03
5.501000000000000000e+03
7.834000000000000000e+03
7.467000000000000000e+03
9.800000000000000000e+03
5.775000000000000000e+03
9.129000000000000000e+03
7.190000000000000000e+03
1.575000000000000000e+03
3.851000000000000000e+03
4.027000000000000000e+03
7.211000000000000000e+03
2.365000000000000000e+03
1.476000000000000000e+03
2.026000000000000000e+03
7.314000000000000000e+03
4.590000000000000000e+02
8.000000000000000000e+02
2.230000000000000000e+03
9.756000000000000000e+03
1.118000000000000000e+03
8.705000000000000000e+03
6.790000000000000000e+03
3.168000000000000000e+03
8.518000000000000000e+03
7.537000000000000000e+03
3.748000000000000000e+03
7.427000000000000000e+03
2.671000000000000000e+03
1.148000000000000000e+03
1.884000000000000000e+03
9.316000000000000000e+03
7.215000000000000000e+03
5.910000000000000000e+03
7.561000000000000000e+03
9.635000000000000000e+03
9.982000000000000000e+03
4.432000000000000000e+03
4.333000000000000000e+03
5.471000000000000000e+03
8.321000000000000000e+03
3.512000000000000000e+03
6.547000000000000000e+03
1.151000000000000000e+03
6.954000000000000000e+03
