5.165000000000000000e+03
9.059000000000000000e+03
5.790000000000000000e+03
8.006000000000000000e+03
7.499000000000000000e+03
9.778000000000000000e+03
5.905000000000000000e+03
9.400000000000000000e+02
6.377000000000000000e+03
6.058000000000000000e+03
1.695000000000000000e+03
6.256000000000000000e+03
6.597000000000000000e+03
4.390000000000000000e+02
9.950000000000000000e+02
2.590000000000000000e+02
9.637000000000000000e+03
7.814000000000000000e+03
2.657000000000000000e+03
6.332000000000000000e+03
4.445000000000000000e+03
9.923000000000000000e+03
7.166000000000000000e+03
2.899000000000000000e+03
8.744000000000000000e+03
3.805000000000000000e+03
9.971000000000000000e+03
3.400000000000000000e+02
8.579000000000000000e+03
8.699000000000000000e+03
5.719000000000000000e+03
7.771000000000000000e+03
9.959000000000000000e+03
8.005000000000000000e+03
6.393000000000000000e+03
1.363000000000000000e+03
4.848000000000000000e+03
7.340000000000000000e+02
5.160000000000000000e+02
5.070000000000000000e+02
7.640000000000000000e+02
8.813000000000000000e+03
9.588000000000000000e+03
5.598000000000000000e+03
0.000000000000000000e+00
3.460000000000000000e+02
1.241000000000000000e+03
6.953000000000000000e+03
7.486000000000000000e+03
8.760000000000000000e+03
2.980000000000000000e+03
5.372000000000000000e+03
8.118000000000000000e+03
2.451000000000000000e+03
1.490000000000000000e+03
2.388000000000000000e+03
4.496000000000000000e+03
5.840000000000000000e+02
7.250000000000000000e+02
5.995000000000000000e+03
3.803000000000000000e+03
7.313000000000000000e+03
8.854000000000000000e+03
1.059000000000000000e+03
7.316000000000000000e+03
2.007000000000000000e+03
1.262000000000000000e+03
6.562000000000000000e+03
2.057000000000000000e+03
1.213000000000000000e+03
8.697000000000000000e+03
7.444000000000000000e+03
7.450000000000000000e+03
6.170000000000000000e+02
8.463000000000000000e+03
8.458000000000000000e+03
4.914000000000000000e+03
4.926000000000000000e+03
4.995000000000000000e+03
5.012000000000000000e+03
8.745000000000000000e+03
5.033000000000000000e+03
4.845000000000000000e+03
8.490000000000000000e+03
8.493000000000000000e+03
3.819000000000000000e+03
4.018000000000000000e+03
4.072000000000000000e+03
6.870000000000000000e+02
4.277000000000000000e+03
8.620000000000000000e+03
4.358000000000000000e+03
3.809000000000000000e+03
4.394000000000000000e+03
7.440000000000000000e+03
7.359000000000000000e+03
4.695000000000000000e+03
4.713000000000000000e+03
4.830000000000000000e+03
8.495000000000000000e+03
7.282000000000000000e+03
5.117000000000000000e+03
6.543000000000000000e+03
8.334000000000000000e+03
7.986000000000000000e+03
7.985000000000000000e+03
7.948000000000000000e+03
5.901000000000000000e+03
5.920000000000000000e+03
5.925000000000000000e+03
5.947000000000000000e+03
6.932000000000000000e+03
6.837000000000000000e+03
6.084000000000000000e+03
7.840000000000000000e+03
6.163000000000000000e+03
6.770000000000000000e+03
6.201000000000000000e+03
3.970000000000000000e+02
6.639000000000000000e+03
6.310000000000000000e+03
6.587000000000000000e+03
7.741000000000000000e+03
5.843000000000000000e+03
7.279000000000000000e+03
6.984000000000000000e+03
7.054000000000000000e+03
7.244000000000000000e+03
5.179000000000000000e+03
5.730000000000000000e+02
5.200000000000000000e+03
4.380000000000000000e+02
5.312000000000000000e+03
8.183000000000000000e+03
8.170000000000000000e+03
5.377000000000000000e+03
5.580000000000000000e+02
5.447000000000000000e+03
5.450000000000000000e+03
5.490000000000000000e+02
5.553000000000000000e+03
5.617000000000000000e+03
5.647000000000000000e+03
7.098000000000000000e+03
8.028000000000000000e+03
7.064000000000000000e+03
5.830000000000000000e+03
5.303000000000000000e+03
3.830000000000000000e+03
7.363000000000000000e+03
2.439000000000000000e+03
2.444000000000000000e+03
9.295000000000000000e+03
2.462000000000000000e+03
2.525000000000000000e+03
9.269000000000000000e+03
9.714000000000000000e+03
2.667000000000000000e+03
9.232000000000000000e+03
2.698000000000000000e+03
2.803000000000000000e+03
9.146000000000000000e+03
8.510000000000000000e+02
1.016000000000000000e+03
9.109000000000000000e+03
2.281000000000000000e+03
9.689000000000000000e+03
3.798000000000000000e+03
2.264000000000000000e+03
1.948000000000000000e+03
1.970000000000000000e+03
9.820000000000000000e+02
1.988000000000000000e+03
1.996000000000000000e+03
2.081000000000000000e+03
2.106000000000000000e+03
9.095000000000000000e+03
9.455000000000000000e+03
9.421000000000000000e+03
9.415000000000000000e+03
9.413000000000000000e+03
9.390000000000000000e+02
9.385000000000000000e+03
2.258000000000000000e+03
9.665000000000000000e+03
9.447000000000000000e+03
3.031000000000000000e+03
2.707000000000000000e+03
1.512000000000000000e+03
1.454000000000000000e+03
3.387000000000000000e+03
1.048000000000000000e+03
1.559000000000000000e+03
3.491000000000000000e+03
1.316000000000000000e+03
8.873000000000000000e+03
9.977000000000000000e+03
1.231000000000000000e+03
3.514000000000000000e+03
7.730000000000000000e+02
3.263000000000000000e+03
3.609000000000000000e+03
3.707000000000000000e+03
3.709000000000000000e+03
3.743000000000000000e+03
3.165000000000000000e+03
3.142000000000000000e+03
1.430000000000000000e+02
3.325000000000000000e+03
3.312000000000000000e+03
9.592000000000000000e+03
7.058000000000000000e+03
6.659000000000000000e+03
9.033000000000000000e+03
9.720000000000000000e+02
8.767000000000000000e+03
3.005000000000000000e+03
9.474000000000000000e+03
3.290000000000000000e+03
2.500000000000000000e+01
7.050000000000000000e+03
9.419000000000000000e+03
4.756000000000000000e+03
7.286000000000000000e+03
8.904000000000000000e+03
9.651000000000000000e+03
2.770000000000000000e+03
9.307000000000000000e+03
8.585000000000000000e+03
6.746000000000000000e+03
8.956000000000000000e+03
5.675000000000000000e+03
2.335000000000000000e+03
9.758000000000000000e+03
2.238000000000000000e+03
8.877000000000000000e+03
5.827000000000000000e+03
6.328000000000000000e+03
9.946000000000000000e+03
5.056000000000000000e+03
1.618000000000000000e+03
1.483000000000000000e+03
3.250000000000000000e+02
9.871000000000000000e+03
6.643000000000000000e+03
1.854000000000000000e+03
1.457000000000000000e+03
1.826000000000000000e+03
6.431000000000000000e+03
7.565000000000000000e+03
9.941000000000000000e+03
6.469000000000000000e+03
1.800000000000000000e+03
7.621000000000000000e+03
9.725000000000000000e+03
9.769000000000000000e+03
1.639000000000000000e+03
1.671000000000000000e+03
6.329000000000000000e+03
7.311000000000000000e+03
6.435000000000000000e+03
1.755000000000000000e+03
3.769000000000000000e+03
2.846000000000000000e+03
2.876000000000000000e+03
5.134000000000000000e+03
2.978000000000000000e+03
3.012000000000000000e+03
3.013000000000000000e+03
9.064000000000000000e+03
3.134000000000000000e+03
3.208000000000000000e+03
4.676000000000000000e+03
3.347000000000000000e+03
4.452000000000000000e+03
4.330000000000000000e+03
8.619000000000000000e+03
3.498000000000000000e+03
4.054000000000000000e+03
8.655000000000000000e+03
3.926000000000000000e+03
2.752000000000000000e+03
5.254000000000000000e+03
9.349000000000000000e+03
2.271000000000000000e+03
2.040000000000000000e+03
6.113000000000000000e+03
9.476000000000000000e+03
9.365000000000000000e+03
9.352000000000000000e+03
2.700000000000000000e+03
6.190000000000000000e+03
9.532000000000000000e+03
7.786000000000000000e+03
5.422000000000000000e+03
8.940000000000000000e+02
2.697000000000000000e+03
5.348000000000000000e+03
8.211000000000000000e+03
6.593000000000000000e+03
3.471000000000000000e+03
1.860000000000000000e+03
1.680000000000000000e+02
8.950000000000000000e+02
9.914000000000000000e+03
7.240000000000000000e+02
6.267000000000000000e+03
5.724000000000000000e+03
2.553000000000000000e+03
6.776000000000000000e+03
1.092000000000000000e+03
7.844000000000000000e+03
8.575000000000000000e+03
1.898000000000000000e+03
4.051000000000000000e+03
5.865000000000000000e+03
3.384000000000000000e+03
1.452000000000000000e+03
7.850000000000000000e+02
1.926000000000000000e+03
7.410000000000000000e+02
1.790000000000000000e+02
9.497000000000000000e+03
6.818000000000000000e+03
3.837000000000000000e+03
4.595000000000000000e+03
3.865000000000000000e+03
3.067000000000000000e+03
2.357000000000000000e+03
2.396000000000000000e+03
9.090000000000000000e+02
4.441000000000000000e+03
2.527000000000000000e+03
4.418000000000000000e+03
4.168000000000000000e+03
8.663000000000000000e+03
4.498000000000000000e+03
5.010000000000000000e+03
1.807000000000000000e+03
1.400000000000000000e+01
3.353000000000000000e+03
1.222000000000000000e+03
6.838000000000000000e+03
9.985000000000000000e+03
9.961000000000000000e+03
1.100000000000000000e+01
1.396000000000000000e+03
7.293000000000000000e+03
6.080000000000000000e+03
5.670000000000000000e+02
9.216000000000000000e+03
7.892000000000000000e+03
7.938000000000000000e+03
3.900000000000000000e+02
3.163000000000000000e+03
5.848000000000000000e+03
7.522000000000000000e+03
5.406000000000000000e+03
6.715000000000000000e+03
7.785000000000000000e+03
3.921000000000000000e+03
6.137000000000000000e+03
8.828000000000000000e+03
3.969000000000000000e+03
4.642000000000000000e+03
6.616000000000000000e+03
4.730000000000000000e+02
6.096000000000000000e+03
2.500000000000000000e+02
5.917000000000000000e+03
6.229000000000000000e+03
5.853000000000000000e+03
5.833000000000000000e+03
2.270000000000000000e+02
6.330000000000000000e+03
8.486000000000000000e+03
6.330000000000000000e+02
4.618000000000000000e+03
6.516000000000000000e+03
4.488000000000000000e+03
8.661000000000000000e+03
7.180000000000000000e+02
6.823000000000000000e+03
4.680000000000000000e+02
2.651000000000000000e+03
9.132000000000000000e+03
2.658000000000000000e+03
2.572000000000000000e+03
9.703000000000000000e+03
1.727000000000000000e+03
9.652000000000000000e+03
2.912000000000000000e+03
1.426000000000000000e+03
2.123000000000000000e+03
3.338000000000000000e+03
7.472000000000000000e+03
3.205000000000000000e+03
9.551000000000000000e+03
9.039000000000000000e+03
3.321000000000000000e+03
1.401000000000000000e+03
9.158000000000000000e+03
2.855000000000000000e+03
7.152000000000000000e+03
4.115000000000000000e+03
3.511000000000000000e+03
7.182000000000000000e+03
4.980000000000000000e+02
1.882000000000000000e+03
1.805000000000000000e+03
1.183000000000000000e+03
8.153000000000000000e+03
1.239000000000000000e+03
1.382000000000000000e+03
6.075000000000000000e+03
5.545000000000000000e+03
5.584000000000000000e+03
5.688000000000000000e+03
8.000000000000000000e+03
5.785000000000000000e+03
7.990000000000000000e+03
7.889000000000000000e+03
5.844000000000000000e+03
9.932000000000000000e+03
1.664000000000000000e+03
1.621000000000000000e+03
1.511000000000000000e+03
5.810000000000000000e+02
9.844000000000000000e+03
1.603000000000000000e+03
1.022000000000000000e+03
9.027000000000000000e+03
2.102000000000000000e+03
4.862000000000000000e+03
7.920000000000000000e+02
3.190000000000000000e+03
3.517000000000000000e+03
8.856000000000000000e+03
3.151000000000000000e+03
7.480000000000000000e+02
3.115000000000000000e+03
9.120000000000000000e+03
7.370000000000000000e+02
8.716000000000000000e+03
2.960000000000000000e+03
2.812000000000000000e+03
9.235000000000000000e+03
4.202000000000000000e+03
4.992000000000000000e+03
4.216000000000000000e+03
4.374000000000000000e+03
2.543000000000000000e+03
4.430000000000000000e+03
2.524000000000000000e+03
7.000000000000000000e+01
2.237000000000000000e+03
2.196000000000000000e+03
2.193000000000000000e+03
4.512000000000000000e+03
4.566000000000000000e+03
2.074000000000000000e+03
8.528000000000000000e+03
4.811000000000000000e+03
1.891000000000000000e+03
4.229000000000000000e+03
4.195000000000000000e+03
5.583000000000000000e+03
6.548000000000000000e+03
6.208000000000000000e+03
6.225000000000000000e+03
6.950000000000000000e+03
6.425000000000000000e+03
6.937000000000000000e+03
7.347000000000000000e+03
2.890000000000000000e+02
7.402000000000000000e+03
7.072000000000000000e+03
6.546000000000000000e+03
9.854000000000000000e+03
1.474000000000000000e+03
5.360000000000000000e+03
1.540000000000000000e+02
1.293000000000000000e+03
2.190000000000000000e+02
1.647000000000000000e+03
2.984000000000000000e+03
1.500000000000000000e+02
2.063000000000000000e+03
6.150000000000000000e+02
4.219000000000000000e+03
5.325000000000000000e+03
7.087000000000000000e+03
4.586000000000000000e+03
8.145000000000000000e+03
3.502000000000000000e+03
8.913000000000000000e+03
4.581000000000000000e+03
7.562000000000000000e+03
4.290000000000000000e+03
5.578000000000000000e+03
9.533000000000000000e+03
7.439000000000000000e+03
3.030000000000000000e+02
4.375000000000000000e+03
3.318000000000000000e+03
4.510000000000000000e+03
4.135000000000000000e+03
6.158000000000000000e+03
5.186000000000000000e+03
7.165000000000000000e+03
4.919000000000000000e+03
7.586000000000000000e+03
1.693000000000000000e+03
3.821000000000000000e+03
1.714000000000000000e+03
8.410000000000000000e+03
4.780000000000000000e+03
8.385000000000000000e+03
8.762000000000000000e+03
8.053000000000000000e+03
1.014000000000000000e+03
2.165000000000000000e+03
9.500000000000000000e+03
3.754000000000000000e+03
3.510000000000000000e+02
2.245000000000000000e+03
2.324000000000000000e+03
3.863000000000000000e+03
8.300000000000000000e+01
8.590000000000000000e+03
2.461000000000000000e+03
5.808000000000000000e+03
5.809000000000000000e+03
6.286000000000000000e+03
2.644000000000000000e+03
6.852000000000000000e+03
2.937000000000000000e+03
8.590000000000000000e+02
9.995000000000000000e+03
5.998000000000000000e+03
6.057000000000000000e+03
7.854000000000000000e+03
2.862000000000000000e+03
7.000000000000000000e+03
9.185000000000000000e+03
1.077000000000000000e+03
1.141000000000000000e+03
7.817000000000000000e+03
6.301000000000000000e+03
6.304000000000000000e+03
9.987000000000000000e+03
3.148000000000000000e+03
5.733000000000000000e+03
7.387000000000000000e+03
1.395000000000000000e+03
8.074000000000000000e+03
8.210000000000000000e+02
9.675000000000000000e+03
6.708000000000000000e+03
6.259000000000000000e+03
3.337000000000000000e+03
6.607000000000000000e+03
7.272000000000000000e+03
2.957000000000000000e+03
5.092000000000000000e+03
4.005000000000000000e+03
9.816000000000000000e+03
6.230000000000000000e+02
9.280000000000000000e+03
2.919000000000000000e+03
2.008000000000000000e+03
7.623000000000000000e+03
3.528000000000000000e+03
8.931000000000000000e+03
3.516000000000000000e+03
9.566000000000000000e+03
3.488000000000000000e+03
9.540000000000000000e+03
1.958000000000000000e+03
9.845000000000000000e+03
5.400000000000000000e+03
7.455000000000000000e+03
4.042000000000000000e+03
9.149000000000000000e+03
5.472000000000000000e+03
7.148000000000000000e+03
7.014000000000000000e+03
8.060000000000000000e+02
5.989000000000000000e+03
7.150000000000000000e+03
6.379000000000000000e+03
4.851000000000000000e+03
7.573000000000000000e+03
8.541000000000000000e+03
7.198000000000000000e+03
9.991000000000000000e+03
1.263000000000000000e+03
1.532000000000000000e+03
3.611000000000000000e+03
5.156000000000000000e+03
7.091000000000000000e+03
4.271000000000000000e+03
4.261000000000000000e+03
6.670000000000000000e+02
3.690000000000000000e+02
4.378000000000000000e+03
2.073000000000000000e+03
9.449000000000000000e+03
5.910000000000000000e+02
5.059000000000000000e+03
2.653000000000000000e+03
5.087000000000000000e+03
4.982000000000000000e+03
7.628000000000000000e+03
4.994000000000000000e+03
6.727000000000000000e+03
2.095000000000000000e+03
5.588000000000000000e+03
8.174000000000000000e+03
2.640000000000000000e+03
4.640000000000000000e+02
8.872000000000000000e+03
1.243000000000000000e+03
3.110000000000000000e+03
3.197000000000000000e+03
1.489000000000000000e+03
2.540000000000000000e+02
3.919000000000000000e+03
5.473000000000000000e+03
1.179000000000000000e+03
2.840000000000000000e+03
3.508000000000000000e+03
7.722000000000000000e+03
7.632000000000000000e+03
2.297000000000000000e+03
7.719000000000000000e+03
9.529000000000000000e+03
3.905000000000000000e+03
4.064000000000000000e+03
4.093000000000000000e+03
8.432000000000000000e+03
2.955000000000000000e+03
9.380000000000000000e+03
2.368000000000000000e+03
4.032000000000000000e+03
6.195000000000000000e+03
3.450000000000000000e+03
8.010000000000000000e+02
2.630000000000000000e+02
3.674000000000000000e+03
3.240000000000000000e+02
6.835000000000000000e+03
9.225000000000000000e+03
3.741000000000000000e+03
3.342000000000000000e+03
3.054000000000000000e+03
7.369000000000000000e+03
9.394000000000000000e+03
9.507000000000000000e+03
2.512000000000000000e+03
8.290000000000000000e+02
8.645000000000000000e+03
1.949000000000000000e+03
8.719000000000000000e+03
7.360000000000000000e+02
9.528000000000000000e+03
3.452000000000000000e+03
2.802000000000000000e+03
5.196000000000000000e+03
5.174000000000000000e+03
1.594000000000000000e+03
5.336000000000000000e+03
2.980000000000000000e+02
7.743000000000000000e+03
7.748000000000000000e+03
5.753000000000000000e+03
1.856000000000000000e+03
1.859000000000000000e+03
5.594000000000000000e+03
4.795000000000000000e+03
7.989000000000000000e+03
7.372000000000000000e+03
6.196000000000000000e+03
7.858000000000000000e+03
5.968000000000000000e+03
5.083000000000000000e+03
3.739000000000000000e+03
9.350000000000000000e+03
6.759000000000000000e+03
4.568000000000000000e+03
2.965000000000000000e+03
7.111000000000000000e+03
5.782000000000000000e+03
9.900000000000000000e+01
2.399000000000000000e+03
1.390000000000000000e+02
2.931000000000000000e+03
9.299000000000000000e+03
6.701000000000000000e+03
8.218000000000000000e+03
2.310000000000000000e+02
6.147000000000000000e+03
4.750000000000000000e+03
6.300000000000000000e+02
2.880000000000000000e+02
8.384000000000000000e+03
5.779000000000000000e+03
8.764000000000000000e+03
1.355000000000000000e+03
2.156000000000000000e+03
6.197000000000000000e+03
4.578000000000000000e+03
8.361000000000000000e+03
6.619000000000000000e+03
8.355000000000000000e+03
4.361000000000000000e+03
3.460000000000000000e+03
3.380000000000000000e+03
9.927000000000000000e+03
3.045000000000000000e+03
2.737000000000000000e+03
5.457000000000000000e+03
3.818000000000000000e+03
2.022000000000000000e+03
3.742000000000000000e+03
8.844000000000000000e+03
7.484000000000000000e+03
2.020000000000000000e+03
1.825000000000000000e+03
3.459000000000000000e+03
9.277000000000000000e+03
3.128000000000000000e+03
6.605000000000000000e+03
5.040000000000000000e+02
4.716000000000000000e+03
6.520000000000000000e+02
6.575000000000000000e+03
7.764000000000000000e+03
1.703000000000000000e+03
4.133000000000000000e+03
7.105000000000000000e+03
7.118000000000000000e+03
8.546000000000000000e+03
7.281000000000000000e+03
4.520000000000000000e+03
9.614000000000000000e+03
4.696000000000000000e+03
2.044000000000000000e+03
2.433000000000000000e+03
2.030000000000000000e+02
2.800000000000000000e+02
4.836000000000000000e+03
7.024000000000000000e+03
8.453000000000000000e+03
8.133000000000000000e+03
3.073000000000000000e+03
1.713000000000000000e+03
8.310000000000000000e+02
6.460000000000000000e+02
4.248000000000000000e+03
8.618000000000000000e+03
6.769000000000000000e+03
1.034000000000000000e+03
5.671000000000000000e+03
9.089000000000000000e+03
9.302000000000000000e+03
9.939000000000000000e+03
2.730000000000000000e+02
4.665000000000000000e+03
6.990000000000000000e+03
2.401000000000000000e+03
4.998000000000000000e+03
4.478000000000000000e+03
1.855000000000000000e+03
8.720000000000000000e+02
7.569000000000000000e+03
1.527000000000000000e+03
7.236000000000000000e+03
4.956000000000000000e+03
3.160000000000000000e+02
1.000000000000000000e+03
9.257000000000000000e+03
9.612000000000000000e+03
7.176000000000000000e+03
1.317000000000000000e+03
9.274000000000000000e+03
1.290000000000000000e+03
9.960000000000000000e+02
1.335000000000000000e+03
1.716000000000000000e+03
2.558000000000000000e+03
1.764000000000000000e+03
2.579000000000000000e+03
4.000000000000000000e+01
3.310000000000000000e+02
1.861000000000000000e+03
9.189000000000000000e+03
1.161000000000000000e+03
9.209000000000000000e+03
1.169000000000000000e+03
3.080000000000000000e+02
1.206000000000000000e+03
8.790000000000000000e+02
2.736000000000000000e+03
1.210000000000000000e+03
1.880000000000000000e+03
1.217000000000000000e+03
8.820000000000000000e+02
1.941000000000000000e+03
4.700000000000000000e+01
2.045000000000000000e+03
9.226000000000000000e+03
9.229000000000000000e+03
8.860000000000000000e+02
7.330000000000000000e+03
1.254000000000000000e+03
2.900000000000000000e+02
1.261000000000000000e+03
7.137000000000000000e+03
7.026000000000000000e+03
7.507000000000000000e+03
1.283000000000000000e+03
3.570000000000000000e+02
7.309000000000000000e+03
2.077000000000000000e+03
9.870000000000000000e+02
2.116000000000000000e+03
2.351000000000000000e+03
9.335000000000000000e+03
7.457000000000000000e+03
9.629000000000000000e+03
1.810000000000000000e+03
9.345000000000000000e+03
9.346000000000000000e+03
2.270000000000000000e+03
1.505000000000000000e+03
1.023000000000000000e+03
7.452000000000000000e+03
1.600000000000000000e+03
1.020000000000000000e+03
7.238000000000000000e+03
2.151000000000000000e+03
2.219000000000000000e+03
9.748000000000000000e+03
2.038000000000000000e+03
9.803000000000000000e+03
1.625000000000000000e+03
1.685000000000000000e+03
1.504000000000000000e+03
1.501000000000000000e+03
7.205000000000000000e+03
9.030000000000000000e+02
7.071000000000000000e+03
2.498000000000000000e+03
2.489000000000000000e+03
1.381000000000000000e+03
9.792000000000000000e+03
7.416000000000000000e+03
1.711000000000000000e+03
2.440000000000000000e+03
1.045000000000000000e+03
1.406000000000000000e+03
1.444000000000000000e+03
1.708000000000000000e+03
1.994000000000000000e+03
1.706000000000000000e+03
2.397000000000000000e+03
7.125000000000000000e+03
7.085000000000000000e+03
2.391000000000000000e+03
2.099000000000000000e+03
9.312000000000000000e+03
5.900000000000000000e+01
2.112000000000000000e+03
7.126000000000000000e+03
7.157000000000000000e+03
3.518000000000000000e+03
2.816000000000000000e+03
8.465000000000000000e+03
4.882000000000000000e+03
4.893000000000000000e+03
4.897000000000000000e+03
8.436000000000000000e+03
4.948000000000000000e+03
6.364000000000000000e+03
5.020000000000000000e+03
5.025000000000000000e+03
5.037000000000000000e+03
5.039000000000000000e+03
5.070000000000000000e+03
5.079000000000000000e+03
5.850000000000000000e+02
5.108000000000000000e+03
6.337000000000000000e+03
8.336000000000000000e+03
5.152000000000000000e+03
5.155000000000000000e+03
8.328000000000000000e+03
8.295000000000000000e+03
8.478000000000000000e+03
8.291000000000000000e+03
4.846000000000000000e+03
4.834000000000000000e+03
2.804000000000000000e+03
7.667000000000000000e+03
6.466000000000000000e+03
6.448000000000000000e+03
7.675000000000000000e+03
4.577000000000000000e+03
2.660000000000000000e+02
6.426000000000000000e+03
4.636000000000000000e+03
4.250000000000000000e+02
4.655000000000000000e+03
4.678000000000000000e+03
4.684000000000000000e+03
4.715000000000000000e+03
4.719000000000000000e+03
6.417000000000000000e+03
6.409000000000000000e+03
4.762000000000000000e+03
7.713000000000000000e+03
4.829000000000000000e+03
8.511000000000000000e+03
6.386000000000000000e+03
4.460000000000000000e+03
5.211000000000000000e+03
8.216000000000000000e+03
2.550000000000000000e+02
5.849000000000000000e+03
6.252000000000000000e+03
6.227000000000000000e+03
5.887000000000000000e+03
6.223000000000000000e+03
7.922000000000000000e+03
5.914000000000000000e+03
6.210000000000000000e+03
7.865000000000000000e+03
5.962000000000000000e+03
5.975000000000000000e+03
4.830000000000000000e+02
6.011000000000000000e+03
6.066000000000000000e+03
6.181000000000000000e+03
6.174000000000000000e+03
6.166000000000000000e+03
6.099000000000000000e+03
7.830000000000000000e+03
6.134000000000000000e+03
2.320000000000000000e+02
8.260000000000000000e+03
5.828000000000000000e+03
8.035000000000000000e+03
8.193000000000000000e+03
5.394000000000000000e+03
7.731000000000000000e+03
8.137000000000000000e+03
8.104000000000000000e+03
5.463000000000000000e+03
8.086000000000000000e+03
5.532000000000000000e+03
5.582000000000000000e+03
5.410000000000000000e+02
1.136000000000000000e+03
5.604000000000000000e+03
8.072000000000000000e+03
5.618000000000000000e+03
5.636000000000000000e+03
5.658000000000000000e+03
8.049000000000000000e+03
5.679000000000000000e+03
6.311000000000000000e+03
5.689000000000000000e+03
5.717000000000000000e+03
7.991000000000000000e+03
6.650000000000000000e+02
7.661000000000000000e+03
6.767000000000000000e+03
6.877000000000000000e+03
6.876000000000000000e+03
9.041000000000000000e+03
3.210000000000000000e+03
3.258000000000000000e+03
3.267000000000000000e+03
1.200000000000000000e+02
9.037000000000000000e+03
7.527000000000000000e+03
9.048000000000000000e+03
6.834000000000000000e+03
8.966000000000000000e+03
6.782000000000000000e+03
7.547000000000000000e+03
8.938000000000000000e+03
3.449000000000000000e+03
8.908000000000000000e+03
8.593000000000000000e+03
7.760000000000000000e+02
7.720000000000000000e+02
7.980000000000000000e+02
3.539000000000000000e+03
6.898000000000000000e+03
3.144000000000000000e+03
2.821000000000000000e+03
2.863000000000000000e+03
2.895000000000000000e+03
7.517000000000000000e+03
2.925000000000000000e+03
2.941000000000000000e+03
2.943000000000000000e+03
2.946000000000000000e+03
2.850000000000000000e+02
6.903000000000000000e+03
9.131000000000000000e+03
3.003000000000000000e+03
9.127000000000000000e+03
9.093000000000000000e+03
3.049000000000000000e+03
8.350000000000000000e+02
8.300000000000000000e+02
3.720000000000000000e+02
9.058000000000000000e+03
9.049000000000000000e+03
9.130000000000000000e+03
3.540000000000000000e+03
7.361000000000000000e+03
3.597000000000000000e+03
8.677000000000000000e+03
8.667000000000000000e+03
3.979000000000000000e+03
3.998000000000000000e+03
3.578000000000000000e+03
7.150000000000000000e+02
8.646000000000000000e+03
8.609000000000000000e+03
4.073000000000000000e+03
4.087000000000000000e+03
7.645000000000000000e+03
4.091000000000000000e+03
8.610000000000000000e+03
8.626000000000000000e+03
4.098000000000000000e+03
1.640000000000000000e+02
4.179000000000000000e+03
4.206000000000000000e+03
4.215000000000000000e+03
3.884000000000000000e+03
4.245000000000000000e+03
7.270000000000000000e+02
6.687000000000000000e+03
4.414000000000000000e+03
8.848000000000000000e+03
3.619000000000000000e+03
3.644000000000000000e+03
4.413000000000000000e+03
3.649000000000000000e+03
3.705000000000000000e+03
3.736000000000000000e+03
8.814000000000000000e+03
3.753000000000000000e+03
7.490000000000000000e+02
6.722000000000000000e+03
3.768000000000000000e+03
1.440000000000000000e+02
3.771000000000000000e+03
8.726000000000000000e+03
4.396000000000000000e+03
6.688000000000000000e+03
3.855000000000000000e+03
3.878000000000000000e+03
6.580000000000000000e+03
5.726000000000000000e+03
9.255000000000000000e+03
3.047000000000000000e+03
2.334000000000000000e+03
4.435000000000000000e+03
5.877000000000000000e+03
9.979000000000000000e+03
5.607000000000000000e+03
1.030000000000000000e+03
6.549000000000000000e+03
9.258000000000000000e+03
3.126000000000000000e+03
9.999000000000000000e+03
5.572000000000000000e+03
3.627000000000000000e+03
1.833000000000000000e+03
4.835000000000000000e+03
2.288000000000000000e+03
8.425000000000000000e+03
7.325000000000000000e+03
5.922000000000000000e+03
6.720000000000000000e+03
8.773000000000000000e+03
5.157000000000000000e+03
6.305000000000000000e+03
2.595000000000000000e+03
2.608000000000000000e+03
5.219000000000000000e+03
2.823000000000000000e+03
9.718000000000000000e+03
9.398000000000000000e+03
9.884000000000000000e+03
6.547000000000000000e+03
6.936000000000000000e+03
1.582000000000000000e+03
9.236000000000000000e+03
2.817000000000000000e+03
5.698000000000000000e+03
8.194000000000000000e+03
4.928000000000000000e+03
4.300000000000000000e+02
4.307000000000000000e+03
4.561000000000000000e+03
8.635000000000000000e+03
4.640000000000000000e+03
1.332000000000000000e+03
8.683000000000000000e+03
9.741000000000000000e+03
9.218000000000000000e+03
8.861000000000000000e+03
7.211000000000000000e+03
1.960000000000000000e+03
7.312000000000000000e+03
8.648000000000000000e+03
8.897000000000000000e+03
3.847000000000000000e+03
8.602000000000000000e+03
8.980000000000000000e+03
2.674000000000000000e+03
2.956000000000000000e+03
4.148000000000000000e+03
4.950000000000000000e+02
9.123000000000000000e+03
8.249000000000000000e+03
6.399000000000000000e+03
6.524000000000000000e+03
1.768000000000000000e+03
6.114000000000000000e+03
6.843000000000000000e+03
9.867000000000000000e+03
9.831000000000000000e+03
4.236000000000000000e+03
2.347000000000000000e+03
9.830000000000000000e+03
7.382000000000000000e+03
7.404000000000000000e+03
2.474000000000000000e+03
2.911000000000000000e+03
4.494000000000000000e+03
3.162000000000000000e+03
4.094000000000000000e+03
4.253000000000000000e+03
6.412000000000000000e+03
9.060000000000000000e+03
1.910000000000000000e+02
3.800000000000000000e+03
7.980000000000000000e+03
6.344000000000000000e+03
2.469000000000000000e+03
3.287000000000000000e+03
2.195000000000000000e+03
5.673000000000000000e+03
7.759000000000000000e+03
2.040000000000000000e+02
2.430000000000000000e+03
5.118000000000000000e+03
8.330000000000000000e+03
6.806000000000000000e+03
3.968000000000000000e+03
3.923000000000000000e+03
9.283000000000000000e+03
1.984000000000000000e+03
6.217000000000000000e+03
5.986000000000000000e+03
3.137000000000000000e+03
7.431000000000000000e+03
6.289000000000000000e+03
3.640000000000000000e+03
6.063000000000000000e+03
3.040000000000000000e+02
5.985000000000000000e+03
5.046000000000000000e+03
1.337000000000000000e+03
6.820000000000000000e+02
8.132000000000000000e+03
9.050000000000000000e+02
1.719000000000000000e+03
2.548000000000000000e+03
4.256000000000000000e+03
8.950000000000000000e+03
4.332000000000000000e+03
7.354000000000000000e+03
1.447000000000000000e+03
5.355000000000000000e+03
8.520000000000000000e+02
6.295000000000000000e+03
1.866000000000000000e+03
4.270000000000000000e+02
7.480000000000000000e+03
7.051000000000000000e+03
4.363000000000000000e+03
9.567000000000000000e+03
9.101000000000000000e+03
5.656000000000000000e+03
4.764000000000000000e+03
7.231000000000000000e+03
4.675000000000000000e+03
4.673000000000000000e+03
4.927000000000000000e+03
7.239000000000000000e+03
6.440000000000000000e+02
5.466000000000000000e+03
1.386000000000000000e+03
7.194000000000000000e+03
9.102000000000000000e+03
5.554000000000000000e+03
7.982000000000000000e+03
2.502000000000000000e+03
2.320000000000000000e+03
8.021000000000000000e+03
8.349000000000000000e+03
1.255000000000000000e+03
8.357000000000000000e+03
4.165000000000000000e+03
4.920000000000000000e+02
4.770000000000000000e+02
3.829000000000000000e+03
6.083000000000000000e+03
1.624000000000000000e+03
8.778000000000000000e+03
3.773000000000000000e+03
3.761000000000000000e+03
3.132000000000000000e+03
2.731000000000000000e+03
3.696000000000000000e+03
9.266000000000000000e+03
3.604000000000000000e+03
7.420000000000000000e+03
6.164000000000000000e+03
1.946000000000000000e+03
3.313000000000000000e+03
1.938000000000000000e+03
2.806000000000000000e+03
2.467000000000000000e+03
4.205000000000000000e+03
1.520000000000000000e+02
7.396000000000000000e+03
9.928000000000000000e+03
1.000000000000000000e+02
9.383000000000000000e+03
2.655000000000000000e+03
9.148000000000000000e+03
3.060000000000000000e+02
4.011000000000000000e+03
8.567000000000000000e+03
8.717000000000000000e+03
4.885000000000000000e+03
6.001000000000000000e+03
4.000000000000000000e+03
2.718000000000000000e+03
3.046000000000000000e+03
5.144000000000000000e+03
3.924000000000000000e+03
7.481000000000000000e+03
3.897000000000000000e+03
4.008000000000000000e+03
7.842000000000000000e+03
9.917000000000000000e+03
7.944000000000000000e+03
2.220000000000000000e+02
6.274000000000000000e+03
8.850000000000000000e+03
6.419000000000000000e+03
6.629000000000000000e+03
6.647000000000000000e+03
4.780000000000000000e+02
6.060000000000000000e+03
7.393000000000000000e+03
5.971000000000000000e+03
5.904000000000000000e+03
6.931000000000000000e+03
5.278000000000000000e+03
2.035000000000000000e+03
6.966000000000000000e+03
5.436000000000000000e+03
7.095000000000000000e+03
2.369000000000000000e+03
5.700000000000000000e+03
7.141000000000000000e+03
5.685000000000000000e+03
7.201000000000000000e+03
5.599000000000000000e+03
7.262000000000000000e+03
9.823000000000000000e+03
2.906000000000000000e+03
5.076000000000000000e+03
7.471000000000000000e+03
7.950000000000000000e+02
8.869000000000000000e+03
4.744000000000000000e+03
8.770000000000000000e+02
1.074000000000000000e+03
6.500000000000000000e+02
3.704000000000000000e+03
4.574000000000000000e+03
1.620000000000000000e+03
1.139000000000000000e+03
9.531000000000000000e+03
8.168000000000000000e+03
5.203000000000000000e+03
2.629000000000000000e+03
8.264000000000000000e+03
1.657000000000000000e+03
9.013000000000000000e+03
4.671000000000000000e+03
7.608000000000000000e+03
5.085000000000000000e+03
9.685000000000000000e+03
1.684000000000000000e+03
2.700000000000000000e+02
3.092000000000000000e+03
6.750000000000000000e+03
7.700000000000000000e+01
6.389000000000000000e+03
8.578000000000000000e+03
6.491000000000000000e+03
9.336000000000000000e+03
4.131000000000000000e+03
5.946000000000000000e+03
4.310000000000000000e+02
4.320000000000000000e+02
4.000000000000000000e+00
6.786000000000000000e+03
3.885000000000000000e+03
1.998000000000000000e+03
4.440000000000000000e+02
9.287000000000000000e+03
9.968000000000000000e+03
6.401000000000000000e+03
2.952000000000000000e+03
6.117000000000000000e+03
4.189000000000000000e+03
2.881000000000000000e+03
3.018000000000000000e+03
6.177000000000000000e+03
6.561000000000000000e+03
3.061000000000000000e+03
9.294000000000000000e+03
6.940000000000000000e+02
9.422000000000000000e+03
9.416000000000000000e+03
7.822000000000000000e+03
4.972000000000000000e+03
5.038000000000000000e+03
7.805000000000000000e+03
2.560000000000000000e+02
1.313000000000000000e+03
9.124000000000000000e+03
5.100000000000000000e+03
2.472000000000000000e+03
7.671000000000000000e+03
7.654000000000000000e+03
7.650000000000000000e+03
7.618000000000000000e+03
5.266000000000000000e+03
7.538000000000000000e+03
7.498000000000000000e+03
7.493000000000000000e+03
5.182000000000000000e+03
5.434000000000000000e+03
6.875000000000000000e+03
3.900000000000000000e+01
5.667000000000000000e+03
9.866000000000000000e+03
5.846000000000000000e+03
4.250000000000000000e+03
2.612000000000000000e+03
5.140000000000000000e+02
5.769000000000000000e+03
7.066000000000000000e+03
7.080000000000000000e+03
2.480000000000000000e+03
5.750000000000000000e+03
2.141000000000000000e+03
4.497000000000000000e+03
9.829000000000000000e+03
2.484000000000000000e+03
7.175000000000000000e+03
4.624000000000000000e+03
4.400000000000000000e+03
4.303000000000000000e+03
8.544000000000000000e+03
1.697000000000000000e+03
6.672000000000000000e+03
5.541000000000000000e+03
6.614000000000000000e+03
2.902000000000000000e+03
9.715000000000000000e+03
3.583000000000000000e+03
3.573000000000000000e+03
7.644000000000000000e+03
5.122000000000000000e+03
6.709000000000000000e+03
2.157000000000000000e+03
2.187000000000000000e+03
5.237000000000000000e+03
7.374000000000000000e+03
5.486000000000000000e+03
2.720000000000000000e+03
5.869000000000000000e+03
6.825000000000000000e+03
6.320000000000000000e+02
2.003000000000000000e+03
8.770000000000000000e+03
6.297000000000000000e+03
6.441000000000000000e+03
8.742000000000000000e+03
8.737000000000000000e+03
1.974000000000000000e+03
8.729000000000000000e+03
8.000000000000000000e+00
8.099000000000000000e+03
4.526000000000000000e+03
4.551000000000000000e+03
7.053000000000000000e+03
5.449000000000000000e+03
3.140000000000000000e+03
8.674000000000000000e+03
1.310000000000000000e+02
8.857000000000000000e+03
5.766000000000000000e+03
4.784000000000000000e+03
9.931000000000000000e+03
2.382000000000000000e+03
4.727000000000000000e+03
8.899000000000000000e+03
1.857000000000000000e+03
5.215000000000000000e+03
4.468000000000000000e+03
3.011000000000000000e+03
1.707000000000000000e+03
4.437000000000000000e+03
2.240000000000000000e+03
9.810000000000000000e+02
1.104000000000000000e+03
1.410000000000000000e+02
9.670000000000000000e+03
3.542000000000000000e+03
4.487000000000000000e+03
9.691000000000000000e+03
5.531000000000000000e+03
5.114000000000000000e+03
3.527000000000000000e+03
6.723000000000000000e+03
7.841000000000000000e+03
2.015000000000000000e+03
4.965000000000000000e+03
2.125000000000000000e+03
3.670000000000000000e+03
7.852000000000000000e+03
8.855000000000000000e+03
9.738000000000000000e+03
3.495000000000000000e+03
6.721000000000000000e+03
1.649000000000000000e+03
7.930000000000000000e+02
3.324000000000000000e+03
6.762000000000000000e+03
5.112000000000000000e+03
5.116000000000000000e+03
1.421000000000000000e+03
2.149000000000000000e+03
8.070000000000000000e+02
3.526000000000000000e+03
7.762000000000000000e+03
3.785000000000000000e+03
6.804000000000000000e+03
6.288000000000000000e+03
8.112000000000000000e+03
4.509000000000000000e+03
1.575000000000000000e+03
9.965000000000000000e+03
4.534000000000000000e+03
1.919000000000000000e+03
4.301000000000000000e+03
4.283000000000000000e+03
4.138000000000000000e+03
1.860000000000000000e+02
7.140000000000000000e+02
7.882000000000000000e+03
9.962000000000000000e+03
8.705000000000000000e+03
6.161000000000000000e+03
4.654000000000000000e+03
9.934000000000000000e+03
7.921000000000000000e+03
6.652000000000000000e+03
6.410000000000000000e+02
1.986000000000000000e+03
6.678000000000000000e+03
3.788000000000000000e+03
1.537000000000000000e+03
6.692000000000000000e+03
3.889000000000000000e+03
7.495000000000000000e+03
3.216000000000000000e+03
2.168000000000000000e+03
9.783000000000000000e+03
9.300000000000000000e+03
2.364000000000000000e+03
7.264000000000000000e+03
5.350000000000000000e+02
5.616000000000000000e+03
8.910000000000000000e+02
3.290000000000000000e+02
2.639000000000000000e+03
9.468000000000000000e+03
3.340000000000000000e+02
9.502000000000000000e+03
6.948000000000000000e+03
9.534000000000000000e+03
5.742000000000000000e+03
4.900000000000000000e+01
7.083000000000000000e+03
9.767000000000000000e+03
1.453000000000000000e+03
9.613000000000000000e+03
5.866000000000000000e+03
1.449000000000000000e+03
6.957000000000000000e+03
5.786000000000000000e+03
5.000000000000000000e+02
5.817000000000000000e+03
2.547000000000000000e+03
9.224000000000000000e+03
9.293000000000000000e+03
2.814000000000000000e+03
7.490000000000000000e+03
7.469000000000000000e+03
9.006000000000000000e+03
9.025000000000000000e+03
3.790000000000000000e+02
5.241000000000000000e+03
7.389000000000000000e+03
6.921000000000000000e+03
1.493000000000000000e+03
9.034000000000000000e+03
5.288000000000000000e+03
9.055000000000000000e+03
5.333000000000000000e+03
9.090000000000000000e+03
6.391000000000000000e+03
9.106000000000000000e+03
5.419000000000000000e+03
2.316000000000000000e+03
7.355000000000000000e+03
9.140000000000000000e+03
6.800000000000000000e+02
9.186000000000000000e+03
7.357000000000000000e+03
2.852000000000000000e+03
2.242000000000000000e+03
1.013000000000000000e+03
7.958000000000000000e+03
2.764000000000000000e+03
3.844000000000000000e+03
5.776000000000000000e+03
3.759000000000000000e+03
8.285000000000000000e+03
8.089000000000000000e+03
9.083000000000000000e+03
7.963000000000000000e+03
1.123000000000000000e+03
8.335000000000000000e+03
9.938000000000000000e+03
1.064000000000000000e+03
6.142000000000000000e+03
5.342000000000000000e+03
6.560000000000000000e+02
8.802000000000000000e+03
6.143000000000000000e+03
3.902000000000000000e+03
9.391000000000000000e+03
6.583000000000000000e+03
1.481000000000000000e+03
9.142000000000000000e+03
6.248000000000000000e+03
3.140000000000000000e+02
5.292000000000000000e+03
4.369000000000000000e+03
6.960000000000000000e+02
9.062000000000000000e+03
4.522000000000000000e+03
5.893000000000000000e+03
4.500000000000000000e+01
9.210000000000000000e+02
5.347000000000000000e+03
5.980000000000000000e+03
2.018000000000000000e+03
7.795000000000000000e+03
6.095000000000000000e+03
7.920000000000000000e+03
4.613000000000000000e+03
2.568000000000000000e+03
8.083000000000000000e+03
8.382000000000000000e+03
4.141000000000000000e+03
7.704000000000000000e+03
4.265000000000000000e+03
5.285000000000000000e+03
2.260000000000000000e+02
4.838000000000000000e+03
9.800000000000000000e+03
4.920000000000000000e+03
1.920000000000000000e+02
8.479000000000000000e+03
6.521000000000000000e+03
3.685000000000000000e+03
5.885000000000000000e+03
8.157000000000000000e+03
8.804000000000000000e+03
9.082000000000000000e+03
1.260000000000000000e+03
5.097000000000000000e+03
3.666000000000000000e+03
3.520000000000000000e+03
8.143000000000000000e+03
8.136000000000000000e+03
6.464000000000000000e+03
7.950000000000000000e+03
5.944000000000000000e+03
2.136000000000000000e+03
9.773000000000000000e+03
6.610000000000000000e+03
8.753000000000000000e+03
2.883000000000000000e+03
5.310000000000000000e+02
7.828000000000000000e+03
2.480000000000000000e+02
7.557000000000000000e+03
9.104000000000000000e+03
4.454000000000000000e+03
2.637000000000000000e+03
4.125000000000000000e+03
7.915000000000000000e+03
1.756000000000000000e+03
8.201000000000000000e+03
5.562000000000000000e+03
9.582000000000000000e+03
7.851000000000000000e+03
2.542000000000000000e+03
2.385000000000000000e+03
9.360000000000000000e+02
8.011000000000000000e+03
5.162000000000000000e+03
9.191000000000000000e+03
9.943000000000000000e+03
5.589000000000000000e+03
1.151000000000000000e+03
3.098000000000000000e+03
1.345000000000000000e+03
2.183000000000000000e+03
4.234000000000000000e+03
4.101000000000000000e+03
3.790000000000000000e+03
3.990000000000000000e+03
3.952000000000000000e+03
8.596000000000000000e+03
9.584000000000000000e+03
6.000000000000000000e+03
5.999000000000000000e+03
5.811000000000000000e+03
9.050000000000000000e+03
1.180000000000000000e+03
8.390000000000000000e+02
6.796000000000000000e+03
8.810000000000000000e+03
2.531000000000000000e+03
8.090000000000000000e+02
6.365000000000000000e+03
4.975000000000000000e+03
5.749000000000000000e+03
2.372000000000000000e+03
3.204000000000000000e+03
4.758000000000000000e+03
7.807000000000000000e+03
4.626000000000000000e+03
6.829000000000000000e+03
9.839000000000000000e+03
8.700000000000000000e+03
9.610000000000000000e+02
8.033000000000000000e+03
9.860000000000000000e+02
1.848000000000000000e+03
5.884000000000000000e+03
9.370000000000000000e+03
1.815000000000000000e+03
3.415000000000000000e+03
2.997000000000000000e+03
3.276000000000000000e+03
9.470000000000000000e+03
7.674000000000000000e+03
5.371000000000000000e+03
5.518000000000000000e+03
4.827000000000000000e+03
1.479000000000000000e+03
5.123000000000000000e+03
8.166000000000000000e+03
2.260000000000000000e+03
5.896000000000000000e+03
1.041000000000000000e+03
7.002000000000000000e+03
4.080000000000000000e+03
8.948000000000000000e+03
4.280000000000000000e+02
3.440000000000000000e+03
8.139000000000000000e+03
1.705000000000000000e+03
4.289000000000000000e+03
3.145000000000000000e+03
1.606000000000000000e+03
4.815000000000000000e+03
3.881000000000000000e+03
5.168000000000000000e+03
7.271000000000000000e+03
4.053000000000000000e+03
6.064000000000000000e+03
2.544000000000000000e+03
4.708000000000000000e+03
2.253000000000000000e+03
8.435000000000000000e+03
5.668000000000000000e+03
2.652000000000000000e+03
5.234000000000000000e+03
4.960000000000000000e+02
6.760000000000000000e+03
7.200000000000000000e+02
3.330000000000000000e+02
9.851000000000000000e+03
8.695000000000000000e+03
5.510000000000000000e+03
2.800000000000000000e+03
4.310000000000000000e+03
5.813000000000000000e+03
2.950000000000000000e+02
8.637000000000000000e+03
2.664000000000000000e+03
1.928000000000000000e+03
9.369000000000000000e+03
8.622000000000000000e+03
8.452000000000000000e+03
7.308000000000000000e+03
5.538000000000000000e+03
3.199000000000000000e+03
2.066000000000000000e+03
3.095000000000000000e+03
3.299000000000000000e+03
3.706000000000000000e+03
5.090000000000000000e+02
7.340000000000000000e+03
8.792000000000000000e+03
5.850000000000000000e+03
8.600000000000000000e+02
5.830000000000000000e+02
1.950000000000000000e+02
7.107000000000000000e+03
7.135000000000000000e+03
2.549000000000000000e+03
2.562000000000000000e+03
4.903000000000000000e+03
7.143000000000000000e+03
8.430000000000000000e+02
8.889000000000000000e+03
5.942000000000000000e+03
4.625000000000000000e+03
4.580000000000000000e+03
3.431000000000000000e+03
7.978000000000000000e+03
4.443000000000000000e+03
4.974000000000000000e+03
9.205000000000000000e+03
1.083000000000000000e+03
1.554000000000000000e+03
1.749000000000000000e+03
1.546000000000000000e+03
6.507000000000000000e+03
4.159000000000000000e+03
8.836000000000000000e+03
3.468000000000000000e+03
2.933000000000000000e+03
8.326000000000000000e+03
4.420000000000000000e+02
3.316000000000000000e+03
9.183000000000000000e+03
1.793000000000000000e+03
8.190000000000000000e+03
3.238000000000000000e+03
8.390000000000000000e+03
7.663000000000000000e+03
9.070000000000000000e+02
5.359000000000000000e+03
3.300000000000000000e+01
6.780000000000000000e+03
7.153000000000000000e+03
1.638000000000000000e+03
2.170000000000000000e+02
4.751000000000000000e+03
1.535000000000000000e+03
8.996000000000000000e+03
6.632000000000000000e+03
3.069000000000000000e+03
5.793000000000000000e+03
7.456000000000000000e+03
2.280000000000000000e+02
6.350000000000000000e+02
8.627000000000000000e+03
1.720000000000000000e+03
6.908000000000000000e+03
9.969000000000000000e+03
1.799000000000000000e+03
7.926000000000000000e+03
9.570000000000000000e+03
3.623000000000000000e+03
3.839000000000000000e+03
8.830000000000000000e+03
9.587000000000000000e+03
6.919000000000000000e+03
4.066000000000000000e+03
9.593000000000000000e+03
2.417000000000000000e+03
3.975000000000000000e+03
2.312000000000000000e+03
9.793000000000000000e+03
2.872000000000000000e+03
6.745000000000000000e+03
4.856000000000000000e+03
9.757000000000000000e+03
7.314000000000000000e+03
8.092000000000000000e+03
6.076000000000000000e+03
1.983000000000000000e+03
8.672000000000000000e+03
1.170000000000000000e+02
4.122000000000000000e+03
9.376000000000000000e+03
7.451000000000000000e+03
8.788000000000000000e+03
4.954000000000000000e+03
6.930000000000000000e+02
5.151000000000000000e+03
4.489000000000000000e+03
1.435000000000000000e+03
6.176000000000000000e+03
5.730000000000000000e+03
8.781000000000000000e+03
2.798000000000000000e+03
2.845000000000000000e+03
2.539000000000000000e+03
6.801000000000000000e+03
8.499000000000000000e+03
9.716000000000000000e+03
6.527000000000000000e+03
5.062000000000000000e+03
1.561000000000000000e+03
3.224000000000000000e+03
5.852000000000000000e+03
2.900000000000000000e+01
5.670000000000000000e+03
3.220000000000000000e+03
4.646000000000000000e+03
6.600000000000000000e+01
1.803000000000000000e+03
3.382000000000000000e+03
8.487000000000000000e+03
9.606000000000000000e+03
8.540000000000000000e+03
8.321000000000000000e+03
8.422000000000000000e+03
2.029000000000000000e+03
2.408000000000000000e+03
9.100000000000000000e+01
5.824000000000000000e+03
3.699000000000000000e+03
4.725000000000000000e+03
9.775000000000000000e+03
1.002000000000000000e+03
9.429000000000000000e+03
1.661000000000000000e+03
1.666000000000000000e+03
5.540000000000000000e+03
2.677000000000000000e+03
1.246000000000000000e+03
1.644000000000000000e+03
5.110000000000000000e+02
4.275000000000000000e+03
5.103000000000000000e+03
7.777000000000000000e+03
1.586000000000000000e+03
3.600000000000000000e+01
8.624000000000000000e+03
4.267000000000000000e+03
1.118000000000000000e+03
9.268000000000000000e+03
7.723000000000000000e+03
9.756000000000000000e+03
5.231000000000000000e+03
5.177000000000000000e+03
3.231000000000000000e+03
4.151000000000000000e+03
6.116000000000000000e+03
9.554000000000000000e+03
5.576000000000000000e+03
3.770000000000000000e+02
9.733000000000000000e+03
9.152000000000000000e+03
8.129000000000000000e+03
8.050000000000000000e+03
5.577000000000000000e+03
6.293000000000000000e+03
6.480000000000000000e+02
5.560000000000000000e+02
9.886000000000000000e+03
6.603000000000000000e+03
5.960000000000000000e+03
6.934000000000000000e+03
6.051000000000000000e+03
2.860000000000000000e+03
7.430000000000000000e+03
8.915000000000000000e+03
3.991000000000000000e+03
8.480000000000000000e+02
7.861000000000000000e+03
3.327000000000000000e+03
5.909000000000000000e+03
9.674000000000000000e+03
9.204000000000000000e+03
3.181000000000000000e+03
5.939000000000000000e+03
2.666000000000000000e+03
3.916000000000000000e+03
2.296000000000000000e+03
3.657000000000000000e+03
7.319000000000000000e+03
8.398000000000000000e+03
7.886000000000000000e+03
2.576000000000000000e+03
5.017000000000000000e+03
4.632000000000000000e+03
1.476000000000000000e+03
5.445000000000000000e+03
3.684000000000000000e+03
6.539000000000000000e+03
7.558000000000000000e+03
5.872000000000000000e+03
2.700000000000000000e+01
5.045000000000000000e+03
8.970000000000000000e+02
7.666000000000000000e+03
5.696000000000000000e+03
6.106000000000000000e+03
9.173000000000000000e+03
6.615000000000000000e+03
7.078000000000000000e+03
8.993000000000000000e+03
5.874000000000000000e+03
5.180000000000000000e+02
7.630000000000000000e+03
6.901000000000000000e+03
7.310000000000000000e+03
2.289000000000000000e+03
5.790000000000000000e+02
1.394000000000000000e+03
3.962000000000000000e+03
7.909000000000000000e+03
2.466000000000000000e+03
9.247000000000000000e+03
9.087000000000000000e+03
5.820000000000000000e+03
5.060000000000000000e+02
7.548000000000000000e+03
4.217000000000000000e+03
4.033000000000000000e+03
5.664000000000000000e+03
3.242000000000000000e+03
3.448000000000000000e+03
9.161000000000000000e+03
3.915000000000000000e+03
1.890000000000000000e+03
8.060000000000000000e+03
7.032000000000000000e+03
1.308000000000000000e+03
5.519000000000000000e+03
5.590000000000000000e+03
6.790000000000000000e+02
7.364000000000000000e+03
3.650000000000000000e+02
5.829000000000000000e+03
5.638000000000000000e+03
1.985000000000000000e+03
9.832000000000000000e+03
8.180000000000000000e+03
9.521000000000000000e+03
7.190000000000000000e+03
6.324000000000000000e+03
1.417000000000000000e+03
5.845000000000000000e+03
6.833000000000000000e+03
8.316000000000000000e+03
2.412000000000000000e+03
4.605000000000000000e+03
2.422000000000000000e+03
6.482000000000000000e+03
4.330000000000000000e+02
9.706000000000000000e+03
5.910000000000000000e+03
6.671000000000000000e+03
6.674000000000000000e+03
5.625000000000000000e+03
1.516000000000000000e+03
6.345000000000000000e+03
6.402000000000000000e+03
3.245000000000000000e+03
8.577000000000000000e+03
5.504000000000000000e+03
6.693000000000000000e+03
7.649000000000000000e+03
3.270000000000000000e+02
9.221000000000000000e+03
5.417000000000000000e+03
9.581000000000000000e+03
5.393000000000000000e+03
4.800000000000000000e+03
3.308000000000000000e+03
3.469000000000000000e+03
6.496000000000000000e+03
3.030000000000000000e+03
9.238000000000000000e+03
7.597000000000000000e+03
7.040000000000000000e+02
4.023000000000000000e+03
9.387000000000000000e+03
9.683000000000000000e+03
2.053000000000000000e+03
8.306000000000000000e+03
8.468000000000000000e+03
3.447000000000000000e+03
9.129000000000000000e+03
9.952000000000000000e+03
9.009000000000000000e+03
8.532000000000000000e+03
6.979000000000000000e+03
4.076000000000000000e+03
6.760000000000000000e+02
7.611000000000000000e+03
7.834000000000000000e+03
7.534000000000000000e+03
7.405000000000000000e+03
7.750000000000000000e+03
5.889000000000000000e+03
6.122000000000000000e+03
7.318000000000000000e+03
9.615000000000000000e+03
7.561000000000000000e+03
3.118000000000000000e+03
9.998000000000000000e+03
6.586000000000000000e+03
5.133000000000000000e+03
4.877000000000000000e+03
4.360000000000000000e+02
4.918000000000000000e+03
6.148000000000000000e+03
6.254000000000000000e+03
5.471000000000000000e+03
9.066000000000000000e+03
4.432000000000000000e+03
7.012000000000000000e+03
6.368000000000000000e+03
2.370000000000000000e+02
8.492000000000000000e+03
1.670000000000000000e+03
6.270000000000000000e+02
2.631000000000000000e+03
8.978000000000000000e+03
3.849000000000000000e+03
6.458000000000000000e+03
7.856000000000000000e+03
4.410000000000000000e+02
6.407000000000000000e+03
5.739000000000000000e+03
5.654000000000000000e+03
3.800000000000000000e+02
