4.647000000000000000e+03
3.654000000000000000e+03
3.458000000000000000e+03
6.341000000000000000e+03
5.165000000000000000e+03
9.487000000000000000e+03
6.259000000000000000e+03
1.199000000000000000e+03
5.226000000000000000e+03
5.221000000000000000e+03
4.532000000000000000e+03
9.299000000000000000e+03
5.905000000000000000e+03
4.253000000000000000e+03
9.535000000000000000e+03
2.899000000000000000e+03
1.804000000000000000e+03
2.931000000000000000e+03
3.237000000000000000e+03
2.657000000000000000e+03
4.278000000000000000e+03
3.033000000000000000e+03
9.971000000000000000e+03
7.290000000000000000e+02
7.075000000000000000e+03
6.390000000000000000e+03
9.700000000000000000e+02
6.256000000000000000e+03
9.325000000000000000e+03
2.847000000000000000e+03
5.719000000000000000e+03
9.638000000000000000e+03
1.968000000000000000e+03
3.453000000000000000e+03
5.950000000000000000e+02
4.143000000000000000e+03
5.720000000000000000e+02
6.575000000000000000e+03
9.819000000000000000e+03
1.784000000000000000e+03
1.769000000000000000e+03
5.176000000000000000e+03
9.941000000000000000e+03
8.813000000000000000e+03
7.765000000000000000e+03
9.455000000000000000e+03
7.908000000000000000e+03
6.965000000000000000e+03
1.363000000000000000e+03
5.100000000000000000e+03
7.931000000000000000e+03
6.613000000000000000e+03
7.948000000000000000e+03
3.121000000000000000e+03
8.145000000000000000e+03
6.080000000000000000e+02
6.080000000000000000e+03
0.000000000000000000e+00
2.227000000000000000e+03
2.665000000000000000e+03
2.667000000000000000e+03
7.737000000000000000e+03
2.952000000000000000e+03
8.975000000000000000e+03
7.088000000000000000e+03
8.152000000000000000e+03
1.729000000000000000e+03
3.683000000000000000e+03
1.000000000000000000e+00
8.118000000000000000e+03
1.671000000000000000e+03
5.650000000000000000e+02
1.959000000000000000e+03
4.670000000000000000e+03
4.586000000000000000e+03
4.342000000000000000e+03
2.624000000000000000e+03
8.590000000000000000e+02
5.920000000000000000e+03
8.854000000000000000e+03
6.747000000000000000e+03
6.562000000000000000e+03
2.991000000000000000e+03
2.451000000000000000e+03
2.401000000000000000e+03
6.878000000000000000e+03
7.359000000000000000e+03
4.845000000000000000e+03
9.345000000000000000e+03
6.310000000000000000e+03
4.914000000000000000e+03
5.936000000000000000e+03
4.748000000000000000e+03
7.279000000000000000e+03
7.244000000000000000e+03
7.170000000000000000e+03
3.970000000000000000e+02
5.179000000000000000e+03
4.932000000000000000e+03
4.981000000000000000e+03
2.106000000000000000e+03
4.713000000000000000e+03
1.030000000000000000e+03
9.109000000000000000e+03
7.421000000000000000e+03
6.701000000000000000e+03
7.444000000000000000e+03
6.460000000000000000e+03
6.594000000000000000e+03
4.631000000000000000e+03
4.623000000000000000e+03
4.595000000000000000e+03
9.640000000000000000e+02
1.996000000000000000e+03
4.527000000000000000e+03
4.718000000000000000e+03
9.295000000000000000e+03
2.541000000000000000e+03
5.947000000000000000e+03
2.046000000000000000e+03
6.932000000000000000e+03
9.209000000000000000e+03
6.859000000000000000e+03
2.264000000000000000e+03
1.137000000000000000e+03
5.849000000000000000e+03
1.141000000000000000e+03
6.984000000000000000e+03
9.179000000000000000e+03
1.191000000000000000e+03
9.968000000000000000e+03
9.164000000000000000e+03
6.770000000000000000e+03
5.617000000000000000e+03
6.764000000000000000e+03
6.190000000000000000e+03
7.118000000000000000e+03
2.439000000000000000e+03
7.106000000000000000e+03
5.439000000000000000e+03
5.441000000000000000e+03
5.447000000000000000e+03
5.200000000000000000e+03
5.468000000000000000e+03
7.100000000000000000e+03
9.269000000000000000e+03
9.146000000000000000e+03
9.263000000000000000e+03
5.553000000000000000e+03
5.605000000000000000e+03
5.469000000000000000e+03
7.098000000000000000e+03
6.587000000000000000e+03
1.747000000000000000e+03
3.510000000000000000e+02
8.745000000000000000e+03
9.739000000000000000e+03
3.487000000000000000e+03
4.200000000000000000e+01
4.077000000000000000e+03
3.058000000000000000e+03
8.495000000000000000e+03
8.463000000000000000e+03
9.995000000000000000e+03
8.440000000000000000e+03
1.894000000000000000e+03
3.819000000000000000e+03
8.763000000000000000e+03
3.806000000000000000e+03
8.493000000000000000e+03
8.028000000000000000e+03
9.601000000000000000e+03
3.805000000000000000e+03
8.183000000000000000e+03
7.820000000000000000e+03
1.692000000000000000e+03
3.743000000000000000e+03
3.165000000000000000e+03
8.490000000000000000e+03
3.047000000000000000e+03
1.280000000000000000e+02
1.948000000000000000e+03
8.279000000000000000e+03
9.447000000000000000e+03
2.258000000000000000e+03
1.460000000000000000e+02
4.380000000000000000e+02
3.263000000000000000e+03
9.977000000000000000e+03
1.430000000000000000e+02
3.325000000000000000e+03
8.697000000000000000e+03
1.970000000000000000e+03
2.803000000000000000e+03
1.773000000000000000e+03
4.277000000000000000e+03
8.389000000000000000e+03
9.817000000000000000e+03
8.579000000000000000e+03
3.031000000000000000e+03
9.843000000000000000e+03
8.348000000000000000e+03
1.559000000000000000e+03
8.894000000000000000e+03
9.274000000000000000e+03
7.187000000000000000e+03
1.474000000000000000e+03
1.595000000000000000e+03
1.359000000000000000e+03
4.178000000000000000e+03
3.544000000000000000e+03
1.310000000000000000e+02
4.658000000000000000e+03
1.317000000000000000e+03
6.795000000000000000e+03
7.050000000000000000e+03
3.522000000000000000e+03
3.397000000000000000e+03
5.977000000000000000e+03
7.557000000000000000e+03
2.576000000000000000e+03
6.662000000000000000e+03
4.756000000000000000e+03
3.160000000000000000e+02
1.410000000000000000e+02
3.197000000000000000e+03
6.698000000000000000e+03
4.689000000000000000e+03
8.887000000000000000e+03
4.980000000000000000e+03
2.564000000000000000e+03
7.644000000000000000e+03
4.312000000000000000e+03
3.878000000000000000e+03
9.033000000000000000e+03
5.500000000000000000e+02
4.307000000000000000e+03
8.219000000000000000e+03
3.772000000000000000e+03
1.655000000000000000e+03
3.485000000000000000e+03
8.329000000000000000e+03
2.156000000000000000e+03
7.023000000000000000e+03
4.865000000000000000e+03
9.946000000000000000e+03
5.485000000000000000e+03
1.200000000000000000e+03
4.194000000000000000e+03
3.740000000000000000e+03
8.795000000000000000e+03
8.909000000000000000e+03
4.153000000000000000e+03
1.190000000000000000e+03
5.287000000000000000e+03
8.458000000000000000e+03
6.643000000000000000e+03
9.046000000000000000e+03
6.691000000000000000e+03
7.311000000000000000e+03
7.198000000000000000e+03
8.982000000000000000e+03
7.982000000000000000e+03
7.985000000000000000e+03
7.157000000000000000e+03
8.009000000000000000e+03
8.491000000000000000e+03
8.750000000000000000e+03
2.155000000000000000e+03
7.786000000000000000e+03
5.680000000000000000e+03
8.615000000000000000e+03
9.304000000000000000e+03
5.887000000000000000e+03
1.131000000000000000e+03
4.452000000000000000e+03
5.767000000000000000e+03
9.064000000000000000e+03
5.976000000000000000e+03
2.950000000000000000e+03
2.040000000000000000e+03
4.676000000000000000e+03
4.710000000000000000e+03
5.242000000000000000e+03
4.722000000000000000e+03
9.901000000000000000e+03
1.458000000000000000e+03
4.189000000000000000e+03
1.440000000000000000e+02
1.593000000000000000e+03
2.978000000000000000e+03
3.395000000000000000e+03
3.450000000000000000e+03
2.600000000000000000e+02
9.532000000000000000e+03
3.532000000000000000e+03
3.705000000000000000e+03
4.890000000000000000e+03
3.798000000000000000e+03
9.597000000000000000e+03
1.639000000000000000e+03
3.926000000000000000e+03
9.537000000000000000e+03
1.110000000000000000e+02
6.392000000000000000e+03
9.970000000000000000e+03
7.461000000000000000e+03
9.899000000000000000e+03
8.815000000000000000e+03
3.471000000000000000e+03
1.783000000000000000e+03
6.870000000000000000e+02
4.486000000000000000e+03
6.526000000000000000e+03
2.470000000000000000e+03
2.552000000000000000e+03
9.665000000000000000e+03
9.220000000000000000e+02
5.982000000000000000e+03
1.680000000000000000e+02
3.715000000000000000e+03
2.133000000000000000e+03
3.254000000000000000e+03
2.299000000000000000e+03
5.832000000000000000e+03
6.050000000000000000e+03
2.330000000000000000e+03
7.878000000000000000e+03
1.108000000000000000e+03
1.221000000000000000e+03
7.016000000000000000e+03
6.900000000000000000e+02
7.386000000000000000e+03
9.881000000000000000e+03
5.647000000000000000e+03
2.446000000000000000e+03
4.435000000000000000e+03
6.090000000000000000e+02
8.575000000000000000e+03
3.709000000000000000e+03
3.083000000000000000e+03
6.095000000000000000e+03
1.898000000000000000e+03
9.418000000000000000e+03
4.051000000000000000e+03
4.287000000000000000e+03
4.390000000000000000e+02
8.083000000000000000e+03
8.136000000000000000e+03
2.723000000000000000e+03
3.166000000000000000e+03
8.568000000000000000e+03
8.257000000000000000e+03
2.804000000000000000e+03
6.496000000000000000e+03
8.510000000000000000e+03
3.240000000000000000e+03
2.930000000000000000e+03
3.216000000000000000e+03
1.830000000000000000e+03
6.301000000000000000e+03
1.907000000000000000e+03
2.018000000000000000e+03
9.090000000000000000e+02
7.207000000000000000e+03
7.344000000000000000e+03
1.396000000000000000e+03
7.410000000000000000e+02
4.823000000000000000e+03
5.406000000000000000e+03
4.697000000000000000e+03
1.228000000000000000e+03
5.627000000000000000e+03
7.799000000000000000e+03
4.404000000000000000e+03
7.829000000000000000e+03
4.363000000000000000e+03
5.867000000000000000e+03
7.885000000000000000e+03
6.913000000000000000e+03
4.298000000000000000e+03
7.892000000000000000e+03
5.890000000000000000e+02
6.838000000000000000e+03
5.850000000000000000e+02
6.830000000000000000e+03
5.114000000000000000e+03
6.818000000000000000e+03
6.811000000000000000e+03
5.670000000000000000e+02
3.811000000000000000e+03
8.078000000000000000e+03
2.273000000000000000e+03
6.143000000000000000e+03
8.624000000000000000e+03
9.836000000000000000e+03
9.671000000000000000e+03
9.390000000000000000e+03
2.030000000000000000e+02
9.151000000000000000e+03
9.122000000000000000e+03
8.882000000000000000e+03
8.717000000000000000e+03
2.136000000000000000e+03
9.148000000000000000e+03
5.296000000000000000e+03
9.104000000000000000e+03
1.809000000000000000e+03
2.219000000000000000e+03
6.919000000000000000e+03
3.507000000000000000e+03
7.690000000000000000e+02
9.652000000000000000e+03
9.240000000000000000e+03
1.974000000000000000e+03
4.350000000000000000e+02
2.270000000000000000e+03
7.184000000000000000e+03
1.446000000000000000e+03
5.833000000000000000e+03
8.600000000000000000e+03
3.620000000000000000e+02
2.291000000000000000e+03
2.806000000000000000e+03
7.939000000000000000e+03
9.500000000000000000e+02
2.500000000000000000e+02
3.773000000000000000e+03
9.636000000000000000e+03
7.702000000000000000e+03
9.964000000000000000e+03
4.237000000000000000e+03
4.935000000000000000e+03
1.401000000000000000e+03
6.020000000000000000e+03
1.398000000000000000e+03
2.361000000000000000e+03
4.765000000000000000e+03
1.105000000000000000e+03
9.078000000000000000e+03
1.600000000000000000e+01
3.297000000000000000e+03
6.656000000000000000e+03
6.727000000000000000e+03
4.910000000000000000e+02
1.694000000000000000e+03
6.225000000000000000e+03
9.906000000000000000e+03
8.119000000000000000e+03
9.685000000000000000e+03
7.994000000000000000e+03
8.769000000000000000e+03
8.747000000000000000e+03
2.041000000000000000e+03
4.523000000000000000e+03
3.586000000000000000e+03
9.890000000000000000e+02
6.428000000000000000e+03
3.621000000000000000e+03
8.000000000000000000e+03
9.678000000000000000e+03
3.600000000000000000e+03
3.548000000000000000e+03
6.524000000000000000e+03
8.061000000000000000e+03
4.566000000000000000e+03
2.543000000000000000e+03
4.968000000000000000e+03
2.524000000000000000e+03
9.080000000000000000e+03
4.992000000000000000e+03
3.338000000000000000e+03
2.953000000000000000e+03
6.380000000000000000e+02
8.925000000000000000e+03
7.289000000000000000e+03
9.818000000000000000e+03
7.303000000000000000e+03
7.347000000000000000e+03
7.735000000000000000e+03
7.370000000000000000e+02
2.879000000000000000e+03
7.402000000000000000e+03
7.110000000000000000e+02
7.533000000000000000e+03
2.838000000000000000e+03
2.828000000000000000e+03
9.397000000000000000e+03
7.669000000000000000e+03
4.811000000000000000e+03
2.812000000000000000e+03
4.862000000000000000e+03
4.944000000000000000e+03
8.928000000000000000e+03
7.803000000000000000e+03
2.009000000000000000e+03
3.293000000000000000e+03
6.773000000000000000e+03
4.939000000000000000e+03
5.190000000000000000e+02
2.870000000000000000e+02
8.812000000000000000e+03
8.991000000000000000e+03
9.747000000000000000e+03
4.618000000000000000e+03
8.988000000000000000e+03
7.010000000000000000e+03
2.625000000000000000e+03
3.140000000000000000e+03
1.810000000000000000e+02
7.164000000000000000e+03
1.870000000000000000e+03
7.813000000000000000e+03
7.920000000000000000e+02
7.233000000000000000e+03
1.805000000000000000e+03
8.856000000000000000e+03
8.356000000000000000e+03
8.397000000000000000e+03
3.951000000000000000e+03
9.507000000000000000e+03
3.955000000000000000e+03
2.097000000000000000e+03
2.180000000000000000e+02
4.504000000000000000e+03
5.779000000000000000e+03
4.171000000000000000e+03
4.137000000000000000e+03
1.590000000000000000e+03
1.604000000000000000e+03
2.332000000000000000e+03
1.603000000000000000e+03
5.722000000000000000e+03
1.594000000000000000e+03
2.074000000000000000e+03
5.652000000000000000e+03
1.240000000000000000e+02
1.174000000000000000e+03
4.103000000000000000e+03
8.638000000000000000e+03
5.687000000000000000e+03
3.886000000000000000e+03
8.303000000000000000e+03
4.216000000000000000e+03
2.380000000000000000e+03
5.140000000000000000e+03
4.426000000000000000e+03
1.525000000000000000e+03
4.461000000000000000e+03
2.179000000000000000e+03
1.078000000000000000e+03
4.359000000000000000e+03
5.265000000000000000e+03
6.075000000000000000e+03
1.093000000000000000e+03
2.203000000000000000e+03
4.470000000000000000e+03
9.951000000000000000e+03
8.592000000000000000e+03
2.223000000000000000e+03
2.237000000000000000e+03
9.280000000000000000e+03
1.664000000000000000e+03
1.239000000000000000e+03
4.517000000000000000e+03
9.424000000000000000e+03
2.102000000000000000e+03
1.116000000000000000e+03
5.688000000000000000e+03
5.360000000000000000e+03
5.143000000000000000e+03
6.481000000000000000e+03
6.820000000000000000e+02
7.229000000000000000e+03
5.681000000000000000e+03
3.577000000000000000e+03
3.748000000000000000e+03
2.146000000000000000e+03
3.815000000000000000e+03
6.170000000000000000e+03
2.980000000000000000e+03
9.380000000000000000e+03
5.343000000000000000e+03
5.580000000000000000e+03
7.772000000000000000e+03
4.370000000000000000e+03
4.700000000000000000e+01
1.020000000000000000e+03
5.466000000000000000e+03
9.312000000000000000e+03
1.237000000000000000e+03
7.220000000000000000e+03
4.300000000000000000e+03
3.080000000000000000e+02
9.294000000000000000e+03
1.023000000000000000e+03
9.642000000000000000e+03
9.689000000000000000e+03
3.771000000000000000e+03
1.395000000000000000e+03
7.250000000000000000e+02
8.543000000000000000e+03
9.185000000000000000e+03
3.754000000000000000e+03
7.733000000000000000e+03
2.674000000000000000e+03
2.045000000000000000e+03
7.562000000000000000e+03
2.165000000000000000e+03
9.289000000000000000e+03
9.917000000000000000e+03
2.942000000000000000e+03
2.846000000000000000e+03
5.239000000000000000e+03
8.662000000000000000e+03
3.023000000000000000e+03
3.108000000000000000e+03
8.654000000000000000e+03
8.262000000000000000e+03
3.502000000000000000e+03
5.147000000000000000e+03
9.533000000000000000e+03
3.318000000000000000e+03
3.312000000000000000e+03
5.733000000000000000e+03
2.324000000000000000e+03
9.381000000000000000e+03
7.096000000000000000e+03
6.163000000000000000e+03
3.387000000000000000e+03
4.187000000000000000e+03
8.287000000000000000e+03
6.646000000000000000e+03
2.537000000000000000e+03
4.198000000000000000e+03
3.167000000000000000e+03
4.919000000000000000e+03
7.854000000000000000e+03
3.917000000000000000e+03
2.440000000000000000e+03
7.014000000000000000e+03
4.780000000000000000e+03
7.984000000000000000e+03
1.714000000000000000e+03
7.440000000000000000e+03
7.579000000000000000e+03
5.578000000000000000e+03
1.775000000000000000e+03
8.210000000000000000e+02
9.950000000000000000e+02
7.183000000000000000e+03
6.708000000000000000e+03
2.880000000000000000e+02
5.132000000000000000e+03
7.636000000000000000e+03
7.623000000000000000e+03
6.607000000000000000e+03
1.896000000000000000e+03
6.275000000000000000e+03
6.078000000000000000e+03
9.566000000000000000e+03
1.037000000000000000e+03
8.961000000000000000e+03
4.896000000000000000e+03
3.132000000000000000e+03
4.225000000000000000e+03
6.412000000000000000e+03
1.130000000000000000e+03
4.063000000000000000e+03
4.569000000000000000e+03
4.113000000000000000e+03
5.188000000000000000e+03
6.338000000000000000e+03
1.378000000000000000e+03
9.888000000000000000e+03
2.587000000000000000e+03
8.307000000000000000e+03
7.703000000000000000e+03
2.471000000000000000e+03
2.601000000000000000e+03
4.805000000000000000e+03
7.785000000000000000e+03
2.434000000000000000e+03
4.745000000000000000e+03
6.099000000000000000e+03
7.964000000000000000e+03
8.253000000000000000e+03
5.735000000000000000e+03
8.995000000000000000e+03
5.087000000000000000e+03
4.042000000000000000e+03
9.335000000000000000e+03
8.064000000000000000e+03
1.222000000000000000e+03
3.865000000000000000e+03
2.069000000000000000e+03
6.336000000000000000e+03
6.328000000000000000e+03
9.149000000000000000e+03
4.597000000000000000e+03
9.214000000000000000e+03
9.145000000000000000e+03
2.020000000000000000e+03
8.655000000000000000e+03
8.674000000000000000e+03
1.291000000000000000e+03
8.513000000000000000e+03
5.240000000000000000e+03
8.434000000000000000e+03
9.412000000000000000e+03
7.535000000000000000e+03
2.645000000000000000e+03
8.540000000000000000e+02
5.279000000000000000e+03
9.870000000000000000e+02
9.710000000000000000e+03
8.076000000000000000e+03
2.554000000000000000e+03
5.745000000000000000e+03
2.250000000000000000e+03
1.961000000000000000e+03
7.628000000000000000e+03
6.958000000000000000e+03
6.324000000000000000e+03
1.695000000000000000e+03
5.002000000000000000e+03
1.241000000000000000e+03
1.058000000000000000e+03
3.710000000000000000e+02
3.788000000000000000e+03
5.102000000000000000e+03
3.097000000000000000e+03
7.719000000000000000e+03
6.543000000000000000e+03
5.473000000000000000e+03
5.330000000000000000e+03
4.830000000000000000e+03
3.439000000000000000e+03
1.699000000000000000e+03
5.123000000000000000e+03
2.852000000000000000e+03
2.308000000000000000e+03
3.960000000000000000e+02
4.951000000000000000e+03
7.634000000000000000e+03
5.696000000000000000e+03
4.708000000000000000e+03
9.570000000000000000e+03
7.351000000000000000e+03
8.884000000000000000e+03
8.759000000000000000e+03
1.620000000000000000e+03
7.152000000000000000e+03
8.740000000000000000e+02
6.126000000000000000e+03
2.047000000000000000e+03
2.410000000000000000e+03
9.744000000000000000e+03
8.652000000000000000e+03
1.362000000000000000e+03
8.125000000000000000e+03
1.010000000000000000e+02
5.380000000000000000e+02
1.984000000000000000e+03
2.517000000000000000e+03
5.010000000000000000e+03
4.358000000000000000e+03
8.010000000000000000e+02
7.360000000000000000e+03
9.225000000000000000e+03
9.854000000000000000e+03
9.002000000000000000e+03
6.700000000000000000e+02
8.505000000000000000e+03
5.450000000000000000e+03
9.902000000000000000e+03
1.517000000000000000e+03
9.450000000000000000e+03
1.283000000000000000e+03
5.298000000000000000e+03
1.994000000000000000e+03
5.336000000000000000e+03
3.194000000000000000e+03
9.306000000000000000e+03
9.271000000000000000e+03
9.528000000000000000e+03
5.980000000000000000e+02
2.344000000000000000e+03
2.073000000000000000e+03
8.225000000000000000e+03
3.267000000000000000e+03
1.160000000000000000e+02
6.031000000000000000e+03
7.957000000000000000e+03
7.960000000000000000e+03
3.342000000000000000e+03
1.423000000000000000e+03
7.817000000000000000e+03
1.060000000000000000e+02
3.761000000000000000e+03
6.465000000000000000e+03
7.989000000000000000e+03
4.674000000000000000e+03
3.506000000000000000e+03
4.885000000000000000e+03
4.675000000000000000e+03
1.931000000000000000e+03
8.862000000000000000e+03
3.280000000000000000e+02
7.743000000000000000e+03
5.800000000000000000e+01
3.210000000000000000e+02
4.846000000000000000e+03
8.221000000000000000e+03
4.660000000000000000e+03
2.926000000000000000e+03
2.965000000000000000e+03
4.105000000000000000e+03
7.673000000000000000e+03
6.597000000000000000e+03
9.869000000000000000e+03
9.648000000000000000e+03
6.759000000000000000e+03
5.320000000000000000e+02
2.250000000000000000e+02
4.619000000000000000e+03
6.730000000000000000e+03
2.399000000000000000e+03
4.727000000000000000e+03
7.122000000000000000e+03
4.987000000000000000e+03
1.085000000000000000e+03
8.850000000000000000e+02
9.800000000000000000e+03
2.929000000000000000e+03
3.442000000000000000e+03
7.485000000000000000e+03
6.366000000000000000e+03
9.929000000000000000e+03
7.087000000000000000e+03
7.439000000000000000e+03
3.452000000000000000e+03
9.634000000000000000e+03
5.980000000000000000e+03
3.688000000000000000e+03
7.889000000000000000e+03
7.155000000000000000e+03
1.385000000000000000e+03
5.676000000000000000e+03
3.846000000000000000e+03
1.993000000000000000e+03
6.060000000000000000e+02
8.178000000000000000e+03
6.197000000000000000e+03
3.341000000000000000e+03
4.835000000000000000e+03
5.107000000000000000e+03
6.716000000000000000e+03
7.260000000000000000e+03
5.490000000000000000e+03
7.459000000000000000e+03
5.361000000000000000e+03
8.361000000000000000e+03
7.285000000000000000e+03
2.010000000000000000e+02
2.681000000000000000e+03
1.673000000000000000e+03
9.403000000000000000e+03
6.987000000000000000e+03
2.648000000000000000e+03
1.031000000000000000e+03
9.041000000000000000e+03
8.844000000000000000e+03
7.710000000000000000e+03
6.156000000000000000e+03
9.200000000000000000e+01
7.484000000000000000e+03
5.875000000000000000e+03
9.000000000000000000e+00
7.384000000000000000e+03
3.990000000000000000e+02
3.900000000000000000e+02
4.510000000000000000e+03
8.977000000000000000e+03
7.764000000000000000e+03
9.513000000000000000e+03
6.299000000000000000e+03
4.230000000000000000e+02
7.621000000000000000e+03
7.105000000000000000e+03
1.770000000000000000e+02
3.323000000000000000e+03
6.136000000000000000e+03
1.292000000000000000e+03
6.498000000000000000e+03
3.477000000000000000e+03
5.388000000000000000e+03
9.614000000000000000e+03
6.920000000000000000e+03
2.220000000000000000e+02
7.293000000000000000e+03
2.433000000000000000e+03
9.238000000000000000e+03
5.472000000000000000e+03
1.379000000000000000e+03
9.552000000000000000e+03
7.819000000000000000e+03
4.518000000000000000e+03
2.359000000000000000e+03
3.220000000000000000e+03
1.697000000000000000e+03
5.877000000000000000e+03
6.741000000000000000e+03
9.254000000000000000e+03
4.248000000000000000e+03
8.213000000000000000e+03
6.475000000000000000e+03
8.448000000000000000e+03
6.469000000000000000e+03
4.665000000000000000e+03
5.700000000000000000e+01
5.084000000000000000e+03
8.070000000000000000e+03
8.987000000000000000e+03
4.998000000000000000e+03
1.034000000000000000e+03
4.886000000000000000e+03
9.939000000000000000e+03
8.650000000000000000e+03
8.059000000000000000e+03
9.390000000000000000e+02
2.459000000000000000e+03
8.327000000000000000e+03
2.098000000000000000e+03
5.088000000000000000e+03
5.671000000000000000e+03
4.007000000000000000e+03
9.813000000000000000e+03
4.785000000000000000e+03
2.583000000000000000e+03
2.007000000000000000e+03
1.410000000000000000e+03
9.236000000000000000e+03
1.100000000000000000e+01
5.054000000000000000e+03
4.880000000000000000e+02
5.000000000000000000e+01
2.184000000000000000e+03
1.505000000000000000e+03
1.288000000000000000e+03
2.924000000000000000e+03
4.808000000000000000e+03
6.066000000000000000e+03
5.249000000000000000e+03
6.057000000000000000e+03
8.465000000000000000e+03
7.597000000000000000e+03
4.680000000000000000e+02
2.420000000000000000e+03
4.250000000000000000e+02
5.305000000000000000e+03
8.869000000000000000e+03
7.374000000000000000e+03
9.363000000000000000e+03
5.347000000000000000e+03
8.908000000000000000e+03
8.194000000000000000e+03
1.925000000000000000e+03
1.091000000000000000e+03
8.181000000000000000e+03
6.100000000000000000e+03
2.821000000000000000e+03
6.196000000000000000e+03
5.604000000000000000e+03
6.181000000000000000e+03
5.149000000000000000e+03
2.305000000000000000e+03
9.612000000000000000e+03
9.830000000000000000e+03
6.174000000000000000e+03
7.141000000000000000e+03
2.764000000000000000e+03
2.151000000000000000e+03
2.802000000000000000e+03
8.593000000000000000e+03
4.409000000000000000e+03
8.726000000000000000e+03
3.753000000000000000e+03
4.396000000000000000e+03
8.660000000000000000e+03
5.201000000000000000e+03
8.609000000000000000e+03
5.582000000000000000e+03
4.830000000000000000e+02
1.493000000000000000e+03
3.814000000000000000e+03
4.764000000000000000e+03
8.620000000000000000e+03
3.838000000000000000e+03
2.099000000000000000e+03
1.631000000000000000e+03
8.410000000000000000e+03
1.136000000000000000e+03
8.222000000000000000e+03
3.969000000000000000e+03
9.229000000000000000e+03
5.487000000000000000e+03
5.535000000000000000e+03
1.625000000000000000e+03
7.394000000000000000e+03
4.087000000000000000e+03
5.828000000000000000e+03
5.820000000000000000e+03
3.998000000000000000e+03
1.501000000000000000e+03
5.519000000000000000e+03
5.808000000000000000e+03
7.713000000000000000e+03
4.499000000000000000e+03
7.472000000000000000e+03
4.721000000000000000e+03
7.470000000000000000e+03
4.215000000000000000e+03
4.860000000000000000e+02
9.497000000000000000e+03
2.744000000000000000e+03
5.667000000000000000e+03
1.606000000000000000e+03
5.033000000000000000e+03
4.191000000000000000e+03
4.098000000000000000e+03
5.562000000000000000e+03
5.381000000000000000e+03
4.762000000000000000e+03
1.950000000000000000e+03
9.476000000000000000e+03
5.108000000000000000e+03
4.477000000000000000e+03
5.962000000000000000e+03
4.261000000000000000e+03
5.039000000000000000e+03
7.498000000000000000e+03
9.523000000000000000e+03
5.556000000000000000e+03
2.347000000000000000e+03
5.463000000000000000e+03
5.914000000000000000e+03
9.195000000000000000e+03
8.436000000000000000e+03
7.480000000000000000e+03
4.094000000000000000e+03
7.137000000000000000e+03
7.328000000000000000e+03
9.803000000000000000e+03
3.259000000000000000e+03
9.737000000000000000e+03
9.680000000000000000e+02
9.741000000000000000e+03
6.806000000000000000e+03
7.784000000000000000e+03
6.834000000000000000e+03
8.021000000000000000e+03
6.863000000000000000e+03
3.557000000000000000e+03
8.820000000000000000e+02
6.870000000000000000e+03
6.875000000000000000e+03
6.493000000000000000e+03
7.770000000000000000e+03
2.900000000000000000e+02
3.347000000000000000e+03
4.929000000000000000e+03
1.457000000000000000e+03
6.898000000000000000e+03
4.533000000000000000e+03
6.916000000000000000e+03
6.774000000000000000e+03
7.909000000000000000e+03
3.284000000000000000e+03
7.730000000000000000e+02
7.798000000000000000e+03
1.877000000000000000e+03
6.709000000000000000e+03
8.848000000000000000e+03
6.688000000000000000e+03
2.937000000000000000e+03
3.365000000000000000e+03
6.670000000000000000e+03
8.938000000000000000e+03
2.571000000000000000e+03
3.415000000000000000e+03
6.466000000000000000e+03
2.012000000000000000e+03
9.868000000000000000e+03
7.915000000000000000e+03
7.760000000000000000e+02
6.753000000000000000e+03
7.238000000000000000e+03
9.013000000000000000e+03
7.991000000000000000e+03
3.459000000000000000e+03
7.850000000000000000e+02
2.579000000000000000e+03
3.330000000000000000e+02
8.778000000000000000e+03
1.872000000000000000e+03
8.035000000000000000e+03
6.317000000000000000e+03
1.706000000000000000e+03
6.344000000000000000e+03
8.956000000000000000e+03
6.290000000000000000e+03
1.033000000000000000e+03
6.200000000000000000e+02
8.290000000000000000e+02
3.137000000000000000e+03
2.496000000000000000e+03
4.893000000000000000e+03
6.333000000000000000e+03
3.113000000000000000e+03
7.071000000000000000e+03
7.037000000000000000e+03
2.644000000000000000e+03
6.371000000000000000e+03
6.364000000000000000e+03
3.020000000000000000e+03
2.658000000000000000e+03
6.227000000000000000e+03
1.976000000000000000e+03
7.816000000000000000e+03
3.619000000000000000e+03
2.612000000000000000e+03
3.049000000000000000e+03
6.956000000000000000e+03
6.975000000000000000e+03
8.072000000000000000e+03
2.534000000000000000e+03
8.744000000000000000e+03
7.490000000000000000e+02
2.994000000000000000e+03
6.311000000000000000e+03
3.766000000000000000e+03
7.232000000000000000e+03
8.700000000000000000e+02
6.145000000000000000e+03
2.746000000000000000e+03
5.925000000000000000e+03
8.001000000000000000e+03
9.979000000000000000e+03
1.374000000000000000e+03
3.384000000000000000e+03
3.611000000000000000e+03
4.954000000000000000e+03
9.117000000000000000e+03
1.810000000000000000e+03
1.469000000000000000e+03
2.662000000000000000e+03
6.149000000000000000e+03
7.810000000000000000e+02
6.576000000000000000e+03
2.944000000000000000e+03
5.422000000000000000e+03
7.174000000000000000e+03
3.045000000000000000e+03
5.099000000000000000e+03
5.219000000000000000e+03
8.773000000000000000e+03
2.834000000000000000e+03
6.305000000000000000e+03
7.256000000000000000e+03
5.443000000000000000e+03
4.641000000000000000e+03
2.448000000000000000e+03
8.309000000000000000e+03
8.070000000000000000e+02
5.620000000000000000e+03
1.553000000000000000e+03
8.599000000000000000e+03
1.265000000000000000e+03
4.709000000000000000e+03
8.098000000000000000e+03
7.710000000000000000e+02
8.162000000000000000e+03
1.537000000000000000e+03
4.097000000000000000e+03
6.520000000000000000e+02
1.276000000000000000e+03
1.243000000000000000e+03
5.801000000000000000e+03
8.039000000000000000e+03
6.505000000000000000e+03
6.936000000000000000e+03
2.096000000000000000e+03
2.817000000000000000e+03
6.903000000000000000e+03
5.790000000000000000e+02
1.823000000000000000e+03
4.487000000000000000e+03
5.517000000000000000e+03
5.273000000000000000e+03
7.045000000000000000e+03
9.266000000000000000e+03
5.862000000000000000e+03
8.701000000000000000e+03
8.790000000000000000e+02
2.035000000000000000e+03
9.839000000000000000e+03
3.468000000000000000e+03
6.561000000000000000e+03
8.200000000000000000e+03
2.003000000000000000e+03
4.195000000000000000e+03
4.572000000000000000e+03
6.827000000000000000e+03
8.897000000000000000e+03
7.480000000000000000e+02
3.924000000000000000e+03
9.125000000000000000e+03
4.851000000000000000e+03
6.877000000000000000e+03
8.208000000000000000e+03
1.103000000000000000e+03
9.340000000000000000e+03
8.058000000000000000e+03
6.472000000000000000e+03
9.844000000000000000e+03
6.374000000000000000e+03
7.382000000000000000e+03
1.420000000000000000e+02
6.001000000000000000e+03
7.566000000000000000e+03
3.579000000000000000e+03
6.420000000000000000e+02
4.271000000000000000e+03
5.844000000000000000e+03
2.369000000000000000e+03
6.191000000000000000e+03
6.684000000000000000e+03
7.090000000000000000e+02
1.459000000000000000e+03
2.563000000000000000e+03
2.374000000000000000e+03
3.060000000000000000e+02
7.455000000000000000e+03
4.017000000000000000e+03
8.132000000000000000e+03
4.165000000000000000e+03
5.660000000000000000e+02
8.212000000000000000e+03
5.169000000000000000e+03
8.460000000000000000e+03
2.868000000000000000e+03
1.731000000000000000e+03
2.890000000000000000e+02
6.852000000000000000e+03
8.550000000000000000e+02
9.867000000000000000e+03
7.148000000000000000e+03
6.650000000000000000e+02
7.870000000000000000e+02
8.018000000000000000e+03
8.950000000000000000e+03
1.564000000000000000e+03
3.769000000000000000e+03
5.182000000000000000e+03
4.460000000000000000e+03
4.270000000000000000e+02
9.855000000000000000e+03
4.378000000000000000e+03
2.437000000000000000e+03
8.779000000000000000e+03
9.258000000000000000e+03
6.432000000000000000e+03
5.718000000000000000e+03
7.809000000000000000e+03
5.755000000000000000e+03
2.949000000000000000e+03
8.683000000000000000e+03
5.941000000000000000e+03
8.814000000000000000e+03
3.371000000000000000e+03
9.775000000000000000e+03
1.909000000000000000e+03
2.726000000000000000e+03
7.315000000000000000e+03
9.282000000000000000e+03
3.745000000000000000e+03
3.570000000000000000e+02
1.316000000000000000e+03
3.460000000000000000e+02
9.037000000000000000e+03
8.270000000000000000e+03
8.467000000000000000e+03
2.040000000000000000e+02
4.290000000000000000e+03
4.334000000000000000e+03
3.006000000000000000e+03
1.279000000000000000e+03
8.048000000000000000e+03
3.195000000000000000e+03
3.640000000000000000e+03
2.629000000000000000e+03
7.990000000000000000e+03
5.602000000000000000e+03
4.920000000000000000e+02
3.607000000000000000e+03
2.938000000000000000e+03
2.709000000000000000e+03
3.173000000000000000e+03
5.025000000000000000e+03
4.635000000000000000e+03
4.834000000000000000e+03
9.394000000000000000e+03
4.719000000000000000e+03
9.396000000000000000e+03
4.867000000000000000e+03
1.386000000000000000e+03
9.369000000000000000e+03
4.829000000000000000e+03
5.354000000000000000e+03
4.428000000000000000e+03
2.869000000000000000e+03
1.917000000000000000e+03
7.360000000000000000e+02
7.194000000000000000e+03
7.133000000000000000e+03
8.090000000000000000e+02
3.027000000000000000e+03
7.095000000000000000e+03
3.054000000000000000e+03
2.856000000000000000e+03
3.106000000000000000e+03
8.969000000000000000e+03
3.148000000000000000e+03
5.144000000000000000e+03
3.205000000000000000e+03
6.888000000000000000e+03
6.884000000000000000e+03
6.819000000000000000e+03
3.230000000000000000e+03
3.243000000000000000e+03
7.038000000000000000e+03
1.720000000000000000e+02
7.457000000000000000e+03
7.530000000000000000e+03
8.419000000000000000e+03
8.392000000000000000e+03
8.367000000000000000e+03
8.349000000000000000e+03
8.317000000000000000e+03
2.385000000000000000e+03
8.195000000000000000e+03
2.422000000000000000e+03
2.502000000000000000e+03
7.513000000000000000e+03
8.063000000000000000e+03
9.885000000000000000e+03
6.130000000000000000e+02
2.655000000000000000e+03
2.718000000000000000e+03
2.770000000000000000e+03
7.671000000000000000e+03
1.946000000000000000e+03
9.847000000000000000e+03
7.618000000000000000e+03
2.548000000000000000e+03
9.030000000000000000e+03
6.718000000000000000e+03
6.052000000000000000e+03
9.360000000000000000e+02
1.255000000000000000e+03
1.659000000000000000e+03
4.299000000000000000e+03
3.829000000000000000e+03
5.319000000000000000e+03
1.248000000000000000e+03
9.567000000000000000e+03
4.217000000000000000e+03
3.965000000000000000e+03
5.809000000000000000e+03
9.536000000000000000e+03
1.000000000000000000e+02
4.083000000000000000e+03
9.287000000000000000e+03
5.203000000000000000e+03
6.544000000000000000e+03
4.180000000000000000e+03
6.568000000000000000e+03
5.630000000000000000e+03
9.048000000000000000e+03
2.650000000000000000e+02
6.361000000000000000e+03
4.226000000000000000e+03
5.656000000000000000e+03
9.880000000000000000e+02
5.750000000000000000e+03
6.442000000000000000e+03
5.160000000000000000e+03
4.414000000000000000e+03
6.365000000000000000e+03
9.058000000000000000e+03
6.084000000000000000e+03
7.693000000000000000e+03
3.905000000000000000e+03
2.088000000000000000e+03
2.022000000000000000e+03
3.149000000000000000e+03
8.955000000000000000e+03
4.613000000000000000e+03
8.968000000000000000e+03
9.748000000000000000e+03
4.516000000000000000e+03
6.104000000000000000e+03
3.762000000000000000e+03
9.820000000000000000e+02
7.860000000000000000e+03
2.175000000000000000e+03
4.360000000000000000e+03
2.296000000000000000e+03
2.197000000000000000e+03
3.353000000000000000e+03
9.509000000000000000e+03
3.923000000000000000e+03
3.880000000000000000e+03
1.657000000000000000e+03
2.906000000000000000e+03
1.884000000000000000e+03
4.646000000000000000e+03
2.977000000000000000e+03
3.061000000000000000e+03
1.560000000000000000e+02
9.774000000000000000e+03
3.143000000000000000e+03
8.800000000000000000e+01
9.410000000000000000e+03
2.558000000000000000e+03
2.862000000000000000e+03
8.581000000000000000e+03
7.262000000000000000e+03
4.888000000000000000e+03
5.599000000000000000e+03
5.121000000000000000e+03
5.560000000000000000e+02
5.105000000000000000e+03
1.172000000000000000e+03
5.544000000000000000e+03
2.850000000000000000e+02
7.253000000000000000e+03
5.085000000000000000e+03
5.076000000000000000e+03
8.264000000000000000e+03
8.204000000000000000e+03
8.202000000000000000e+03
5.549000000000000000e+03
8.390000000000000000e+02
5.013000000000000000e+03
8.424000000000000000e+03
7.962000000000000000e+03
7.091000000000000000e+03
1.038000000000000000e+03
1.123000000000000000e+03
4.080000000000000000e+02
9.131000000000000000e+03
5.944000000000000000e+03
7.445000000000000000e+03
9.283000000000000000e+03
7.393000000000000000e+03
7.847000000000000000e+03
7.855000000000000000e+03
7.330000000000000000e+03
4.445000000000000000e+03
6.647000000000000000e+03
5.266000000000000000e+03
2.989000000000000000e+03
9.998000000000000000e+03
9.866000000000000000e+03
2.480000000000000000e+03
6.280000000000000000e+02
7.175000000000000000e+03
9.436000000000000000e+03
7.370000000000000000e+03
5.141000000000000000e+03
8.082000000000000000e+03
2.925000000000000000e+03
2.549000000000000000e+03
2.637000000000000000e+03
1.880000000000000000e+03
1.883000000000000000e+03
2.561000000000000000e+03
2.898000000000000000e+03
1.545000000000000000e+03
3.092000000000000000e+03
7.709000000000000000e+03
8.664000000000000000e+03
4.440000000000000000e+02
1.857000000000000000e+03
8.416000000000000000e+03
4.622000000000000000e+03
1.749000000000000000e+03
9.042000000000000000e+03
4.310000000000000000e+02
2.141000000000000000e+03
4.972000000000000000e+03
6.491000000000000000e+03
1.111000000000000000e+03
9.365000000000000000e+03
2.077000000000000000e+03
8.729000000000000000e+03
3.152000000000000000e+03
7.000000000000000000e+03
8.288000000000000000e+03
1.650000000000000000e+03
7.676000000000000000e+03
3.449000000000000000e+03
4.201000000000000000e+03
9.690000000000000000e+02
6.127000000000000000e+03
3.287000000000000000e+03
5.744000000000000000e+03
4.870000000000000000e+03
6.352000000000000000e+03
6.547000000000000000e+03
7.295000000000000000e+03
6.441000000000000000e+03
3.573000000000000000e+03
1.887000000000000000e+03
6.297000000000000000e+03
3.180000000000000000e+02
5.713000000000000000e+03
6.134000000000000000e+03
6.866000000000000000e+03
1.219000000000000000e+03
6.027000000000000000e+03
3.144000000000000000e+03
5.629000000000000000e+03
7.334000000000000000e+03
3.011000000000000000e+03
9.721000000000000000e+03
2.444000000000000000e+03
8.730000000000000000e+03
4.526000000000000000e+03
5.050000000000000000e+03
8.099000000000000000e+03
2.157000000000000000e+03
4.551000000000000000e+03
8.776000000000000000e+03
9.428000000000000000e+03
8.807000000000000000e+03
8.822000000000000000e+03
4.806000000000000000e+03
4.300000000000000000e+02
4.778000000000000000e+03
2.683000000000000000e+03
8.335000000000000000e+03
2.107000000000000000e+03
8.310000000000000000e+03
3.403000000000000000e+03
7.102000000000000000e+03
7.144000000000000000e+03
1.938000000000000000e+03
4.927000000000000000e+03
2.992000000000000000e+03
2.713000000000000000e+03
8.300000000000000000e+02
5.623000000000000000e+03
4.784000000000000000e+03
9.986000000000000000e+03
2.245000000000000000e+03
9.545000000000000000e+03
4.799000000000000000e+03
8.187000000000000000e+03
9.753000000000000000e+03
3.818000000000000000e+03
6.659000000000000000e+03
9.060000000000000000e+03
9.887000000000000000e+03
3.514000000000000000e+03
8.910000000000000000e+03
7.651000000000000000e+03
7.706000000000000000e+03
6.982000000000000000e+03
6.140000000000000000e+03
9.367000000000000000e+03
4.468000000000000000e+03
8.084000000000000000e+03
8.900000000000000000e+01
4.777000000000000000e+03
6.652000000000000000e+03
8.025000000000000000e+03
1.104000000000000000e+03
2.123000000000000000e+03
4.938000000000000000e+03
7.600000000000000000e+02
3.409000000000000000e+03
8.173000000000000000e+03
1.923000000000000000e+03
3.855000000000000000e+03
9.691000000000000000e+03
1.937000000000000000e+03
8.332000000000000000e+03
1.388000000000000000e+03
1.510000000000000000e+02
2.372000000000000000e+03
2.382000000000000000e+03
7.806000000000000000e+03
1.390000000000000000e+02
9.469000000000000000e+03
5.531000000000000000e+03
5.000000000000000000e+00
1.645000000000000000e+03
5.916000000000000000e+03
2.242000000000000000e+03
9.720000000000000000e+02
2.168000000000000000e+03
6.495000000000000000e+03
5.994000000000000000e+03
1.709000000000000000e+03
2.149000000000000000e+03
3.526000000000000000e+03
9.090000000000000000e+03
9.858000000000000000e+03
8.369000000000000000e+03
1.919000000000000000e+03
7.841000000000000000e+03
1.986000000000000000e+03
2.639000000000000000e+03
7.882000000000000000e+03
5.300000000000000000e+01
7.283000000000000000e+03
2.510000000000000000e+03
5.350000000000000000e+02
8.111000000000000000e+03
8.112000000000000000e+03
3.056000000000000000e+03
9.783000000000000000e+03
7.083000000000000000e+03
7.069000000000000000e+03
5.000000000000000000e+02
2.364000000000000000e+03
9.750000000000000000e+03
6.957000000000000000e+03
6.948000000000000000e+03
8.721000000000000000e+03
8.321000000000000000e+03
3.238000000000000000e+03
6.804000000000000000e+03
1.795000000000000000e+03
8.703000000000000000e+03
3.326000000000000000e+03
6.721000000000000000e+03
6.692000000000000000e+03
2.288000000000000000e+03
3.861000000000000000e+03
9.372000000000000000e+03
5.333000000000000000e+03
5.856000000000000000e+03
9.296000000000000000e+03
5.414000000000000000e+03
4.283000000000000000e+03
3.977000000000000000e+03
4.275000000000000000e+03
9.194000000000000000e+03
5.103000000000000000e+03
5.520000000000000000e+03
4.509000000000000000e+03
3.915000000000000000e+03
4.547000000000000000e+03
1.860000000000000000e+02
9.401000000000000000e+03
9.259000000000000000e+03
5.241000000000000000e+03
4.066000000000000000e+03
1.649000000000000000e+03
4.685000000000000000e+03
1.421000000000000000e+03
9.186000000000000000e+03
5.742000000000000000e+03
9.241000000000000000e+03
1.453000000000000000e+03
4.397000000000000000e+03
2.776000000000000000e+03
7.520000000000000000e+02
3.919000000000000000e+03
3.087000000000000000e+03
4.997000000000000000e+03
6.554000000000000000e+03
1.972000000000000000e+03
8.596000000000000000e+03
8.165000000000000000e+03
4.185000000000000000e+03
4.696000000000000000e+03
7.767000000000000000e+03
7.059000000000000000e+03
8.062000000000000000e+03
6.089000000000000000e+03
7.666000000000000000e+03
8.426000000000000000e+03
8.231000000000000000e+03
2.272000000000000000e+03
1.360000000000000000e+02
9.879000000000000000e+03
2.094000000000000000e+03
9.247000000000000000e+03
3.310000000000000000e+02
5.700000000000000000e+03
6.128000000000000000e+03
3.902000000000000000e+03
1.906000000000000000e+03
2.974000000000000000e+03
1.627000000000000000e+03
9.955000000000000000e+03
2.516000000000000000e+03
8.997000000000000000e+03
5.938000000000000000e+03
8.682000000000000000e+03
5.940000000000000000e+02
4.210000000000000000e+02
7.200000000000000000e+03
1.302000000000000000e+03
6.452000000000000000e+03
4.369000000000000000e+03
8.164000000000000000e+03
6.009000000000000000e+03
4.887000000000000000e+03
9.377000000000000000e+03
3.277000000000000000e+03
5.601000000000000000e+03
1.220000000000000000e+02
9.062000000000000000e+03
7.920000000000000000e+03
6.190000000000000000e+02
8.470000000000000000e+03
6.004000000000000000e+03
5.083000000000000000e+03
2.970000000000000000e+03
3.852000000000000000e+03
4.609000000000000000e+03
2.934000000000000000e+03
1.605000000000000000e+03
4.473000000000000000e+03
2.595000000000000000e+03
5.893000000000000000e+03
3.146000000000000000e+03
8.019000000000000000e+03
9.362000000000000000e+03
1.848000000000000000e+03
2.480000000000000000e+02
9.610000000000000000e+03
9.551000000000000000e+03
4.620000000000000000e+02
3.003000000000000000e+03
2.731000000000000000e+03
3.253000000000000000e+03
4.489000000000000000e+03
5.127000000000000000e+03
9.706000000000000000e+03
5.155000000000000000e+03
2.578000000000000000e+03
3.539000000000000000e+03
7.600000000000000000e+03
7.795000000000000000e+03
5.225000000000000000e+03
7.018000000000000000e+03
1.940000000000000000e+02
6.626000000000000000e+03
2.158000000000000000e+03
1.556000000000000000e+03
6.030000000000000000e+02
4.041000000000000000e+03
9.905000000000000000e+03
3.961000000000000000e+03
8.110000000000000000e+02
8.172000000000000000e+03
8.665000000000000000e+03
5.970000000000000000e+02
1.224000000000000000e+03
3.874000000000000000e+03
1.153000000000000000e+03
7.595000000000000000e+03
6.619000000000000000e+03
5.624000000000000000e+03
9.150000000000000000e+02
4.114000000000000000e+03
6.724000000000000000e+03
6.767000000000000000e+03
3.677000000000000000e+03
3.742000000000000000e+03
7.642000000000000000e+03
4.514000000000000000e+03
3.135000000000000000e+03
2.467000000000000000e+03
8.365000000000000000e+03
3.980000000000000000e+03
2.466000000000000000e+03
2.619000000000000000e+03
8.143000000000000000e+03
6.563000000000000000e+03
3.336000000000000000e+03
6.681000000000000000e+03
1.927000000000000000e+03
7.391000000000000000e+03
5.173000000000000000e+03
3.170000000000000000e+02
8.915000000000000000e+03
4.690000000000000000e+03
6.680000000000000000e+02
7.215000000000000000e+03
4.672000000000000000e+03
5.246000000000000000e+03
4.169000000000000000e+03
7.019000000000000000e+03
9.257000000000000000e+03
4.321000000000000000e+03
9.243000000000000000e+03
2.697000000000000000e+03
2.489000000000000000e+03
9.346000000000000000e+03
8.330000000000000000e+03
9.336000000000000000e+03
6.776000000000000000e+03
2.866000000000000000e+03
6.784000000000000000e+03
4.076000000000000000e+03
6.030000000000000000e+03
3.808000000000000000e+03
7.340000000000000000e+03
7.588000000000000000e+03
8.260000000000000000e+03
1.571000000000000000e+03
5.385000000000000000e+03
3.644000000000000000e+03
4.070000000000000000e+03
9.985000000000000000e+03
7.333000000000000000e+03
3.531000000000000000e+03
7.632000000000000000e+03
8.954000000000000000e+03
5.589000000000000000e+03
3.596000000000000000e+03
5.244000000000000000e+03
6.699000000000000000e+03
4.184000000000000000e+03
1.151000000000000000e+03
3.635000000000000000e+03
6.666000000000000000e+03
3.090000000000000000e+02
8.784000000000000000e+03
1.367000000000000000e+03
3.759000000000000000e+03
3.790000000000000000e+03
4.136000000000000000e+03
2.303000000000000000e+03
1.345000000000000000e+03
5.590000000000000000e+02
7.350000000000000000e+02
4.234000000000000000e+03
1.989000000000000000e+03
6.162000000000000000e+03
9.087000000000000000e+03
8.530000000000000000e+02
2.430000000000000000e+03
3.169000000000000000e+03
7.212000000000000000e+03
5.999000000000000000e+03
6.083000000000000000e+03
9.759000000000000000e+03
7.510000000000000000e+03
9.677000000000000000e+03
6.028000000000000000e+03
3.030000000000000000e+02
6.803000000000000000e+03
8.385000000000000000e+03
6.990000000000000000e+03
6.226000000000000000e+03
2.600000000000000000e+01
7.302000000000000000e+03
5.482000000000000000e+03
1.247000000000000000e+03
9.180000000000000000e+03
8.518000000000000000e+03
4.975000000000000000e+03
4.561000000000000000e+03
4.247000000000000000e+03
6.177000000000000000e+03
8.104000000000000000e+03
7.001000000000000000e+03
9.610000000000000000e+02
1.542000000000000000e+03
6.010000000000000000e+02
1.524000000000000000e+03
6.580000000000000000e+03
7.807000000000000000e+03
7.787000000000000000e+03
9.860000000000000000e+02
7.150000000000000000e+02
6.482000000000000000e+03
3.575000000000000000e+03
9.053000000000000000e+03
6.286000000000000000e+03
4.080000000000000000e+03
2.630000000000000000e+02
8.802000000000000000e+03
6.570000000000000000e+02
6.715000000000000000e+03
9.797000000000000000e+03
9.865000000000000000e+03
7.446000000000000000e+03
4.280000000000000000e+02
7.230000000000000000e+02
4.134000000000000000e+03
9.419000000000000000e+03
1.360000000000000000e+03
4.212000000000000000e+03
6.549000000000000000e+03
4.994000000000000000e+03
9.682000000000000000e+03
2.882000000000000000e+03
2.615000000000000000e+03
5.157000000000000000e+03
5.778000000000000000e+03
7.029000000000000000e+03
8.753000000000000000e+03
6.438000000000000000e+03
1.978000000000000000e+03
1.890000000000000000e+03
8.996000000000000000e+03
5.588000000000000000e+03
1.663000000000000000e+03
9.555000000000000000e+03
1.647000000000000000e+03
6.180000000000000000e+02
2.652000000000000000e+03
6.458000000000000000e+03
3.176000000000000000e+03
8.870000000000000000e+02
1.793000000000000000e+03
6.219000000000000000e+03
5.668000000000000000e+03
2.580000000000000000e+02
9.218000000000000000e+03
7.756000000000000000e+03
9.210000000000000000e+02
3.009000000000000000e+03
8.460000000000000000e+02
9.318000000000000000e+03
7.983000000000000000e+03
2.940000000000000000e+02
9.284000000000000000e+03
4.782000000000000000e+03
9.738000000000000000e+03
9.421000000000000000e+03
5.780000000000000000e+03
9.607000000000000000e+03
3.479000000000000000e+03
4.099000000000000000e+03
7.451000000000000000e+03
6.704000000000000000e+03
2.231000000000000000e+03
7.660000000000000000e+02
2.907000000000000000e+03
6.454000000000000000e+03
2.939000000000000000e+03
1.863000000000000000e+03
4.520000000000000000e+03
7.078000000000000000e+03
6.977000000000000000e+03
1.845000000000000000e+03
7.699000000000000000e+03
2.669000000000000000e+03
5.106000000000000000e+03
4.576000000000000000e+03
2.581000000000000000e+03
3.431000000000000000e+03
3.484000000000000000e+03
7.945000000000000000e+03
1.950000000000000000e+02
5.387000000000000000e+03
1.522000000000000000e+03
4.443000000000000000e+03
9.205000000000000000e+03
2.641000000000000000e+03
7.264000000000000000e+03
5.090000000000000000e+02
2.053000000000000000e+03
7.308000000000000000e+03
5.757000000000000000e+03
9.504000000000000000e+03
8.452000000000000000e+03
1.670000000000000000e+03
7.273000000000000000e+03
1.083000000000000000e+03
9.000000000000000000e+02
8.170000000000000000e+02
3.200000000000000000e+03
2.335000000000000000e+03
9.962000000000000000e+03
6.109000000000000000e+03
8.191000000000000000e+03
9.480000000000000000e+03
6.943000000000000000e+03
8.430000000000000000e+02
7.259000000000000000e+03
7.721000000000000000e+03
8.086000000000000000e+03
7.609000000000000000e+03
9.192000000000000000e+03
6.744000000000000000e+03
4.637000000000000000e+03
1.473000000000000000e+03
3.776000000000000000e+03
8.993000000000000000e+03
3.648000000000000000e+03
2.411000000000000000e+03
3.884000000000000000e+03
2.338000000000000000e+03
1.154000000000000000e+03
8.407000000000000000e+03
9.570000000000000000e+02
4.943000000000000000e+03
5.698000000000000000e+03
6.217000000000000000e+03
6.228000000000000000e+03
4.603000000000000000e+03
2.253000000000000000e+03
9.461000000000000000e+03
1.289000000000000000e+03
7.357000000000000000e+03
7.578000000000000000e+03
8.500000000000000000e+01
6.507000000000000000e+03
9.344000000000000000e+03
6.239000000000000000e+03
1.862000000000000000e+03
2.311000000000000000e+03
9.709000000000000000e+03
3.320000000000000000e+02
8.352000000000000000e+03
2.904000000000000000e+03
6.101000000000000000e+03
3.070000000000000000e+02
5.702000000000000000e+03
4.828000000000000000e+03
1.870000000000000000e+02
5.050000000000000000e+02
8.300000000000000000e+01
9.729000000000000000e+03
4.751000000000000000e+03
3.620000000000000000e+03
3.469000000000000000e+03
6.350000000000000000e+02
4.553000000000000000e+03
2.976000000000000000e+03
4.439000000000000000e+03
5.131000000000000000e+03
3.684000000000000000e+03
3.069000000000000000e+03
1.220000000000000000e+03
8.749000000000000000e+03
5.793000000000000000e+03
5.846000000000000000e+03
8.578000000000000000e+03
2.597000000000000000e+03
7.734000000000000000e+03
1.040000000000000000e+03
8.336000000000000000e+03
5.161000000000000000e+03
6.377000000000000000e+03
5.730000000000000000e+03
8.830000000000000000e+03
9.789000000000000000e+03
9.163000000000000000e+03
4.596000000000000000e+03
2.000000000000000000e+02
5.965000000000000000e+03
8.752000000000000000e+03
2.917000000000000000e+03
6.175000000000000000e+03
2.190000000000000000e+02
4.190000000000000000e+02
4.520000000000000000e+02
1.868000000000000000e+03
3.213000000000000000e+03
3.667000000000000000e+03
2.410000000000000000e+02
1.922000000000000000e+03
9.408000000000000000e+03
8.126000000000000000e+03
3.975000000000000000e+03
1.215000000000000000e+03
8.817000000000000000e+03
8.196000000000000000e+03
7.442000000000000000e+03
5.489000000000000000e+03
8.836000000000000000e+03
2.540000000000000000e+03
8.139000000000000000e+03
8.250000000000000000e+03
7.645000000000000000e+03
3.129000000000000000e+03
2.393000000000000000e+03
4.338000000000000000e+03
8.661000000000000000e+03
7.173000000000000000e+03
2.758000000000000000e+03
3.361000000000000000e+03
7.720000000000000000e+03
1.162000000000000000e+03
8.794000000000000000e+03
8.970000000000000000e+02
3.778000000000000000e+03
5.634000000000000000e+03
7.390000000000000000e+03
2.400000000000000000e+01
3.478000000000000000e+03
7.751000000000000000e+03
3.062000000000000000e+03
7.838000000000000000e+03
3.646000000000000000e+03
4.521000000000000000e+03
2.620000000000000000e+02
5.819000000000000000e+03
5.574000000000000000e+03
8.740000000000000000e+03
5.060000000000000000e+02
9.877000000000000000e+03
3.959000000000000000e+03
9.273000000000000000e+03
9.716000000000000000e+03
3.606000000000000000e+03
5.062000000000000000e+03
5.859000000000000000e+03
2.586000000000000000e+03
4.654000000000000000e+03
6.165000000000000000e+03
9.025000000000000000e+03
5.368000000000000000e+03
9.999000000000000000e+03
1.826000000000000000e+03
7.930000000000000000e+02
5.839000000000000000e+03
5.852000000000000000e+03
2.900000000000000000e+01
6.401000000000000000e+03
5.434000000000000000e+03
8.357000000000000000e+03
5.659000000000000000e+03
9.683000000000000000e+03
6.400000000000000000e+01
6.048000000000000000e+03
5.337000000000000000e+03
6.302000000000000000e+03
9.581000000000000000e+03
8.625000000000000000e+03
1.350000000000000000e+02
2.536000000000000000e+03
2.343000000000000000e+03
2.574000000000000000e+03
7.548000000000000000e+03
9.379000000000000000e+03
5.340000000000000000e+03
3.448000000000000000e+03
9.006000000000000000e+03
2.682000000000000000e+03
2.861000000000000000e+03
9.969000000000000000e+03
7.950000000000000000e+03
8.972000000000000000e+03
3.120000000000000000e+03
3.224000000000000000e+03
7.560000000000000000e+02
6.051000000000000000e+03
1.443000000000000000e+03
9.350000000000000000e+03
5.430000000000000000e+03
2.842000000000000000e+03
8.699000000000000000e+03
9.833000000000000000e+03
1.886000000000000000e+03
4.928000000000000000e+03
4.988000000000000000e+03
5.508000000000000000e+03
4.610000000000000000e+02
8.328000000000000000e+03
5.756000000000000000e+03
9.829000000000000000e+03
6.318000000000000000e+03
5.184000000000000000e+03
8.577000000000000000e+03
8.586000000000000000e+03
1.472000000000000000e+03
7.081000000000000000e+03
4.333000000000000000e+03
5.904000000000000000e+03
8.316000000000000000e+03
9.913000000000000000e+03
3.400000000000000000e+02
2.860000000000000000e+03
6.760000000000000000e+02
5.066000000000000000e+03
6.632000000000000000e+03
4.000000000000000000e+01
9.422000000000000000e+03
3.270000000000000000e+02
7.866000000000000000e+03
1.515000000000000000e+03
1.661000000000000000e+03
3.327000000000000000e+03
9.197000000000000000e+03
9.391000000000000000e+03
7.781000000000000000e+03
4.500000000000000000e+01
5.705000000000000000e+03
2.654000000000000000e+03
9.506000000000000000e+03
6.603000000000000000e+03
5.567000000000000000e+03
7.777000000000000000e+03
9.756000000000000000e+03
7.954000000000000000e+03
4.319000000000000000e+03
3.168000000000000000e+03
4.575000000000000000e+03
6.106000000000000000e+03
5.035000000000000000e+03
3.437000000000000000e+03
9.629000000000000000e+03
5.915000000000000000e+03
8.669000000000000000e+03
3.525000000000000000e+03
7.298000000000000000e+03
3.109000000000000000e+03
1.600000000000000000e+03
8.711000000000000000e+03
9.094000000000000000e+03
7.723000000000000000e+03
9.792000000000000000e+03
9.091000000000000000e+03
4.940000000000000000e+03
8.723000000000000000e+03
5.371000000000000000e+03
9.919000000000000000e+03
7.355000000000000000e+03
4.398000000000000000e+03
8.226000000000000000e+03
4.322000000000000000e+03
3.985000000000000000e+03
3.131000000000000000e+03
7.067000000000000000e+03
1.187000000000000000e+03
4.420000000000000000e+03
6.142000000000000000e+03
4.966000000000000000e+03
9.386000000000000000e+03
2.375000000000000000e+03
9.793000000000000000e+03
4.149000000000000000e+03
6.167000000000000000e+03
2.417000000000000000e+03
6.893000000000000000e+03
3.520000000000000000e+03
5.737000000000000000e+03
5.432000000000000000e+03
7.416000000000000000e+03
5.554000000000000000e+03
7.319000000000000000e+03
7.558000000000000000e+03
3.860000000000000000e+02
5.359000000000000000e+03
3.894000000000000000e+03
9.582000000000000000e+03
2.700000000000000000e+01
9.953000000000000000e+03
7.419000000000000000e+03
8.277000000000000000e+03
2.312000000000000000e+03
4.614000000000000000e+03
9.074000000000000000e+03
9.521000000000000000e+03
1.330000000000000000e+03
9.210000000000000000e+03
7.660000000000000000e+03
2.128000000000000000e+03
8.373000000000000000e+03
2.390000000000000000e+02
5.180000000000000000e+02
3.022000000000000000e+03
8.291000000000000000e+03
3.796000000000000000e+03
8.450000000000000000e+02
8.435000000000000000e+03
8.635000000000000000e+03
3.613000000000000000e+03
2.902000000000000000e+03
6.220000000000000000e+02
5.493000000000000000e+03
1.565000000000000000e+03
5.258000000000000000e+03
2.854000000000000000e+03
7.242000000000000000e+03
5.581000000000000000e+03
8.326000000000000000e+03
1.329000000000000000e+03
6.204000000000000000e+03
5.133000000000000000e+03
7.646000000000000000e+03
5.630000000000000000e+02
1.757000000000000000e+03
5.030000000000000000e+02
7.140000000000000000e+02
5.539000000000000000e+03
8.115000000000000000e+03
3.044000000000000000e+03
9.651000000000000000e+03
6.485000000000000000e+03
8.278000000000000000e+03
9.773000000000000000e+03
4.150000000000000000e+02
4.982000000000000000e+03
1.460000000000000000e+03
9.981000000000000000e+03
9.375000000000000000e+03
1.045000000000000000e+03
2.560000000000000000e+02
7.667000000000000000e+03
6.164000000000000000e+03
3.550000000000000000e+03
2.066000000000000000e+03
3.299000000000000000e+03
9.201000000000000000e+03
3.090000000000000000e+03
5.459000000000000000e+03
6.813000000000000000e+03
3.043000000000000000e+03
6.722000000000000000e+03
7.570000000000000000e+03
4.472000000000000000e+03
3.286000000000000000e+03
6.214000000000000000e+03
4.528000000000000000e+03
2.556000000000000000e+03
4.537000000000000000e+03
2.515000000000000000e+03
5.664000000000000000e+03
5.341000000000000000e+03
6.288000000000000000e+03
8.450000000000000000e+03
1.204000000000000000e+03
6.855000000000000000e+03
8.468000000000000000e+03
8.558000000000000000e+03
2.867000000000000000e+03
4.739000000000000000e+03
9.098000000000000000e+03
3.300000000000000000e+03
1.211000000000000000e+03
5.917000000000000000e+03
6.822000000000000000e+03
1.267000000000000000e+03
4.460000000000000000e+02
7.610000000000000000e+02
4.027000000000000000e+03
3.910000000000000000e+03
1.514000000000000000e+03
2.137000000000000000e+03
1.985000000000000000e+03
8.816000000000000000e+03
8.180000000000000000e+03
2.766000000000000000e+03
3.816000000000000000e+03
5.829000000000000000e+03
5.026000000000000000e+03
5.638000000000000000e+03
2.275000000000000000e+03
7.125000000000000000e+03
7.980000000000000000e+03
1.808000000000000000e+03
7.364000000000000000e+03
9.560000000000000000e+03
4.732000000000000000e+03
5.436000000000000000e+03
7.875000000000000000e+03
7.211000000000000000e+03
7.206000000000000000e+03
8.030000000000000000e+02
7.375000000000000000e+03
5.564000000000000000e+03
5.939000000000000000e+03
5.020000000000000000e+02
8.585000000000000000e+03
4.320000000000000000e+02
9.945000000000000000e+03
6.826000000000000000e+03
2.234000000000000000e+03
1.901000000000000000e+03
7.469000000000000000e+03
1.610000000000000000e+02
5.587000000000000000e+03
6.792000000000000000e+03
2.836000000000000000e+03
3.186000000000000000e+03
4.838000000000000000e+03
6.490000000000000000e+02
5.872000000000000000e+03
8.700000000000000000e+03
5.910000000000000000e+03
3.231000000000000000e+03
1.002000000000000000e+03
1.672000000000000000e+03
7.080000000000000000e+03
7.221000000000000000e+03
7.953000000000000000e+03
6.446000000000000000e+03
9.221000000000000000e+03
6.271000000000000000e+03
4.023000000000000000e+03
2.449000000000000000e+03
8.705000000000000000e+03
4.026000000000000000e+03
5.985000000000000000e+03
4.360000000000000000e+02
3.727000000000000000e+03
1.437000000000000000e+03
2.100000000000000000e+02
4.122000000000000000e+03
9.470000000000000000e+03
9.047000000000000000e+03
3.308000000000000000e+03
1.753000000000000000e+03
5.393000000000000000e+03
4.574000000000000000e+03
1.644000000000000000e+03
5.328000000000000000e+03
8.168000000000000000e+03
4.454000000000000000e+03
6.671000000000000000e+03
2.736000000000000000e+03
5.140000000000000000e+02
2.261000000000000000e+03
1.041000000000000000e+03
8.090000000000000000e+03
6.018000000000000000e+03
2.112000000000000000e+03
6.674000000000000000e+03
7.430000000000000000e+03
6.890000000000000000e+02
1.616000000000000000e+03
6.402000000000000000e+03
1.707000000000000000e+03
2.550000000000000000e+02
5.417000000000000000e+03
5.786000000000000000e+03
1.066000000000000000e+03
6.459000000000000000e+03
9.593000000000000000e+03
4.793000000000000000e+03
3.737000000000000000e+03
9.832000000000000000e+03
7.190000000000000000e+03
3.421000000000000000e+03
3.650000000000000000e+02
5.527000000000000000e+03
2.000000000000000000e+01
4.856000000000000000e+03
1.170000000000000000e+02
3.697000000000000000e+03
3.020000000000000000e+02
4.011000000000000000e+03
7.180000000000000000e+02
8.617000000000000000e+03
7.967000000000000000e+03
9.211000000000000000e+03
8.190000000000000000e+03
5.889000000000000000e+03
4.699000000000000000e+03
6.979000000000000000e+03
1.029000000000000000e+03
5.180000000000000000e+03
5.504000000000000000e+03
6.584000000000000000e+03
6.519000000000000000e+03
7.839000000000000000e+03
7.773000000000000000e+03
2.013000000000000000e+03
3.360000000000000000e+02
1.420000000000000000e+03
6.237000000000000000e+03
2.975000000000000000e+03
4.974000000000000000e+03
8.582000000000000000e+03
7.757000000000000000e+03
2.222000000000000000e+03
9.429000000000000000e+03
4.377000000000000000e+03
5.911000000000000000e+03
8.926000000000000000e+03
3.406000000000000000e+03
7.537000000000000000e+03
1.209000000000000000e+03
6.781000000000000000e+03
2.070000000000000000e+03
6.327000000000000000e+03
4.053000000000000000e+03
7.647000000000000000e+03
7.675000000000000000e+03
4.260000000000000000e+02
8.933000000000000000e+03
4.410000000000000000e+02
5.286000000000000000e+03
9.980000000000000000e+02
4.702000000000000000e+03
3.809000000000000000e+03
1.630000000000000000e+02
4.073000000000000000e+03
6.901000000000000000e+03
3.025000000000000000e+03
8.081000000000000000e+03
6.586000000000000000e+03
5.001000000000000000e+03
9.516000000000000000e+03
2.500000000000000000e+03
9.752000000000000000e+03
9.452000000000000000e+03
3.889000000000000000e+03
8.978000000000000000e+03
5.738000000000000000e+03
5.159000000000000000e+03
1.575000000000000000e+03
9.342000000000000000e+03
3.512000000000000000e+03
5.369000000000000000e+03
4.760000000000000000e+02
8.574000000000000000e+03
5.739000000000000000e+03
1.148000000000000000e+03
7.755000000000000000e+03
8.323000000000000000e+03
5.471000000000000000e+03
5.895000000000000000e+03
1.817000000000000000e+03
2.117000000000000000e+03
9.140000000000000000e+03
2.316000000000000000e+03
2.981000000000000000e+03
5.654000000000000000e+03
9.316000000000000000e+03
5.691000000000000000e+03
4.900000000000000000e+01
8.963000000000000000e+03
3.118000000000000000e+03
1.791000000000000000e+03
