2.800000000000000000e+02
3.173000000000000000e+03
4.838000000000000000e+03
1.898000000000000000e+03
9.011000000000000000e+03
1.176000000000000000e+03
6.830000000000000000e+03
3.553000000000000000e+03
8.949000000000000000e+03
5.465000000000000000e+03
4.297000000000000000e+03
9.407000000000000000e+03
8.536000000000000000e+03
5.925000000000000000e+03
8.619000000000000000e+03
8.154000000000000000e+03
2.940000000000000000e+03
5.698000000000000000e+03
1.996000000000000000e+03
7.292000000000000000e+03
7.853000000000000000e+03
1.460000000000000000e+02
4.452000000000000000e+03
1.338000000000000000e+03
2.444000000000000000e+03
2.258000000000000000e+03
8.458000000000000000e+03
1.964000000000000000e+03
7.776000000000000000e+03
2.923000000000000000e+03
5.122000000000000000e+03
1.490000000000000000e+02
7.915000000000000000e+03
7.865000000000000000e+03
4.810000000000000000e+03
4.241000000000000000e+03
3.439000000000000000e+03
3.743000000000000000e+03
3.561000000000000000e+03
5.811000000000000000e+03
5.843000000000000000e+03
6.000000000000000000e+00
4.998000000000000000e+03
9.977000000000000000e+03
6.460000000000000000e+02
6.475000000000000000e+03
3.312000000000000000e+03
7.985000000000000000e+03
9.996000000000000000e+03
4.830000000000000000e+03
8.128000000000000000e+03
7.180000000000000000e+02
3.926000000000000000e+03
5.823000000000000000e+03
3.699000000000000000e+03
2.141000000000000000e+03
8.376000000000000000e+03
3.557000000000000000e+03
2.578000000000000000e+03
8.430000000000000000e+03
8.366000000000000000e+03
9.828000000000000000e+03
6.960000000000000000e+03
8.380000000000000000e+03
4.232000000000000000e+03
7.864000000000000000e+03
5.667000000000000000e+03
1.545000000000000000e+03
2.703000000000000000e+03
7.393000000000000000e+03
9.743000000000000000e+03
7.005000000000000000e+03
4.404000000000000000e+03
6.054000000000000000e+03
9.329000000000000000e+03
6.565000000000000000e+03
4.166000000000000000e+03
9.218000000000000000e+03
9.959000000000000000e+03
5.533000000000000000e+03
8.212000000000000000e+03
2.516000000000000000e+03
7.211000000000000000e+03
8.033000000000000000e+03
7.957000000000000000e+03
3.692000000000000000e+03
1.083000000000000000e+03
9.863000000000000000e+03
5.987000000000000000e+03
3.889000000000000000e+03
9.783000000000000000e+03
6.804000000000000000e+03
