9.029000000000000000e+03
8.744000000000000000e+03
3.225000000000000000e+03
3.490000000000000000e+02
4.740000000000000000e+02
6.445000000000000000e+03
2.517000000000000000e+03
3.976000000000000000e+03
1.591000000000000000e+03
6.830000000000000000e+03
8.626000000000000000e+03
1.359000000000000000e+03
9.303000000000000000e+03
4.610000000000000000e+03
9.443000000000000000e+03
3.220000000000000000e+03
4.891000000000000000e+03
1.400000000000000000e+01
9.600000000000000000e+02
5.790000000000000000e+03
3.009000000000000000e+03
4.916000000000000000e+03
2.106000000000000000e+03
5.490000000000000000e+02
4.472000000000000000e+03
1.030000000000000000e+03
7.985000000000000000e+03
7.313000000000000000e+03
3.872000000000000000e+03
9.128000000000000000e+03
4.740000000000000000e+03
1.191000000000000000e+03
6.460000000000000000e+02
3.075000000000000000e+03
4.277000000000000000e+03
4.495000000000000000e+03
4.452000000000000000e+03
9.380000000000000000e+03
8.183000000000000000e+03
5.617000000000000000e+03
7.331000000000000000e+03
3.377000000000000000e+03
8.340000000000000000e+03
2.840000000000000000e+03
5.469000000000000000e+03
6.197000000000000000e+03
1.020000000000000000e+02
6.195000000000000000e+03
4.623000000000000000e+03
8.334000000000000000e+03
4.631000000000000000e+03
3.388000000000000000e+03
7.118000000000000000e+03
7.846000000000000000e+03
9.977000000000000000e+03
8.281000000000000000e+03
9.155000000000000000e+03
8.907000000000000000e+03
5.830000000000000000e+03
6.881000000000000000e+03
4.845000000000000000e+03
2.300000000000000000e+02
7.475000000000000000e+03
6.097000000000000000e+03
7.105000000000000000e+03
2.509000000000000000e+03
1.609000000000000000e+03
1.466000000000000000e+03
5.524000000000000000e+03
2.319000000000000000e+03
7.922000000000000000e+03
7.797000000000000000e+03
7.909000000000000000e+03
6.362000000000000000e+03
3.855000000000000000e+03
3.836000000000000000e+03
8.726000000000000000e+03
9.537000000000000000e+03
4.810000000000000000e+03
9.580000000000000000e+03
4.668000000000000000e+03
9.742000000000000000e+03
4.619000000000000000e+03
1.200000000000000000e+01
6.795000000000000000e+03
6.556000000000000000e+03
2.560000000000000000e+02
1.639000000000000000e+03
7.810000000000000000e+02
5.037000000000000000e+03
1.786000000000000000e+03
8.368000000000000000e+03
3.972000000000000000e+03
6.818000000000000000e+03
9.278000000000000000e+03
8.984000000000000000e+03
2.719000000000000000e+03
3.259000000000000000e+03
3.570000000000000000e+02
2.651000000000000000e+03
6.037000000000000000e+03
2.393000000000000000e+03
6.520000000000000000e+02
6.397000000000000000e+03
8.035000000000000000e+03
8.701000000000000000e+03
7.125000000000000000e+03
9.949000000000000000e+03
7.957000000000000000e+03
3.921000000000000000e+03
2.230000000000000000e+03
6.319000000000000000e+03
5.934000000000000000e+03
8.465000000000000000e+03
5.749000000000000000e+03
2.000000000000000000e+02
3.246000000000000000e+03
8.343000000000000000e+03
9.788000000000000000e+03
9.800000000000000000e+03
8.532000000000000000e+03
4.180000000000000000e+03
5.288000000000000000e+03
3.896000000000000000e+03
8.846000000000000000e+03
5.817000000000000000e+03
7.691000000000000000e+03
4.918000000000000000e+03
4.976000000000000000e+03
3.750000000000000000e+02
7.856000000000000000e+03
9.563000000000000000e+03
5.445000000000000000e+03
5.710000000000000000e+02
