6.787000000000000000e+03
3.019000000000000000e+03
6.356000000000000000e+03
2.899000000000000000e+03
2.743000000000000000e+03
7.814000000000000000e+03
2.517000000000000000e+03
3.645000000000000000e+03
5.247000000000000000e+03
6.659000000000000000e+03
6.597000000000000000e+03
5.226000000000000000e+03
2.590000000000000000e+02
8.569000000000000000e+03
4.172000000000000000e+03
1.591000000000000000e+03
4.278000000000000000e+03
8.744000000000000000e+03
1.439000000000000000e+03
6.267000000000000000e+03
8.805000000000000000e+03
3.170000000000000000e+02
1.269000000000000000e+03
4.611000000000000000e+03
9.950000000000000000e+02
8.690000000000000000e+02
5.905000000000000000e+03
9.637000000000000000e+03
9.407000000000000000e+03
9.519000000000000000e+03
7.208000000000000000e+03
2.931000000000000000e+03
9.592000000000000000e+03
1.100000000000000000e+01
3.225000000000000000e+03
9.983000000000000000e+03
5.166000000000000000e+03
5.719000000000000000e+03
2.491000000000000000e+03
7.640000000000000000e+02
8.152000000000000000e+03
2.112000000000000000e+03
4.010000000000000000e+02
6.470000000000000000e+03
6.017000000000000000e+03
9.360000000000000000e+03
8.575000000000000000e+03
7.908000000000000000e+03
1.400000000000000000e+01
5.081000000000000000e+03
4.500000000000000000e+03
3.362000000000000000e+03
5.758000000000000000e+03
8.697000000000000000e+03
8.458000000000000000e+03
5.179000000000000000e+03
1.775000000000000000e+03
8.490000000000000000e+03
8.493000000000000000e+03
7.291000000000000000e+03
3.201000000000000000e+03
8.745000000000000000e+03
1.677000000000000000e+03
1.494000000000000000e+03
2.630000000000000000e+02
6.310000000000000000e+03
3.031000000000000000e+03
8.684000000000000000e+03
4.077000000000000000e+03
5.553000000000000000e+03
9.968000000000000000e+03
2.300000000000000000e+02
6.543000000000000000e+03
8.028000000000000000e+03
2.264000000000000000e+03
3.743000000000000000e+03
6.774000000000000000e+03
8.097000000000000000e+03
8.128000000000000000e+03
6.741000000000000000e+03
2.167000000000000000e+03
3.819000000000000000e+03
8.170000000000000000e+03
2.106000000000000000e+03
4.058000000000000000e+03
9.977000000000000000e+03
3.204000000000000000e+03
8.279000000000000000e+03
1.996000000000000000e+03
6.606000000000000000e+03
1.948000000000000000e+03
8.334000000000000000e+03
6.587000000000000000e+03
6.562000000000000000e+03
8.389000000000000000e+03
1.412000000000000000e+03
1.861000000000000000e+03
2.046000000000000000e+03
1.395000000000000000e+03
8.883000000000000000e+03
8.870000000000000000e+03
5.901000000000000000e+03
9.288000000000000000e+03
4.790000000000000000e+03
9.295000000000000000e+03
4.830000000000000000e+03
4.845000000000000000e+03
3.142000000000000000e+03
5.084000000000000000e+03
7.250000000000000000e+02
9.385000000000000000e+03
5.791000000000000000e+03
8.510000000000000000e+02
9.428000000000000000e+03
4.914000000000000000e+03
9.447000000000000000e+03
4.926000000000000000e+03
6.460000000000000000e+02
4.981000000000000000e+03
7.331000000000000000e+03
5.650000000000000000e+02
5.580000000000000000e+02
9.527000000000000000e+03
5.033000000000000000e+03
9.601000000000000000e+03
9.430000000000000000e+03
1.377000000000000000e+03
9.269000000000000000e+03
9.030000000000000000e+02
3.165000000000000000e+03
1.316000000000000000e+03
4.452000000000000000e+03
1.580000000000000000e+02
8.905000000000000000e+03
9.720000000000000000e+03
9.714000000000000000e+03
9.040000000000000000e+03
7.363000000000000000e+03
9.095000000000000000e+03
9.103000000000000000e+03
3.970000000000000000e+02
9.109000000000000000e+03
9.689000000000000000e+03
1.016000000000000000e+03
9.146000000000000000e+03
7.359000000000000000e+03
5.605000000000000000e+03
5.984000000000000000e+03
4.713000000000000000e+03
9.390000000000000000e+02
4.718000000000000000e+03
5.947000000000000000e+03
5.117000000000000000e+03
1.030000000000000000e+03
3.709000000000000000e+03
8.410000000000000000e+03
3.701000000000000000e+03
2.698000000000000000e+03
5.473000000000000000e+03
2.665000000000000000e+03
1.430000000000000000e+02
5.447000000000000000e+03
7.741000000000000000e+03
3.623000000000000000e+03
3.487000000000000000e+03
7.765000000000000000e+03
5.450000000000000000e+03
3.514000000000000000e+03
3.518000000000000000e+03
2.565000000000000000e+03
7.438000000000000000e+03
2.439000000000000000e+03
2.444000000000000000e+03
5.312000000000000000e+03
2.537000000000000000e+03
7.817000000000000000e+03
5.461000000000000000e+03
5.469000000000000000e+03
9.887000000000000000e+03
3.594000000000000000e+03
3.404000000000000000e+03
2.747000000000000000e+03
7.054000000000000000e+03
7.098000000000000000e+03
2.950000000000000000e+03
7.484000000000000000e+03
3.680000000000000000e+03
7.440000000000000000e+03
3.273000000000000000e+03
2.983000000000000000e+03
7.985000000000000000e+03
7.532000000000000000e+03
7.170000000000000000e+03
7.421000000000000000e+03
3.312000000000000000e+03
7.549000000000000000e+03
3.325000000000000000e+03
2.462000000000000000e+03
2.777000000000000000e+03
7.100000000000000000e+03
2.803000000000000000e+03
2.752000000000000000e+03
7.106000000000000000e+03
7.579000000000000000e+03
5.790000000000000000e+03
1.595000000000000000e+03
3.290000000000000000e+03
5.108000000000000000e+03
6.420000000000000000e+02
4.304000000000000000e+03
9.707000000000000000e+03
1.489000000000000000e+03
7.716000000000000000e+03
4.657000000000000000e+03
8.390000000000000000e+03
3.592000000000000000e+03
5.878000000000000000e+03
8.956000000000000000e+03
9.315000000000000000e+03
1.356000000000000000e+03
6.732000000000000000e+03
1.410000000000000000e+02
3.485000000000000000e+03
3.048000000000000000e+03
9.199000000000000000e+03
1.755000000000000000e+03
9.949000000000000000e+03
8.726000000000000000e+03
3.609000000000000000e+03
3.450000000000000000e+03
7.390000000000000000e+02
7.340000000000000000e+02
8.520000000000000000e+02
2.846000000000000000e+03
3.878000000000000000e+03
4.255000000000000000e+03
6.364000000000000000e+03
8.655000000000000000e+03
6.964000000000000000e+03
8.907000000000000000e+03
9.058000000000000000e+03
4.770000000000000000e+03
7.126000000000000000e+03
1.457000000000000000e+03
1.444000000000000000e+03
4.619000000000000000e+03
1.281000000000000000e+03
8.150000000000000000e+02
9.725000000000000000e+03
4.497000000000000000e+03
8.094000000000000000e+03
1.730000000000000000e+02
8.934000000000000000e+03
3.705000000000000000e+03
1.376000000000000000e+03
6.725000000000000000e+03
3.347000000000000000e+03
1.387000000000000000e+03
6.995000000000000000e+03
7.786000000000000000e+03
1.194000000000000000e+03
9.349000000000000000e+03
5.350000000000000000e+03
4.681000000000000000e+03
9.357000000000000000e+03
8.764000000000000000e+03
4.189000000000000000e+03
3.926000000000000000e+03
9.253000000000000000e+03
6.000000000000000000e+02
2.697000000000000000e+03
5.273000000000000000e+03
3.557000000000000000e+03
8.118000000000000000e+03
4.054000000000000000e+03
3.798000000000000000e+03
5.070000000000000000e+02
9.589000000000000000e+03
9.686000000000000000e+03
1.000000000000000000e+03
3.013000000000000000e+03
7.868000000000000000e+03
1.889000000000000000e+03
8.308000000000000000e+03
6.916000000000000000e+03
3.008000000000000000e+03
3.974000000000000000e+03
9.680000000000000000e+03
9.215000000000000000e+03
6.960000000000000000e+03
2.902000000000000000e+03
6.172000000000000000e+03
6.435000000000000000e+03
9.871000000000000000e+03
7.060000000000000000e+03
7.826000000000000000e+03
7.513000000000000000e+03
7.824000000000000000e+03
2.271000000000000000e+03
4.954000000000000000e+03
4.107000000000000000e+03
2.876000000000000000e+03
4.510000000000000000e+02
1.305000000000000000e+03
2.135000000000000000e+03
3.688000000000000000e+03
9.950000000000000000e+03
7.938000000000000000e+03
8.138000000000000000e+03
9.930000000000000000e+02
7.613000000000000000e+03
5.114000000000000000e+03
4.629000000000000000e+03
3.163000000000000000e+03
5.332000000000000000e+03
9.710000000000000000e+03
1.910000000000000000e+02
7.920000000000000000e+03
2.357000000000000000e+03
8.104000000000000000e+03
9.281000000000000000e+03
6.893000000000000000e+03
9.943000000000000000e+03
6.734000000000000000e+03
9.090000000000000000e+02
3.351000000000000000e+03
3.150000000000000000e+03
1.128000000000000000e+03
4.357000000000000000e+03
1.298000000000000000e+03
8.090000000000000000e+02
5.272000000000000000e+03
7.892000000000000000e+03
3.027000000000000000e+03
4.168000000000000000e+03
5.212000000000000000e+03
5.214000000000000000e+03
3.210000000000000000e+03
5.970000000000000000e+02
9.961000000000000000e+03
2.290000000000000000e+03
5.240000000000000000e+03
6.818000000000000000e+03
1.984000000000000000e+03
7.236000000000000000e+03
9.807000000000000000e+03
3.972000000000000000e+03
4.210000000000000000e+03
6.388000000000000000e+03
6.403000000000000000e+03
3.865000000000000000e+03
4.371000000000000000e+03
2.250000000000000000e+03
5.090000000000000000e+03
6.779000000000000000e+03
6.672000000000000000e+03
7.976000000000000000e+03
5.862000000000000000e+03
1.518000000000000000e+03
8.000000000000000000e+02
8.257000000000000000e+03
6.913000000000000000e+03
7.017000000000000000e+03
6.355000000000000000e+03
5.191000000000000000e+03
7.293000000000000000e+03
9.603000000000000000e+03
5.609000000000000000e+03
5.659000000000000000e+03
7.335000000000000000e+03
5.020000000000000000e+03
5.853000000000000000e+03
3.741000000000000000e+03
9.976000000000000000e+03
5.833000000000000000e+03
7.356000000000000000e+03
5.109000000000000000e+03
9.340000000000000000e+03
9.500000000000000000e+02
3.969000000000000000e+03
6.048000000000000000e+03
7.702000000000000000e+03
3.921000000000000000e+03
4.244000000000000000e+03
3.815000000000000000e+03
8.600000000000000000e+03
8.855000000000000000e+03
5.305000000000000000e+03
6.106000000000000000e+03
3.548000000000000000e+03
2.966000000000000000e+03
1.535000000000000000e+03
7.645000000000000000e+03
2.572000000000000000e+03
3.417000000000000000e+03
8.429000000000000000e+03
4.675000000000000000e+03
5.129000000000000000e+03
8.295000000000000000e+03
9.836000000000000000e+03
2.516000000000000000e+03
1.539000000000000000e+03
6.107000000000000000e+03
3.537000000000000000e+03
1.382000000000000000e+03
7.771000000000000000e+03
3.403000000000000000e+03
8.536000000000000000e+03
8.507000000000000000e+03
5.537000000000000000e+03
4.968000000000000000e+03
9.790000000000000000e+03
5.770000000000000000e+02
6.950000000000000000e+03
6.546000000000000000e+03
4.862000000000000000e+03
6.208000000000000000e+03
4.359000000000000000e+03
3.621000000000000000e+03
2.210000000000000000e+03
5.140000000000000000e+03
2.203000000000000000e+03
2.215000000000000000e+03
1.174000000000000000e+03
9.280000000000000000e+03
2.717000000000000000e+03
7.889000000000000000e+03
1.078000000000000000e+03
9.727000000000000000e+03
5.370000000000000000e+03
5.583000000000000000e+03
5.360000000000000000e+03
6.392000000000000000e+03
9.088000000000000000e+03
5.920000000000000000e+03
5.393000000000000000e+03
9.105000000000000000e+03
6.593000000000000000e+03
3.938000000000000000e+03
7.849000000000000000e+03
5.955000000000000000e+03
6.508000000000000000e+03
3.276000000000000000e+03
1.864000000000000000e+03
3.736000000000000000e+03
5.959000000000000000e+03
2.713000000000000000e+03
5.733000000000000000e+03
1.045000000000000000e+03
7.829000000000000000e+03
1.693000000000000000e+03
4.510000000000000000e+03
4.375000000000000000e+03
2.832000000000000000e+03
1.425000000000000000e+03
8.980000000000000000e+03
2.079000000000000000e+03
2.563000000000000000e+03
7.490000000000000000e+02
1.714000000000000000e+03
3.884000000000000000e+03
7.157000000000000000e+03
6.057000000000000000e+03
5.809000000000000000e+03
8.590000000000000000e+02
7.544000000000000000e+03
8.590000000000000000e+03
3.752000000000000000e+03
3.863000000000000000e+03
1.141000000000000000e+03
4.581000000000000000e+03
0.000000000000000000e+00
5.578000000000000000e+03
9.642000000000000000e+03
9.917000000000000000e+03
5.186000000000000000e+03
5.555000000000000000e+03
1.055000000000000000e+03
9.819000000000000000e+03
5.054000000000000000e+03
7.091000000000000000e+03
9.368000000000000000e+03
7.623000000000000000e+03
5.270000000000000000e+02
4.113000000000000000e+03
1.037000000000000000e+03
3.014000000000000000e+03
1.590000000000000000e+02
2.008000000000000000e+03
8.256000000000000000e+03
6.633000000000000000e+03
8.189000000000000000e+03
9.913000000000000000e+03
7.983000000000000000e+03
4.225000000000000000e+03
9.816000000000000000e+03
3.528000000000000000e+03
9.988000000000000000e+03
8.434000000000000000e+03
2.932000000000000000e+03
8.217000000000000000e+03
8.222000000000000000e+03
3.034000000000000000e+03
9.000000000000000000e+01
1.222000000000000000e+03
9.552000000000000000e+03
9.545000000000000000e+03
6.275000000000000000e+03
4.378000000000000000e+03
5.087000000000000000e+03
1.750000000000000000e+02
7.372000000000000000e+03
8.513000000000000000e+03
4.799000000000000000e+03
7.573000000000000000e+03
9.957000000000000000e+03
7.991000000000000000e+03
4.206000000000000000e+03
9.278000000000000000e+03
2.095000000000000000e+03
7.761000000000000000e+03
5.745000000000000000e+03
8.832000000000000000e+03
1.243000000000000000e+03
5.102000000000000000e+03
8.184000000000000000e+03
1.230000000000000000e+02
9.431000000000000000e+03
1.191000000000000000e+03
6.990000000000000000e+03
7.118000000000000000e+03
6.600000000000000000e+03
1.566000000000000000e+03
9.563000000000000000e+03
3.905000000000000000e+03
8.280000000000000000e+02
3.844000000000000000e+03
5.964000000000000000e+03
9.535000000000000000e+03
8.010000000000000000e+02
6.465000000000000000e+03
9.703000000000000000e+03
9.986000000000000000e+03
3.049000000000000000e+03
6.432000000000000000e+03
6.425000000000000000e+03
5.210000000000000000e+03
9.141000000000000000e+03
4.561000000000000000e+03
2.189000000000000000e+03
2.332000000000000000e+03
4.885000000000000000e+03
7.445000000000000000e+03
1.134000000000000000e+03
2.270000000000000000e+02
8.385000000000000000e+03
2.500000000000000000e+02
7.360000000000000000e+02
9.863000000000000000e+03
6.797000000000000000e+03
8.290000000000000000e+02
2.942000000000000000e+03
7.989000000000000000e+03
3.733000000000000000e+03
5.336000000000000000e+03
7.743000000000000000e+03
6.759000000000000000e+03
4.779000000000000000e+03
4.866000000000000000e+03
3.350000000000000000e+02
1.886000000000000000e+03
8.178000000000000000e+03
5.217000000000000000e+03
5.137000000000000000e+03
4.928000000000000000e+03
1.939000000000000000e+03
5.700000000000000000e+03
6.289000000000000000e+03
3.742000000000000000e+03
6.932000000000000000e+03
3.990000000000000000e+02
1.704000000000000000e+03
5.989000000000000000e+03
2.900000000000000000e+02
2.020000000000000000e+03
8.604000000000000000e+03
9.823000000000000000e+03
8.070000000000000000e+03
6.469000000000000000e+03
4.960000000000000000e+02
5.724000000000000000e+03
7.160000000000000000e+03
2.171000000000000000e+03
3.769000000000000000e+03
2.800000000000000000e+02
8.950000000000000000e+02
8.133000000000000000e+03
1.713000000000000000e+03
8.939000000000000000e+03
7.853000000000000000e+03
4.998000000000000000e+03
1.034000000000000000e+03
1.855000000000000000e+03
5.671000000000000000e+03
2.730000000000000000e+02
5.715000000000000000e+03
9.301000000000000000e+03
8.987000000000000000e+03
3.617000000000000000e+03
2.440000000000000000e+03
2.895000000000000000e+03
4.094000000000000000e+03
9.571000000000000000e+03
5.112000000000000000e+03
6.709000000000000000e+03
8.380000000000000000e+02
9.282000000000000000e+03
1.790000000000000000e+03
5.144000000000000000e+03
2.099000000000000000e+03
1.786000000000000000e+03
9.274000000000000000e+03
9.698000000000000000e+03
5.623000000000000000e+03
6.361000000000000000e+03
4.499000000000000000e+03
8.494000000000000000e+03
1.756000000000000000e+03
4.636000000000000000e+03
8.201000000000000000e+03
1.350000000000000000e+02
7.622000000000000000e+03
3.139000000000000000e+03
6.482000000000000000e+03
7.527000000000000000e+03
4.253000000000000000e+03
5.914000000000000000e+03
4.098000000000000000e+03
8.157000000000000000e+03
1.288000000000000000e+03
5.261000000000000000e+03
6.365000000000000000e+03
1.283000000000000000e+03
4.150000000000000000e+02
2.305000000000000000e+03
1.536000000000000000e+03
7.205000000000000000e+03
3.712000000000000000e+03
6.715000000000000000e+03
4.290000000000000000e+03
9.792000000000000000e+03
9.064000000000000000e+03
2.928000000000000000e+03
2.929000000000000000e+03
8.035000000000000000e+03
8.436000000000000000e+03
4.414000000000000000e+03
6.171000000000000000e+03
2.651000000000000000e+03
7.760000000000000000e+02
4.061000000000000000e+03
6.509000000000000000e+03
2.466000000000000000e+03
7.201000000000000000e+03
6.819000000000000000e+03
5.040000000000000000e+02
2.578000000000000000e+03
7.885000000000000000e+03
7.507000000000000000e+03
5.100000000000000000e+03
7.634000000000000000e+03
4.087000000000000000e+03
8.465000000000000000e+03
9.865000000000000000e+03
4.795000000000000000e+03
2.906000000000000000e+03
4.082000000000000000e+03
9.791000000000000000e+03
5.472000000000000000e+03
2.625000000000000000e+03
9.304000000000000000e+03
4.000000000000000000e+01
6.688000000000000000e+03
6.041000000000000000e+03
8.018000000000000000e+03
8.820000000000000000e+02
8.770000000000000000e+02
2.821000000000000000e+03
5.976000000000000000e+03
7.957000000000000000e+03
5.974000000000000000e+03
2.612000000000000000e+03
7.931000000000000000e+03
9.180000000000000000e+03
4.460000000000000000e+03
9.670000000000000000e+02
9.148000000000000000e+03
4.215000000000000000e+03
2.372000000000000000e+03
2.369000000000000000e+03
1.606000000000000000e+03
2.835000000000000000e+03
1.480000000000000000e+02
9.195000000000000000e+03
7.562000000000000000e+03
9.185000000000000000e+03
5.718000000000000000e+03
8.578000000000000000e+03
3.130000000000000000e+03
9.880000000000000000e+02
7.937000000000000000e+03
9.860000000000000000e+02
8.596000000000000000e+03
2.811000000000000000e+03
5.401000000000000000e+03
9.873000000000000000e+03
6.876000000000000000e+03
7.954000000000000000e+03
8.593000000000000000e+03
6.417000000000000000e+03
9.770000000000000000e+02
1.631000000000000000e+03
9.960000000000000000e+02
5.900000000000000000e+01
4.185000000000000000e+03
6.420000000000000000e+03
2.604000000000000000e+03
5.203000000000000000e+03
7.903000000000000000e+03
7.597000000000000000e+03
5.958000000000000000e+03
5.211000000000000000e+03
2.862000000000000000e+03
7.608000000000000000e+03
9.122000000000000000e+03
5.929000000000000000e+03
8.940000000000000000e+02
3.855000000000000000e+03
6.837000000000000000e+03
9.127000000000000000e+03
1.247000000000000000e+03
7.534000000000000000e+03
7.176000000000000000e+03
8.511000000000000000e+03
9.117000000000000000e+03
2.289000000000000000e+03
6.903000000000000000e+03
8.508000000000000000e+03
5.429000000000000000e+03
5.347000000000000000e+03
6.006000000000000000e+03
9.229000000000000000e+03
9.226000000000000000e+03
7.598000000000000000e+03
7.980000000000000000e+03
9.330000000000000000e+02
8.541000000000000000e+03
1.328000000000000000e+03
7.130000000000000000e+03
1.440000000000000000e+02
9.209000000000000000e+03
3.113000000000000000e+03
1.020000000000000000e+03
3.880000000000000000e+02
2.343000000000000000e+03
9.216000000000000000e+03
8.193000000000000000e+03
1.596000000000000000e+03
5.941000000000000000e+03
3.311000000000000000e+03
5.000000000000000000e+01
8.532000000000000000e+03
7.215000000000000000e+03
8.033000000000000000e+03
4.829000000000000000e+03
7.025000000000000000e+03
6.680000000000000000e+02
3.003000000000000000e+03
7.731000000000000000e+03
2.525000000000000000e+03
5.463000000000000000e+03
5.582000000000000000e+03
2.689000000000000000e+03
7.417000000000000000e+03
1.437000000000000000e+03
3.061000000000000000e+03
8.828000000000000000e+03
8.779000000000000000e+03
8.989000000000000000e+03
3.961000000000000000e+03
4.542000000000000000e+03
2.205000000000000000e+03
5.380000000000000000e+02
4.907000000000000000e+03
5.640000000000000000e+03
8.260000000000000000e+03
3.998000000000000000e+03
4.334000000000000000e+03
8.086000000000000000e+03
6.290000000000000000e+03
2.560000000000000000e+03
5.804000000000000000e+03
6.890000000000000000e+02
3.553000000000000000e+03
2.204000000000000000e+03
9.013000000000000000e+03
9.612000000000000000e+03
4.560000000000000000e+03
9.007000000000000000e+03
9.891000000000000000e+03
9.060000000000000000e+03
6.767000000000000000e+03
6.099000000000000000e+03
2.219000000000000000e+03
2.700000000000000000e+03
3.814000000000000000e+03
7.822000000000000000e+03
4.538000000000000000e+03
7.364000000000000000e+03
2.165000000000000000e+03
6.080000000000000000e+02
5.162000000000000000e+03
3.932000000000000000e+03
3.158000000000000000e+03
7.713000000000000000e+03
3.080000000000000000e+02
1.217000000000000000e+03
5.710000000000000000e+03
8.278000000000000000e+03
7.387000000000000000e+03
2.012000000000000000e+03
7.367000000000000000e+03
2.656000000000000000e+03
6.143000000000000000e+03
9.497000000000000000e+03
1.386000000000000000e+03
4.620000000000000000e+02
4.332000000000000000e+03
3.449000000000000000e+03
9.741000000000000000e+03
2.531000000000000000e+03
1.790000000000000000e+02
6.965000000000000000e+03
6.756000000000000000e+03
1.423000000000000000e+03
5.377000000000000000e+03
5.177000000000000000e+03
6.753000000000000000e+03
3.042000000000000000e+03
5.378000000000000000e+03
6.623000000000000000e+03
7.045000000000000000e+03
9.537000000000000000e+03
5.460000000000000000e+02
9.470000000000000000e+03
1.406000000000000000e+03
3.183000000000000000e+03
5.174000000000000000e+03
2.674000000000000000e+03
3.520000000000000000e+03
3.773000000000000000e+03
1.908000000000000000e+03
9.363000000000000000e+03
4.851000000000000000e+03
6.790000000000000000e+03
3.239000000000000000e+03
2.731000000000000000e+03
6.227000000000000000e+03
1.877000000000000000e+03
8.224000000000000000e+03
1.504000000000000000e+03
4.308000000000000000e+03
8.938000000000000000e+03
7.586000000000000000e+03
7.457000000000000000e+03
2.256000000000000000e+03
9.509000000000000000e+03
4.594000000000000000e+03
4.411000000000000000e+03
4.033000000000000000e+03
8.053000000000000000e+03
6.806000000000000000e+03
3.397000000000000000e+03
3.728000000000000000e+03
5.854000000000000000e+03
1.274000000000000000e+03
2.281000000000000000e+03
3.145000000000000000e+03
5.849000000000000000e+03
2.732000000000000000e+03
6.800000000000000000e+03
6.681000000000000000e+03
8.168000000000000000e+03
4.250000000000000000e+02
6.796000000000000000e+03
6.066000000000000000e+03
9.053000000000000000e+03
9.041000000000000000e+03
4.396000000000000000e+03
1.142000000000000000e+03
4.017000000000000000e+03
4.409000000000000000e+03
7.150000000000000000e+02
6.164000000000000000e+03
8.072000000000000000e+03
6.297000000000000000e+03
2.047000000000000000e+03
2.056000000000000000e+03
4.008000000000000000e+03
6.782000000000000000e+03
5.828000000000000000e+03
9.037000000000000000e+03
6.946000000000000000e+03
7.854000000000000000e+03
5.820000000000000000e+03
6.230000000000000000e+03
8.850000000000000000e+03
3.132000000000000000e+03
6.776000000000000000e+03
9.979000000000000000e+03
6.570000000000000000e+03
8.472000000000000000e+03
2.595000000000000000e+03
8.974000000000000000e+03
4.049000000000000000e+03
2.448000000000000000e+03
3.310000000000000000e+03
8.425000000000000000e+03
3.893000000000000000e+03
1.056000000000000000e+03
6.520000000000000000e+02
5.870000000000000000e+03
7.900000000000000000e+03
4.263000000000000000e+03
4.715000000000000000e+03
9.881000000000000000e+03
6.226000000000000000e+03
3.065000000000000000e+03
8.997000000000000000e+03
6.524000000000000000e+03
6.124000000000000000e+03
7.418000000000000000e+03
5.614000000000000000e+03
4.368000000000000000e+03
7.103000000000000000e+03
4.374000000000000000e+03
8.908000000000000000e+03
7.547000000000000000e+03
7.120000000000000000e+02
2.911000000000000000e+03
4.134000000000000000e+03
2.136000000000000000e+03
5.939000000000000000e+03
8.231000000000000000e+03
6.004000000000000000e+03
9.742000000000000000e+03
9.800000000000000000e+03
1.682000000000000000e+03
5.194000000000000000e+03
1.168000000000000000e+03
2.430000000000000000e+03
5.796000000000000000e+03
8.467000000000000000e+03
9.685000000000000000e+03
1.625000000000000000e+03
6.317000000000000000e+03
7.636000000000000000e+03
7.038000000000000000e+03
1.240000000000000000e+02
6.083000000000000000e+03
7.080000000000000000e+03
4.488000000000000000e+03
3.431000000000000000e+03
8.000000000000000000e+01
2.590000000000000000e+03
1.255000000000000000e+03
5.319000000000000000e+03
1.407000000000000000e+03
2.623000000000000000e+03
7.648000000000000000e+03
3.585000000000000000e+03
2.548000000000000000e+03
6.330000000000000000e+03
7.809000000000000000e+03
3.546000000000000000e+03
1.254000000000000000e+03
2.850000000000000000e+02
7.667000000000000000e+03
6.001000000000000000e+03
6.987000000000000000e+03
1.400000000000000000e+02
9.735000000000000000e+03
6.582000000000000000e+03
9.830000000000000000e+03
7.982000000000000000e+03
7.522000000000000000e+03
3.054000000000000000e+03
2.251000000000000000e+03
3.205000000000000000e+03
7.396000000000000000e+03
3.258000000000000000e+03
9.567000000000000000e+03
8.419000000000000000e+03
5.917000000000000000e+03
6.130000000000000000e+02
8.392000000000000000e+03
6.544000000000000000e+03
9.410000000000000000e+03
7.311000000000000000e+03
9.866000000000000000e+03
7.340000000000000000e+03
2.071000000000000000e+03
9.963000000000000000e+03
3.924000000000000000e+03
2.660000000000000000e+02
5.770000000000000000e+03
2.992000000000000000e+03
4.000000000000000000e+03
7.194000000000000000e+03
3.184000000000000000e+03
2.192000000000000000e+03
8.460000000000000000e+03
2.245000000000000000e+03
2.375000000000000000e+03
5.747000000000000000e+03
2.374000000000000000e+03
9.271000000000000000e+03
2.918000000000000000e+03
5.821000000000000000e+03
2.973000000000000000e+03
3.887000000000000000e+03
8.317000000000000000e+03
6.119000000000000000e+03
3.164000000000000000e+03
2.750000000000000000e+02
4.808000000000000000e+03
6.514000000000000000e+03
3.043000000000000000e+03
2.469000000000000000e+03
9.540000000000000000e+03
7.541000000000000000e+03
5.046000000000000000e+03
9.360000000000000000e+02
3.757000000000000000e+03
5.599000000000000000e+03
4.868000000000000000e+03
8.808000000000000000e+03
5.800000000000000000e+01
7.262000000000000000e+03
1.684000000000000000e+03
9.376000000000000000e+03
5.549000000000000000e+03
9.123000000000000000e+03
1.033000000000000000e+03
1.120000000000000000e+03
7.074000000000000000e+03
2.930000000000000000e+02
1.995000000000000000e+03
2.549000000000000000e+03
5.433000000000000000e+03
1.998000000000000000e+03
9.928000000000000000e+03
3.900000000000000000e+01
7.834000000000000000e+03
4.400000000000000000e+03
6.134000000000000000e+03
4.310000000000000000e+02
4.321000000000000000e+03
2.989000000000000000e+03
1.381000000000000000e+03
8.451000000000000000e+03
6.246000000000000000e+03
2.925000000000000000e+03
7.286000000000000000e+03
5.636000000000000000e+03
7.370000000000000000e+03
5.750000000000000000e+03
2.941000000000000000e+03
5.880000000000000000e+02
1.118000000000000000e+03
4.076000000000000000e+03
4.026000000000000000e+03
5.646000000000000000e+03
8.968000000000000000e+03
8.654000000000000000e+03
9.245000000000000000e+03
1.000000000000000000e+02
7.175000000000000000e+03
1.545000000000000000e+03
9.578000000000000000e+03
2.334000000000000000e+03
5.136000000000000000e+03
8.519000000000000000e+03
5.933000000000000000e+03
4.131000000000000000e+03
4.830000000000000000e+02
4.722000000000000000e+03
2.560000000000000000e+02
4.437000000000000000e+03
2.115000000000000000e+03
7.051000000000000000e+03
6.389000000000000000e+03
6.199000000000000000e+03
8.620000000000000000e+03
5.322000000000000000e+03
6.608000000000000000e+03
6.875000000000000000e+03
3.539000000000000000e+03
7.745000000000000000e+03
5.266000000000000000e+03
1.784000000000000000e+03
5.101000000000000000e+03
3.885000000000000000e+03
1.072000000000000000e+03
5.140000000000000000e+02
8.620000000000000000e+02
7.528000000000000000e+03
1.060000000000000000e+02
9.104000000000000000e+03
4.250000000000000000e+03
6.027000000000000000e+03
3.289000000000000000e+03
9.284000000000000000e+03
7.710000000000000000e+03
8.099000000000000000e+03
6.270000000000000000e+03
4.526000000000000000e+03
7.374000000000000000e+03
3.012000000000000000e+03
7.334000000000000000e+03
3.583000000000000000e+03
5.629000000000000000e+03
6.683000000000000000e+03
5.426000000000000000e+03
7.602000000000000000e+03
8.335000000000000000e+03
8.325000000000000000e+03
4.784000000000000000e+03
5.249000000000000000e+03
1.893000000000000000e+03
3.519000000000000000e+03
5.071000000000000000e+03
9.016000000000000000e+03
3.155000000000000000e+03
3.020000000000000000e+02
1.421000000000000000e+03
3.788000000000000000e+03
3.785000000000000000e+03
8.111000000000000000e+03
2.547000000000000000e+03
6.280000000000000000e+02
1.649000000000000000e+03
4.965000000000000000e+03
5.686000000000000000e+03
8.846000000000000000e+03
3.250000000000000000e+02
9.731000000000000000e+03
5.000000000000000000e+02
2.101000000000000000e+03
3.116000000000000000e+03
4.465000000000000000e+03
3.118000000000000000e+03
5.049000000000000000e+03
3.495000000000000000e+03
7.318000000000000000e+03
5.664000000000000000e+03
7.006000000000000000e+03
8.190000000000000000e+03
5.024000000000000000e+03
5.738000000000000000e+03
6.678000000000000000e+03
7.355000000000000000e+03
3.056000000000000000e+03
7.801000000000000000e+03
3.526000000000000000e+03
3.920000000000000000e+03
9.502000000000000000e+03
2.149000000000000000e+03
5.001000000000000000e+03
2.561000000000000000e+03
3.826000000000000000e+03
5.705000000000000000e+03
6.723000000000000000e+03
3.523000000000000000e+03
3.889000000000000000e+03
5.350000000000000000e+02
2.639000000000000000e+03
6.721000000000000000e+03
5.706000000000000000e+03
9.629000000000000000e+03
8.910000000000000000e+02
5.471000000000000000e+03
9.020000000000000000e+02
8.710000000000000000e+03
3.725000000000000000e+03
7.125000000000000000e+03
5.300000000000000000e+01
7.469000000000000000e+03
1.537000000000000000e+03
7.561000000000000000e+03
8.403000000000000000e+03
7.400000000000000000e+02
4.592000000000000000e+03
4.116000000000000000e+03
7.856000000000000000e+03
7.921000000000000000e+03
7.083000000000000000e+03
6.451000000000000000e+03
9.186000000000000000e+03
6.505000000000000000e+03
5.895000000000000000e+03
1.380000000000000000e+02
5.419000000000000000e+03
9.106000000000000000e+03
5.913000000000000000e+03
8.487000000000000000e+03
8.560000000000000000e+02
8.870000000000000000e+02
2.867000000000000000e+03
6.495000000000000000e+03
1.781000000000000000e+03
1.066000000000000000e+03
9.241000000000000000e+03
5.292000000000000000e+03
9.090000000000000000e+03
5.430000000000000000e+03
4.648000000000000000e+03
2.445000000000000000e+03
7.140000000000000000e+02
9.783000000000000000e+03
4.325000000000000000e+03
2.250000000000000000e+02
5.786000000000000000e+03
2.226000000000000000e+03
9.034000000000000000e+03
5.267000000000000000e+03
1.443000000000000000e+03
5.800000000000000000e+03
6.957000000000000000e+03
5.996000000000000000e+03
5.520000000000000000e+03
6.288000000000000000e+03
6.401000000000000000e+03
1.449000000000000000e+03
7.069000000000000000e+03
4.541000000000000000e+03
8.321000000000000000e+03
7.413000000000000000e+03
5.817000000000000000e+03
3.997000000000000000e+03
9.025000000000000000e+03
4.547000000000000000e+03
7.691000000000000000e+03
1.972000000000000000e+03
6.590000000000000000e+03
3.254000000000000000e+03
6.126000000000000000e+03
3.131000000000000000e+03
8.470000000000000000e+03
4.379000000000000000e+03
9.026000000000000000e+03
7.310000000000000000e+03
5.060000000000000000e+02
5.980000000000000000e+03
1.310000000000000000e+02
3.800000000000000000e+03
4.863000000000000000e+03
2.607000000000000000e+03
6.307000000000000000e+03
1.139000000000000000e+03
9.706000000000000000e+03
2.396000000000000000e+03
8.244000000000000000e+03
5.885000000000000000e+03
6.431000000000000000e+03
1.317000000000000000e+03
8.356000000000000000e+03
9.247000000000000000e+03
2.633000000000000000e+03
1.925000000000000000e+03
4.800000000000000000e+03
1.469000000000000000e+03
4.023000000000000000e+03
6.430000000000000000e+02
2.480000000000000000e+02
1.057000000000000000e+03
6.031000000000000000e+03
1.244000000000000000e+03
3.952000000000000000e+03
3.966000000000000000e+03
3.790000000000000000e+03
7.245000000000000000e+03
2.303000000000000000e+03
5.443000000000000000e+03
5.244000000000000000e+03
1.367000000000000000e+03
4.987000000000000000e+03
1.510000000000000000e+02
9.510000000000000000e+03
6.485000000000000000e+03
1.782000000000000000e+03
8.136000000000000000e+03
8.238000000000000000e+03
5.301000000000000000e+03
2.610000000000000000e+02
3.657000000000000000e+03
5.554000000000000000e+03
8.624000000000000000e+03
1.696000000000000000e+03
1.460000000000000000e+03
6.557000000000000000e+03
7.012000000000000000e+03
5.149000000000000000e+03
8.967000000000000000e+03
7.314000000000000000e+03
3.216000000000000000e+03
4.280000000000000000e+02
3.005000000000000000e+03
5.896000000000000000e+03
3.840000000000000000e+02
8.190000000000000000e+02
5.988000000000000000e+03
4.684000000000000000e+03
7.442000000000000000e+03
9.651000000000000000e+03
1.246000000000000000e+03
4.339000000000000000e+03
9.773000000000000000e+03
3.176000000000000000e+03
2.557000000000000000e+03
7.350000000000000000e+03
5.123000000000000000e+03
4.190000000000000000e+02
5.668000000000000000e+03
5.445000000000000000e+03
7.609000000000000000e+03
5.090000000000000000e+02
1.950000000000000000e+02
1.727000000000000000e+03
7.308000000000000000e+03
6.148000000000000000e+03
1.431000000000000000e+03
4.974000000000000000e+03
2.671000000000000000e+03
4.159000000000000000e+03
4.158000000000000000e+03
8.180000000000000000e+02
2.858000000000000000e+03
3.095000000000000000e+03
2.066000000000000000e+03
9.964000000000000000e+03
5.942000000000000000e+03
3.616000000000000000e+03
8.209000000000000000e+03
5.345000000000000000e+03
8.889000000000000000e+03
6.894000000000000000e+03
5.538000000000000000e+03
2.763000000000000000e+03
8.622000000000000000e+03
1.083000000000000000e+03
1.624000000000000000e+03
3.484000000000000000e+03
2.800000000000000000e+03
9.851000000000000000e+03
6.622000000000000000e+03
7.550000000000000000e+03
5.187000000000000000e+03
4.310000000000000000e+03
3.136000000000000000e+03
5.602000000000000000e+03
5.510000000000000000e+03
9.436000000000000000e+03
5.026000000000000000e+03
2.880000000000000000e+03
9.748000000000000000e+03
3.745000000000000000e+03
9.073000000000000000e+03
5.201000000000000000e+03
5.233000000000000000e+03
1.525000000000000000e+03
7.926000000000000000e+03
2.829000000000000000e+03
7.207000000000000000e+03
7.219000000000000000e+03
4.155000000000000000e+03
1.870000000000000000e+02
4.966000000000000000e+03
8.220000000000000000e+03
8.167000000000000000e+03
5.180000000000000000e+02
8.126000000000000000e+03
7.446000000000000000e+03
9.555000000000000000e+03
2.872000000000000000e+03
4.856000000000000000e+03
1.815000000000000000e+03
4.436000000000000000e+03
8.585000000000000000e+03
6.176000000000000000e+03
5.742000000000000000e+03
8.610000000000000000e+03
8.085000000000000000e+03
8.489000000000000000e+03
1.826000000000000000e+03
1.589000000000000000e+03
4.360000000000000000e+02
1.572000000000000000e+03
5.062000000000000000e+03
8.534000000000000000e+03
7.753000000000000000e+03
4.110000000000000000e+03
9.140000000000000000e+03
8.900000000000000000e+03
9.047000000000000000e+03
4.544000000000000000e+03
1.849000000000000000e+03
4.660000000000000000e+03
3.448000000000000000e+03
1.484000000000000000e+03
3.919000000000000000e+03
7.061000000000000000e+03
1.779000000000000000e+03
6.293000000000000000e+03
1.884000000000000000e+03
8.135000000000000000e+03
6.310000000000000000e+02
9.621000000000000000e+03
3.010000000000000000e+02
7.940000000000000000e+02
5.368000000000000000e+03
7.895000000000000000e+03
2.780000000000000000e+02
6.671000000000000000e+03
8.252000000000000000e+03
1.201000000000000000e+03
3.070000000000000000e+02
1.764000000000000000e+03
2.408000000000000000e+03
6.603000000000000000e+03
1.420000000000000000e+03
1.426000000000000000e+03
7.206000000000000000e+03
6.780000000000000000e+03
3.181000000000000000e+03
6.324000000000000000e+03
4.664000000000000000e+03
9.329000000000000000e+03
9.720000000000000000e+02
2.700000000000000000e+01
8.705000000000000000e+03
2.328000000000000000e+03
2.576000000000000000e+03
5.568000000000000000e+03
1.330000000000000000e+03
9.322000000000000000e+03
1.476000000000000000e+03
6.977000000000000000e+03
7.558000000000000000e+03
9.521000000000000000e+03
2.410000000000000000e+02
4.792000000000000000e+03
6.901000000000000000e+03
3.364000000000000000e+03
9.750000000000000000e+03
8.296000000000000000e+03
4.910000000000000000e+02
4.217000000000000000e+03
6.919000000000000000e+03
6.855000000000000000e+03
1.818000000000000000e+03
5.564000000000000000e+03
1.647000000000000000e+03
9.610000000000000000e+02
4.363000000000000000e+03
7.027000000000000000e+03
4.975000000000000000e+03
5.417000000000000000e+03
3.160000000000000000e+02
7.200000000000000000e+03
1.794000000000000000e+03
1.286000000000000000e+03
8.180000000000000000e+03
9.952000000000000000e+03
5.288000000000000000e+03
7.721000000000000000e+03
3.244000000000000000e+03
9.810000000000000000e+02
7.750000000000000000e+03
7.777000000000000000e+03
4.777000000000000000e+03
4.053000000000000000e+03
7.319000000000000000e+03
3.581000000000000000e+03
8.978000000000000000e+03
5.739000000000000000e+03
6.979000000000000000e+03
