5.789000000000000000e+03
8.478000000000000000e+03
8.741000000000000000e+03
1.538000000000000000e+03
8.254000000000000000e+03
9.237000000000000000e+03
9.834000000000000000e+03
8.169000000000000000e+03
3.458000000000000000e+03
7.984000000000000000e+03
6.073000000000000000e+03
7.739000000000000000e+03
5.061000000000000000e+03
6.847000000000000000e+03
8.587000000000000000e+03
9.260000000000000000e+02
3.942000000000000000e+03
9.687000000000000000e+03
5.150000000000000000e+02
8.945000000000000000e+03
6.550000000000000000e+03
1.872000000000000000e+03
6.787000000000000000e+03
6.259000000000000000e+03
6.356000000000000000e+03
9.059000000000000000e+03
1.584000000000000000e+03
1.404000000000000000e+03
7.286000000000000000e+03
6.541000000000000000e+03
3.485000000000000000e+03
7.483000000000000000e+03
8.569000000000000000e+03
9.700000000000000000e+02
7.166000000000000000e+03
4.532000000000000000e+03
3.554000000000000000e+03
8.744000000000000000e+03
4.278000000000000000e+03
3.805000000000000000e+03
5.226000000000000000e+03
6.210000000000000000e+02
5.864000000000000000e+03
9.778000000000000000e+03
2.774000000000000000e+03
9.166000000000000000e+03
7.540000000000000000e+02
2.448000000000000000e+03
1.968000000000000000e+03
1.509000000000000000e+03
3.453000000000000000e+03
2.988000000000000000e+03
1.806000000000000000e+03
9.881000000000000000e+03
3.096000000000000000e+03
8.657000000000000000e+03
1.439000000000000000e+03
3.482000000000000000e+03
7.871000000000000000e+03
2.059000000000000000e+03
3.121000000000000000e+03
9.876000000000000000e+03
8.005000000000000000e+03
9.819000000000000000e+03
1.412000000000000000e+03
9.225000000000000000e+03
3.867000000000000000e+03
2.544000000000000000e+03
7.203000000000000000e+03
9.941000000000000000e+03
1.784000000000000000e+03
9.487000000000000000e+03
4.304000000000000000e+03
4.400000000000000000e+02
7.394000000000000000e+03
9.312000000000000000e+03
1.769000000000000000e+03
3.268000000000000000e+03
4.855000000000000000e+03
7.931000000000000000e+03
4.863000000000000000e+03
5.820000000000000000e+02
7.908000000000000000e+03
6.613000000000000000e+03
0.000000000000000000e+00
4.162000000000000000e+03
1.775000000000000000e+03
1.631000000000000000e+03
8.848000000000000000e+03
1.463000000000000000e+03
9.857000000000000000e+03
1.480000000000000000e+03
4.421000000000000000e+03
3.688000000000000000e+03
6.341000000000000000e+03
8.266000000000000000e+03
9.269000000000000000e+03
5.881000000000000000e+03
5.879000000000000000e+03
6.562000000000000000e+03
5.239000000000000000e+03
2.451000000000000000e+03
8.964000000000000000e+03
7.890000000000000000e+02
1.103000000000000000e+03
6.747000000000000000e+03
6.150000000000000000e+02
2.057000000000000000e+03
8.053000000000000000e+03
1.517000000000000000e+03
9.440000000000000000e+03
3.743000000000000000e+03
9.390000000000000000e+02
7.316000000000000000e+03
2.010000000000000000e+03
1.671000000000000000e+03
5.840000000000000000e+02
5.376000000000000000e+03
5.503000000000000000e+03
2.522000000000000000e+03
5.995000000000000000e+03
8.230000000000000000e+02
5.993000000000000000e+03
1.742000000000000000e+03
7.060000000000000000e+03
2.773000000000000000e+03
3.683000000000000000e+03
1.363000000000000000e+03
2.860000000000000000e+02
8.154000000000000000e+03
7.182000000000000000e+03
3.803000000000000000e+03
4.460000000000000000e+03
8.854000000000000000e+03
2.624000000000000000e+03
3.641000000000000000e+03
7.250000000000000000e+02
2.401000000000000000e+03
8.870000000000000000e+03
9.602000000000000000e+03
7.737000000000000000e+03
7.126000000000000000e+03
9.769000000000000000e+03
2.040000000000000000e+03
8.118000000000000000e+03
2.139000000000000000e+03
7.106000000000000000e+03
9.763000000000000000e+03
1.213000000000000000e+03
4.670000000000000000e+03
2.162000000000000000e+03
8.975000000000000000e+03
9.843000000000000000e+03
9.532000000000000000e+03
3.981000000000000000e+03
1.141000000000000000e+03
3.138000000000000000e+03
1.049000000000000000e+03
2.915000000000000000e+03
2.005000000000000000e+03
5.439000000000000000e+03
7.549000000000000000e+03
5.733000000000000000e+03
3.510000000000000000e+02
5.925000000000000000e+03
5.692000000000000000e+03
3.031000000000000000e+03
8.183000000000000000e+03
5.312000000000000000e+03
5.617000000000000000e+03
2.541000000000000000e+03
2.444000000000000000e+03
4.077000000000000000e+03
5.553000000000000000e+03
1.916000000000000000e+03
2.537000000000000000e+03
9.714000000000000000e+03
2.924000000000000000e+03
3.165000000000000000e+03
1.861000000000000000e+03
8.028000000000000000e+03
6.581000000000000000e+03
9.689000000000000000e+03
1.692000000000000000e+03
5.469000000000000000e+03
7.415000000000000000e+03
9.146000000000000000e+03
8.763000000000000000e+03
2.264000000000000000e+03
9.041000000000000000e+03
9.455000000000000000e+03
1.996000000000000000e+03
8.697000000000000000e+03
9.730000000000000000e+02
1.430000000000000000e+02
1.016000000000000000e+03
4.830000000000000000e+03
3.514000000000000000e+03
2.046000000000000000e+03
1.131000000000000000e+03
4.737000000000000000e+03
7.170000000000000000e+03
3.518000000000000000e+03
1.438000000000000000e+03
7.244000000000000000e+03
3.594000000000000000e+03
7.118000000000000000e+03
4.452000000000000000e+03
2.106000000000000000e+03
1.133000000000000000e+03
1.580000000000000000e+02
1.395000000000000000e+03
4.506000000000000000e+03
6.310000000000000000e+03
3.325000000000000000e+03
5.117000000000000000e+03
1.970000000000000000e+03
3.312000000000000000e+03
5.179000000000000000e+03
8.100000000000000000e+01
1.948000000000000000e+03
5.206000000000000000e+03
3.263000000000000000e+03
5.221000000000000000e+03
5.084000000000000000e+03
4.768000000000000000e+03
4.740000000000000000e+02
9.079000000000000000e+03
8.788000000000000000e+03
9.095000000000000000e+03
9.712000000000000000e+03
4.744000000000000000e+03
3.647000000000000000e+03
1.359000000000000000e+03
3.544000000000000000e+03
1.844000000000000000e+03
5.406000000000000000e+03
8.759000000000000000e+03
5.720000000000000000e+02
6.143000000000000000e+03
3.019000000000000000e+03
5.099000000000000000e+03
4.572000000000000000e+03
7.063000000000000000e+03
8.559000000000000000e+03
4.371000000000000000e+03
9.980000000000000000e+02
4.450000000000000000e+02
3.857000000000000000e+03
6.598000000000000000e+03
9.480000000000000000e+03
4.312000000000000000e+03
5.246000000000000000e+03
7.062000000000000000e+03
5.814000000000000000e+03
2.620000000000000000e+03
7.220000000000000000e+02
4.370000000000000000e+03
1.687000000000000000e+03
6.854000000000000000e+03
2.327000000000000000e+03
1.655000000000000000e+03
6.808000000000000000e+03
3.772000000000000000e+03
9.291000000000000000e+03
8.158000000000000000e+03
9.060000000000000000e+02
8.541000000000000000e+03
7.621000000000000000e+03
8.195000000000000000e+03
8.222000000000000000e+03
7.054000000000000000e+03
3.220000000000000000e+03
7.070000000000000000e+02
8.793000000000000000e+03
3.877000000000000000e+03
4.480000000000000000e+03
4.167000000000000000e+03
3.055000000000000000e+03
6.929000000000000000e+03
3.125000000000000000e+03
4.464000000000000000e+03
2.124000000000000000e+03
3.863000000000000000e+03
1.856000000000000000e+03
3.048000000000000000e+03
7.320000000000000000e+03
4.153000000000000000e+03
5.600000000000000000e+02
6.347000000000000000e+03
5.857000000000000000e+03
6.320000000000000000e+03
9.946000000000000000e+03
1.200000000000000000e+03
5.357000000000000000e+03
1.307000000000000000e+03
8.909000000000000000e+03
4.802000000000000000e+03
8.485000000000000000e+03
5.613000000000000000e+03
9.817000000000000000e+03
7.500000000000000000e+01
3.194000000000000000e+03
8.811000000000000000e+03
5.759000000000000000e+03
9.935000000000000000e+03
9.725000000000000000e+03
5.750000000000000000e+03
1.854000000000000000e+03
5.604000000000000000e+03
4.950000000000000000e+03
9.349000000000000000e+03
5.098000000000000000e+03
9.498000000000000000e+03
2.120000000000000000e+03
7.786000000000000000e+03
8.181000000000000000e+03
9.245000000000000000e+03
4.676000000000000000e+03
5.350000000000000000e+03
4.702000000000000000e+03
1.889000000000000000e+03
9.007000000000000000e+03
9.046000000000000000e+03
4.156000000000000000e+03
1.888000000000000000e+03
3.390000000000000000e+02
1.110000000000000000e+02
6.797000000000000000e+03
9.640000000000000000e+02
2.232000000000000000e+03
7.342000000000000000e+03
6.023000000000000000e+03
4.146000000000000000e+03
4.924000000000000000e+03
7.345000000000000000e+03
5.967000000000000000e+03
7.436000000000000000e+03
6.818000000000000000e+03
6.046000000000000000e+03
2.751000000000000000e+03
3.254000000000000000e+03
3.629000000000000000e+03
8.815000000000000000e+03
3.471000000000000000e+03
1.819000000000000000e+03
3.910000000000000000e+02
4.496000000000000000e+03
3.045000000000000000e+03
5.982000000000000000e+03
9.665000000000000000e+03
9.490000000000000000e+03
6.790000000000000000e+03
5.746000000000000000e+03
6.825000000000000000e+03
8.549000000000000000e+03
7.600000000000000000e+03
9.838000000000000000e+03
6.037000000000000000e+03
8.682000000000000000e+03
9.601000000000000000e+03
4.176000000000000000e+03
3.073000000000000000e+03
1.056000000000000000e+03
6.730000000000000000e+02
5.832000000000000000e+03
4.984000000000000000e+03
5.440000000000000000e+02
2.197000000000000000e+03
8.916000000000000000e+03
7.074000000000000000e+03
6.353000000000000000e+03
7.231000000000000000e+03
1.427000000000000000e+03
1.108000000000000000e+03
3.033000000000000000e+03
4.367000000000000000e+03
8.872000000000000000e+03
8.805000000000000000e+03
1.291000000000000000e+03
1.360000000000000000e+02
3.218000000000000000e+03
8.894000000000000000e+03
7.016000000000000000e+03
2.047000000000000000e+03
3.555000000000000000e+03
5.710000000000000000e+03
2.855000000000000000e+03
2.750000000000000000e+02
7.386000000000000000e+03
9.500000000000000000e+03
5.647000000000000000e+03
5.447000000000000000e+03
3.240000000000000000e+02
7.825000000000000000e+03
1.218000000000000000e+03
8.078000000000000000e+03
6.596000000000000000e+03
9.854000000000000000e+03
2.764000000000000000e+03
2.854000000000000000e+03
3.105000000000000000e+03
6.658000000000000000e+03
8.857000000000000000e+03
9.950000000000000000e+03
6.517000000000000000e+03
3.819000000000000000e+03
7.635000000000000000e+03
5.092000000000000000e+03
3.709000000000000000e+03
7.098000000000000000e+03
5.002000000000000000e+03
4.917000000000000000e+03
6.457000000000000000e+03
5.681000000000000000e+03
4.287000000000000000e+03
5.213000000000000000e+03
5.865000000000000000e+03
8.736000000000000000e+03
5.936000000000000000e+03
8.409000000000000000e+03
1.834000000000000000e+03
6.690000000000000000e+02
1.907000000000000000e+03
6.496000000000000000e+03
9.671000000000000000e+03
4.094000000000000000e+03
2.723000000000000000e+03
5.332000000000000000e+03
3.865000000000000000e+03
7.799000000000000000e+03
2.136000000000000000e+03
3.393000000000000000e+03
1.542000000000000000e+03
5.041000000000000000e+03
7.057000000000000000e+03
8.079000000000000000e+03
3.773000000000000000e+03
8.855000000000000000e+03
9.537000000000000000e+03
9.652000000000000000e+03
5.296000000000000000e+03
1.233000000000000000e+03
7.790000000000000000e+02
7.051000000000000000e+03
7.557000000000000000e+03
7.940000000000000000e+02
9.964000000000000000e+03
9.211000000000000000e+03
2.291000000000000000e+03
5.917000000000000000e+03
4.244000000000000000e+03
1.401000000000000000e+03
7.838000000000000000e+03
1.388000000000000000e+03
2.565000000000000000e+03
8.642000000000000000e+03
4.375000000000000000e+03
6.656000000000000000e+03
8.263000000000000000e+03
3.945000000000000000e+03
8.853000000000000000e+03
8.260000000000000000e+03
3.473000000000000000e+03
5.772000000000000000e+03
7.056000000000000000e+03
4.651000000000000000e+03
4.590000000000000000e+03
1.495000000000000000e+03
8.427000000000000000e+03
7.220000000000000000e+03
4.379000000000000000e+03
2.446000000000000000e+03
9.562000000000000000e+03
3.501000000000000000e+03
7.346000000000000000e+03
3.155000000000000000e+03
6.665000000000000000e+03
9.639000000000000000e+03
2.380000000000000000e+03
8.990000000000000000e+03
7.648000000000000000e+03
7.748000000000000000e+03
3.184000000000000000e+03
6.734000000000000000e+03
8.988000000000000000e+03
6.940000000000000000e+02
4.216000000000000000e+03
9.932000000000000000e+03
3.192000000000000000e+03
9.230000000000000000e+03
8.769000000000000000e+03
7.638000000000000000e+03
5.810000000000000000e+02
7.072000000000000000e+03
7.994000000000000000e+03
7.077000000000000000e+03
6.039000000000000000e+03
7.289000000000000000e+03
1.535000000000000000e+03
9.327000000000000000e+03
9.956000000000000000e+03
4.426000000000000000e+03
3.399000000000000000e+03
1.084000000000000000e+03
4.566000000000000000e+03
7.010000000000000000e+03
4.809000000000000000e+03
6.075000000000000000e+03
2.041000000000000000e+03
7.164000000000000000e+03
9.424000000000000000e+03
4.968000000000000000e+03
8.691000000000000000e+03
2.828000000000000000e+03
9.397000000000000000e+03
4.823000000000000000e+03
7.209000000000000000e+03
8.230000000000000000e+03
8.602000000000000000e+03
6.063000000000000000e+03
2.251000000000000000e+03
1.022000000000000000e+03
4.873000000000000000e+03
4.517000000000000000e+03
2.082000000000000000e+03
8.303000000000000000e+03
4.419000000000000000e+03
7.253000000000000000e+03
2.102000000000000000e+03
7.254000000000000000e+03
2.812000000000000000e+03
5.220000000000000000e+03
9.973000000000000000e+03
3.586000000000000000e+03
6.215000000000000000e+03
1.987000000000000000e+03
2.193000000000000000e+03
3.293000000000000000e+03
2.195000000000000000e+03
5.160000000000000000e+03
1.255000000000000000e+03
5.500000000000000000e+01
1.260000000000000000e+02
6.115000000000000000e+03
9.508000000000000000e+03
9.501000000000000000e+03
7.813000000000000000e+03
1.116000000000000000e+03
9.208000000000000000e+03
9.486000000000000000e+03
4.374000000000000000e+03
9.080000000000000000e+03
3.621000000000000000e+03
1.459000000000000000e+03
8.630000000000000000e+02
8.640000000000000000e+02
3.359000000000000000e+03
1.093000000000000000e+03
6.105000000000000000e+03
7.000000000000000000e+01
8.856000000000000000e+03
8.528000000000000000e+03
5.688000000000000000e+03
5.687000000000000000e+03
9.841000000000000000e+03
7.472000000000000000e+03
5.626000000000000000e+03
9.747000000000000000e+03
4.080000000000000000e+02
8.414000000000000000e+03
3.859000000000000000e+03
4.490000000000000000e+02
3.130000000000000000e+02
5.770000000000000000e+03
4.180000000000000000e+03
5.785000000000000000e+03
1.891000000000000000e+03
6.346000000000000000e+03
1.805000000000000000e+03
4.171000000000000000e+03
8.812000000000000000e+03
1.664000000000000000e+03
2.662000000000000000e+03
5.716000000000000000e+03
2.953000000000000000e+03
5.220000000000000000e+02
4.920000000000000000e+02
5.516000000000000000e+03
6.174000000000000000e+03
2.693000000000000000e+03
8.579000000000000000e+03
8.844000000000000000e+03
4.277000000000000000e+03
8.251000000000000000e+03
2.909000000000000000e+03
2.181000000000000000e+03
6.058000000000000000e+03
1.256000000000000000e+03
6.631000000000000000e+03
8.980000000000000000e+03
7.030000000000000000e+03
8.462000000000000000e+03
6.439000000000000000e+03
8.690000000000000000e+02
9.303000000000000000e+03
5.094000000000000000e+03
5.198000000000000000e+03
1.314000000000000000e+03
6.267000000000000000e+03
9.325000000000000000e+03
8.129000000000000000e+03
5.800000000000000000e+03
4.110000000000000000e+02
6.201000000000000000e+03
9.220000000000000000e+03
2.980000000000000000e+03
2.697000000000000000e+03
8.045000000000000000e+03
5.585000000000000000e+03
6.392000000000000000e+03
5.343000000000000000e+03
1.582000000000000000e+03
6.708000000000000000e+03
5.248000000000000000e+03
4.313000000000000000e+03
7.055000000000000000e+03
1.696000000000000000e+03
2.379000000000000000e+03
9.917000000000000000e+03
8.820000000000000000e+02
5.850000000000000000e+02
8.554000000000000000e+03
7.433000000000000000e+03
2.063000000000000000e+03
4.845000000000000000e+03
2.165000000000000000e+03
7.562000000000000000e+03
9.995000000000000000e+03
1.020000000000000000e+03
2.952000000000000000e+03
7.849000000000000000e+03
1.237000000000000000e+03
6.067000000000000000e+03
2.665000000000000000e+03
8.590000000000000000e+03
2.783000000000000000e+03
3.502000000000000000e+03
9.533000000000000000e+03
3.387000000000000000e+03
4.742000000000000000e+03
6.364000000000000000e+03
1.714000000000000000e+03
7.733000000000000000e+03
7.854000000000000000e+03
3.705000000000000000e+03
3.806000000000000000e+03
3.900000000000000000e+01
6.670000000000000000e+03
9.642000000000000000e+03
5.377000000000000000e+03
4.247000000000000000e+03
4.200000000000000000e+01
9.893000000000000000e+03
3.334000000000000000e+03
9.009000000000000000e+03
7.855000000000000000e+03
7.183000000000000000e+03
3.906000000000000000e+03
4.780000000000000000e+02
7.460000000000000000e+02
8.441000000000000000e+03
5.123000000000000000e+03
4.224000000000000000e+03
6.592000000000000000e+03
1.296000000000000000e+03
8.280000000000000000e+03
2.733000000000000000e+03
4.708000000000000000e+03
5.790000000000000000e+03
7.741000000000000000e+03
1.559000000000000000e+03
2.803000000000000000e+03
4.527000000000000000e+03
7.330000000000000000e+02
7.920000000000000000e+03
7.497000000000000000e+03
5.153000000000000000e+03
5.210000000000000000e+03
9.570000000000000000e+03
9.283000000000000000e+03
2.529000000000000000e+03
2.527000000000000000e+03
4.670000000000000000e+02
2.471000000000000000e+03
2.225000000000000000e+03
7.300000000000000000e+03
5.315000000000000000e+03
9.566000000000000000e+03
7.873000000000000000e+03
5.410000000000000000e+02
5.222000000000000000e+03
3.102000000000000000e+03
6.868000000000000000e+03
9.120000000000000000e+03
6.099000000000000000e+03
6.500000000000000000e+03
8.360000000000000000e+02
4.896000000000000000e+03
3.353000000000000000e+03
8.253000000000000000e+03
6.629000000000000000e+03
9.383000000000000000e+03
2.646000000000000000e+03
4.113000000000000000e+03
1.280000000000000000e+03
6.338000000000000000e+03
5.630000000000000000e+03
4.597000000000000000e+03
5.079000000000000000e+03
7.272000000000000000e+03
3.314000000000000000e+03
2.020000000000000000e+02
6.332000000000000000e+03
7.018000000000000000e+03
6.633000000000000000e+03
2.159000000000000000e+03
4.637000000000000000e+03
4.805000000000000000e+03
9.091000000000000000e+03
5.204000000000000000e+03
4.719000000000000000e+03
5.087000000000000000e+03
6.336000000000000000e+03
1.023000000000000000e+03
4.332000000000000000e+03
7.412000000000000000e+03
3.754000000000000000e+03
7.982000000000000000e+03
1.702000000000000000e+03
7.113000000000000000e+03
1.965000000000000000e+03
4.745000000000000000e+03
9.149000000000000000e+03
5.036000000000000000e+03
9.957000000000000000e+03
2.951000000000000000e+03
9.214000000000000000e+03
8.145000000000000000e+03
9.868000000000000000e+03
8.064000000000000000e+03
7.573000000000000000e+03
4.409000000000000000e+03
7.311000000000000000e+03
3.060000000000000000e+03
1.830000000000000000e+03
7.628000000000000000e+03
8.142000000000000000e+03
8.752000000000000000e+03
8.104000000000000000e+03
8.252000000000000000e+03
1.411000000000000000e+03
6.958000000000000000e+03
1.961000000000000000e+03
9.892000000000000000e+03
9.277000000000000000e+03
2.815000000000000000e+03
3.307000000000000000e+03
4.172000000000000000e+03
1.234000000000000000e+03
1.865000000000000000e+03
3.260000000000000000e+03
1.140000000000000000e+02
8.300000000000000000e+03
3.800000000000000000e+01
8.670000000000000000e+03
2.957000000000000000e+03
4.051000000000000000e+03
9.220000000000000000e+02
6.408000000000000000e+03
6.460000000000000000e+02
1.026000000000000000e+03
3.676000000000000000e+03
3.770000000000000000e+03
6.509000000000000000e+03
3.297000000000000000e+03
3.710000000000000000e+02
4.042000000000000000e+03
6.803000000000000000e+03
2.737000000000000000e+03
7.000000000000000000e+02
3.013000000000000000e+03
6.668000000000000000e+03
3.197000000000000000e+03
5.483000000000000000e+03
1.241000000000000000e+03
3.905000000000000000e+03
4.064000000000000000e+03
9.279000000000000000e+03
5.560000000000000000e+03
1.460000000000000000e+02
6.097000000000000000e+03
5.473000000000000000e+03
5.303000000000000000e+03
4.941000000000000000e+03
7.474000000000000000e+03
8.754000000000000000e+03
1.034000000000000000e+03
1.988000000000000000e+03
6.768000000000000000e+03
2.518000000000000000e+03
5.823000000000000000e+03
1.396000000000000000e+03
8.585000000000000000e+03
3.564000000000000000e+03
1.119000000000000000e+03
2.701000000000000000e+03
3.974000000000000000e+03
3.935000000000000000e+03
2.554000000000000000e+03
5.655000000000000000e+03
6.311000000000000000e+03
2.310000000000000000e+02
8.726000000000000000e+03
1.896000000000000000e+03
2.008000000000000000e+03
1.700000000000000000e+02
5.127000000000000000e+03
1.720000000000000000e+03
1.970000000000000000e+02
6.831000000000000000e+03
4.397000000000000000e+03
1.590000000000000000e+02
6.302000000000000000e+03
1.271000000000000000e+03
5.339000000000000000e+03
7.229000000000000000e+03
2.503000000000000000e+03
5.793000000000000000e+03
1.375000000000000000e+03
7.898000000000000000e+03
9.786000000000000000e+03
4.722000000000000000e+03
5.726000000000000000e+03
4.070000000000000000e+03
8.592000000000000000e+03
1.850000000000000000e+03
9.340000000000000000e+03
7.176000000000000000e+03
9.746000000000000000e+03
8.972000000000000000e+03
9.459000000000000000e+03
5.825000000000000000e+03
5.420000000000000000e+02
3.246000000000000000e+03
4.284000000000000000e+03
9.623000000000000000e+03
7.572000000000000000e+03
5.031000000000000000e+03
7.159000000000000000e+03
7.312000000000000000e+03
2.171000000000000000e+03
9.520000000000000000e+02
9.216000000000000000e+03
2.440000000000000000e+03
7.409000000000000000e+03
3.938000000000000000e+03
4.300000000000000000e+03
4.630000000000000000e+02
5.485000000000000000e+03
7.715000000000000000e+03
2.203000000000000000e+03
6.195000000000000000e+03
7.598000000000000000e+03
7.232000000000000000e+03
9.684000000000000000e+03
1.515000000000000000e+03
2.517000000000000000e+03
9.950000000000000000e+02
1.859000000000000000e+03
1.250000000000000000e+02
5.146000000000000000e+03
7.213000000000000000e+03
6.360000000000000000e+03
6.936000000000000000e+03
2.140000000000000000e+03
6.849000000000000000e+03
6.741000000000000000e+03
9.191000000000000000e+03
3.900000000000000000e+02
2.890000000000000000e+03
2.667000000000000000e+03
8.215000000000000000e+03
8.606000000000000000e+03
2.630000000000000000e+02
3.775000000000000000e+03
2.389000000000000000e+03
4.266000000000000000e+03
5.268000000000000000e+03
2.965000000000000000e+03
3.852000000000000000e+03
2.430000000000000000e+03
7.768000000000000000e+03
5.883000000000000000e+03
1.873000000000000000e+03
7.615000000000000000e+03
3.236000000000000000e+03
2.283000000000000000e+03
3.120000000000000000e+03
4.650000000000000000e+03
1.350000000000000000e+03
3.637000000000000000e+03
6.140000000000000000e+02
1.125000000000000000e+03
9.895000000000000000e+03
5.441000000000000000e+03
3.058000000000000000e+03
6.770000000000000000e+03
5.615000000000000000e+03
7.985000000000000000e+03
2.177000000000000000e+03
9.844000000000000000e+03
9.590000000000000000e+02
9.475000000000000000e+03
8.612000000000000000e+03
4.645000000000000000e+03
7.194000000000000000e+03
5.379000000000000000e+03
8.137000000000000000e+03
1.362000000000000000e+03
5.336000000000000000e+03
1.000000000000000000e+01
9.394000000000000000e+03
8.262000000000000000e+03
3.575000000000000000e+03
1.606000000000000000e+03
7.374000000000000000e+03
5.225000000000000000e+03
3.267000000000000000e+03
3.259000000000000000e+03
6.432000000000000000e+03
6.465000000000000000e+03
3.313000000000000000e+03
5.037000000000000000e+03
9.735000000000000000e+03
7.278000000000000000e+03
3.280000000000000000e+02
4.829000000000000000e+03
2.895000000000000000e+03
9.201000000000000000e+03
7.538000000000000000e+03
1.949000000000000000e+03
6.386000000000000000e+03
6.645000000000000000e+03
1.993000000000000000e+03
2.689000000000000000e+03
1.423000000000000000e+03
7.360000000000000000e+02
7.922000000000000000e+03
5.064000000000000000e+03
9.271000000000000000e+03
7.314000000000000000e+03
7.817000000000000000e+03
6.042000000000000000e+03
9.847000000000000000e+03
2.579000000000000000e+03
3.061000000000000000e+03
6.627000000000000000e+03
4.780000000000000000e+03
7.960000000000000000e+03
7.957000000000000000e+03
6.722000000000000000e+03
4.795000000000000000e+03
4.507000000000000000e+03
4.660000000000000000e+03
3.446000000000000000e+03
5.817000000000000000e+03
3.928000000000000000e+03
8.900000000000000000e+03
3.337000000000000000e+03
6.800000000000000000e+02
3.748000000000000000e+03
4.619000000000000000e+03
1.323000000000000000e+03
5.783000000000000000e+03
8.228000000000000000e+03
6.343000000000000000e+03
8.546000000000000000e+03
1.683000000000000000e+03
1.231000000000000000e+03
4.789000000000000000e+03
8.384000000000000000e+03
6.840000000000000000e+03
5.632000000000000000e+03
6.250000000000000000e+02
7.122000000000000000e+03
8.002000000000000000e+03
4.866000000000000000e+03
6.387000000000000000e+03
6.151000000000000000e+03
5.478000000000000000e+03
2.617000000000000000e+03
4.661000000000000000e+03
9.477000000000000000e+03
2.775000000000000000e+03
7.287000000000000000e+03
1.132000000000000000e+03
2.585000000000000000e+03
5.905000000000000000e+03
7.693000000000000000e+03
1.410000000000000000e+02
7.492000000000000000e+03
8.272000000000000000e+03
3.042000000000000000e+03
2.970000000000000000e+03
1.243000000000000000e+03
4.717000000000000000e+03
4.404000000000000000e+03
6.570000000000000000e+03
9.184000000000000000e+03
9.061000000000000000e+03
6.423000000000000000e+03
3.288000000000000000e+03
7.889000000000000000e+03
4.811000000000000000e+03
6.306000000000000000e+03
8.198000000000000000e+03
9.744000000000000000e+03
2.633000000000000000e+03
1.925000000000000000e+03
7.743000000000000000e+03
5.446000000000000000e+03
8.054000000000000000e+03
3.030000000000000000e+02
8.690000000000000000e+03
3.718000000000000000e+03
5.762000000000000000e+03
4.351000000000000000e+03
9.200000000000000000e+03
6.646000000000000000e+03
4.586000000000000000e+03
8.410000000000000000e+02
7.978000000000000000e+03
7.485000000000000000e+03
6.118000000000000000e+03
6.754000000000000000e+03
5.266000000000000000e+03
1.659000000000000000e+03
1.557000000000000000e+03
2.612000000000000000e+03
4.311000000000000000e+03
6.681000000000000000e+03
4.895000000000000000e+03
1.320000000000000000e+03
1.842000000000000000e+03
5.014000000000000000e+03
6.799000000000000000e+03
8.394000000000000000e+03
6.851000000000000000e+03
3.840000000000000000e+03
5.730000000000000000e+03
8.764000000000000000e+03
3.846000000000000000e+03
5.679000000000000000e+03
7.313000000000000000e+03
6.881000000000000000e+03
3.883000000000000000e+03
7.639000000000000000e+03
4.630000000000000000e+03
9.680000000000000000e+02
3.128000000000000000e+03
4.929000000000000000e+03
3.229000000000000000e+03
9.144000000000000000e+03
5.548000000000000000e+03
3.847000000000000000e+03
2.100000000000000000e+03
5.480000000000000000e+02
4.937000000000000000e+03
2.681000000000000000e+03
9.530000000000000000e+02
4.750000000000000000e+03
3.470000000000000000e+03
1.326000000000000000e+03
1.430000000000000000e+03
3.695000000000000000e+03
1.841000000000000000e+03
4.835000000000000000e+03
9.772000000000000000e+03
2.650000000000000000e+02
1.994000000000000000e+03
9.440000000000000000e+02
9.450000000000000000e+03
9.341000000000000000e+03
8.249000000000000000e+03
1.008000000000000000e+03
3.341000000000000000e+03
1.261000000000000000e+03
5.902000000000000000e+03
2.010000000000000000e+02
6.050000000000000000e+02
8.590000000000000000e+02
8.294000000000000000e+03
3.350000000000000000e+03
8.430000000000000000e+03
8.489000000000000000e+03
8.106000000000000000e+03
2.249000000000000000e+03
8.189000000000000000e+03
3.151000000000000000e+03
2.399000000000000000e+03
2.330000000000000000e+03
9.580000000000000000e+02
9.583000000000000000e+03
7.303000000000000000e+03
6.679000000000000000e+03
3.441000000000000000e+03
7.878000000000000000e+03
7.892000000000000000e+03
7.304000000000000000e+03
1.599000000000000000e+03
1.700000000000000000e+01
5.212000000000000000e+03
6.898000000000000000e+03
1.355000000000000000e+03
4.697000000000000000e+03
7.642000000000000000e+03
9.875000000000000000e+03
4.716000000000000000e+03
7.484000000000000000e+03
9.022000000000000000e+03
4.840000000000000000e+02
2.384000000000000000e+03
2.045000000000000000e+03
2.259000000000000000e+03
8.044000000000000000e+03
4.233000000000000000e+03
9.178000000000000000e+03
3.439000000000000000e+03
5.412000000000000000e+03
2.003000000000000000e+03
8.880000000000000000e+03
5.876000000000000000e+03
7.276000000000000000e+03
1.838000000000000000e+03
8.870000000000000000e+02
2.132000000000000000e+03
3.487000000000000000e+03
2.730000000000000000e+02
9.686000000000000000e+03
6.671000000000000000e+03
4.596000000000000000e+03
6.672000000000000000e+03
2.056000000000000000e+03
7.263000000000000000e+03
9.412000000000000000e+03
8.010000000000000000e+02
1.222000000000000000e+03
9.420000000000000000e+03
5.371000000000000000e+03
6.874000000000000000e+03
3.496000000000000000e+03
8.377000000000000000e+03
2.899000000000000000e+03
1.908000000000000000e+03
4.849000000000000000e+03
1.589000000000000000e+03
7.819000000000000000e+03
2.800000000000000000e+02
2.148000000000000000e+03
5.240000000000000000e+03
5.758000000000000000e+03
2.941000000000000000e+03
3.769000000000000000e+03
1.614000000000000000e+03
3.210000000000000000e+03
2.467000000000000000e+03
1.639000000000000000e+03
4.870000000000000000e+02
3.609000000000000000e+03
7.293000000000000000e+03
8.513000000000000000e+03
5.623000000000000000e+03
4.518000000000000000e+03
6.779000000000000000e+03
3.807000000000000000e+03
3.800000000000000000e+03
2.817000000000000000e+03
3.008000000000000000e+03
9.012000000000000000e+03
5.963000000000000000e+03
4.882000000000000000e+03
4.713000000000000000e+03
9.968000000000000000e+03
6.982000000000000000e+03
1.613000000000000000e+03
5.448000000000000000e+03
5.135000000000000000e+03
6.587000000000000000e+03
8.490000000000000000e+03
6.543000000000000000e+03
8.279000000000000000e+03
7.423000000000000000e+03
7.037000000000000000e+03
7.291000000000000000e+03
7.292000000000000000e+03
3.452000000000000000e+03
3.610000000000000000e+03
4.133000000000000000e+03
4.248000000000000000e+03
2.459000000000000000e+03
8.059000000000000000e+03
9.403000000000000000e+03
4.886000000000000000e+03
9.393000000000000000e+03
4.478000000000000000e+03
1.410000000000000000e+03
6.967000000000000000e+03
7.470000000000000000e+02
7.637000000000000000e+03
4.800000000000000000e+03
4.007000000000000000e+03
2.940000000000000000e+02
2.944000000000000000e+03
5.307000000000000000e+03
1.400000000000000000e+01
1.221000000000000000e+03
8.448000000000000000e+03
2.027000000000000000e+03
3.380000000000000000e+03
6.951000000000000000e+03
8.510000000000000000e+03
4.091000000000000000e+03
1.648000000000000000e+03
7.964000000000000000e+03
8.655000000000000000e+03
2.804000000000000000e+03
1.527000000000000000e+03
7.946000000000000000e+03
6.632000000000000000e+03
4.710000000000000000e+02
1.025000000000000000e+03
8.745000000000000000e+03
4.521000000000000000e+03
2.932000000000000000e+03
1.100000000000000000e+01
3.494000000000000000e+03
6.882000000000000000e+03
3.389000000000000000e+03
9.845000000000000000e+03
4.979000000000000000e+03
4.430000000000000000e+02
4.340000000000000000e+02
1.252000000000000000e+03
5.083000000000000000e+03
7.710000000000000000e+03
6.230000000000000000e+02
3.176000000000000000e+03
6.324000000000000000e+03
4.006000000000000000e+03
4.378000000000000000e+03
7.157000000000000000e+03
4.499000000000000000e+03
4.497000000000000000e+03
1.444000000000000000e+03
2.943000000000000000e+03
8.610000000000000000e+03
2.571000000000000000e+03
8.609000000000000000e+03
3.649000000000000000e+03
1.290000000000000000e+03
6.466000000000000000e+03
6.916000000000000000e+03
6.426000000000000000e+03
3.250000000000000000e+02
7.205000000000000000e+03
4.915000000000000000e+03
8.167000000000000000e+03
6.889000000000000000e+03
9.389000000000000000e+03
8.620000000000000000e+03
1.381000000000000000e+03
1.045000000000000000e+03
2.289000000000000000e+03
8.593000000000000000e+03
1.000000000000000000e+03
7.457000000000000000e+03
7.713000000000000000e+03
1.990000000000000000e+02
1.094000000000000000e+03
7.045000000000000000e+03
8.938000000000000000e+03
9.651000000000000000e+03
3.130000000000000000e+03
7.309000000000000000e+03
7.622000000000000000e+03
6.774000000000000000e+03
6.405000000000000000e+03
1.877000000000000000e+03
3.922000000000000000e+03
6.709000000000000000e+03
1.501000000000000000e+03
4.440000000000000000e+02
1.706000000000000000e+03
6.010000000000000000e+02
9.000000000000000000e+00
5.108000000000000000e+03
2.040000000000000000e+02
9.229000000000000000e+03
2.208000000000000000e+03
4.684000000000000000e+03
6.181000000000000000e+03
2.561000000000000000e+03
5.149000000000000000e+03
2.420000000000000000e+03
8.085000000000000000e+03
9.270000000000000000e+02
3.097000000000000000e+03
9.718000000000000000e+03
4.785000000000000000e+03
9.362000000000000000e+03
3.781000000000000000e+03
4.992000000000000000e+03
3.161000000000000000e+03
2.509000000000000000e+03
7.524000000000000000e+03
2.821000000000000000e+03
7.450000000000000000e+03
6.965000000000000000e+03
2.687000000000000000e+03
2.819000000000000000e+03
1.097000000000000000e+03
5.918000000000000000e+03
2.683000000000000000e+03
9.606000000000000000e+03
8.510000000000000000e+02
9.840000000000000000e+02
1.810000000000000000e+03
2.390000000000000000e+02
7.567000000000000000e+03
6.565000000000000000e+03
1.210000000000000000e+03
9.127000000000000000e+03
9.421000000000000000e+03
6.701000000000000000e+03
7.840000000000000000e+03
6.281000000000000000e+03
6.145000000000000000e+03
2.879000000000000000e+03
1.420000000000000000e+02
2.196000000000000000e+03
9.114000000000000000e+03
7.623000000000000000e+03
3.686000000000000000e+03
9.457000000000000000e+03
5.522000000000000000e+03
9.359000000000000000e+03
9.200000000000000000e+01
1.245000000000000000e+03
3.618000000000000000e+03
4.495000000000000000e+03
1.334000000000000000e+03
7.564000000000000000e+03
9.979000000000000000e+03
3.913000000000000000e+03
7.660000000000000000e+02
2.605000000000000000e+03
1.847000000000000000e+03
1.898000000000000000e+03
7.236000000000000000e+03
9.813000000000000000e+03
3.611000000000000000e+03
8.779000000000000000e+03
5.182000000000000000e+03
4.350000000000000000e+02
2.205000000000000000e+03
9.581000000000000000e+03
3.376000000000000000e+03
3.449000000000000000e+03
1.305000000000000000e+03
2.600000000000000000e+03
8.727000000000000000e+03
9.083000000000000000e+03
9.474000000000000000e+03
5.275000000000000000e+03
3.190000000000000000e+03
6.019000000000000000e+03
7.500000000000000000e+03
7.919000000000000000e+03
4.766000000000000000e+03
1.330000000000000000e+02
8.102000000000000000e+03
9.496000000000000000e+03
1.744000000000000000e+03
8.628000000000000000e+03
6.549000000000000000e+03
6.241000000000000000e+03
1.607000000000000000e+03
2.361000000000000000e+03
3.722000000000000000e+03
1.469000000000000000e+03
8.043000000000000000e+03
7.068000000000000000e+03
9.622000000000000000e+03
7.614000000000000000e+03
9.159000000000000000e+03
3.232000000000000000e+03
7.541000000000000000e+03
8.349000000000000000e+03
8.365000000000000000e+03
1.977000000000000000e+03
5.432000000000000000e+03
2.514000000000000000e+03
6.714000000000000000e+03
8.892000000000000000e+03
2.092000000000000000e+03
1.800000000000000000e+01
5.289000000000000000e+03
2.287000000000000000e+03
7.875000000000000000e+03
3.939000000000000000e+03
5.801000000000000000e+03
9.809000000000000000e+03
3.407000000000000000e+03
3.796000000000000000e+03
3.051000000000000000e+03
3.243000000000000000e+03
9.101000000000000000e+03
4.027000000000000000e+03
2.834000000000000000e+03
5.102000000000000000e+03
8.191000000000000000e+03
8.309000000000000000e+03
5.219000000000000000e+03
5.533000000000000000e+03
6.213000000000000000e+03
7.629000000000000000e+03
8.724000000000000000e+03
5.565000000000000000e+03
7.604000000000000000e+03
8.162000000000000000e+03
5.217000000000000000e+03
4.296000000000000000e+03
5.969000000000000000e+03
9.150000000000000000e+02
8.312000000000000000e+03
8.098000000000000000e+03
2.176000000000000000e+03
9.142000000000000000e+03
8.212000000000000000e+03
8.172000000000000000e+03
4.822000000000000000e+03
9.823000000000000000e+03
1.492000000000000000e+03
5.912000000000000000e+03
9.743000000000000000e+03
7.824000000000000000e+03
8.295000000000000000e+03
1.281000000000000000e+03
8.301000000000000000e+03
5.356000000000000000e+03
2.238000000000000000e+03
3.610000000000000000e+02
4.229000000000000000e+03
7.240000000000000000e+02
2.438000000000000000e+03
7.980000000000000000e+02
6.520000000000000000e+02
1.276000000000000000e+03
8.039000000000000000e+03
7.079000000000000000e+03
4.510000000000000000e+03
7.384000000000000000e+03
9.693000000000000000e+03
3.350000000000000000e+02
2.096000000000000000e+03
9.585000000000000000e+03
7.691000000000000000e+03
3.711000000000000000e+03
7.355000000000000000e+03
5.476000000000000000e+03
4.411000000000000000e+03
4.487000000000000000e+03
5.273000000000000000e+03
8.677000000000000000e+03
2.022000000000000000e+03
1.823000000000000000e+03
1.201000000000000000e+03
8.432000000000000000e+03
6.371000000000000000e+03
9.626000000000000000e+03
9.860000000000000000e+02
8.307000000000000000e+03
3.092000000000000000e+03
3.998000000000000000e+03
8.799000000000000000e+03
4.330000000000000000e+02
7.644000000000000000e+03
5.550000000000000000e+03
2.722000000000000000e+03
4.260000000000000000e+02
4.237000000000000000e+03
2.632000000000000000e+03
5.784000000000000000e+03
4.108000000000000000e+03
8.800000000000000000e+01
6.950000000000000000e+03
6.140000000000000000e+03
7.703000000000000000e+03
5.645000000000000000e+03
9.939000000000000000e+03
1.610000000000000000e+02
4.435000000000000000e+03
6.694000000000000000e+03
9.264000000000000000e+03
8.001000000000000000e+03
3.377000000000000000e+03
1.294000000000000000e+03
9.317000000000000000e+03
4.721000000000000000e+03
3.924000000000000000e+03
9.125000000000000000e+03
8.638000000000000000e+03
8.326000000000000000e+03
2.097000000000000000e+03
6.773000000000000000e+03
5.463000000000000000e+03
8.058000000000000000e+03
6.737000000000000000e+03
3.771000000000000000e+03
8.287000000000000000e+03
4.673000000000000000e+03
3.604000000000000000e+03
8.426000000000000000e+03
2.644000000000000000e+03
6.440000000000000000e+02
6.663000000000000000e+03
9.644000000000000000e+03
8.950000000000000000e+03
9.274000000000000000e+03
6.600000000000000000e+02
4.950000000000000000e+02
9.019000000000000000e+03
6.650000000000000000e+02
5.821000000000000000e+03
4.187000000000000000e+03
6.361000000000000000e+03
3.148000000000000000e+03
3.305000000000000000e+03
3.049000000000000000e+03
2.324000000000000000e+03
5.959000000000000000e+03
6.843000000000000000e+03
4.220000000000000000e+02
8.407000000000000000e+03
5.844000000000000000e+03
9.306000000000000000e+03
5.169000000000000000e+03
9.951000000000000000e+03
6.782000000000000000e+03
8.419000000000000000e+03
9.476000000000000000e+03
8.719000000000000000e+03
7.150000000000000000e+03
4.851000000000000000e+03
1.240000000000000000e+02
5.941000000000000000e+03
2.058000000000000000e+03
2.660000000000000000e+02
6.468000000000000000e+03
4.919000000000000000e+03
8.132000000000000000e+03
4.494000000000000000e+03
4.700000000000000000e+01
5.650000000000000000e+02
3.080000000000000000e+02
3.150000000000000000e+03
6.033000000000000000e+03
2.318000000000000000e+03
8.890000000000000000e+03
6.049000000000000000e+03
2.990000000000000000e+03
1.564000000000000000e+03
8.860000000000000000e+02
2.018000000000000000e+03
2.568000000000000000e+03
2.802000000000000000e+03
6.134000000000000000e+03
4.253000000000000000e+03
3.459000000000000000e+03
9.866000000000000000e+03
7.455000000000000000e+03
3.258000000000000000e+03
5.218000000000000000e+03
6.819000000000000000e+03
5.347000000000000000e+03
7.480000000000000000e+02
3.475000000000000000e+03
4.824000000000000000e+03
1.335000000000000000e+03
1.500000000000000000e+02
2.293000000000000000e+03
1.310000000000000000e+02
9.988000000000000000e+03
7.979000000000000000e+03
1.432000000000000000e+03
2.713000000000000000e+03
1.573000000000000000e+03
9.617000000000000000e+03
3.843000000000000000e+03
4.441000000000000000e+03
1.695000000000000000e+03
4.779000000000000000e+03
1.189000000000000000e+03
3.137000000000000000e+03
8.532000000000000000e+03
9.791000000000000000e+03
7.330000000000000000e+03
6.119000000000000000e+03
2.946000000000000000e+03
3.839000000000000000e+03
4.538000000000000000e+03
2.811000000000000000e+03
9.167000000000000000e+03
1.437000000000000000e+03
6.877000000000000000e+03
6.217000000000000000e+03
1.030000000000000000e+03
4.252000000000000000e+03
9.780000000000000000e+02
2.431000000000000000e+03
2.229000000000000000e+03
9.891000000000000000e+03
9.491000000000000000e+03
9.947000000000000000e+03
2.338000000000000000e+03
3.040000000000000000e+02
6.271000000000000000e+03
5.131000000000000000e+03
7.356000000000000000e+03
7.137000000000000000e+03
3.850000000000000000e+03
5.627000000000000000e+03
4.952000000000000000e+03
9.299000000000000000e+03
9.971000000000000000e+03
3.645000000000000000e+03
5.540000000000000000e+02
7.640000000000000000e+03
4.141000000000000000e+03
3.560000000000000000e+02
3.932000000000000000e+03
2.548000000000000000e+03
5.514000000000000000e+03
1.730000000000000000e+03
3.897000000000000000e+03
1.731000000000000000e+03
4.770000000000000000e+02
5.555000000000000000e+03
2.655000000000000000e+03
9.830000000000000000e+03
4.834000000000000000e+03
9.396000000000000000e+03
6.043000000000000000e+03
2.112000000000000000e+03
4.764000000000000000e+03
1.377000000000000000e+03
4.903000000000000000e+03
7.671000000000000000e+03
9.148000000000000000e+03
4.492000000000000000e+03
7.972000000000000000e+03
3.761000000000000000e+03
5.138000000000000000e+03
9.065000000000000000e+03
2.077000000000000000e+03
3.476000000000000000e+03
4.255000000000000000e+03
7.842000000000000000e+03
4.758000000000000000e+03
7.038000000000000000e+03
7.696000000000000000e+03
9.928000000000000000e+03
4.428000000000000000e+03
1.520000000000000000e+02
2.718000000000000000e+03
1.407000000000000000e+03
3.829000000000000000e+03
4.414000000000000000e+03
1.917000000000000000e+03
9.294000000000000000e+03
9.360000000000000000e+02
4.226000000000000000e+03
6.295000000000000000e+03
4.955000000000000000e+03
3.167000000000000000e+03
6.130000000000000000e+02
7.240000000000000000e+03
9.422000000000000000e+03
5.101000000000000000e+03
6.369000000000000000e+03
7.128000000000000000e+03
5.323000000000000000e+03
6.084000000000000000e+03
3.730000000000000000e+03
6.776000000000000000e+03
1.386000000000000000e+03
1.770000000000000000e+02
5.475000000000000000e+03
2.095000000000000000e+03
2.674000000000000000e+03
9.322000000000000000e+03
2.088000000000000000e+03
6.508000000000000000e+03
1.763000000000000000e+03
4.525000000000000000e+03
3.438000000000000000e+03
1.474000000000000000e+03
6.006000000000000000e+03
4.290000000000000000e+03
5.701000000000000000e+03
4.115000000000000000e+03
5.067000000000000000e+03
6.659000000000000000e+03
5.390000000000000000e+03
5.007000000000000000e+03
8.596000000000000000e+03
6.030000000000000000e+03
2.740000000000000000e+03
4.821000000000000000e+03
6.128000000000000000e+03
8.434000000000000000e+03
3.497000000000000000e+03
8.347000000000000000e+03
6.871000000000000000e+03
2.064000000000000000e+03
2.532000000000000000e+03
2.174000000000000000e+03
7.262000000000000000e+03
4.696000000000000000e+03
9.370000000000000000e+02
7.600000000000000000e+02
1.136000000000000000e+03
7.586000000000000000e+03
3.110000000000000000e+03
1.473000000000000000e+03
9.820000000000000000e+02
5.596000000000000000e+03
2.175000000000000000e+03
5.765000000000000000e+03
1.701000000000000000e+03
5.270000000000000000e+03
9.530000000000000000e+03
8.033000000000000000e+03
7.646000000000000000e+03
3.949000000000000000e+03
1.274000000000000000e+03
5.544000000000000000e+03
3.168000000000000000e+03
4.265000000000000000e+03
7.340000000000000000e+03
3.034000000000000000e+03
1.139000000000000000e+03
4.797000000000000000e+03
3.143000000000000000e+03
8.264000000000000000e+03
7.548000000000000000e+03
2.720000000000000000e+03
2.920000000000000000e+03
7.395000000000000000e+03
4.675000000000000000e+03
9.231000000000000000e+03
1.657000000000000000e+03
7.095000000000000000e+03
6.647000000000000000e+03
9.759000000000000000e+03
9.189000000000000000e+03
5.203000000000000000e+03
7.235000000000000000e+03
3.704000000000000000e+03
5.046000000000000000e+03
1.560000000000000000e+02
5.599000000000000000e+03
9.410000000000000000e+03
5.076000000000000000e+03
6.098000000000000000e+03
1.760000000000000000e+03
3.753000000000000000e+03
6.309000000000000000e+03
9.505000000000000000e+03
8.436000000000000000e+03
5.144000000000000000e+03
3.295000000000000000e+03
1.700000000000000000e+03
5.944000000000000000e+03
2.862000000000000000e+03
1.038000000000000000e+03
5.717000000000000000e+03
6.966000000000000000e+03
2.068000000000000000e+03
2.850000000000000000e+03
1.129000000000000000e+03
3.969000000000000000e+03
4.622000000000000000e+03
2.549000000000000000e+03
1.995000000000000000e+03
5.033000000000000000e+03
4.710000000000000000e+03
8.350000000000000000e+02
8.300000000000000000e+02
1.910000000000000000e+02
8.814000000000000000e+03
9.870000000000000000e+02
7.223000000000000000e+03
4.606000000000000000e+03
6.127000000000000000e+03
8.466000000000000000e+03
6.607000000000000000e+03
6.555000000000000000e+03
4.870000000000000000e+03
8.306000000000000000e+03
4.009000000000000000e+03
3.936000000000000000e+03
8.310000000000000000e+03
5.629000000000000000e+03
6.122000000000000000e+03
8.671000000000000000e+03
8.920000000000000000e+03
9.313000000000000000e+03
8.099000000000000000e+03
5.869000000000000000e+03
6.220000000000000000e+02
6.828000000000000000e+03
6.100000000000000000e+02
2.267000000000000000e+03
8.729000000000000000e+03
4.337000000000000000e+03
3.573000000000000000e+03
4.624000000000000000e+03
4.778000000000000000e+03
1.894000000000000000e+03
5.060000000000000000e+03
2.023000000000000000e+03
2.157000000000000000e+03
9.002000000000000000e+03
4.270000000000000000e+02
8.302000000000000000e+03
6.246000000000000000e+03
8.742000000000000000e+03
6.956000000000000000e+03
5.368000000000000000e+03
5.676000000000000000e+03
6.575000000000000000e+03
6.729000000000000000e+03
3.220000000000000000e+02
7.712000000000000000e+03
6.441000000000000000e+03
7.334000000000000000e+03
8.140000000000000000e+03
5.713000000000000000e+03
8.907000000000000000e+03
1.572000000000000000e+03
2.720000000000000000e+02
7.323000000000000000e+03
7.160000000000000000e+02
7.169000000000000000e+03
5.034000000000000000e+03
2.904000000000000000e+03
8.008000000000000000e+03
5.980000000000000000e+03
4.254000000000000000e+03
7.012000000000000000e+03
1.647000000000000000e+03
6.207000000000000000e+03
6.904000000000000000e+03
9.882000000000000000e+03
9.610000000000000000e+03
9.196000000000000000e+03
9.287000000000000000e+03
2.653000000000000000e+03
5.892000000000000000e+03
9.105000000000000000e+03
9.545000000000000000e+03
2.245000000000000000e+03
7.983000000000000000e+03
3.521000000000000000e+03
4.030000000000000000e+02
5.319000000000000000e+03
3.054000000000000000e+03
2.073000000000000000e+03
1.728000000000000000e+03
1.719000000000000000e+03
3.342000000000000000e+03
7.636000000000000000e+03
6.670000000000000000e+02
7.239000000000000000e+03
6.300000000000000000e+02
8.021000000000000000e+03
2.155000000000000000e+03
1.263000000000000000e+03
3.585000000000000000e+03
4.117000000000000000e+03
2.992000000000000000e+03
2.434000000000000000e+03
4.261000000000000000e+03
7.102000000000000000e+03
2.502000000000000000e+03
1.374000000000000000e+03
7.513000000000000000e+03
8.187000000000000000e+03
6.068000000000000000e+03
2.657000000000000000e+03
3.172000000000000000e+03
8.366000000000000000e+03
1.568000000000000000e+03
4.479000000000000000e+03
2.396000000000000000e+03
9.379000000000000000e+03
1.229000000000000000e+03
4.432000000000000000e+03
3.925000000000000000e+03
4.365000000000000000e+03
4.956000000000000000e+03
6.830000000000000000e+03
2.184000000000000000e+03
2.887000000000000000e+03
2.727000000000000000e+03
7.274000000000000000e+03
6.976000000000000000e+03
4.212000000000000000e+03
5.418000000000000000e+03
7.651000000000000000e+03
4.604000000000000000e+03
1.827000000000000000e+03
9.318000000000000000e+03
2.892000000000000000e+03
1.893000000000000000e+03
5.737000000000000000e+03
3.979000000000000000e+03
3.500000000000000000e+02
4.770000000000000000e+03
6.846000000000000000e+03
2.382000000000000000e+03
4.631000000000000000e+03
4.437000000000000000e+03
7.013000000000000000e+03
4.912000000000000000e+03
1.864000000000000000e+03
6.396000000000000000e+03
4.815000000000000000e+03
7.967000000000000000e+03
2.798000000000000000e+03
6.660000000000000000e+02
7.174000000000000000e+03
4.080000000000000000e+03
4.935000000000000000e+03
5.420000000000000000e+03
2.151000000000000000e+03
4.516000000000000000e+03
3.681000000000000000e+03
3.990000000000000000e+03
1.758000000000000000e+03
6.636000000000000000e+03
5.620000000000000000e+03
6.065000000000000000e+03
2.206000000000000000e+03
1.507000000000000000e+03
6.750000000000000000e+03
8.083000000000000000e+03
8.683000000000000000e+03
1.577000000000000000e+03
8.508000000000000000e+03
1.504000000000000000e+03
2.269000000000000000e+03
1.300000000000000000e+01
8.737000000000000000e+03
6.072000000000000000e+03
4.293000000000000000e+03
8.283000000000000000e+03
8.774000000000000000e+03
8.535000000000000000e+03
9.691000000000000000e+03
9.715000000000000000e+03
2.210000000000000000e+02
3.826000000000000000e+03
9.235000000000000000e+03
4.838000000000000000e+03
4.100000000000000000e+03
6.197000000000000000e+03
4.100000000000000000e+02
9.987000000000000000e+03
1.681000000000000000e+03
5.322000000000000000e+03
5.531000000000000000e+03
4.750000000000000000e+02
9.016000000000000000e+03
6.669000000000000000e+03
8.052000000000000000e+03
3.567000000000000000e+03
7.770000000000000000e+02
3.133000000000000000e+03
6.931000000000000000e+03
8.699000000000000000e+03
6.780000000000000000e+03
3.316000000000000000e+03
4.923000000000000000e+03
8.890000000000000000e+02
1.537000000000000000e+03
5.800000000000000000e+02
6.652000000000000000e+03
8.150000000000000000e+03
5.000000000000000000e+02
7.841000000000000000e+03
5.129000000000000000e+03
9.025000000000000000e+03
4.898000000000000000e+03
6.578000000000000000e+03
5.267000000000000000e+03
2.149000000000000000e+03
7.750000000000000000e+03
7.413000000000000000e+03
6.957000000000000000e+03
9.241000000000000000e+03
7.856000000000000000e+03
6.161000000000000000e+03
1.312000000000000000e+03
3.815000000000000000e+03
6.265000000000000000e+03
5.241000000000000000e+03
1.795000000000000000e+03
6.948000000000000000e+03
5.001000000000000000e+03
1.860000000000000000e+02
1.649000000000000000e+03
4.685000000000000000e+03
9.740000000000000000e+03
5.360000000000000000e+02
8.714000000000000000e+03
7.264000000000000000e+03
1.070000000000000000e+02
8.967000000000000000e+03
3.977000000000000000e+03
2.776000000000000000e+03
7.173000000000000000e+03
9.028000000000000000e+03
4.402000000000000000e+03
4.316000000000000000e+03
8.000000000000000000e+01
7.451000000000000000e+03
4.338000000000000000e+03
3.520000000000000000e+03
3.516000000000000000e+03
5.572000000000000000e+03
5.249000000000000000e+03
4.636000000000000000e+03
3.400000000000000000e+01
6.805000000000000000e+03
2.320000000000000000e+03
2.558000000000000000e+03
9.839000000000000000e+03
7.710000000000000000e+02
6.250000000000000000e+03
1.909000000000000000e+03
9.552000000000000000e+03
5.054000000000000000e+03
1.541000000000000000e+03
7.050000000000000000e+02
2.763000000000000000e+03
4.800000000000000000e+01
8.500000000000000000e+03
8.981000000000000000e+03
7.059000000000000000e+03
4.671000000000000000e+03
7.104000000000000000e+03
5.234000000000000000e+03
6.050000000000000000e+03
3.783000000000000000e+03
6.947000000000000000e+03
2.354000000000000000e+03
9.040000000000000000e+02
6.499000000000000000e+03
5.634000000000000000e+03
4.132000000000000000e+03
2.282000000000000000e+03
3.836000000000000000e+03
4.288000000000000000e+03
8.702000000000000000e+03
7.459000000000000000e+03
2.147000000000000000e+03
8.605000000000000000e+03
3.950000000000000000e+02
2.800000000000000000e+01
9.731000000000000000e+03
5.566000000000000000e+03
4.343000000000000000e+03
1.158000000000000000e+03
3.931000000000000000e+03
4.259000000000000000e+03
5.035000000000000000e+03
8.160000000000000000e+03
3.644000000000000000e+03
8.035000000000000000e+03
7.869000000000000000e+03
5.156000000000000000e+03
7.991000000000000000e+03
4.890000000000000000e+02
7.929000000000000000e+03
6.328000000000000000e+03
3.878000000000000000e+03
2.478000000000000000e+03
8.003000000000000000e+03
6.579000000000000000e+03
9.391000000000000000e+03
6.745000000000000000e+03
3.916000000000000000e+03
2.035000000000000000e+03
4.107000000000000000e+03
2.123000000000000000e+03
9.903000000000000000e+03
9.525000000000000000e+03
8.747000000000000000e+03
8.343000000000000000e+03
5.853000000000000000e+03
6.623000000000000000e+03
2.231000000000000000e+03
4.736000000000000000e+03
6.036000000000000000e+03
2.393000000000000000e+03
2.890000000000000000e+02
2.026000000000000000e+03
8.304000000000000000e+03
5.523000000000000000e+03
9.541000000000000000e+03
6.682000000000000000e+03
5.561000000000000000e+03
6.400000000000000000e+01
7.397000000000000000e+03
9.984000000000000000e+03
2.780000000000000000e+02
6.723000000000000000e+03
7.200000000000000000e+03
4.127000000000000000e+03
8.586000000000000000e+03
4.906000000000000000e+03
7.456000000000000000e+03
3.755000000000000000e+03
7.731000000000000000e+03
4.897000000000000000e+03
9.598000000000000000e+03
8.955000000000000000e+03
9.062000000000000000e+03
5.048000000000000000e+03
6.274000000000000000e+03
3.152000000000000000e+03
2.898000000000000000e+03
8.148000000000000000e+03
3.985000000000000000e+03
2.666000000000000000e+03
3.703000000000000000e+03
4.731000000000000000e+03
5.482000000000000000e+03
7.708000000000000000e+03
3.351000000000000000e+03
3.174000000000000000e+03
8.157000000000000000e+03
8.224000000000000000e+03
1.899000000000000000e+03
8.057000000000000000e+03
1.750000000000000000e+02
2.659000000000000000e+03
8.604000000000000000e+03
4.260000000000000000e+03
4.185000000000000000e+03
9.663000000000000000e+03
8.089000000000000000e+03
1.060000000000000000e+03
7.853000000000000000e+03
5.715000000000000000e+03
5.991000000000000000e+03
4.468000000000000000e+03
4.000000000000000000e+02
9.923000000000000000e+03
4.982000000000000000e+03
5.745000000000000000e+03
1.586000000000000000e+03
9.509000000000000000e+03
6.027000000000000000e+03
2.524000000000000000e+03
8.364000000000000000e+03
8.840000000000000000e+02
9.710000000000000000e+03
5.470000000000000000e+03
4.431000000000000000e+03
2.962000000000000000e+03
6.939000000000000000e+03
2.051000000000000000e+03
4.290000000000000000e+02
3.666000000000000000e+03
2.133000000000000000e+03
9.656000000000000000e+03
7.566000000000000000e+03
8.370000000000000000e+02
2.234000000000000000e+03
3.690000000000000000e+02
8.663000000000000000e+03
5.276000000000000000e+03
5.975000000000000000e+03
9.361000000000000000e+03
2.481000000000000000e+03
8.425000000000000000e+03
9.464000000000000000e+03
3.588000000000000000e+03
1.415000000000000000e+03
2.534000000000000000e+03
1.329000000000000000e+03
3.731000000000000000e+03
6.160000000000000000e+02
6.103000000000000000e+03
6.748000000000000000e+03
2.270000000000000000e+02
3.927000000000000000e+03
3.734000000000000000e+03
1.549000000000000000e+03
9.060000000000000000e+03
2.945000000000000000e+03
3.631000000000000000e+03
5.800000000000000000e+01
1.685000000000000000e+03
7.953000000000000000e+03
2.611000000000000000e+03
7.396000000000000000e+03
2.592000000000000000e+03
8.893000000000000000e+03
3.539000000000000000e+03
7.795000000000000000e+03
6.131000000000000000e+03
2.150000000000000000e+03
9.143000000000000000e+03
7.350000000000000000e+02
8.695000000000000000e+03
4.136000000000000000e+03
6.132000000000000000e+03
6.820000000000000000e+02
1.887000000000000000e+03
6.919000000000000000e+03
1.265000000000000000e+03
4.970000000000000000e+03
1.940000000000000000e+02
5.012000000000000000e+03
6.990000000000000000e+02
7.031000000000000000e+03
4.595000000000000000e+03
1.124000000000000000e+03
1.475000000000000000e+03
5.992000000000000000e+03
5.952000000000000000e+03
8.987000000000000000e+03
7.080000000000000000e+03
4.150000000000000000e+02
6.944000000000000000e+03
3.442000000000000000e+03
1.104000000000000000e+03
1.324000000000000000e+03
7.442000000000000000e+03
5.933000000000000000e+03
3.225000000000000000e+03
4.348000000000000000e+03
7.657000000000000000e+03
2.552000000000000000e+03
2.482000000000000000e+03
4.372000000000000000e+03
7.759000000000000000e+03
8.506000000000000000e+03
5.724000000000000000e+03
4.230000000000000000e+02
5.970000000000000000e+02
8.930000000000000000e+03
6.381000000000000000e+03
6.891000000000000000e+03
8.285000000000000000e+03
5.560000000000000000e+02
4.267000000000000000e+03
5.873000000000000000e+03
1.828000000000000000e+03
3.964000000000000000e+03
7.767000000000000000e+03
1.406000000000000000e+03
8.041000000000000000e+03
5.010000000000000000e+03
5.507000000000000000e+03
2.182000000000000000e+03
4.484000000000000000e+03
2.686000000000000000e+03
6.507000000000000000e+03
5.910000000000000000e+03
5.671000000000000000e+03
4.489000000000000000e+03
6.339000000000000000e+03
9.263000000000000000e+03
7.351000000000000000e+03
5.831000000000000000e+03
4.163000000000000000e+03
1.782000000000000000e+03
5.362000000000000000e+03
8.048000000000000000e+03
6.322000000000000000e+03
5.120000000000000000e+02
4.574000000000000000e+03
8.259000000000000000e+03
7.595000000000000000e+03
4.083000000000000000e+03
8.026000000000000000e+03
6.114000000000000000e+03
4.070000000000000000e+02
5.624000000000000000e+03
6.291000000000000000e+03
4.140000000000000000e+02
4.430000000000000000e+03
7.749000000000000000e+03
4.949000000000000000e+03
3.002000000000000000e+03
6.763000000000000000e+03
9.128000000000000000e+03
5.433000000000000000e+03
2.076000000000000000e+03
9.918000000000000000e+03
5.223000000000000000e+03
5.186000000000000000e+03
6.767000000000000000e+03
9.700000000000000000e+01
1.533000000000000000e+03
2.555000000000000000e+03
9.210000000000000000e+02
3.160000000000000000e+03
3.463000000000000000e+03
3.736000000000000000e+03
2.900000000000000000e+02
3.180000000000000000e+03
6.286000000000000000e+03
8.174000000000000000e+03
8.753000000000000000e+03
8.968000000000000000e+03
1.703000000000000000e+03
1.634000000000000000e+03
4.353000000000000000e+03
7.105000000000000000e+03
3.762000000000000000e+03
6.769000000000000000e+03
5.170000000000000000e+02
1.277000000000000000e+03
8.499000000000000000e+03
7.167000000000000000e+03
3.531000000000000000e+03
9.064000000000000000e+03
4.154000000000000000e+03
8.787000000000000000e+03
7.542000000000000000e+03
8.276000000000000000e+03
3.832000000000000000e+03
4.616000000000000000e+03
4.380000000000000000e+03
5.331000000000000000e+03
2.910000000000000000e+02
5.157000000000000000e+03
6.190000000000000000e+02
4.177000000000000000e+03
4.871000000000000000e+03
1.072000000000000000e+03
3.169000000000000000e+03
5.310000000000000000e+02
2.188000000000000000e+03
4.963000000000000000e+03
7.499000000000000000e+03
9.367000000000000000e+03
8.467000000000000000e+03
3.742000000000000000e+03
7.114000000000000000e+03
4.272000000000000000e+03
6.228000000000000000e+03
6.164000000000000000e+03
4.599000000000000000e+03
9.094000000000000000e+03
4.111000000000000000e+03
8.721000000000000000e+03
2.409000000000000000e+03
6.448000000000000000e+03
8.801000000000000000e+03
6.680000000000000000e+03
3.961000000000000000e+03
2.540000000000000000e+02
8.221000000000000000e+03
7.019000000000000000e+03
5.283000000000000000e+03
1.998000000000000000e+03
7.432000000000000000e+03
5.904000000000000000e+03
3.186000000000000000e+03
8.201000000000000000e+03
3.000000000000000000e+03
5.592000000000000000e+03
8.330000000000000000e+03
5.562000000000000000e+03
8.270000000000000000e+03
5.122000000000000000e+03
8.700000000000000000e+03
2.012000000000000000e+03
7.020000000000000000e+02
7.141000000000000000e+03
1.057000000000000000e+03
6.822000000000000000e+03
1.620000000000000000e+03
9.257000000000000000e+03
3.872000000000000000e+03
4.874000000000000000e+03
6.095000000000000000e+03
6.479000000000000000e+03
3.272000000000000000e+03
3.403000000000000000e+03
5.867000000000000000e+03
9.761000000000000000e+03
9.104000000000000000e+03
8.525000000000000000e+03
1.832000000000000000e+03
6.001000000000000000e+03
4.076000000000000000e+03
4.626000000000000000e+03
4.980000000000000000e+03
1.000000000000000000e+02
7.902000000000000000e+03
2.347000000000000000e+03
4.972000000000000000e+03
5.636000000000000000e+03
2.480000000000000000e+02
4.887000000000000000e+03
7.073000000000000000e+03
6.903000000000000000e+03
3.144000000000000000e+03
5.060000000000000000e+02
6.524000000000000000e+03
8.378000000000000000e+03
9.741000000000000000e+03
2.156000000000000000e+03
5.106000000000000000e+03
8.288000000000000000e+03
2.598000000000000000e+03
9.107000000000000000e+03
9.259000000000000000e+03
9.727000000000000000e+03
2.042000000000000000e+03
1.074000000000000000e+03
9.737000000000000000e+03
2.250000000000000000e+03
4.883000000000000000e+03
2.191000000000000000e+03
5.316000000000000000e+03
4.308000000000000000e+03
1.826000000000000000e+03
3.208000000000000000e+03
1.774000000000000000e+03
5.659000000000000000e+03
3.635000000000000000e+03
2.608000000000000000e+03
1.151000000000000000e+03
9.825000000000000000e+03
5.402000000000000000e+03
1.367000000000000000e+03
4.534000000000000000e+03
3.252000000000000000e+03
5.244000000000000000e+03
6.699000000000000000e+03
7.391000000000000000e+03
3.759000000000000000e+03
3.596000000000000000e+03
5.589000000000000000e+03
4.234000000000000000e+03
8.050000000000000000e+02
4.184000000000000000e+03
1.345000000000000000e+03
6.666000000000000000e+03
3.090000000000000000e+02
7.050000000000000000e+03
3.690000000000000000e+03
7.467000000000000000e+03
2.778000000000000000e+03
7.227000000000000000e+03
8.898000000000000000e+03
8.080000000000000000e+03
7.954000000000000000e+03
1.390000000000000000e+02
9.381000000000000000e+03
1.142000000000000000e+03
1.140000000000000000e+03
4.579000000000000000e+03
3.491000000000000000e+03
9.185000000000000000e+03
7.108000000000000000e+03
1.059000000000000000e+03
4.820000000000000000e+03
7.820000000000000000e+03
5.250000000000000000e+02
7.040000000000000000e+03
7.547000000000000000e+03
1.593000000000000000e+03
8.213000000000000000e+03
5.999000000000000000e+03
9.812000000000000000e+03
2.846000000000000000e+03
3.299000000000000000e+03
6.793000000000000000e+03
7.730000000000000000e+02
7.958000000000000000e+03
8.296000000000000000e+03
3.858000000000000000e+03
7.550000000000000000e+02
4.054000000000000000e+03
6.752000000000000000e+03
7.498000000000000000e+03
2.000000000000000000e+00
3.768000000000000000e+03
8.760000000000000000e+03
8.416000000000000000e+03
5.797000000000000000e+03
7.868000000000000000e+03
8.728000000000000000e+03
4.225000000000000000e+03
1.168000000000000000e+03
1.220000000000000000e+02
5.486000000000000000e+03
7.085000000000000000e+03
3.346000000000000000e+03
5.269000000000000000e+03
8.060000000000000000e+03
7.706000000000000000e+03
2.135000000000000000e+03
9.032000000000000000e+03
7.431000000000000000e+03
8.723000000000000000e+03
5.407000000000000000e+03
8.710000000000000000e+03
8.902000000000000000e+03
2.049000000000000000e+03
9.398000000000000000e+03
3.173000000000000000e+03
4.238000000000000000e+03
7.378000000000000000e+03
9.134000000000000000e+03
2.055000000000000000e+03
5.640000000000000000e+03
7.654000000000000000e+03
4.438000000000000000e+03
4.039000000000000000e+03
1.270000000000000000e+02
3.880000000000000000e+02
5.749000000000000000e+03
4.366000000000000000e+03
1.445000000000000000e+03
9.180000000000000000e+03
2.403000000000000000e+03
4.975000000000000000e+03
7.807000000000000000e+03
4.830000000000000000e+02
2.385000000000000000e+03
9.336000000000000000e+03
5.328000000000000000e+03
7.694000000000000000e+03
3.500000000000000000e+01
7.851000000000000000e+03
5.071000000000000000e+03
8.319000000000000000e+03
4.263000000000000000e+03
5.184000000000000000e+03
9.110000000000000000e+03
4.250000000000000000e+03
6.160000000000000000e+03
1.360000000000000000e+03
7.242000000000000000e+03
1.313000000000000000e+03
8.450000000000000000e+03
5.545000000000000000e+03
6.610000000000000000e+02
3.887000000000000000e+03
4.910000000000000000e+03
4.690000000000000000e+02
5.066000000000000000e+03
8.809000000000000000e+03
7.806000000000000000e+03
5.085000000000000000e+03
3.680000000000000000e+03
7.537000000000000000e+03
6.200000000000000000e+02
7.318000000000000000e+03
7.029000000000000000e+03
6.330000000000000000e+03
6.697000000000000000e+03
4.159000000000000000e+03
6.270000000000000000e+02
9.955000000000000000e+03
7.333000000000000000e+03
2.712000000000000000e+03
3.892000000000000000e+03
7.756000000000000000e+03
5.416000000000000000e+03
9.309000000000000000e+03
8.985000000000000000e+03
9.183000000000000000e+03
6.491000000000000000e+03
5.167000000000000000e+03
9.867000000000000000e+03
6.374000000000000000e+03
6.953000000000000000e+03
1.790000000000000000e+02
7.052000000000000000e+03
6.840000000000000000e+02
9.037000000000000000e+03
2.853000000000000000e+03
5.986000000000000000e+03
3.262000000000000000e+03
8.291000000000000000e+03
7.899000000000000000e+03
6.920000000000000000e+03
8.507000000000000000e+03
9.721000000000000000e+03
3.126000000000000000e+03
9.090000000000000000e+02
9.754000000000000000e+03
8.149000000000000000e+03
4.502000000000000000e+03
8.770000000000000000e+02
2.296000000000000000e+03
3.347000000000000000e+03
5.058000000000000000e+03
6.610000000000000000e+03
9.773000000000000000e+03
1.978000000000000000e+03
7.326000000000000000e+03
2.242000000000000000e+03
7.895000000000000000e+03
3.057000000000000000e+03
9.859000000000000000e+03
3.069000000000000000e+03
1.663000000000000000e+03
5.301000000000000000e+03
1.867000000000000000e+03
4.197000000000000000e+03
1.472000000000000000e+03
6.762000000000000000e+03
8.708000000000000000e+03
5.668000000000000000e+03
3.244000000000000000e+03
2.240000000000000000e+03
2.194000000000000000e+03
5.422000000000000000e+03
2.357000000000000000e+03
8.915000000000000000e+03
5.742000000000000000e+03
8.487000000000000000e+03
3.798000000000000000e+03
7.588000000000000000e+03
8.275000000000000000e+03
6.525000000000000000e+03
2.625000000000000000e+03
8.335000000000000000e+03
5.304000000000000000e+03
4.205000000000000000e+03
4.221000000000000000e+03
6.994000000000000000e+03
1.972000000000000000e+03
7.065000000000000000e+03
8.096000000000000000e+03
6.162000000000000000e+03
2.192000000000000000e+03
9.068000000000000000e+03
3.132000000000000000e+03
9.203000000000000000e+03
5.790000000000000000e+02
2.536000000000000000e+03
5.342000000000000000e+03
6.179000000000000000e+03
1.288000000000000000e+03
2.626000000000000000e+03
4.322000000000000000e+03
7.338000000000000000e+03
2.377000000000000000e+03
8.865000000000000000e+03
9.981000000000000000e+03
5.293000000000000000e+03
3.026000000000000000e+03
3.790000000000000000e+03
8.056000000000000000e+03
9.938000000000000000e+03
5.430000000000000000e+02
9.543000000000000000e+03
5.380000000000000000e+02
5.578000000000000000e+03
1.929000000000000000e+03
7.124000000000000000e+03
3.884000000000000000e+03
5.047000000000000000e+03
7.797000000000000000e+03
4.026000000000000000e+03
6.310000000000000000e+02
7.618000000000000000e+03
8.570000000000000000e+02
7.103000000000000000e+03
5.426000000000000000e+03
8.192000000000000000e+03
3.677000000000000000e+03
5.421000000000000000e+03
6.248000000000000000e+03
7.212000000000000000e+03
3.668000000000000000e+03
1.254000000000000000e+03
5.017000000000000000e+03
6.289000000000000000e+03
6.409000000000000000e+03
2.516000000000000000e+03
8.400000000000000000e+03
2.550000000000000000e+03
6.978000000000000000e+03
5.114000000000000000e+03
7.148000000000000000e+03
1.073000000000000000e+03
4.369000000000000000e+03
2.619000000000000000e+03
9.004000000000000000e+03
8.000000000000000000e+02
4.520000000000000000e+03
7.641000000000000000e+03
9.140000000000000000e+03
7.086000000000000000e+03
1.845000000000000000e+03
7.699000000000000000e+03
9.967000000000000000e+03
7.226000000000000000e+03
8.438000000000000000e+03
3.300000000000000000e+03
3.648000000000000000e+03
8.074000000000000000e+03
8.790000000000000000e+02
9.357000000000000000e+03
2.974000000000000000e+03
1.200000000000000000e+01
3.122000000000000000e+03
3.427000000000000000e+03
9.030000000000000000e+02
4.282000000000000000e+03
3.529000000000000000e+03
4.856000000000000000e+03
3.617000000000000000e+03
1.890000000000000000e+03
2.413000000000000000e+03
6.591000000000000000e+03
9.792000000000000000e+03
3.213000000000000000e+03
1.176000000000000000e+03
3.898000000000000000e+03
8.664000000000000000e+03
2.581000000000000000e+03
2.515000000000000000e+03
8.962000000000000000e+03
4.613000000000000000e+03
3.431000000000000000e+03
4.000000000000000000e+00
3.484000000000000000e+03
9.205000000000000000e+03
2.641000000000000000e+03
7.273000000000000000e+03
1.950000000000000000e+02
7.308000000000000000e+03
7.680000000000000000e+03
2.770000000000000000e+03
5.404000000000000000e+03
2.394000000000000000e+03
5.387000000000000000e+03
4.560000000000000000e+02
5.792000000000000000e+03
8.086000000000000000e+03
6.223000000000000000e+03
2.850000000000000000e+02
3.135000000000000000e+03
4.315000000000000000e+03
5.370000000000000000e+02
2.423000000000000000e+03
1.798000000000000000e+03
4.557000000000000000e+03
6.176000000000000000e+03
4.381000000000000000e+03
7.885000000000000000e+03
3.550000000000000000e+03
9.835000000000000000e+03
6.893000000000000000e+03
6.949000000000000000e+03
9.255000000000000000e+03
7.120000000000000000e+02
1.187000000000000000e+03
1.991000000000000000e+03
4.300000000000000000e+01
6.394000000000000000e+03
6.890000000000000000e+02
1.750000000000000000e+03
2.172000000000000000e+03
9.524000000000000000e+03
1.674000000000000000e+03
2.254000000000000000e+03
4.217000000000000000e+03
7.850000000000000000e+03
2.407000000000000000e+03
7.216000000000000000e+03
4.927000000000000000e+03
1.824000000000000000e+03
6.484000000000000000e+03
9.765000000000000000e+03
1.644000000000000000e+03
4.588000000000000000e+03
4.169000000000000000e+03
6.186000000000000000e+03
7.707000000000000000e+03
7.429000000000000000e+03
7.064000000000000000e+03
9.130000000000000000e+03
4.326000000000000000e+03
3.390000000000000000e+03
9.879000000000000000e+03
8.750000000000000000e+03
9.674000000000000000e+03
1.786000000000000000e+03
7.087000000000000000e+03
3.479000000000000000e+03
8.236000000000000000e+03
4.964000000000000000e+03
2.137000000000000000e+03
2.591000000000000000e+03
6.071000000000000000e+03
5.874000000000000000e+03
5.590000000000000000e+03
5.118000000000000000e+03
6.932000000000000000e+03
7.144000000000000000e+03
3.238000000000000000e+03
8.190000000000000000e+02
6.718000000000000000e+03
1.247000000000000000e+03
2.860000000000000000e+03
7.695000000000000000e+03
6.987000000000000000e+03
9.670000000000000000e+02
1.144000000000000000e+03
9.030000000000000000e+03
2.309000000000000000e+03
9.734000000000000000e+03
2.627000000000000000e+03
6.534000000000000000e+03
9.560000000000000000e+03
4.023000000000000000e+03
1.698000000000000000e+03
3.320000000000000000e+02
9.047000000000000000e+03
9.571000000000000000e+03
1.720000000000000000e+02
5.359000000000000000e+03
7.624000000000000000e+03
1.009000000000000000e+03
4.751000000000000000e+03
5.375000000000000000e+03
8.030000000000000000e+02
7.912000000000000000e+03
1.273000000000000000e+03
6.783000000000000000e+03
8.808000000000000000e+03
7.123000000000000000e+03
1.751000000000000000e+03
9.247000000000000000e+03
4.526000000000000000e+03
2.997000000000000000e+03
4.514000000000000000e+03
5.808000000000000000e+03
1.457000000000000000e+03
7.043000000000000000e+03
7.734000000000000000e+03
7.150000000000000000e+02
1.976000000000000000e+03
4.061000000000000000e+03
5.849000000000000000e+03
3.540000000000000000e+03
4.542000000000000000e+03
8.900000000000000000e+01
7.592000000000000000e+03
9.001000000000000000e+03
8.381000000000000000e+03
6.400000000000000000e+02
4.987000000000000000e+03
2.557000000000000000e+03
4.456000000000000000e+03
7.200000000000000000e+02
8.830000000000000000e+03
8.196000000000000000e+03
4.540000000000000000e+03
6.700000000000000000e+02
4.325000000000000000e+03
5.150000000000000000e+03
7.992000000000000000e+03
8.128000000000000000e+03
9.799000000000000000e+03
5.088000000000000000e+03
7.375000000000000000e+03
2.328000000000000000e+03
1.514000000000000000e+03
4.151000000000000000e+03
9.659000000000000000e+03
8.405000000000000000e+03
4.331000000000000000e+03
3.640000000000000000e+03
1.286000000000000000e+03
5.089000000000000000e+03
4.066000000000000000e+03
6.312000000000000000e+03
5.878000000000000000e+03
9.779000000000000000e+03
6.584000000000000000e+03
2.465000000000000000e+03
4.610000000000000000e+02
8.868000000000000000e+03
6.013000000000000000e+03
3.667000000000000000e+03
9.726000000000000000e+03
6.896000000000000000e+03
3.959000000000000000e+03
3.975000000000000000e+03
3.397000000000000000e+03
9.593000000000000000e+03
1.922000000000000000e+03
5.436000000000000000e+03
2.725000000000000000e+03
8.518000000000000000e+03
3.231000000000000000e+03
6.319000000000000000e+03
3.364000000000000000e+03
4.625000000000000000e+03
3.081000000000000000e+03
2.255000000000000000e+03
3.788000000000000000e+03
4.998000000000000000e+03
6.169000000000000000e+03
6.614000000000000000e+03
2.762000000000000000e+03
9.342000000000000000e+03
3.163000000000000000e+03
7.066000000000000000e+03
2.540000000000000000e+03
7.211000000000000000e+03
9.878000000000000000e+03
9.300000000000000000e+03
9.783000000000000000e+03
5.686000000000000000e+03
9.339000000000000000e+03
9.207000000000000000e+03
1.906000000000000000e+03
5.915000000000000000e+03
4.888000000000000000e+03
6.756000000000000000e+03
4.620000000000000000e+02
5.450000000000000000e+02
5.818000000000000000e+03
1.150000000000000000e+02
8.474000000000000000e+03
6.137000000000000000e+03
5.960000000000000000e+03
8.250000000000000000e+03
4.547000000000000000e+03
6.407000000000000000e+03
9.048000000000000000e+03
8.500000000000000000e+01
3.914000000000000000e+03
6.139000000000000000e+03
2.761000000000000000e+03
6.121000000000000000e+03
7.204000000000000000e+03
2.183000000000000000e+03
3.361000000000000000e+03
7.389000000000000000e+03
9.900000000000000000e+02
7.302000000000000000e+03
5.776000000000000000e+03
1.079000000000000000e+03
3.010000000000000000e+02
9.877000000000000000e+03
7.888000000000000000e+03
3.960000000000000000e+02
6.020000000000000000e+03
8.626000000000000000e+03
8.869000000000000000e+03
5.493000000000000000e+03
6.334000000000000000e+03
2.929000000000000000e+03
9.793000000000000000e+03
8.362000000000000000e+03
4.725000000000000000e+03
2.766000000000000000e+03
5.942000000000000000e+03
6.344000000000000000e+03
6.661000000000000000e+03
1.857000000000000000e+03
8.970000000000000000e+02
3.253000000000000000e+03
6.350000000000000000e+02
7.101000000000000000e+03
5.856000000000000000e+03
9.252000000000000000e+03
6.516000000000000000e+03
9.610000000000000000e+02
7.578000000000000000e+03
1.115000000000000000e+03
7.446000000000000000e+03
5.824000000000000000e+03
9.435000000000000000e+03
4.147000000000000000e+03
5.610000000000000000e+02
7.666000000000000000e+03
9.443000000000000000e+03
4.377000000000000000e+03
5.684000000000000000e+03
6.732000000000000000e+03
4.017000000000000000e+03
9.757000000000000000e+03
4.329000000000000000e+03
8.226000000000000000e+03
7.206000000000000000e+03
9.833000000000000000e+03
6.126000000000000000e+03
1.435000000000000000e+03
8.274000000000000000e+03
8.997000000000000000e+03
5.513000000000000000e+03
2.620000000000000000e+02
9.800000000000000000e+03
4.191000000000000000e+03
9.670000000000000000e+03
7.879000000000000000e+03
3.708000000000000000e+03
8.740000000000000000e+03
4.116000000000000000e+03
4.541000000000000000e+03
6.109000000000000000e+03
5.116000000000000000e+03
1.209000000000000000e+03
8.477000000000000000e+03
5.569000000000000000e+03
2.415000000000000000e+03
1.711000000000000000e+03
5.517000000000000000e+03
9.536000000000000000e+03
3.885000000000000000e+03
8.209000000000000000e+03
5.151000000000000000e+03
9.969000000000000000e+03
7.271000000000000000e+03
1.837000000000000000e+03
4.280000000000000000e+02
3.327000000000000000e+03
6.100000000000000000e+03
9.797000000000000000e+03
6.992000000000000000e+03
7.130000000000000000e+03
7.000000000000000000e+00
5.859000000000000000e+03
9.100000000000000000e+01
7.650000000000000000e+03
4.958000000000000000e+03
5.852000000000000000e+03
3.809000000000000000e+03
9.556000000000000000e+03
1.500000000000000000e+01
2.631000000000000000e+03
2.333000000000000000e+03
7.550000000000000000e+03
1.083000000000000000e+03
2.758000000000000000e+03
7.620000000000000000e+02
4.454000000000000000e+03
2.671000000000000000e+03
2.013000000000000000e+03
5.390000000000000000e+02
1.062000000000000000e+03
3.448000000000000000e+03
7.861000000000000000e+03
7.673000000000000000e+03
9.645000000000000000e+03
4.640000000000000000e+03
1.672000000000000000e+03
7.207000000000000000e+03
9.275000000000000000e+03
1.653000000000000000e+03
2.545000000000000000e+03
8.336000000000000000e+03
7.393000000000000000e+03
7.310000000000000000e+03
6.297000000000000000e+03
7.417000000000000000e+03
4.310000000000000000e+02
6.092000000000000000e+03
4.551000000000000000e+03
7.777000000000000000e+03
1.821000000000000000e+03
9.320000000000000000e+02
9.460000000000000000e+03
4.600000000000000000e+01
7.676000000000000000e+03
3.300000000000000000e+02
3.012000000000000000e+03
7.627000000000000000e+03
3.310000000000000000e+03
3.340000000000000000e+02
9.006000000000000000e+03
3.018000000000000000e+03
7.025000000000000000e+03
5.602000000000000000e+03
5.690000000000000000e+03
3.338000000000000000e+03
9.039000000000000000e+03
5.467000000000000000e+03
4.732000000000000000e+03
3.659000000000000000e+03
6.397000000000000000e+03
9.675000000000000000e+03
7.258000000000000000e+03
2.400000000000000000e+01
7.078000000000000000e+03
2.190000000000000000e+02
3.009000000000000000e+03
1.249000000000000000e+03
3.124000000000000000e+03
3.260000000000000000e+02
1.523000000000000000e+03
5.140000000000000000e+02
9.243000000000000000e+03
8.139000000000000000e+03
3.324000000000000000e+03
7.679000000000000000e+03
3.374000000000000000e+03
1.931000000000000000e+03
6.402000000000000000e+03
6.809000000000000000e+03
2.352000000000000000e+03
4.743000000000000000e+03
2.575000000000000000e+03
3.195000000000000000e+03
1.724000000000000000e+03
1.130000000000000000e+02
9.821000000000000000e+03
3.457000000000000000e+03
5.706000000000000000e+03
7.886000000000000000e+03
6.093000000000000000e+03
9.629000000000000000e+03
4.948000000000000000e+03
1.562000000000000000e+03
5.703000000000000000e+03
4.363000000000000000e+03
9.238000000000000000e+03
6.800000000000000000e+01
5.606000000000000000e+03
1.914000000000000000e+03
2.510000000000000000e+03
7.778000000000000000e+03
4.283000000000000000e+03
3.868000000000000000e+03
3.556000000000000000e+03
6.477000000000000000e+03
6.299000000000000000e+03
3.991000000000000000e+03
7.975000000000000000e+03
4.943000000000000000e+03
9.197000000000000000e+03
7.494000000000000000e+03
4.988000000000000000e+03
9.756000000000000000e+03
1.087000000000000000e+03
3.750000000000000000e+02
6.452000000000000000e+03
1.426000000000000000e+03
5.504000000000000000e+03
1.035000000000000000e+03
7.611000000000000000e+03
9.350000000000000000e+03
1.002000000000000000e+03
5.540000000000000000e+03
2.867000000000000000e+03
3.592000000000000000e+03
6.214000000000000000e+03
4.333000000000000000e+03
5.010000000000000000e+02
5.911000000000000000e+03
7.561000000000000000e+03
7.410000000000000000e+03
3.010000000000000000e+03
3.525000000000000000e+03
1.534000000000000000e+03
1.951000000000000000e+03
3.744000000000000000e+03
4.210000000000000000e+02
4.940000000000000000e+03
5.038000000000000000e+03
1.990000000000000000e+03
9.076000000000000000e+03
2.882000000000000000e+03
9.522000000000000000e+03
6.930000000000000000e+02
1.570000000000000000e+02
6.430000000000000000e+02
9.407000000000000000e+03
6.442000000000000000e+03
4.137000000000000000e+03
1.333000000000000000e+03
8.861000000000000000e+03
1.272000000000000000e+03
5.096000000000000000e+03
1.673000000000000000e+03
5.939000000000000000e+03
4.098000000000000000e+03
8.136000000000000000e+03
3.747000000000000000e+03
6.370000000000000000e+02
9.880000000000000000e+02
2.071000000000000000e+03
9.204000000000000000e+03
9.720000000000000000e+02
3.541000000000000000e+03
3.007000000000000000e+03
3.025000000000000000e+03
9.521000000000000000e+03
2.700000000000000000e+01
7.558000000000000000e+03
3.776000000000000000e+03
2.115000000000000000e+03
1.645000000000000000e+03
2.279000000000000000e+03
5.145000000000000000e+03
3.200000000000000000e+03
9.706000000000000000e+03
3.015000000000000000e+03
2.654000000000000000e+03
5.620000000000000000e+02
7.527000000000000000e+03
5.974000000000000000e+03
6.640000000000000000e+03
6.135000000000000000e+03
3.129000000000000000e+03
8.661000000000000000e+03
9.985000000000000000e+03
4.707000000000000000e+03
7.350000000000000000e+03
7.649000000000000000e+03
8.635000000000000000e+03
8.232000000000000000e+03
9.296000000000000000e+03
5.736000000000000000e+03
6.554000000000000000e+03
4.946000000000000000e+03
1.565000000000000000e+03
9.377000000000000000e+03
8.749000000000000000e+03
2.500000000000000000e+02
2.200000000000000000e+02
5.850000000000000000e+03
7.935000000000000000e+03
3.778000000000000000e+03
8.164000000000000000e+03
1.958000000000000000e+03
4.692000000000000000e+03
5.670000000000000000e+02
8.204000000000000000e+03
2.521000000000000000e+03
3.623000000000000000e+03
2.922000000000000000e+03
7.140000000000000000e+02
4.528000000000000000e+03
6.380000000000000000e+03
1.757000000000000000e+03
7.163000000000000000e+03
4.699000000000000000e+03
2.127000000000000000e+03
3.456000000000000000e+03
1.611000000000000000e+03
3.113000000000000000e+03
5.539000000000000000e+03
5.177000000000000000e+03
1.753000000000000000e+03
2.263000000000000000e+03
4.877000000000000000e+03
1.522000000000000000e+03
6.539000000000000000e+03
2.312000000000000000e+03
8.960000000000000000e+02
9.346000000000000000e+03
8.459000000000000000e+03
5.988000000000000000e+03
9.470000000000000000e+03
4.321000000000000000e+03
5.846000000000000000e+03
3.980000000000000000e+03
8.864000000000000000e+03
5.542000000000000000e+03
5.230000000000000000e+02
1.761000000000000000e+03
1.350000000000000000e+02
5.120000000000000000e+03
2.918000000000000000e+03
7.955000000000000000e+03
3.402000000000000000e+03
1.215000000000000000e+03
4.029000000000000000e+03
2.337000000000000000e+03
7.751000000000000000e+03
5.381000000000000000e+03
5.819000000000000000e+03
7.597000000000000000e+03
4.467000000000000000e+03
3.849000000000000000e+03
1.394000000000000000e+03
1.299000000000000000e+03
5.110000000000000000e+02
8.403000000000000000e+03
8.390000000000000000e+02
2.237000000000000000e+03
7.667000000000000000e+03
4.413000000000000000e+03
8.412000000000000000e+03
4.011000000000000000e+03
1.979000000000000000e+03
3.136000000000000000e+03
2.375000000000000000e+03
7.709000000000000000e+03
3.027000000000000000e+03
1.010000000000000000e+02
2.344000000000000000e+03
3.712000000000000000e+03
2.560000000000000000e+02
1.670000000000000000e+03
9.355000000000000000e+03
5.193000000000000000e+03
7.866000000000000000e+03
2.062000000000000000e+03
6.410000000000000000e+02
3.750000000000000000e+03
6.483000000000000000e+03
6.547000000000000000e+03
2.292000000000000000e+03
9.858000000000000000e+03
4.859000000000000000e+03
6.253000000000000000e+03
1.670000000000000000e+02
3.041000000000000000e+03
3.382000000000000000e+03
1.519000000000000000e+03
4.810000000000000000e+02
2.551000000000000000e+03
4.370000000000000000e+02
6.282000000000000000e+03
4.301000000000000000e+03
8.842000000000000000e+03
5.664000000000000000e+03
1.204000000000000000e+03
5.935000000000000000e+03
7.560000000000000000e+02
2.851000000000000000e+03
2.101000000000000000e+03
8.423000000000000000e+03
3.224000000000000000e+03
2.866000000000000000e+03
8.810000000000000000e+03
4.460000000000000000e+02
6.230000000000000000e+03
9.770000000000000000e+03
7.319000000000000000e+03
7.481000000000000000e+03
8.124000000000000000e+03
4.852000000000000000e+03
7.070000000000000000e+03
1.015000000000000000e+03
6.443000000000000000e+03
5.897000000000000000e+03
6.724000000000000000e+03
3.146000000000000000e+03
1.550000000000000000e+03
4.420000000000000000e+02
7.589000000000000000e+03
5.829000000000000000e+03
6.599000000000000000e+03
9.320000000000000000e+03
8.705000000000000000e+03
6.995000000000000000e+03
7.605000000000000000e+03
5.549000000000000000e+03
4.149000000000000000e+03
3.036000000000000000e+03
1.884000000000000000e+03
5.053000000000000000e+03
6.928000000000000000e+03
1.620000000000000000e+02
4.918000000000000000e+03
2.125000000000000000e+03
9.468000000000000000e+03
2.926000000000000000e+03
1.956000000000000000e+03
5.764000000000000000e+03
1.170000000000000000e+02
9.267000000000000000e+03
9.555000000000000000e+03
3.160000000000000000e+02
9.683000000000000000e+03
3.230000000000000000e+03
5.564000000000000000e+03
7.090000000000000000e+03
8.084000000000000000e+03
4.320000000000000000e+02
2.395000000000000000e+03
9.268000000000000000e+03
4.777000000000000000e+03
9.129000000000000000e+03
7.921000000000000000e+03
5.130000000000000000e+03
2.573000000000000000e+03
8.755000000000000000e+03
4.122000000000000000e+03
5.180000000000000000e+02
9.102000000000000000e+03
3.966000000000000000e+03
8.863000000000000000e+03
8.497000000000000000e+03
8.498000000000000000e+03
2.370000000000000000e+03
3.658000000000000000e+03
8.289000000000000000e+03
2.313000000000000000e+03
4.383000000000000000e+03
4.382000000000000000e+03
1.477000000000000000e+03
9.777000000000000000e+03
6.981000000000000000e+03
8.828000000000000000e+03
2.886000000000000000e+03
9.709000000000000000e+03
6.753000000000000000e+03
9.087000000000000000e+03
2.449000000000000000e+03
2.253000000000000000e+03
3.697000000000000000e+03
6.853000000000000000e+03
6.458000000000000000e+03
2.526000000000000000e+03
8.420000000000000000e+03
5.016000000000000000e+03
5.417000000000000000e+03
6.615000000000000000e+03
2.949000000000000000e+03
8.190000000000000000e+03
6.083000000000000000e+03
1.041000000000000000e+03
7.784000000000000000e+03
6.641000000000000000e+03
6.934000000000000000e+03
3.720000000000000000e+02
5.393000000000000000e+03
3.469000000000000000e+03
5.656000000000000000e+03
5.018000000000000000e+03
6.365000000000000000e+03
3.276000000000000000e+03
8.354000000000000000e+03
9.436000000000000000e+03
9.591000000000000000e+03
5.121000000000000000e+03
4.057000000000000000e+03
8.090000000000000000e+03
8.433000000000000000e+03
7.430000000000000000e+03
5.556000000000000000e+03
4.000000000000000000e+03
8.577000000000000000e+03
4.033000000000000000e+03
1.145000000000000000e+03
4.360000000000000000e+02
7.036000000000000000e+03
8.120000000000000000e+02
2.261000000000000000e+03
4.289000000000000000e+03
8.672000000000000000e+03
3.043000000000000000e+03
3.593000000000000000e+03
9.531000000000000000e+03
9.013000000000000000e+03
4.590000000000000000e+02
8.316000000000000000e+03
2.791000000000000000e+03
9.677000000000000000e+03
1.066000000000000000e+03
2.340000000000000000e+03
7.770000000000000000e+03
8.168000000000000000e+03
2.925000000000000000e+03
8.376000000000000000e+03
2.031000000000000000e+03
3.542000000000000000e+03
3.699000000000000000e+03
1.443000000000000000e+03
9.506000000000000000e+03
5.805000000000000000e+03
1.186000000000000000e+03
6.954000000000000000e+03
2.576000000000000000e+03
2.422000000000000000e+03
4.793000000000000000e+03
9.297000000000000000e+03
4.014000000000000000e+03
3.000000000000000000e+02
7.341000000000000000e+03
3.545000000000000000e+03
7.277000000000000000e+03
1.418000000000000000e+03
5.889000000000000000e+03
8.911000000000000000e+03
8.622000000000000000e+03
5.872000000000000000e+03
3.020000000000000000e+02
8.328000000000000000e+03
1.491000000000000000e+03
6.902000000000000000e+03
8.070000000000000000e+02
5.534000000000000000e+03
8.016000000000000000e+03
2.288000000000000000e+03
8.773000000000000000e+03
5.423000000000000000e+03
6.101000000000000000e+03
8.390000000000000000e+03
1.808000000000000000e+03
2.872000000000000000e+03
4.186000000000000000e+03
7.730000000000000000e+03
9.316000000000000000e+03
1.039000000000000000e+03
7.721000000000000000e+03
9.716000000000000000e+03
7.357000000000000000e+03
1.453000000000000000e+03
3.199000000000000000e+03
3.800000000000000000e+02
4.310000000000000000e+03
4.073000000000000000e+03
3.526000000000000000e+03
5.419000000000000000e+03
5.981000000000000000e+03
8.112000000000000000e+03
6.955000000000000000e+03
2.639000000000000000e+03
9.188000000000000000e+03
9.195000000000000000e+03
5.750000000000000000e+02
7.081000000000000000e+03
7.839000000000000000e+03
1.211000000000000000e+03
2.981000000000000000e+03
1.942000000000000000e+03
6.760000000000000000e+02
2.556000000000000000e+03
6.586000000000000000e+03
2.736000000000000000e+03
7.249000000000000000e+03
5.202000000000000000e+03
4.612000000000000000e+03
6.680000000000000000e+02
6.459000000000000000e+03
2.457000000000000000e+03
4.564000000000000000e+03
5.682000000000000000e+03
5.932000000000000000e+03
7.153000000000000000e+03
3.109000000000000000e+03
2.029000000000000000e+03
4.746000000000000000e+03
2.489000000000000000e+03
9.050000000000000000e+03
9.503000000000000000e+03
1.543000000000000000e+03
5.786000000000000000e+03
3.790000000000000000e+02
6.813000000000000000e+03
3.989000000000000000e+03
1.063000000000000000e+03
2.950000000000000000e+02
9.771000000000000000e+03
7.593000000000000000e+03
1.225000000000000000e+03
8.315000000000000000e+03
5.931000000000000000e+03
4.138000000000000000e+03
9.077000000000000000e+03
4.150000000000000000e+03
7.256000000000000000e+03
5.026000000000000000e+03
8.180000000000000000e+03
8.490000000000000000e+02
5.133000000000000000e+03
2.845000000000000000e+03
6.529000000000000000e+03
6.401000000000000000e+03
3.468000000000000000e+03
7.847000000000000000e+03
1.766000000000000000e+03
8.398000000000000000e+03
4.665000000000000000e+03
3.360000000000000000e+03
3.524000000000000000e+03
7.660000000000000000e+03
5.508000000000000000e+03
7.067000000000000000e+03
1.226000000000000000e+03
5.661000000000000000e+03
9.375000000000000000e+03
9.829000000000000000e+03
8.392000000000000000e+03
2.353000000000000000e+03
2.858000000000000000e+03
3.581000000000000000e+03
5.510000000000000000e+03
2.230000000000000000e+03
5.965000000000000000e+03
3.405000000000000000e+03
7.251000000000000000e+03
6.180000000000000000e+02
5.520000000000000000e+03
4.790000000000000000e+02
8.456000000000000000e+03
9.481000000000000000e+03
8.957000000000000000e+03
5.530000000000000000e+03
1.017000000000000000e+03
7.591000000000000000e+03
5.638000000000000000e+03
5.769000000000000000e+03
7.028000000000000000e+03
3.793000000000000000e+03
2.016000000000000000e+03
4.655000000000000000e+03
2.790000000000000000e+02
3.296000000000000000e+03
4.974000000000000000e+03
8.601000000000000000e+03
7.963000000000000000e+03
9.401000000000000000e+03
5.845000000000000000e+03
3.941000000000000000e+03
1.630000000000000000e+02
2.370000000000000000e+02
7.040000000000000000e+02
4.632000000000000000e+03
1.356000000000000000e+03
9.221000000000000000e+03
2.999000000000000000e+03
8.171000000000000000e+03
6.183000000000000000e+03
4.099000000000000000e+03
3.670000000000000000e+03
8.369000000000000000e+03
8.889000000000000000e+03
2.800000000000000000e+03
1.546000000000000000e+03
7.520000000000000000e+03
1.148000000000000000e+03
8.430000000000000000e+02
4.580000000000000000e+03
5.075000000000000000e+03
7.750000000000000000e+02
5.187000000000000000e+03
3.889000000000000000e+03
3.292000000000000000e+03
7.961000000000000000e+03
7.766000000000000000e+03
9.615000000000000000e+03
5.693000000000000000e+03
1.919000000000000000e+03
2.739000000000000000e+03
1.575000000000000000e+03
4.203000000000000000e+03
9.502000000000000000e+03
7.266000000000000000e+03
9.020000000000000000e+02
4.493000000000000000e+03
1.486000000000000000e+03
5.511000000000000000e+03
8.268000000000000000e+03
6.051000000000000000e+03
8.331000000000000000e+03
5.699000000000000000e+03
2.275000000000000000e+03
7.069000000000000000e+03
6.662000000000000000e+03
4.792000000000000000e+03
3.447000000000000000e+03
7.930000000000000000e+02
5.895000000000000000e+03
2.485000000000000000e+03
1.246000000000000000e+03
3.706000000000000000e+03
5.603000000000000000e+03
6.901000000000000000e+03
3.915000000000000000e+03
1.817000000000000000e+03
3.056000000000000000e+03
5.290000000000000000e+02
2.117000000000000000e+03
6.438000000000000000e+03
4.965000000000000000e+03
6.243000000000000000e+03
5.159000000000000000e+03
5.906000000000000000e+03
8.574000000000000000e+03
5.541000000000000000e+03
9.690000000000000000e+03
1.046000000000000000e+03
5.651000000000000000e+03
2.586000000000000000e+03
1.596000000000000000e+03
8.767000000000000000e+03
4.957000000000000000e+03
8.321000000000000000e+03
2.128000000000000000e+03
9.452000000000000000e+03
8.933000000000000000e+03
5.738000000000000000e+03
7.002000000000000000e+03
4.669000000000000000e+03
7.801000000000000000e+03
2.339000000000000000e+03
3.286000000000000000e+03
3.682000000000000000e+03
3.118000000000000000e+03
1.421000000000000000e+03
9.106000000000000000e+03
4.509000000000000000e+03
4.053000000000000000e+03
5.691000000000000000e+03
3.360000000000000000e+02
8.367000000000000000e+03
5.739000000000000000e+03
6.384000000000000000e+03
6.087000000000000000e+03
8.978000000000000000e+03
9.161000000000000000e+03
9.504000000000000000e+03
6.314000000000000000e+03
1.771000000000000000e+03
9.851000000000000000e+03
4.410000000000000000e+02
8.816000000000000000e+03
8.963000000000000000e+03
2.500000000000000000e+03
2.547000000000000000e+03
5.350000000000000000e+02
4.990000000000000000e+03
9.305000000000000000e+03
6.979000000000000000e+03
4.782000000000000000e+03
1.846000000000000000e+03
5.654000000000000000e+03
1.489000000000000000e+03
5.471000000000000000e+03
5.030000000000000000e+02
2.070000000000000000e+03
