2.144000000000000000e+03
8.169000000000000000e+03
3.019000000000000000e+03
3.688000000000000000e+03
2.285000000000000000e+03
5.165000000000000000e+03
5.192000000000000000e+03
9.687000000000000000e+03
8.434000000000000000e+03
6.259000000000000000e+03
4.361000000000000000e+03
1.199000000000000000e+03
2.039000000000000000e+03
9.059000000000000000e+03
1.584000000000000000e+03
8.744000000000000000e+03
2.931000000000000000e+03
7.166000000000000000e+03
1.410000000000000000e+03
9.637000000000000000e+03
1.400000000000000000e+01
9.535000000000000000e+03
5.905000000000000000e+03
4.532000000000000000e+03
6.058000000000000000e+03
4.445000000000000000e+03
4.390000000000000000e+02
7.092000000000000000e+03
1.146000000000000000e+03
2.774000000000000000e+03
8.409000000000000000e+03
1.080000000000000000e+02
8.130000000000000000e+02
3.453000000000000000e+03
3.553000000000000000e+03
6.143000000000000000e+03
1.317000000000000000e+03
3.830000000000000000e+03
4.058000000000000000e+03
5.718000000000000000e+03
3.096000000000000000e+03
8.663000000000000000e+03
9.959000000000000000e+03
8.324000000000000000e+03
9.819000000000000000e+03
5.099000000000000000e+03
4.647000000000000000e+03
9.941000000000000000e+03
1.769000000000000000e+03
3.501000000000000000e+03
4.274000000000000000e+03
7.826000000000000000e+03
1.677000000000000000e+03
6.080000000000000000e+03
5.070000000000000000e+02
9.588000000000000000e+03
4.741000000000000000e+03
7.908000000000000000e+03
0.000000000000000000e+00
2.665000000000000000e+03
8.576000000000000000e+03
2.942000000000000000e+03
7.394000000000000000e+03
5.820000000000000000e+02
6.843000000000000000e+03
4.421000000000000000e+03
3.641000000000000000e+03
8.580000000000000000e+03
7.126000000000000000e+03
3.037000000000000000e+03
3.138000000000000000e+03
6.747000000000000000e+03
8.410000000000000000e+02
9.602000000000000000e+03
2.451000000000000000e+03
7.316000000000000000e+03
3.683000000000000000e+03
5.503000000000000000e+03
4.670000000000000000e+03
1.213000000000000000e+03
1.266000000000000000e+03
2.860000000000000000e+02
1.091000000000000000e+03
3.803000000000000000e+03
1.310000000000000000e+03
5.160000000000000000e+02
9.532000000000000000e+03
1.141000000000000000e+03
7.737000000000000000e+03
8.760000000000000000e+03
1.671000000000000000e+03
1.142000000000000000e+03
9.843000000000000000e+03
8.593000000000000000e+03
5.995000000000000000e+03
5.993000000000000000e+03
5.650000000000000000e+02
3.480000000000000000e+02
2.345000000000000000e+03
2.264000000000000000e+03
7.741000000000000000e+03
4.981000000000000000e+03
7.244000000000000000e+03
4.914000000000000000e+03
4.945000000000000000e+03
4.995000000000000000e+03
9.269000000000000000e+03
9.640000000000000000e+02
6.310000000000000000e+03
7.250000000000000000e+02
7.398000000000000000e+03
4.156000000000000000e+03
8.107000000000000000e+03
7.865000000000000000e+03
4.390000000000000000e+03
4.422000000000000000e+03
9.415000000000000000e+03
9.390000000000000000e+02
9.295000000000000000e+03
7.444000000000000000e+03
4.495000000000000000e+03
4.506000000000000000e+03
7.363000000000000000e+03
5.084000000000000000e+03
8.279000000000000000e+03
2.444000000000000000e+03
4.713000000000000000e+03
4.737000000000000000e+03
9.385000000000000000e+03
7.359000000000000000e+03
8.458000000000000000e+03
7.118000000000000000e+03
4.380000000000000000e+02
1.948000000000000000e+03
7.549000000000000000e+03
5.723000000000000000e+03
1.921000000000000000e+03
5.843000000000000000e+03
8.579000000000000000e+03
8.870000000000000000e+03
5.925000000000000000e+03
1.970000000000000000e+03
5.947000000000000000e+03
8.619000000000000000e+03
1.048000000000000000e+03
6.581000000000000000e+03
6.555000000000000000e+03
6.530000000000000000e+03
8.763000000000000000e+03
6.268000000000000000e+03
1.685000000000000000e+03
1.559000000000000000e+03
6.587000000000000000e+03
5.117000000000000000e+03
5.617000000000000000e+03
1.996000000000000000e+03
5.179000000000000000e+03
9.146000000000000000e+03
5.186000000000000000e+03
2.177000000000000000e+03
5.312000000000000000e+03
2.106000000000000000e+03
6.984000000000000000e+03
3.970000000000000000e+02
5.424000000000000000e+03
5.605000000000000000e+03
5.439000000000000000e+03
5.447000000000000000e+03
2.057000000000000000e+03
6.932000000000000000e+03
5.450000000000000000e+03
5.463000000000000000e+03
2.046000000000000000e+03
8.490000000000000000e+03
8.493000000000000000e+03
5.553000000000000000e+03
5.441000000000000000e+03
1.933000000000000000e+03
7.440000000000000000e+03
8.073000000000000000e+03
9.739000000000000000e+03
2.946000000000000000e+03
3.058000000000000000e+03
3.263000000000000000e+03
8.025000000000000000e+03
9.968000000000000000e+03
9.689000000000000000e+03
9.714000000000000000e+03
7.985000000000000000e+03
3.165000000000000000e+03
3.325000000000000000e+03
1.430000000000000000e+02
3.086000000000000000e+03
2.924000000000000000e+03
3.312000000000000000e+03
8.100000000000000000e+01
2.803000000000000000e+03
1.280000000000000000e+02
2.889000000000000000e+03
3.714000000000000000e+03
9.812000000000000000e+03
4.077000000000000000e+03
8.152000000000000000e+03
8.929000000000000000e+03
8.614000000000000000e+03
9.769000000000000000e+03
1.507000000000000000e+03
4.056000000000000000e+03
6.034000000000000000e+03
3.544000000000000000e+03
9.390000000000000000e+03
4.658000000000000000e+03
9.638000000000000000e+03
3.896000000000000000e+03
7.588000000000000000e+03
1.381000000000000000e+03
6.746000000000000000e+03
6.529000000000000000e+03
1.793000000000000000e+03
1.847000000000000000e+03
4.946000000000000000e+03
4.972000000000000000e+03
3.522000000000000000e+03
4.312000000000000000e+03
4.655000000000000000e+03
7.050000000000000000e+03
6.854000000000000000e+03
6.779000000000000000e+03
5.772000000000000000e+03
9.291000000000000000e+03
2.687000000000000000e+03
4.870000000000000000e+03
2.327000000000000000e+03
7.595000000000000000e+03
6.376000000000000000e+03
5.880000000000000000e+02
7.920000000000000000e+03
7.054000000000000000e+03
2.238000000000000000e+03
3.055000000000000000e+03
4.464000000000000000e+03
5.485000000000000000e+03
6.700000000000000000e+01
6.879000000000000000e+03
5.948000000000000000e+03
2.124000000000000000e+03
3.652000000000000000e+03
8.909000000000000000e+03
3.048000000000000000e+03
9.946000000000000000e+03
9.182000000000000000e+03
5.032000000000000000e+03
7.463000000000000000e+03
4.153000000000000000e+03
2.653000000000000000e+03
4.802000000000000000e+03
5.600000000000000000e+02
9.199000000000000000e+03
9.881000000000000000e+03
1.405000000000000000e+03
8.548000000000000000e+03
7.242000000000000000e+03
6.729000000000000000e+03
6.600000000000000000e+02
6.165000000000000000e+03
2.040000000000000000e+03
4.890000000000000000e+03
4.904000000000000000e+03
5.215000000000000000e+03
2.700000000000000000e+03
8.578000000000000000e+03
2.978000000000000000e+03
9.117000000000000000e+03
8.664000000000000000e+03
8.410000000000000000e+03
9.476000000000000000e+03
9.487000000000000000e+03
4.950000000000000000e+03
8.655000000000000000e+03
6.043000000000000000e+03
1.889000000000000000e+03
6.469000000000000000e+03
1.880000000000000000e+03
7.311000000000000000e+03
7.949000000000000000e+03
5.115000000000000000e+03
5.101000000000000000e+03
3.347000000000000000e+03
2.119000000000000000e+03
9.007000000000000000e+03
8.520000000000000000e+02
6.269000000000000000e+03
2.806000000000000000e+03
3.491000000000000000e+03
6.190000000000000000e+03
3.134000000000000000e+03
3.872000000000000000e+03
1.377000000000000000e+03
7.786000000000000000e+03
7.340000000000000000e+02
1.376000000000000000e+03
4.702000000000000000e+03
6.172000000000000000e+03
3.395000000000000000e+03
2.378000000000000000e+03
1.641000000000000000e+03
3.390000000000000000e+02
1.110000000000000000e+02
6.509000000000000000e+03
3.350000000000000000e+02
2.888000000000000000e+03
5.645000000000000000e+03
5.713000000000000000e+03
6.320000000000000000e+02
4.007000000000000000e+03
7.187000000000000000e+03
7.461000000000000000e+03
6.910000000000000000e+02
8.959000000000000000e+03
6.818000000000000000e+03
2.590000000000000000e+03
5.916000000000000000e+03
8.218000000000000000e+03
8.529000000000000000e+03
5.701000000000000000e+03
8.956000000000000000e+03
1.708000000000000000e+03
5.982000000000000000e+03
1.680000000000000000e+02
9.665000000000000000e+03
3.210000000000000000e+03
2.133000000000000000e+03
1.250000000000000000e+02
1.400000000000000000e+03
5.440000000000000000e+02
7.764000000000000000e+03
2.537000000000000000e+03
4.517000000000000000e+03
5.810000000000000000e+02
4.799000000000000000e+03
6.799000000000000000e+03
7.878000000000000000e+03
2.111000000000000000e+03
1.108000000000000000e+03
2.855000000000000000e+03
6.080000000000000000e+02
8.487000000000000000e+03
4.083000000000000000e+03
5.380000000000000000e+03
8.575000000000000000e+03
3.083000000000000000e+03
6.457000000000000000e+03
2.815000000000000000e+03
6.639000000000000000e+03
2.154000000000000000e+03
2.506000000000000000e+03
4.287000000000000000e+03
2.819000000000000000e+03
1.137000000000000000e+03
4.172000000000000000e+03
9.418000000000000000e+03
3.190000000000000000e+02
6.771000000000000000e+03
8.160000000000000000e+02
7.586000000000000000e+03
9.626000000000000000e+03
1.128000000000000000e+03
7.799000000000000000e+03
1.700000000000000000e+03
5.627000000000000000e+03
7.018000000000000000e+03
3.249000000000000000e+03
9.996000000000000000e+03
3.042000000000000000e+03
8.824000000000000000e+03
2.945000000000000000e+03
9.294000000000000000e+03
7.089000000000000000e+03
9.880000000000000000e+03
4.348000000000000000e+03
1.398000000000000000e+03
6.330000000000000000e+02
1.662000000000000000e+03
6.823000000000000000e+03
3.466000000000000000e+03
4.554000000000000000e+03
7.690000000000000000e+02
7.981000000000000000e+03
8.897000000000000000e+03
6.048000000000000000e+03
6.516000000000000000e+03
8.855000000000000000e+03
2.251000000000000000e+03
9.652000000000000000e+03
5.659000000000000000e+03
6.137000000000000000e+03
7.318000000000000000e+03
1.974000000000000000e+03
6.415000000000000000e+03
6.312000000000000000e+03
4.935000000000000000e+03
9.964000000000000000e+03
9.410000000000000000e+03
5.833000000000000000e+03
7.273000000000000000e+03
6.230000000000000000e+03
6.330000000000000000e+03
6.754000000000000000e+03
7.057000000000000000e+03
1.861000000000000000e+03
4.043000000000000000e+03
6.656000000000000000e+03
8.569000000000000000e+03
3.945000000000000000e+03
6.416000000000000000e+03
8.894000000000000000e+03
7.182000000000000000e+03
7.733000000000000000e+03
4.115000000000000000e+03
1.168000000000000000e+03
2.317000000000000000e+03
8.520000000000000000e+03
7.472000000000000000e+03
7.169000000000000000e+03
3.226000000000000000e+03
7.164000000000000000e+03
1.294000000000000000e+03
8.856000000000000000e+03
6.078000000000000000e+03
6.075000000000000000e+03
8.397000000000000000e+03
6.036000000000000000e+03
6.039000000000000000e+03
7.112000000000000000e+03
8.841000000000000000e+03
4.990000000000000000e+02
7.123000000000000000e+03
8.812000000000000000e+03
9.849000000000000000e+03
7.077000000000000000e+03
1.621000000000000000e+03
8.570000000000000000e+02
6.395000000000000000e+03
6.716000000000000000e+03
1.604000000000000000e+03
3.399000000000000000e+03
6.665000000000000000e+03
6.346000000000000000e+03
6.418000000000000000e+03
6.445000000000000000e+03
8.592000000000000000e+03
8.638000000000000000e+03
3.403000000000000000e+03
6.627000000000000000e+03
7.252000000000000000e+03
8.037000000000000000e+03
1.594000000000000000e+03
9.844000000000000000e+03
7.289000000000000000e+03
7.233000000000000000e+03
7.072000000000000000e+03
6.141000000000000000e+03
7.000000000000000000e+01
9.932000000000000000e+03
6.970000000000000000e+03
1.239000000000000000e+03
1.382000000000000000e+03
1.459000000000000000e+03
6.869000000000000000e+03
3.454000000000000000e+03
6.851000000000000000e+03
3.490000000000000000e+03
8.757000000000000000e+03
8.528000000000000000e+03
1.664000000000000000e+03
8.724000000000000000e+03
7.523000000000000000e+03
7.574000000000000000e+03
9.080000000000000000e+03
3.548000000000000000e+03
2.303000000000000000e+03
3.120000000000000000e+02
3.130000000000000000e+02
4.968000000000000000e+03
9.890000000000000000e+02
1.195000000000000000e+03
5.058000000000000000e+03
9.208000000000000000e+03
8.256000000000000000e+03
2.194000000000000000e+03
2.193000000000000000e+03
1.240000000000000000e+02
1.164000000000000000e+03
7.990000000000000000e+03
2.184000000000000000e+03
5.196000000000000000e+03
8.274000000000000000e+03
7.370000000000000000e+02
5.265000000000000000e+03
7.347000000000000000e+03
1.116000000000000000e+03
2.109000000000000000e+03
3.764000000000000000e+03
7.480000000000000000e+02
2.102000000000000000e+03
4.873000000000000000e+03
4.811000000000000000e+03
4.171000000000000000e+03
7.960000000000000000e+03
4.180000000000000000e+03
4.216000000000000000e+03
2.606000000000000000e+03
9.501000000000000000e+03
9.472000000000000000e+03
2.553000000000000000e+03
7.402000000000000000e+03
3.955000000000000000e+03
2.524000000000000000e+03
4.426000000000000000e+03
9.397000000000000000e+03
9.583000000000000000e+03
4.491000000000000000e+03
8.241000000000000000e+03
4.512000000000000000e+03
4.566000000000000000e+03
3.900000000000000000e+03
7.803000000000000000e+03
4.675000000000000000e+03
3.886000000000000000e+03
2.820000000000000000e+02
4.862000000000000000e+03
2.074000000000000000e+03
3.621000000000000000e+03
5.785000000000000000e+03
1.182000000000000000e+03
8.015000000000000000e+03
1.870000000000000000e+03
2.041000000000000000e+03
7.920000000000000000e+02
8.928000000000000000e+03
8.925000000000000000e+03
2.812000000000000000e+03
7.664000000000000000e+03
1.891000000000000000e+03
4.490000000000000000e+02
2.879000000000000000e+03
3.586000000000000000e+03
1.022000000000000000e+03
8.991000000000000000e+03
3.215000000000000000e+03
1.700000000000000000e+01
4.768000000000000000e+03
6.308000000000000000e+03
8.690000000000000000e+02
5.198000000000000000e+03
5.094000000000000000e+03
2.944000000000000000e+03
1.876000000000000000e+03
4.366000000000000000e+03
2.797000000000000000e+03
7.736000000000000000e+03
6.201000000000000000e+03
9.220000000000000000e+03
2.959000000000000000e+03
2.497000000000000000e+03
7.648000000000000000e+03
8.590000000000000000e+02
9.870000000000000000e+02
7.047000000000000000e+03
6.714000000000000000e+03
6.392000000000000000e+03
4.297000000000000000e+03
7.772000000000000000e+03
8.224000000000000000e+03
9.177000000000000000e+03
1.560000000000000000e+03
7.060000000000000000e+02
9.641000000000000000e+03
8.854000000000000000e+03
1.160000000000000000e+02
3.049000000000000000e+03
3.135000000000000000e+03
8.053000000000000000e+03
3.771000000000000000e+03
4.845000000000000000e+03
3.318000000000000000e+03
3.502000000000000000e+03
3.754000000000000000e+03
2.324000000000000000e+03
4.919000000000000000e+03
8.541000000000000000e+03
4.742000000000000000e+03
5.377000000000000000e+03
8.137000000000000000e+03
3.917000000000000000e+03
9.533000000000000000e+03
2.490000000000000000e+03
1.395000000000000000e+03
9.558000000000000000e+03
7.854000000000000000e+03
1.775000000000000000e+03
5.733000000000000000e+03
3.736000000000000000e+03
1.550000000000000000e+02
2.081000000000000000e+03
7.817000000000000000e+03
3.387000000000000000e+03
8.097000000000000000e+03
7.220000000000000000e+03
2.624000000000000000e+03
6.118000000000000000e+03
1.973000000000000000e+03
7.205000000000000000e+03
6.409000000000000000e+03
1.800000000000000000e+03
7.218000000000000000e+03
3.806000000000000000e+03
3.801000000000000000e+03
9.105000000000000000e+03
8.980000000000000000e+03
3.670000000000000000e+02
2.846000000000000000e+03
6.163000000000000000e+03
6.364000000000000000e+03
9.642000000000000000e+03
1.020000000000000000e+03
2.563000000000000000e+03
7.315000000000000000e+03
1.693000000000000000e+03
3.239000000000000000e+03
1.714000000000000000e+03
1.631000000000000000e+03
5.578000000000000000e+03
2.832000000000000000e+03
3.906000000000000000e+03
4.598000000000000000e+03
9.675000000000000000e+03
9.893000000000000000e+03
7.152000000000000000e+03
6.249000000000000000e+03
2.362000000000000000e+03
2.915000000000000000e+03
4.451000000000000000e+03
9.597000000000000000e+03
4.224000000000000000e+03
2.988000000000000000e+03
8.028000000000000000e+03
5.998000000000000000e+03
2.517000000000000000e+03
7.623000000000000000e+03
7.497000000000000000e+03
1.037000000000000000e+03
9.566000000000000000e+03
7.636000000000000000e+03
1.093000000000000000e+03
9.581000000000000000e+03
4.259000000000000000e+03
2.020000000000000000e+02
7.144000000000000000e+03
4.314000000000000000e+03
5.875000000000000000e+03
6.275000000000000000e+03
5.741000000000000000e+03
5.054000000000000000e+03
7.800000000000000000e+02
9.888000000000000000e+03
5.079000000000000000e+03
6.500000000000000000e+03
8.267000000000000000e+03
7.303000000000000000e+03
7.272000000000000000e+03
5.210000000000000000e+03
5.247000000000000000e+03
6.338000000000000000e+03
5.308000000000000000e+03
5.400000000000000000e+03
8.307000000000000000e+03
7.300000000000000000e+03
2.502000000000000000e+03
6.603000000000000000e+03
6.594000000000000000e+03
2.282000000000000000e+03
9.594000000000000000e+03
3.353000000000000000e+03
3.528000000000000000e+03
4.569000000000000000e+03
3.892000000000000000e+03
3.865000000000000000e+03
9.631000000000000000e+03
2.906000000000000000e+03
4.805000000000000000e+03
4.850000000000000000e+03
9.249000000000000000e+03
3.170000000000000000e+02
6.633000000000000000e+03
6.632000000000000000e+03
6.230000000000000000e+02
8.253000000000000000e+03
7.293000000000000000e+03
1.222000000000000000e+03
7.372000000000000000e+03
1.183000000000000000e+03
9.545000000000000000e+03
7.113000000000000000e+03
3.627000000000000000e+03
7.455000000000000000e+03
9.085000000000000000e+03
5.222000000000000000e+03
7.991000000000000000e+03
9.149000000000000000e+03
9.165000000000000000e+03
5.087000000000000000e+03
5.036000000000000000e+03
8.145000000000000000e+03
3.841000000000000000e+03
9.335000000000000000e+03
4.378000000000000000e+03
4.280000000000000000e+03
4.261000000000000000e+03
3.618000000000000000e+03
1.702000000000000000e+03
5.601000000000000000e+03
5.910000000000000000e+02
7.042000000000000000e+03
1.461000000000000000e+03
6.611000000000000000e+03
7.573000000000000000e+03
9.866000000000000000e+03
8.674000000000000000e+03
6.363000000000000000e+03
1.630000000000000000e+03
5.887000000000000000e+03
6.336000000000000000e+03
6.328000000000000000e+03
8.752000000000000000e+03
3.844000000000000000e+03
2.095000000000000000e+03
2.328000000000000000e+03
4.640000000000000000e+02
4.717000000000000000e+03
9.709000000000000000e+03
7.628000000000000000e+03
3.902000000000000000e+03
4.442000000000000000e+03
5.207000000000000000e+03
1.452000000000000000e+03
1.613000000000000000e+03
8.251000000000000000e+03
3.307000000000000000e+03
2.178000000000000000e+03
3.488000000000000000e+03
1.241000000000000000e+03
5.465000000000000000e+03
3.351000000000000000e+03
7.993000000000000000e+03
2.435000000000000000e+03
4.505000000000000000e+03
7.107000000000000000e+03
2.883000000000000000e+03
1.343000000000000000e+03
6.210000000000000000e+03
5.980000000000000000e+03
1.988000000000000000e+03
2.840000000000000000e+03
5.469000000000000000e+03
4.830000000000000000e+03
9.527000000000000000e+03
6.543000000000000000e+03
7.063000000000000000e+03
2.514000000000000000e+03
5.529000000000000000e+03
1.527000000000000000e+03
3.770000000000000000e+03
7.662000000000000000e+03
1.806000000000000000e+03
7.930000000000000000e+03
1.277000000000000000e+03
8.250000000000000000e+03
7.557000000000000000e+03
6.762000000000000000e+03
1.947000000000000000e+03
5.017000000000000000e+03
5.970000000000000000e+02
8.513000000000000000e+03
2.667000000000000000e+03
7.351000000000000000e+03
5.702000000000000000e+03
5.614000000000000000e+03
8.142000000000000000e+03
1.271000000000000000e+03
2.612000000000000000e+03
4.200000000000000000e+01
9.905000000000000000e+03
9.340000000000000000e+03
2.633000000000000000e+03
4.694000000000000000e+03
9.519000000000000000e+03
5.278000000000000000e+03
9.297000000000000000e+03
2.040000000000000000e+02
4.429000000000000000e+03
3.380000000000000000e+03
3.818000000000000000e+03
2.189000000000000000e+03
4.745000000000000000e+03
7.979000000000000000e+03
2.446000000000000000e+03
5.801000000000000000e+03
2.462000000000000000e+03
6.145000000000000000e+03
2.987000000000000000e+03
3.555000000000000000e+03
7.933000000000000000e+03
8.848000000000000000e+03
3.783000000000000000e+03
6.098000000000000000e+03
6.780000000000000000e+02
2.607000000000000000e+03
1.515000000000000000e+03
4.693000000000000000e+03
8.453000000000000000e+03
7.010000000000000000e+02
7.535000000000000000e+03
3.557000000000000000e+03
3.900000000000000000e+02
3.450000000000000000e+03
2.789000000000000000e+03
8.949000000000000000e+03
4.853000000000000000e+03
9.093000000000000000e+03
3.446000000000000000e+03
3.674000000000000000e+03
8.417000000000000000e+03
1.282000000000000000e+03
4.887000000000000000e+03
4.918000000000000000e+03
1.873000000000000000e+03
2.632000000000000000e+03
2.618000000000000000e+03
6.700000000000000000e+02
4.650000000000000000e+03
2.283000000000000000e+03
5.883000000000000000e+03
2.735000000000000000e+03
8.510000000000000000e+02
3.093000000000000000e+03
6.645000000000000000e+03
5.853000000000000000e+03
2.012000000000000000e+03
5.519000000000000000e+03
3.539000000000000000e+03
8.262000000000000000e+03
8.388000000000000000e+03
4.721000000000000000e+03
5.354000000000000000e+03
4.885000000000000000e+03
5.255000000000000000e+03
9.206000000000000000e+03
8.465000000000000000e+03
6.965000000000000000e+03
8.862000000000000000e+03
6.320000000000000000e+03
6.317000000000000000e+03
4.834000000000000000e+03
5.203000000000000000e+03
2.681000000000000000e+03
4.780000000000000000e+03
7.253000000000000000e+03
5.413000000000000000e+03
5.249000000000000000e+03
1.423000000000000000e+03
3.473000000000000000e+03
3.113000000000000000e+03
5.980000000000000000e+02
4.017000000000000000e+03
2.516000000000000000e+03
7.579000000000000000e+03
6.677000000000000000e+03
5.750000000000000000e+03
1.949000000000000000e+03
6.709000000000000000e+03
7.596000000000000000e+03
8.385000000000000000e+03
1.938000000000000000e+03
7.194000000000000000e+03
7.513000000000000000e+03
4.597000000000000000e+03
6.950000000000000000e+02
5.336000000000000000e+03
6.196000000000000000e+03
4.660000000000000000e+03
2.363000000000000000e+03
8.833000000000000000e+03
1.075000000000000000e+03
8.459000000000000000e+03
7.673000000000000000e+03
1.601000000000000000e+03
2.902000000000000000e+03
2.208000000000000000e+03
3.928000000000000000e+03
2.965000000000000000e+03
5.062000000000000000e+03
4.015000000000000000e+03
9.552000000000000000e+03
1.390000000000000000e+02
2.271000000000000000e+03
2.399000000000000000e+03
8.060000000000000000e+02
5.048000000000000000e+03
9.958000000000000000e+03
5.323000000000000000e+03
5.478000000000000000e+03
3.188000000000000000e+03
4.687000000000000000e+03
2.775000000000000000e+03
2.197000000000000000e+03
5.083000000000000000e+03
3.990000000000000000e+02
1.085000000000000000e+03
6.933000000000000000e+03
2.970000000000000000e+03
5.745000000000000000e+03
8.850000000000000000e+02
5.446000000000000000e+03
7.950000000000000000e+03
3.110000000000000000e+03
8.054000000000000000e+03
5.575000000000000000e+03
2.589000000000000000e+03
4.813000000000000000e+03
4.586000000000000000e+03
1.917000000000000000e+03
8.236000000000000000e+03
7.485000000000000000e+03
5.840000000000000000e+02
4.673000000000000000e+03
7.498000000000000000e+03
5.808000000000000000e+03
3.452000000000000000e+03
3.303000000000000000e+03
2.952000000000000000e+03
9.065000000000000000e+03
5.643000000000000000e+03
6.149000000000000000e+03
9.734000000000000000e+03
6.866000000000000000e+03
7.810000000000000000e+02
3.617000000000000000e+03
3.846000000000000000e+03
6.289000000000000000e+03
2.402000000000000000e+03
5.106000000000000000e+03
1.269000000000000000e+03
1.573000000000000000e+03
1.261000000000000000e+03
9.772000000000000000e+03
3.301000000000000000e+03
4.365000000000000000e+03
3.847000000000000000e+03
3.229000000000000000e+03
5.565000000000000000e+03
8.433000000000000000e+03
2.254000000000000000e+03
3.726000000000000000e+03
2.156000000000000000e+03
3.903000000000000000e+03
8.596000000000000000e+03
6.619000000000000000e+03
6.179000000000000000e+03
8.727000000000000000e+03
6.184000000000000000e+03
6.015000000000000000e+03
1.140000000000000000e+03
8.898000000000000000e+03
6.978000000000000000e+03
4.320000000000000000e+03
8.361000000000000000e+03
1.750000000000000000e+03
9.144000000000000000e+03
1.545000000000000000e+03
2.962000000000000000e+03
9.370000000000000000e+02
8.138000000000000000e+03
4.700000000000000000e+01
9.988000000000000000e+03
1.896000000000000000e+03
8.584000000000000000e+03
1.113000000000000000e+03
8.000000000000000000e+03
3.911000000000000000e+03
5.520000000000000000e+02
9.383000000000000000e+03
2.648000000000000000e+03
7.484000000000000000e+03
7.297000000000000000e+03
3.003000000000000000e+03
8.035000000000000000e+03
9.277000000000000000e+03
3.282000000000000000e+03
4.510000000000000000e+03
2.723000000000000000e+03
5.483000000000000000e+03
2.003000000000000000e+03
9.513000000000000000e+03
8.009000000000000000e+03
3.775000000000000000e+03
8.798000000000000000e+03
7.334000000000000000e+03
5.570000000000000000e+02
6.810000000000000000e+02
4.277000000000000000e+03
3.798000000000000000e+03
6.475000000000000000e+03
8.697000000000000000e+03
7.942000000000000000e+03
5.307000000000000000e+03
2.129000000000000000e+03
9.864000000000000000e+03
4.849000000000000000e+03
2.670000000000000000e+03
5.044000000000000000e+03
2.688000000000000000e+03
5.314000000000000000e+03
9.896000000000000000e+03
3.460000000000000000e+02
2.011000000000000000e+03
8.133000000000000000e+03
2.980000000000000000e+03
5.230000000000000000e+03
1.697000000000000000e+03
7.411000000000000000e+03
2.320000000000000000e+02
7.367000000000000000e+03
8.873000000000000000e+03
7.160000000000000000e+03
9.614000000000000000e+03
1.589000000000000000e+03
1.736000000000000000e+03
1.639000000000000000e+03
4.168000000000000000e+03
4.619000000000000000e+03
1.387000000000000000e+03
9.090000000000000000e+02
5.225000000000000000e+03
2.220000000000000000e+02
8.950000000000000000e+02
7.024000000000000000e+03
2.620000000000000000e+03
7.819000000000000000e+03
2.433000000000000000e+03
7.422000000000000000e+03
3.220000000000000000e+03
1.692000000000000000e+03
6.660000000000000000e+02
7.893000000000000000e+03
5.448000000000000000e+03
8.745000000000000000e+03
4.631000000000000000e+03
1.648000000000000000e+03
2.530000000000000000e+02
2.498000000000000000e+03
7.098000000000000000e+03
4.874000000000000000e+03
7.104000000000000000e+03
6.990000000000000000e+03
9.393000000000000000e+03
1.083000000000000000e+03
3.623000000000000000e+03
8.281000000000000000e+03
8.245000000000000000e+03
9.089000000000000000e+03
5.700000000000000000e+01
9.127000000000000000e+03
7.493000000000000000e+03
5.473000000000000000e+03
7.423000000000000000e+03
5.715000000000000000e+03
7.474000000000000000e+03
6.793000000000000000e+03
6.763000000000000000e+03
3.356000000000000000e+03
7.763000000000000000e+03
2.401000000000000000e+03
1.180000000000000000e+02
1.916000000000000000e+03
4.248000000000000000e+03
1.034000000000000000e+03
6.281000000000000000e+03
9.254000000000000000e+03
4.886000000000000000e+03
7.747000000000000000e+03
5.879000000000000000e+03
4.998000000000000000e+03
2.790000000000000000e+02
9.997000000000000000e+03
8.059000000000000000e+03
9.301000000000000000e+03
2.730000000000000000e+02
7.787000000000000000e+03
7.844000000000000000e+03
1.221000000000000000e+03
6.267000000000000000e+03
8.448000000000000000e+03
5.324000000000000000e+03
7.964000000000000000e+03
9.957000000000000000e+03
3.877000000000000000e+03
4.710000000000000000e+02
2.583000000000000000e+03
3.769000000000000000e+03
1.666000000000000000e+03
6.765000000000000000e+03
2.063000000000000000e+03
1.500000000000000000e+03
9.845000000000000000e+03
4.716000000000000000e+03
2.940000000000000000e+03
1.532000000000000000e+03
9.814000000000000000e+03
8.104000000000000000e+03
1.206000000000000000e+03
7.828000000000000000e+03
4.087000000000000000e+03
9.131000000000000000e+03
2.930000000000000000e+02
9.013000000000000000e+03
4.710000000000000000e+03
3.597000000000000000e+03
2.054000000000000000e+03
7.309000000000000000e+03
7.270000000000000000e+02
8.350000000000000000e+02
2.943000000000000000e+03
8.288000000000000000e+03
5.958000000000000000e+03
7.157000000000000000e+03
9.537000000000000000e+03
1.830000000000000000e+02
5.479000000000000000e+03
1.598000000000000000e+03
9.680000000000000000e+02
9.185000000000000000e+03
2.419000000000000000e+03
3.969000000000000000e+03
6.166000000000000000e+03
3.180000000000000000e+03
1.660000000000000000e+03
5.200000000000000000e+02
8.814000000000000000e+03
2.425000000000000000e+03
3.137000000000000000e+03
5.379000000000000000e+03
2.099000000000000000e+03
7.700000000000000000e+01
1.784000000000000000e+03
9.389000000000000000e+03
7.238000000000000000e+03
2.895000000000000000e+03
4.413000000000000000e+03
9.041000000000000000e+03
7.973000000000000000e+03
6.286000000000000000e+03
9.317000000000000000e+03
6.298000000000000000e+03
2.372000000000000000e+03
6.227000000000000000e+03
4.684000000000000000e+03
4.719000000000000000e+03
1.217000000000000000e+03
3.880000000000000000e+02
3.172000000000000000e+03
4.082000000000000000e+03
5.350000000000000000e+03
4.477000000000000000e+03
5.436000000000000000e+03
1.520000000000000000e+02
8.300000000000000000e+02
9.589000000000000000e+03
1.290000000000000000e+03
4.499000000000000000e+03
7.562000000000000000e+03
4.329000000000000000e+03
1.059000000000000000e+03
3.768000000000000000e+03
2.821000000000000000e+03
6.782000000000000000e+03
1.517000000000000000e+03
6.310000000000000000e+02
2.259000000000000000e+03
1.031000000000000000e+03
6.774000000000000000e+03
5.604000000000000000e+03
4.948000000000000000e+03
7.622000000000000000e+03
8.620000000000000000e+03
8.181000000000000000e+03
4.250000000000000000e+02
3.315000000000000000e+03
4.310000000000000000e+02
7.470000000000000000e+03
6.752000000000000000e+03
7.620000000000000000e+02
7.598000000000000000e+03
1.045000000000000000e+03
2.289000000000000000e+03
2.802000000000000000e+03
5.039000000000000000e+03
5.037000000000000000e+03
9.497000000000000000e+03
2.571000000000000000e+03
7.760000000000000000e+02
9.928000000000000000e+03
2.308000000000000000e+03
2.862000000000000000e+03
8.654000000000000000e+03
8.886000000000000000e+03
2.859000000000000000e+03
5.000000000000000000e+01
5.501000000000000000e+03
9.189000000000000000e+03
9.860000000000000000e+02
3.280000000000000000e+02
6.898000000000000000e+03
4.538000000000000000e+03
4.938000000000000000e+03
2.018000000000000000e+03
7.710000000000000000e+03
9.229000000000000000e+03
7.713000000000000000e+03
5.846000000000000000e+03
3.060000000000000000e+02
8.626000000000000000e+03
9.209000000000000000e+03
6.833000000000000000e+03
9.528000000000000000e+03
4.179000000000000000e+03
2.256000000000000000e+03
1.501000000000000000e+03
8.205000000000000000e+03
8.370000000000000000e+02
4.550000000000000000e+02
8.193000000000000000e+03
4.441000000000000000e+03
1.097000000000000000e+03
8.347000000000000000e+03
7.572000000000000000e+03
6.147000000000000000e+03
4.646000000000000000e+03
9.840000000000000000e+02
4.620000000000000000e+02
6.023000000000000000e+03
2.490000000000000000e+02
9.730000000000000000e+02
5.806000000000000000e+03
7.541000000000000000e+03
9.283000000000000000e+03
9.979000000000000000e+03
7.431000000000000000e+03
1.030000000000000000e+03
5.206000000000000000e+03
7.873000000000000000e+03
1.334000000000000000e+03
8.888000000000000000e+03
4.113000000000000000e+03
9.359000000000000000e+03
2.957000000000000000e+03
1.622000000000000000e+03
6.806000000000000000e+03
3.449000000000000000e+03
5.623000000000000000e+03
1.524000000000000000e+03
2.800000000000000000e+01
7.085000000000000000e+03
8.882000000000000000e+03
3.776000000000000000e+03
2.749000000000000000e+03
7.500000000000000000e+03
4.212000000000000000e+03
8.356000000000000000e+03
5.271000000000000000e+03
1.607000000000000000e+03
8.918000000000000000e+03
2.518000000000000000e+03
1.800000000000000000e+01
8.446000000000000000e+03
1.833000000000000000e+03
1.458000000000000000e+03
2.379000000000000000e+03
2.128000000000000000e+03
7.771000000000000000e+03
9.340000000000000000e+02
5.284000000000000000e+03
9.889000000000000000e+03
8.118000000000000000e+03
4.838000000000000000e+03
6.305000000000000000e+03
8.760000000000000000e+02
7.094000000000000000e+03
2.595000000000000000e+03
7.256000000000000000e+03
8.070000000000000000e+02
3.443000000000000000e+03
2.448000000000000000e+03
6.559000000000000000e+03
1.553000000000000000e+03
7.245000000000000000e+03
5.102000000000000000e+03
5.922000000000000000e+03
5.533000000000000000e+03
7.944000000000000000e+03
4.690000000000000000e+03
5.513000000000000000e+03
7.629000000000000000e+03
9.309000000000000000e+03
4.195000000000000000e+03
9.096000000000000000e+03
8.215000000000000000e+03
7.129000000000000000e+03
4.002000000000000000e+03
3.893000000000000000e+03
6.399000000000000000e+03
9.645000000000000000e+03
1.792000000000000000e+03
9.239000000000000000e+03
2.212000000000000000e+03
8.384000000000000000e+03
1.276000000000000000e+03
8.039000000000000000e+03
3.149000000000000000e+03
6.549000000000000000e+03
7.384000000000000000e+03
8.043000000000000000e+03
9.972000000000000000e+03
6.936000000000000000e+03
4.410000000000000000e+03
2.096000000000000000e+03
2.830000000000000000e+03
1.814000000000000000e+03
3.960000000000000000e+02
1.823000000000000000e+03
5.422000000000000000e+03
9.780000000000000000e+02
9.648000000000000000e+03
4.487000000000000000e+03
8.683000000000000000e+03
3.061000000000000000e+03
5.550000000000000000e+03
3.065000000000000000e+03
6.580000000000000000e+03
8.799000000000000000e+03
3.704000000000000000e+03
3.998000000000000000e+03
7.080000000000000000e+03
7.286000000000000000e+03
5.143000000000000000e+03
1.124000000000000000e+03
7.840000000000000000e+03
2.746000000000000000e+03
8.203000000000000000e+03
3.377000000000000000e+03
2.955000000000000000e+03
3.372000000000000000e+03
2.097000000000000000e+03
4.730000000000000000e+02
9.125000000000000000e+03
7.748000000000000000e+03
1.535000000000000000e+03
4.618000000000000000e+03
8.352000000000000000e+03
6.583000000000000000e+03
7.957000000000000000e+03
8.804000000000000000e+03
8.602000000000000000e+03
1.101000000000000000e+03
1.987000000000000000e+03
6.834000000000000000e+03
3.276000000000000000e+03
4.290000000000000000e+03
9.121000000000000000e+03
8.212000000000000000e+03
3.464000000000000000e+03
7.688000000000000000e+03
6.737000000000000000e+03
5.108000000000000000e+03
5.844000000000000000e+03
7.434000000000000000e+03
7.120000000000000000e+02
6.819000000000000000e+03
4.992000000000000000e+03
7.643000000000000000e+03
1.218000000000000000e+03
7.870000000000000000e+02
2.534000000000000000e+03
4.206000000000000000e+03
7.404000000000000000e+03
6.440000000000000000e+02
1.139000000000000000e+03
2.295000000000000000e+03
9.247000000000000000e+03
9.929000000000000000e+03
4.993000000000000000e+03
9.240000000000000000e+03
7.392000000000000000e+03
3.747000000000000000e+03
5.524000000000000000e+03
9.457000000000000000e+03
8.254000000000000000e+03
8.719000000000000000e+03
2.369000000000000000e+03
2.374000000000000000e+03
6.294000000000000000e+03
3.148000000000000000e+03
9.312000000000000000e+03
8.132000000000000000e+03
1.365000000000000000e+03
6.119000000000000000e+03
6.205000000000000000e+03
2.058000000000000000e+03
4.040000000000000000e+02
2.000000000000000000e+00
6.158000000000000000e+03
8.058000000000000000e+03
6.260000000000000000e+03
1.790000000000000000e+02
8.063000000000000000e+03
2.856000000000000000e+03
4.368000000000000000e+03
2.644000000000000000e+03
7.695000000000000000e+03
4.098000000000000000e+03
6.355000000000000000e+03
8.407000000000000000e+03
8.717000000000000000e+03
5.959000000000000000e+03
7.240000000000000000e+03
7.731000000000000000e+03
5.941000000000000000e+03
8.210000000000000000e+02
1.564000000000000000e+03
7.809000000000000000e+03
6.741000000000000000e+03
8.447000000000000000e+03
6.134000000000000000e+03
5.939000000000000000e+03
6.099000000000000000e+03
8.908000000000000000e+03
4.189000000000000000e+03
3.753000000000000000e+03
8.136000000000000000e+03
5.850000000000000000e+02
9.610000000000000000e+03
4.851000000000000000e+03
9.274000000000000000e+03
7.829000000000000000e+03
3.459000000000000000e+03
2.045000000000000000e+03
2.568000000000000000e+03
1.136000000000000000e+03
7.416000000000000000e+03
6.903000000000000000e+03
9.500000000000000000e+03
7.114000000000000000e+03
4.824000000000000000e+03
6.128000000000000000e+03
1.909000000000000000e+03
5.042000000000000000e+03
2.796000000000000000e+03
1.432000000000000000e+03
2.726000000000000000e+03
1.475000000000000000e+03
1.265000000000000000e+03
9.617000000000000000e+03
2.531000000000000000e+03
1.189000000000000000e+03
2.901000000000000000e+03
9.289000000000000000e+03
2.430000000000000000e+03
8.194000000000000000e+03
8.395000000000000000e+03
1.908000000000000000e+03
6.337000000000000000e+03
5.582000000000000000e+03
8.270000000000000000e+03
3.680000000000000000e+03
9.053000000000000000e+03
1.939000000000000000e+03
7.302000000000000000e+03
1.984000000000000000e+03
1.172000000000000000e+03
5.796000000000000000e+03
7.333000000000000000e+03
6.226000000000000000e+03
2.030000000000000000e+02
2.974000000000000000e+03
2.351000000000000000e+03
3.040000000000000000e+02
6.950000000000000000e+03
2.662000000000000000e+03
9.924000000000000000e+03
2.938000000000000000e+03
7.364000000000000000e+03
2.709000000000000000e+03
9.491000000000000000e+03
8.048000000000000000e+03
3.854000000000000000e+03
8.383000000000000000e+03
3.924000000000000000e+03
3.773000000000000000e+03
5.046000000000000000e+03
6.931000000000000000e+03
3.904000000000000000e+03
9.324000000000000000e+03
2.590000000000000000e+02
7.640000000000000000e+03
7.780000000000000000e+03
9.299000000000000000e+03
3.173000000000000000e+03
3.829000000000000000e+03
5.310000000000000000e+03
3.230000000000000000e+03
3.267000000000000000e+03
7.028000000000000000e+03
9.360000000000000000e+02
9.439000000000000000e+03
6.042000000000000000e+03
8.989000000000000000e+03
2.655000000000000000e+03
1.620000000000000000e+03
6.001000000000000000e+03
7.360000000000000000e+02
8.282000000000000000e+03
6.361000000000000000e+03
3.191000000000000000e+03
2.542000000000000000e+03
8.412000000000000000e+03
9.271000000000000000e+03
3.205000000000000000e+03
1.255000000000000000e+03
1.000000000000000000e+01
2.344000000000000000e+03
8.349000000000000000e+03
9.846000000000000000e+03
7.231000000000000000e+03
2.375000000000000000e+03
7.842000000000000000e+03
4.165000000000000000e+03
2.913000000000000000e+03
2.770000000000000000e+03
6.295000000000000000e+03
6.468000000000000000e+03
7.328000000000000000e+03
5.514000000000000000e+03
1.386000000000000000e+03
3.014000000000000000e+03
6.962000000000000000e+03
1.430000000000000000e+03
9.567000000000000000e+03
6.130000000000000000e+02
8.778000000000000000e+03
4.991000000000000000e+03
5.688000000000000000e+03
6.792000000000000000e+03
1.990000000000000000e+02
6.370000000000000000e+02
6.115000000000000000e+03
5.595000000000000000e+03
5.319000000000000000e+03
8.460000000000000000e+03
7.982000000000000000e+03
7.173000000000000000e+03
3.410000000000000000e+03
3.729000000000000000e+03
7.051000000000000000e+03
2.480000000000000000e+03
3.712000000000000000e+03
9.394000000000000000e+03
8.223000000000000000e+03
5.053000000000000000e+03
4.955000000000000000e+03
6.162000000000000000e+03
6.718000000000000000e+03
5.220000000000000000e+03
3.313000000000000000e+03
2.958000000000000000e+03
7.850000000000000000e+02
4.054000000000000000e+03
7.000000000000000000e+03
8.436000000000000000e+03
5.459000000000000000e+03
9.830000000000000000e+03
8.985000000000000000e+03
4.205000000000000000e+03
6.987000000000000000e+03
4.906000000000000000e+03
6.701000000000000000e+03
8.701000000000000000e+03
2.817000000000000000e+03
7.693000000000000000e+03
6.508000000000000000e+03
1.684000000000000000e+03
5.067000000000000000e+03
6.659000000000000000e+03
9.775000000000000000e+03
1.473000000000000000e+03
6.430000000000000000e+02
5.370000000000000000e+03
5.188000000000000000e+03
4.714000000000000000e+03
6.307000000000000000e+03
8.635000000000000000e+03
6.811000000000000000e+03
1.114000000000000000e+03
5.799000000000000000e+03
6.435000000000000000e+03
3.664000000000000000e+03
2.175000000000000000e+03
2.323000000000000000e+03
8.850000000000000000e+03
1.467000000000000000e+03
3.012000000000000000e+03
7.600000000000000000e+02
7.389000000000000000e+03
3.566000000000000000e+03
4.089000000000000000e+03
8.467000000000000000e+03
6.160000000000000000e+03
6.966000000000000000e+03
1.657000000000000000e+03
3.456000000000000000e+03
6.973000000000000000e+03
8.084000000000000000e+03
2.731000000000000000e+03
8.779000000000000000e+03
9.373000000000000000e+03
7.201000000000000000e+03
2.720000000000000000e+03
2.683000000000000000e+03
3.143000000000000000e+03
6.939000000000000000e+03
3.880000000000000000e+03
9.759000000000000000e+03
9.030000000000000000e+03
8.878000000000000000e+03
1.350000000000000000e+02
7.036000000000000000e+03
1.940000000000000000e+02
5.085000000000000000e+03
5.144000000000000000e+03
8.444000000000000000e+03
5.076000000000000000e+03
1.130000000000000000e+02
5.630000000000000000e+03
6.626000000000000000e+03
2.469000000000000000e+03
5.020000000000000000e+03
7.517000000000000000e+03
8.581000000000000000e+03
4.530000000000000000e+03
9.748000000000000000e+03
5.599000000000000000e+03
7.445000000000000000e+03
8.330000000000000000e+03
2.273000000000000000e+03
7.361000000000000000e+03
8.317000000000000000e+03
7.781000000000000000e+03
7.778000000000000000e+03
6.344000000000000000e+03
3.195000000000000000e+03
5.971000000000000000e+03
7.785000000000000000e+03
7.091000000000000000e+03
3.080000000000000000e+02
4.743000000000000000e+03
4.009000000000000000e+03
4.500000000000000000e+02
5.698000000000000000e+03
1.058000000000000000e+03
8.430000000000000000e+02
2.549000000000000000e+03
3.900000000000000000e+01
1.995000000000000000e+03
6.786000000000000000e+03
4.855000000000000000e+03
8.082000000000000000e+03
6.027000000000000000e+03
1.281000000000000000e+03
9.068000000000000000e+03
6.917000000000000000e+03
8.603000000000000000e+03
4.980000000000000000e+03
5.933000000000000000e+03
2.077000000000000000e+03
8.911000000000000000e+03
7.203000000000000000e+03
2.151000000000000000e+03
2.334000000000000000e+03
5.120000000000000000e+02
7.903000000000000000e+03
6.389000000000000000e+03
4.400000000000000000e+03
7.948000000000000000e+03
9.873000000000000000e+03
7.822000000000000000e+03
8.154000000000000000e+03
8.794000000000000000e+03
1.457000000000000000e+03
2.645000000000000000e+03
7.162000000000000000e+03
6.127000000000000000e+03
7.017000000000000000e+03
5.954000000000000000e+03
1.243000000000000000e+03
2.940000000000000000e+02
2.068000000000000000e+03
5.060000000000000000e+03
9.422000000000000000e+03
2.720000000000000000e+02
1.854000000000000000e+03
2.157000000000000000e+03
5.237000000000000000e+03
2.561000000000000000e+03
4.898000000000000000e+03
5.490000000000000000e+03
1.887000000000000000e+03
5.122000000000000000e+03
4.337000000000000000e+03
5.784000000000000000e+03
9.569000000000000000e+03
4.551000000000000000e+03
4.257000000000000000e+03
9.180000000000000000e+03
9.505000000000000000e+03
9.313000000000000000e+03
4.570000000000000000e+02
5.486000000000000000e+03
5.629000000000000000e+03
1.561000000000000000e+03
8.729000000000000000e+03
7.160000000000000000e+02
7.278000000000000000e+03
7.871000000000000000e+03
8.310000000000000000e+03
6.433000000000000000e+03
6.441000000000000000e+03
8.776000000000000000e+03
7.644000000000000000e+03
3.662000000000000000e+03
8.099000000000000000e+03
3.936000000000000000e+03
3.573000000000000000e+03
1.072000000000000000e+03
3.427000000000000000e+03
7.528000000000000000e+03
4.869000000000000000e+03
6.208000000000000000e+03
6.831000000000000000e+03
4.117000000000000000e+03
1.653000000000000000e+03
7.545000000000000000e+03
8.470000000000000000e+03
4.300000000000000000e+02
8.435000000000000000e+03
8.890000000000000000e+03
4.080000000000000000e+02
9.770000000000000000e+02
3.585000000000000000e+03
4.385000000000000000e+03
8.021000000000000000e+03
2.073000000000000000e+03
7.239000000000000000e+03
8.402000000000000000e+03
2.113000000000000000e+03
4.890000000000000000e+02
4.784000000000000000e+03
5.821000000000000000e+03
7.095000000000000000e+03
7.774000000000000000e+03
2.600000000000000000e+03
6.808000000000000000e+03
8.426000000000000000e+03
6.852000000000000000e+03
4.961000000000000000e+03
9.196000000000000000e+03
6.758000000000000000e+03
3.100000000000000000e+02
8.950000000000000000e+03
6.374000000000000000e+03
4.641000000000000000e+03
2.342000000000000000e+03
9.087000000000000000e+03
4.371000000000000000e+03
4.211000000000000000e+03
4.432000000000000000e+03
3.470000000000000000e+03
3.870000000000000000e+02
2.278000000000000000e+03
4.956000000000000000e+03
4.848000000000000000e+03
1.820000000000000000e+03
8.477000000000000000e+03
9.887000000000000000e+03
8.818000000000000000e+03
5.047000000000000000e+03
8.633000000000000000e+03
1.229000000000000000e+03
5.737000000000000000e+03
4.468000000000000000e+03
7.362000000000000000e+03
7.706000000000000000e+03
5.136000000000000000e+03
9.273000000000000000e+03
4.912000000000000000e+03
7.179000000000000000e+03
6.092000000000000000e+03
8.360000000000000000e+02
1.332000000000000000e+03
8.900000000000000000e+01
4.437000000000000000e+03
3.979000000000000000e+03
1.864000000000000000e+03
5.896000000000000000e+03
7.963000000000000000e+03
6.700000000000000000e+03
5.351000000000000000e+03
5.540000000000000000e+02
1.774000000000000000e+03
1.821000000000000000e+03
5.167000000000000000e+03
2.608000000000000000e+03
5.178000000000000000e+03
4.609000000000000000e+03
4.930000000000000000e+02
8.144000000000000000e+03
9.743000000000000000e+03
1.064000000000000000e+03
2.410000000000000000e+03
9.578000000000000000e+03
1.937000000000000000e+03
9.833000000000000000e+03
9.987000000000000000e+03
6.751000000000000000e+03
5.531000000000000000e+03
2.476000000000000000e+03
9.016000000000000000e+03
4.692000000000000000e+03
4.102000000000000000e+03
7.806000000000000000e+03
4.100000000000000000e+02
2.245000000000000000e+03
1.231000000000000000e+03
4.489000000000000000e+03
2.892000000000000000e+03
5.114000000000000000e+03
2.297000000000000000e+03
1.443000000000000000e+03
3.670000000000000000e+03
1.312000000000000000e+03
7.967000000000000000e+03
5.129000000000000000e+03
3.007000000000000000e+03
5.369000000000000000e+03
6.948000000000000000e+03
2.093000000000000000e+03
6.813000000000000000e+03
1.421000000000000000e+03
1.039000000000000000e+03
6.578000000000000000e+03
3.326000000000000000e+03
6.586000000000000000e+03
4.685000000000000000e+03
4.547000000000000000e+03
3.056000000000000000e+03
1.453000000000000000e+03
5.066000000000000000e+03
1.649000000000000000e+03
9.241000000000000000e+03
9.430000000000000000e+02
6.592000000000000000e+03
9.720000000000000000e+02
8.403000000000000000e+03
9.194000000000000000e+03
1.986000000000000000e+03
1.472000000000000000e+03
6.598000000000000000e+03
3.495000000000000000e+03
5.000000000000000000e+02
7.882000000000000000e+03
4.066000000000000000e+03
3.286000000000000000e+03
7.298000000000000000e+03
1.860000000000000000e+02
6.451000000000000000e+03
2.639000000000000000e+03
7.841000000000000000e+03
3.815000000000000000e+03
6.288000000000000000e+03
6.957000000000000000e+03
5.360000000000000000e+02
2.852000000000000000e+03
3.785000000000000000e+03
9.259000000000000000e+03
7.856000000000000000e+03
3.861000000000000000e+03
7.921000000000000000e+03
6.692000000000000000e+03
8.286000000000000000e+03
5.664000000000000000e+03
4.448000000000000000e+03
9.186000000000000000e+03
9.090000000000000000e+03
3.871000000000000000e+03
3.939000000000000000e+03
4.316000000000000000e+03
5.644000000000000000e+03
3.000000000000000000e+03
9.828000000000000000e+03
6.223000000000000000e+03
1.842000000000000000e+03
7.738000000000000000e+03
8.722000000000000000e+03
2.457000000000000000e+03
5.902000000000000000e+03
7.391000000000000000e+03
2.183000000000000000e+03
3.710000000000000000e+03
3.512000000000000000e+03
5.740000000000000000e+03
4.116000000000000000e+03
3.359000000000000000e+03
9.710000000000000000e+03
2.585000000000000000e+03
5.637000000000000000e+03
6.302000000000000000e+03
7.459000000000000000e+03
5.300000000000000000e+02
9.530000000000000000e+02
6.400000000000000000e+03
6.124000000000000000e+03
5.782000000000000000e+03
6.704000000000000000e+03
5.035000000000000000e+03
4.191000000000000000e+03
1.209000000000000000e+03
9.778000000000000000e+03
9.870000000000000000e+03
7.755000000000000000e+03
2.480000000000000000e+02
2.382000000000000000e+03
5.273000000000000000e+03
3.604000000000000000e+03
5.223000000000000000e+03
3.974000000000000000e+03
4.725000000000000000e+03
7.674000000000000000e+03
2.930000000000000000e+03
8.861000000000000000e+03
9.329000000000000000e+03
9.938000000000000000e+03
4.994000000000000000e+03
5.579000000000000000e+03
6.623000000000000000e+03
1.254000000000000000e+03
2.550000000000000000e+02
1.981000000000000000e+03
5.467000000000000000e+03
6.126000000000000000e+03
9.376000000000000000e+03
8.000000000000000000e+00
7.200000000000000000e+03
1.521000000000000000e+03
8.868000000000000000e+03
8.710000000000000000e+03
9.984000000000000000e+03
2.080000000000000000e+03
7.397000000000000000e+03
4.350000000000000000e+02
4.660000000000000000e+02
3.010000000000000000e+03
9.770000000000000000e+03
8.164000000000000000e+03
8.749000000000000000e+03
9.574000000000000000e+03
7.352000000000000000e+03
3.011000000000000000e+03
1.220000000000000000e+02
7.236000000000000000e+03
7.232000000000000000e+03
7.376000000000000000e+03
1.536000000000000000e+03
4.266000000000000000e+03
7.479000000000000000e+03
5.340000000000000000e+03
1.436000000000000000e+03
8.157000000000000000e+03
5.728000000000000000e+03
6.019000000000000000e+03
9.391000000000000000e+03
6.090000000000000000e+02
4.000000000000000000e+02
3.632000000000000000e+03
8.998000000000000000e+03
8.085000000000000000e+03
2.860000000000000000e+03
3.852000000000000000e+03
1.100000000000000000e+01
2.051000000000000000e+03
9.019000000000000000e+03
2.174000000000000000e+03
9.580000000000000000e+03
4.100000000000000000e+03
9.420000000000000000e+02
9.005000000000000000e+03
2.268000000000000000e+03
7.520000000000000000e+02
3.477000000000000000e+03
1.893000000000000000e+03
1.320000000000000000e+03
8.790000000000000000e+02
5.545000000000000000e+03
7.030000000000000000e+02
5.690000000000000000e+03
3.927000000000000000e+03
9.809000000000000000e+03
6.591000000000000000e+03
6.084000000000000000e+03
9.060000000000000000e+03
8.615000000000000000e+03
7.148000000000000000e+03
7.377000000000000000e+03
9.345000000000000000e+03
2.697000000000000000e+03
7.127000000000000000e+03
9.346000000000000000e+03
6.570000000000000000e+03
6.621000000000000000e+03
4.094000000000000000e+03
5.347000000000000000e+03
9.923000000000000000e+03
7.885000000000000000e+03
8.083000000000000000e+03
4.141000000000000000e+03
9.706000000000000000e+03
5.127000000000000000e+03
3.626000000000000000e+03
4.897000000000000000e+03
8.789000000000000000e+03
3.295000000000000000e+03
3.631000000000000000e+03
3.225000000000000000e+03
5.670000000000000000e+02
7.704000000000000000e+03
8.522000000000000000e+03
3.378000000000000000e+03
8.958000000000000000e+03
2.762000000000000000e+03
2.910000000000000000e+02
4.185000000000000000e+03
9.351000000000000000e+03
4.044000000000000000e+03
7.429000000000000000e+03
8.077000000000000000e+03
5.135000000000000000e+03
8.670000000000000000e+03
4.744000000000000000e+03
7.390000000000000000e+03
4.405000000000000000e+03
1.600000000000000000e+03
6.372000000000000000e+03
6.095000000000000000e+03
4.352000000000000000e+03
3.745000000000000000e+03
6.744000000000000000e+03
5.449000000000000000e+03
5.668000000000000000e+03
8.665000000000000000e+03
7.552000000000000000e+03
2.503000000000000000e+03
9.086000000000000000e+03
3.796000000000000000e+03
1.306000000000000000e+03
3.690000000000000000e+03
1.185000000000000000e+03
9.799000000000000000e+03
6.492000000000000000e+03
7.388000000000000000e+03
8.821000000000000000e+03
4.534000000000000000e+03
2.933000000000000000e+03
6.089000000000000000e+03
2.575000000000000000e+03
3.524000000000000000e+03
4.362000000000000000e+03
3.505000000000000000e+03
3.728000000000000000e+03
5.703000000000000000e+03
6.397000000000000000e+03
6.785000000000000000e+03
7.875000000000000000e+03
6.076000000000000000e+03
4.626000000000000000e+03
3.600000000000000000e+03
6.299000000000000000e+03
6.539000000000000000e+03
8.506000000000000000e+03
4.070000000000000000e+02
5.408000000000000000e+03
5.624000000000000000e+03
6.291000000000000000e+03
1.260000000000000000e+03
9.508000000000000000e+03
4.324000000000000000e+03
1.853000000000000000e+03
4.140000000000000000e+02
1.068000000000000000e+03
3.677000000000000000e+03
3.956000000000000000e+03
4.665000000000000000e+03
3.487000000000000000e+03
7.642000000000000000e+03
2.536000000000000000e+03
3.705000000000000000e+03
8.857000000000000000e+03
6.767000000000000000e+03
2.248000000000000000e+03
3.181000000000000000e+03
8.892000000000000000e+03
2.793000000000000000e+03
6.563000000000000000e+03
3.540000000000000000e+03
3.310000000000000000e+02
1.750000000000000000e+02
7.838000000000000000e+03
5.521000000000000000e+03
3.742000000000000000e+03
1.492000000000000000e+03
8.820000000000000000e+02
8.968000000000000000e+03
8.370000000000000000e+03
5.996000000000000000e+03
2.279000000000000000e+03
9.279000000000000000e+03
6.887000000000000000e+03
7.167000000000000000e+03
7.946000000000000000e+03
4.881000000000000000e+03
8.184000000000000000e+03
7.540000000000000000e+02
6.065000000000000000e+03
2.950000000000000000e+02
6.636000000000000000e+03
4.234000000000000000e+03
9.800000000000000000e+03
6.190000000000000000e+02
5.310000000000000000e+02
7.212000000000000000e+03
1.706000000000000000e+03
8.650000000000000000e+02
5.195000000000000000e+03
7.277000000000000000e+03
6.443000000000000000e+03
6.202000000000000000e+03
6.448000000000000000e+03
9.387000000000000000e+03
5.157000000000000000e+03
5.975000000000000000e+03
4.380000000000000000e+03
5.416000000000000000e+03
7.432000000000000000e+03
6.784000000000000000e+03
1.645000000000000000e+03
8.610000000000000000e+03
9.982000000000000000e+03
8.700000000000000000e+03
7.418000000000000000e+03
3.018000000000000000e+03
4.321000000000000000e+03
2.036000000000000000e+03
5.080000000000000000e+03
5.393000000000000000e+03
5.770000000000000000e+03
2.573000000000000000e+03
4.561000000000000000e+03
7.592000000000000000e+03
6.197000000000000000e+03
9.369000000000000000e+03
9.355000000000000000e+03
2.660000000000000000e+02
3.625000000000000000e+03
9.211000000000000000e+03
6.561000000000000000e+03
9.729000000000000000e+03
8.200000000000000000e+02
2.141000000000000000e+03
2.385000000000000000e+03
6.103000000000000000e+03
6.129000000000000000e+03
8.090000000000000000e+02
6.217000000000000000e+03
7.304000000000000000e+03
2.880000000000000000e+02
1.300000000000000000e+01
6.882000000000000000e+03
4.201000000000000000e+03
4.331000000000000000e+03
8.378000000000000000e+03
3.606000000000000000e+03
4.793000000000000000e+03
5.588000000000000000e+03
4.338000000000000000e+03
9.943000000000000000e+03
2.250000000000000000e+03
5.455000000000000000e+03
2.191000000000000000e+03
1.153000000000000000e+03
8.996000000000000000e+03
7.216000000000000000e+03
3.824000000000000000e+03
3.472000000000000000e+03
5.407000000000000000e+03
6.381000000000000000e+03
5.402000000000000000e+03
3.759000000000000000e+03
1.325000000000000000e+03
6.699000000000000000e+03
9.825000000000000000e+03
5.244000000000000000e+03
9.632000000000000000e+03
7.381000000000000000e+03
3.090000000000000000e+02
7.350000000000000000e+02
1.367000000000000000e+03
8.425000000000000000e+03
4.184000000000000000e+03
2.034000000000000000e+03
9.627000000000000000e+03
3.635000000000000000e+03
4.136000000000000000e+03
7.230000000000000000e+03
7.978000000000000000e+03
3.746000000000000000e+03
7.958000000000000000e+03
3.136000000000000000e+03
8.001000000000000000e+03
6.204000000000000000e+03
7.868000000000000000e+03
1.610000000000000000e+02
9.282000000000000000e+03
1.786000000000000000e+03
4.814000000000000000e+03
6.526000000000000000e+03
2.309000000000000000e+03
3.895000000000000000e+03
3.030000000000000000e+02
5.920000000000000000e+03
5.250000000000000000e+02
7.730000000000000000e+02
6.651000000000000000e+03
7.044000000000000000e+03
9.381000000000000000e+03
2.153000000000000000e+03
8.213000000000000000e+03
5.294000000000000000e+03
7.510000000000000000e+03
7.467000000000000000e+03
1.313000000000000000e+03
7.037000000000000000e+03
2.519000000000000000e+03
8.372000000000000000e+03
6.796000000000000000e+03
2.136000000000000000e+03
8.148000000000000000e+03
4.383000000000000000e+03
6.253000000000000000e+03
8.296000000000000000e+03
1.393000000000000000e+03
3.657000000000000000e+03
9.134000000000000000e+03
7.807000000000000000e+03
2.496000000000000000e+03
7.816000000000000000e+03
1.161000000000000000e+03
2.949000000000000000e+03
1.542000000000000000e+03
5.151000000000000000e+03
4.829000000000000000e+03
6.020000000000000000e+03
8.677000000000000000e+03
2.415000000000000000e+03
6.650000000000000000e+02
5.717000000000000000e+03
2.261000000000000000e+03
8.382000000000000000e+03
9.741000000000000000e+03
2.112000000000000000e+03
3.518000000000000000e+03
5.749000000000000000e+03
4.023000000000000000e+03
5.862000000000000000e+03
3.144000000000000000e+03
9.510000000000000000e+03
4.880000000000000000e+02
9.219000000000000000e+03
3.489000000000000000e+03
6.403000000000000000e+03
2.560000000000000000e+02
7.851000000000000000e+03
8.802000000000000000e+03
3.931000000000000000e+03
8.190000000000000000e+02
1.360000000000000000e+03
1.867000000000000000e+03
4.134000000000000000e+03
5.024000000000000000e+03
2.312000000000000000e+03
3.699000000000000000e+03
7.446000000000000000e+03
1.051000000000000000e+03
9.584000000000000000e+03
9.909000000000000000e+03
2.581000000000000000e+03
5.361000000000000000e+03
5.607000000000000000e+03
8.644000000000000000e+03
4.815000000000000000e+03
1.765000000000000000e+03
1.865000000000000000e+03
6.357000000000000000e+03
3.124000000000000000e+03
9.411000000000000000e+03
5.132000000000000000e+03
6.270000000000000000e+02
7.775000000000000000e+03
5.886000000000000000e+03
1.129000000000000000e+03
2.287000000000000000e+03
1.886000000000000000e+03
9.083000000000000000e+03
7.753000000000000000e+03
5.432000000000000000e+03
7.879000000000000000e+03
6.920000000000000000e+03
7.566000000000000000e+03
1.978000000000000000e+03
8.936000000000000000e+03
1.663000000000000000e+03
6.180000000000000000e+02
5.301000000000000000e+03
6.319000000000000000e+03
4.197000000000000000e+03
4.676000000000000000e+03
4.280000000000000000e+02
2.602000000000000000e+03
9.408000000000000000e+03
1.550000000000000000e+03
2.240000000000000000e+03
1.715000000000000000e+03
6.525000000000000000e+03
6.060000000000000000e+02
5.655000000000000000e+03
6.899000000000000000e+03
3.132000000000000000e+03
4.302000000000000000e+03
7.548000000000000000e+03
3.481000000000000000e+03
3.693000000000000000e+03
3.923000000000000000e+03
8.086000000000000000e+03
8.264000000000000000e+03
7.110000000000000000e+03
7.369000000000000000e+03
8.242000000000000000e+03
1.782000000000000000e+03
4.757000000000000000e+03
4.456000000000000000e+03
9.244000000000000000e+03
9.421000000000000000e+03
1.721000000000000000e+03
7.141000000000000000e+03
4.927000000000000000e+03
1.247000000000000000e+03
6.386000000000000000e+03
3.761000000000000000e+03
5.434000000000000000e+03
4.928000000000000000e+03
1.104000000000000000e+03
7.680000000000000000e+03
2.255000000000000000e+03
2.939000000000000000e+03
5.760000000000000000e+03
4.088000000000000000e+03
4.520000000000000000e+03
5.943000000000000000e+03
7.542000000000000000e+03
5.818000000000000000e+03
4.154000000000000000e+03
7.052000000000000000e+03
7.720000000000000000e+02
3.889000000000000000e+03
6.753000000000000000e+03
2.466000000000000000e+03
3.644000000000000000e+03
1.901000000000000000e+03
2.299000000000000000e+03
8.280000000000000000e+03
6.236000000000000000e+03
1.176000000000000000e+03
1.000000000000000000e+02
4.310000000000000000e+03
2.637000000000000000e+03
4.159000000000000000e+03
3.271000000000000000e+03
3.431000000000000000e+03
4.443000000000000000e+03
2.858000000000000000e+03
1.546000000000000000e+03
6.177000000000000000e+03
9.205000000000000000e+03
8.637000000000000000e+03
5.345000000000000000e+03
5.090000000000000000e+02
6.083000000000000000e+03
7.308000000000000000e+03
8.130000000000000000e+03
8.889000000000000000e+03
2.053000000000000000e+03
5.404000000000000000e+03
2.335000000000000000e+03
6.421000000000000000e+03
5.792000000000000000e+03
8.899000000000000000e+03
8.600000000000000000e+02
9.252000000000000000e+03
7.143000000000000000e+03
6.199000000000000000e+03
1.522000000000000000e+03
8.191000000000000000e+03
3.310000000000000000e+03
9.287000000000000000e+03
3.323000000000000000e+03
7.490000000000000000e+02
1.906000000000000000e+03
8.466000000000000000e+03
4.381000000000000000e+03
2.192000000000000000e+03
5.944000000000000000e+03
7.980000000000000000e+03
5.549000000000000000e+03
4.888000000000000000e+03
7.914000000000000000e+03
8.999000000000000000e+03
1.779000000000000000e+03
9.257000000000000000e+03
6.480000000000000000e+02
4.590000000000000000e+02
3.139000000000000000e+03
8.558000000000000000e+03
3.036000000000000000e+03
1.127000000000000000e+03
9.956000000000000000e+03
7.945000000000000000e+03
2.407000000000000000e+03
7.709000000000000000e+03
7.382000000000000000e+03
7.850000000000000000e+03
2.143000000000000000e+03
6.171000000000000000e+03
1.672000000000000000e+03
3.186000000000000000e+03
8.110000000000000000e+03
6.955000000000000000e+03
9.570000000000000000e+02
4.540000000000000000e+03
9.773000000000000000e+03
7.213000000000000000e+03
4.334000000000000000e+03
4.265000000000000000e+03
7.211000000000000000e+03
3.390000000000000000e+03
9.210000000000000000e+02
1.060000000000000000e+03
6.682000000000000000e+03
2.591000000000000000e+03
2.562000000000000000e+03
2.918000000000000000e+03
4.014000000000000000e+03
2.319000000000000000e+03
9.756000000000000000e+03
7.087000000000000000e+03
4.964000000000000000e+03
5.231000000000000000e+03
9.025000000000000000e+03
5.350000000000000000e+02
9.518000000000000000e+03
6.652000000000000000e+03
7.578000000000000000e+03
1.922000000000000000e+03
2.253000000000000000e+03
7.124000000000000000e+03
5.140000000000000000e+02
6.507000000000000000e+03
2.853000000000000000e+03
5.258000000000000000e+03
2.800000000000000000e+03
9.728000000000000000e+03
5.352000000000000000e+03
8.822000000000000000e+03
8.865000000000000000e+03
2.627000000000000000e+03
4.751000000000000000e+03
1.333000000000000000e+03
6.314000000000000000e+03
4.664000000000000000e+03
6.013000000000000000e+03
9.953000000000000000e+03
8.167000000000000000e+03
3.588000000000000000e+03
2.145000000000000000e+03
1.329000000000000000e+03
3.160000000000000000e+02
6.981000000000000000e+03
9.227000000000000000e+03
3.069000000000000000e+03
4.350000000000000000e+03
5.482000000000000000e+03
7.915000000000000000e+03
1.877000000000000000e+03
5.978000000000000000e+03
8.335000000000000000e+03
7.150000000000000000e+02
3.878000000000000000e+03
5.070000000000000000e+03
3.839000000000000000e+03
5.730000000000000000e+03
9.604000000000000000e+03
5.488000000000000000e+03
7.183000000000000000e+03
4.596000000000000000e+03
6.769000000000000000e+03
3.060000000000000000e+03
8.033000000000000000e+03
6.880000000000000000e+02
7.679000000000000000e+03
5.856000000000000000e+03
5.634000000000000000e+03
9.300000000000000000e+03
3.255000000000000000e+03
4.669000000000000000e+03
2.523000000000000000e+03
3.397000000000000000e+03
3.613000000000000000e+03
2.866000000000000000e+03
7.717000000000000000e+03
7.449000000000000000e+03
3.667000000000000000e+03
3.975000000000000000e+03
9.255000000000000000e+03
6.429000000000000000e+03
1.246000000000000000e+03
5.691000000000000000e+03
1.516000000000000000e+03
7.073000000000000000e+03
4.064000000000000000e+03
4.080000000000000000e+03
7.999000000000000000e+03
6.454000000000000000e+03
7.569000000000000000e+03
3.821000000000000000e+03
9.783000000000000000e+03
3.253000000000000000e+03
4.245000000000000000e+03
6.350000000000000000e+02
1.931000000000000000e+03
9.922000000000000000e+03
9.891000000000000000e+03
3.455000000000000000e+03
4.148000000000000000e+03
3.530000000000000000e+03
3.252000000000000000e+03
4.514000000000000000e+03
9.304000000000000000e+03
7.609000000000000000e+03
8.682000000000000000e+03
9.446000000000000000e+03
5.776000000000000000e+03
1.302000000000000000e+03
8.869000000000000000e+03
2.470000000000000000e+02
2.929000000000000000e+03
2.766000000000000000e+03
2.686000000000000000e+03
8.474000000000000000e+03
7.330000000000000000e+03
2.411000000000000000e+03
2.032000000000000000e+03
3.150000000000000000e+03
8.860000000000000000e+03
5.805000000000000000e+03
6.497000000000000000e+03
9.293000000000000000e+03
1.849000000000000000e+03
8.304000000000000000e+03
9.540000000000000000e+02
4.377000000000000000e+03
8.906000000000000000e+03
8.621000000000000000e+03
3.163000000000000000e+03
1.707000000000000000e+03
8.299000000000000000e+03
8.112000000000000000e+03
2.900000000000000000e+02
6.710000000000000000e+03
4.983000000000000000e+03
1.537000000000000000e+03
9.420000000000000000e+03
3.731000000000000000e+03
7.426000000000000000e+03
8.139000000000000000e+03
9.502000000000000000e+03
3.340000000000000000e+02
6.515000000000000000e+03
2.235000000000000000e+03
6.678000000000000000e+03
1.572000000000000000e+03
5.786000000000000000e+03
8.369000000000000000e+03
9.520000000000000000e+02
6.264000000000000000e+03
5.873000000000000000e+03
4.333000000000000000e+03
5.368000000000000000e+03
2.149000000000000000e+03
9.543000000000000000e+03
3.809000000000000000e+03
5.616000000000000000e+03
5.797000000000000000e+03
7.671000000000000000e+03
8.357000000000000000e+03
1.460000000000000000e+03
2.863000000000000000e+03
3.777000000000000000e+03
5.811000000000000000e+03
2.489000000000000000e+03
7.691000000000000000e+03
2.640000000000000000e+03
5.412000000000000000e+03
9.264000000000000000e+03
8.803000000000000000e+03
9.320000000000000000e+02
6.297000000000000000e+03
2.000000000000000000e+03
4.600000000000000000e+01
2.267000000000000000e+03
8.711000000000000000e+03
5.869000000000000000e+03
9.002000000000000000e+03
4.528000000000000000e+03
2.026000000000000000e+03
6.722000000000000000e+03
1.002000000000000000e+03
4.526000000000000000e+03
7.830000000000000000e+02
5.038000000000000000e+03
1.070000000000000000e+03
6.500000000000000000e+02
6.402000000000000000e+03
1.647000000000000000e+03
5.780000000000000000e+03
8.858000000000000000e+03
3.690000000000000000e+02
3.985000000000000000e+03
8.200000000000000000e+03
2.604000000000000000e+03
1.870000000000000000e+02
2.905000000000000000e+03
2.132000000000000000e+03
9.821000000000000000e+03
4.871000000000000000e+03
2.428000000000000000e+03
9.803000000000000000e+03
8.346000000000000000e+03
3.374000000000000000e+03
1.056000000000000000e+03
2.894000000000000000e+03
6.610000000000000000e+03
2.934000000000000000e+03
9.506000000000000000e+03
3.523000000000000000e+03
8.129000000000000000e+03
3.425000000000000000e+03
9.006000000000000000e+03
4.940000000000000000e+03
2.408000000000000000e+03
8.305000000000000000e+03
1.899000000000000000e+03
3.422000000000000000e+03
7.078000000000000000e+03
1.958000000000000000e+03
8.699000000000000000e+03
5.992000000000000000e+03
9.238000000000000000e+03
6.167000000000000000e+03
4.610000000000000000e+02
3.550000000000000000e+03
6.486000000000000000e+03
5.342000000000000000e+03
9.925000000000000000e+03
1.661000000000000000e+03
7.039000000000000000e+03
3.795000000000000000e+03
6.271000000000000000e+03
1.578000000000000000e+03
3.245000000000000000e+03
1.840000000000000000e+03
9.076000000000000000e+03
6.954000000000000000e+03
5.001000000000000000e+03
9.350000000000000000e+03
3.868000000000000000e+03
9.436000000000000000e+03
5.560000000000000000e+02
3.097000000000000000e+03
9.231000000000000000e+03
8.532000000000000000e+03
2.560000000000000000e+03
4.357000000000000000e+03
5.010000000000000000e+02
4.806000000000000000e+03
5.202000000000000000e+03
3.300000000000000000e+03
4.500000000000000000e+01
1.258000000000000000e+03
3.120000000000000000e+03
7.605000000000000000e+03
7.395000000000000000e+03
4.075000000000000000e+03
8.405000000000000000e+03
2.558000000000000000e+03
1.884000000000000000e+03
4.369000000000000000e+03
5.371000000000000000e+03
9.761000000000000000e+03
3.720000000000000000e+02
1.950000000000000000e+03
2.791000000000000000e+03
9.047000000000000000e+03
7.699000000000000000e+03
3.146000000000000000e+03
2.626000000000000000e+03
8.220000000000000000e+03
2.168000000000000000e+03
3.525000000000000000e+03
6.142000000000000000e+03
5.966000000000000000e+03
3.415000000000000000e+03
5.962000000000000000e+03
3.833000000000000000e+03
9.671000000000000000e+03
8.661000000000000000e+03
9.560000000000000000e+03
8.143000000000000000e+03
1.169000000000000000e+03
4.363000000000000000e+03
4.000000000000000000e+01
9.460000000000000000e+02
9.880000000000000000e+02
7.953000000000000000e+03
1.606000000000000000e+03
5.359000000000000000e+03
3.015000000000000000e+03
5.834000000000000000e+03
9.945000000000000000e+03
4.856000000000000000e+03
8.817000000000000000e+03
3.849000000000000000e+03
1.346000000000000000e+03
9.541000000000000000e+03
7.319000000000000000e+03
4.563000000000000000e+03
9.173000000000000000e+03
9.757000000000000000e+03
2.700000000000000000e+01
1.570000000000000000e+02
4.149000000000000000e+03
7.251000000000000000e+03
3.578000000000000000e+03
3.405000000000000000e+03
7.355000000000000000e+03
6.280000000000000000e+02
7.750000000000000000e+02
8.926000000000000000e+03
6.649000000000000000e+03
5.248000000000000000e+03
5.974000000000000000e+03
5.764000000000000000e+03
3.790000000000000000e+02
6.956000000000000000e+03
7.734000000000000000e+03
6.220000000000000000e+02
4.562000000000000000e+03
8.232000000000000000e+03
1.394000000000000000e+03
2.237000000000000000e+03
3.448000000000000000e+03
2.413000000000000000e+03
9.980000000000000000e+02
1.950000000000000000e+02
4.782000000000000000e+03
5.830000000000000000e+02
9.738000000000000000e+03
2.200000000000000000e+02
8.452000000000000000e+03
7.624000000000000000e+03
9.524000000000000000e+03
8.981000000000000000e+03
1.337000000000000000e+03
7.754000000000000000e+03
7.393000000000000000e+03
4.603000000000000000e+03
7.646000000000000000e+03
8.310000000000000000e+02
6.498000000000000000e+03
6.505000000000000000e+03
5.912000000000000000e+03
7.740000000000000000e+03
9.100000000000000000e+01
3.360000000000000000e+02
2.023000000000000000e+03
1.753000000000000000e+03
2.556000000000000000e+03
6.828000000000000000e+03
6.046000000000000000e+03
7.442000000000000000e+03
8.135000000000000000e+03
9.793000000000000000e+03
6.975000000000000000e+03
4.988000000000000000e+03
8.518000000000000000e+03
5.800000000000000000e+01
6.135000000000000000e+03
6.114000000000000000e+03
8.864000000000000000e+03
9.063000000000000000e+03
1.998000000000000000e+03
9.268000000000000000e+03
6.280000000000000000e+03
5.180000000000000000e+02
7.608000000000000000e+03
5.742000000000000000e+03
6.901000000000000000e+03
7.630000000000000000e+03
5.700000000000000000e+02
8.390000000000000000e+02
6.365000000000000000e+03
5.755000000000000000e+03
4.026000000000000000e+03
5.999000000000000000e+03
5.773000000000000000e+03
8.168000000000000000e+03
7.877000000000000000e+03
4.903000000000000000e+03
2.718000000000000000e+03
8.786000000000000000e+03
8.971000000000000000e+03
9.339000000000000000e+03
6.028000000000000000e+03
1.356000000000000000e+03
6.671000000000000000e+03
9.450000000000000000e+03
5.316000000000000000e+03
4.053000000000000000e+03
4.571000000000000000e+03
5.931000000000000000e+03
3.076000000000000000e+03
1.493000000000000000e+03
4.398000000000000000e+03
9.858000000000000000e+03
6.214000000000000000e+03
1.757000000000000000e+03
5.389000000000000000e+03
2.210000000000000000e+02
6.410000000000000000e+02
6.673000000000000000e+03
6.695000000000000000e+03
9.156000000000000000e+03
5.193000000000000000e+03
6.547000000000000000e+03
6.483000000000000000e+03
3.224000000000000000e+03
6.400000000000000000e+02
6.855000000000000000e+03
2.851000000000000000e+03
6.874000000000000000e+03
8.476000000000000000e+03
1.224000000000000000e+03
3.382000000000000000e+03
4.883000000000000000e+03
7.184000000000000000e+03
9.878000000000000000e+03
4.524000000000000000e+03
9.877000000000000000e+03
8.622000000000000000e+03
2.329000000000000000e+03
5.897000000000000000e+03
1.815000000000000000e+03
2.260000000000000000e+02
8.180000000000000000e+03
5.829000000000000000e+03
5.026000000000000000e+03
2.288000000000000000e+03
3.816000000000000000e+03
4.560000000000000000e+02
6.902000000000000000e+03
9.531000000000000000e+03
8.705000000000000000e+03
8.258000000000000000e+03
3.888000000000000000e+03
6.921000000000000000e+03
2.935000000000000000e+03
2.125000000000000000e+03
7.930000000000000000e+02
2.671000000000000000e+03
4.501000000000000000e+03
7.667000000000000000e+03
7.332000000000000000e+03
7.670000000000000000e+02
2.925000000000000000e+03
2.760000000000000000e+03
6.175000000000000000e+03
6.030000000000000000e+02
9.443000000000000000e+03
8.069000000000000000e+03
1.801000000000000000e+03
8.863000000000000000e+03
6.910000000000000000e+03
4.036000000000000000e+03
3.178000000000000000e+03
1.486000000000000000e+03
2.975000000000000000e+03
7.820000000000000000e+02
8.577000000000000000e+03
7.357000000000000000e+03
5.872000000000000000e+03
4.765000000000000000e+03
7.597000000000000000e+03
4.330000000000000000e+02
1.979000000000000000e+03
1.041000000000000000e+03
1.982000000000000000e+03
4.699000000000000000e+03
3.327000000000000000e+03
7.902000000000000000e+03
4.460000000000000000e+02
1.990000000000000000e+03
8.480000000000000000e+02
4.758000000000000000e+03
5.761000000000000000e+03
5.556000000000000000e+03
3.440000000000000000e+03
6.641000000000000000e+03
4.320000000000000000e+02
1.808000000000000000e+03
9.137000000000000000e+03
4.559000000000000000e+03
7.784000000000000000e+03
3.593000000000000000e+03
5.504000000000000000e+03
3.885000000000000000e+03
6.345000000000000000e+03
3.030000000000000000e+03
1.400000000000000000e+02
8.535000000000000000e+03
6.865000000000000000e+03
6.863000000000000000e+03
6.419000000000000000e+03
3.123000000000000000e+03
4.454000000000000000e+03
9.221000000000000000e+03
9.737000000000000000e+03
1.644000000000000000e+03
1.242000000000000000e+03
6.674000000000000000e+03
4.830000000000000000e+02
7.314000000000000000e+03
7.649000000000000000e+03
3.469000000000000000e+03
5.417000000000000000e+03
7.221000000000000000e+03
6.293000000000000000e+03
6.482000000000000000e+03
7.040000000000000000e+02
3.231000000000000000e+03
4.943000000000000000e+03
4.574000000000000000e+03
6.164000000000000000e+03
8.090000000000000000e+03
5.110000000000000000e+02
2.478000000000000000e+03
1.066000000000000000e+03
3.916000000000000000e+03
1.549000000000000000e+03
7.491000000000000000e+03
8.171000000000000000e+03
6.303000000000000000e+03
9.776000000000000000e+03
7.204000000000000000e+03
9.074000000000000000e+03
6.705000000000000000e+03
5.889000000000000000e+03
5.822000000000000000e+03
8.060000000000000000e+03
8.534000000000000000e+03
2.070000000000000000e+03
1.380000000000000000e+02
8.801000000000000000e+03
6.324000000000000000e+03
2.336000000000000000e+03
5.246000000000000000e+03
1.418000000000000000e+03
8.617000000000000000e+03
6.584000000000000000e+03
9.615000000000000000e+03
1.029000000000000000e+03
8.740000000000000000e+03
1.771000000000000000e+03
2.547000000000000000e+03
5.596000000000000000e+03
8.904000000000000000e+03
9.952000000000000000e+03
3.639000000000000000e+03
4.410000000000000000e+02
7.002000000000000000e+03
7.561000000000000000e+03
2.392000000000000000e+03
9.224000000000000000e+03
9.861000000000000000e+03
9.316000000000000000e+03
7.086000000000000000e+03
8.000000000000000000e+02
8.341000000000000000e+03
3.716000000000000000e+03
7.427000000000000000e+03
5.906000000000000000e+03
7.338000000000000000e+03
6.237000000000000000e+03
9.050000000000000000e+03
6.664000000000000000e+03
5.775000000000000000e+03
5.682000000000000000e+03
5.150000000000000000e+03
7.430000000000000000e+03
6.334000000000000000e+03
1.390000000000000000e+03
8.582000000000000000e+03
8.636000000000000000e+03
3.915000000000000000e+03
7.810000000000000000e+03
1.817000000000000000e+03
3.324000000000000000e+03
3.468000000000000000e+03
6.220000000000000000e+03
2.353000000000000000e+03
2.739000000000000000e+03
5.705000000000000000e+03
3.095000000000000000e+03
2.526000000000000000e+03
7.264000000000000000e+03
9.600000000000000000e+01
6.318000000000000000e+03
6.322000000000000000e+03
5.500000000000000000e+01
5.577000000000000000e+03
9.305000000000000000e+03
5.870000000000000000e+02
4.033000000000000000e+03
7.137000000000000000e+03
7.294000000000000000e+03
4.929000000000000000e+03
5.517000000000000000e+03
5.328000000000000000e+03
7.375000000000000000e+03
9.555000000000000000e+03
5.965000000000000000e+03
4.325000000000000000e+03
7.068000000000000000e+03
3.316000000000000000e+03
5.539000000000000000e+03
7.266000000000000000e+03
2.272000000000000000e+03
1.670000000000000000e+03
4.073000000000000000e+03
6.016000000000000000e+03
2.981000000000000000e+03
8.668000000000000000e+03
9.999000000000000000e+03
2.477000000000000000e+03
9.792000000000000000e+03
9.683000000000000000e+03
6.822000000000000000e+03
3.290000000000000000e+02
3.959000000000000000e+03
3.020000000000000000e+02
2.015000000000000000e+03
1.642000000000000000e+03
5.123000000000000000e+03
2.500000000000000000e+03
6.477000000000000000e+03
9.752000000000000000e+03
2.030000000000000000e+03
8.201000000000000000e+03
6.148000000000000000e+03
6.032000000000000000e+03
9.504000000000000000e+03
9.318000000000000000e+03
8.179000000000000000e+03
3.299000000000000000e+03
1.669000000000000000e+03
1.928000000000000000e+03
2.631000000000000000e+03
5.651000000000000000e+03
8.490000000000000000e+02
4.679000000000000000e+03
2.117000000000000000e+03
3.118000000000000000e+03
7.083000000000000000e+03
4.746000000000000000e+03
5.750000000000000000e+02
4.542000000000000000e+03
4.535000000000000000e+03
8.523000000000000000e+03
6.908000000000000000e+03
5.699000000000000000e+03
5.049000000000000000e+03
2.275000000000000000e+03
1.575000000000000000e+03
8.695000000000000000e+03
8.268000000000000000e+03
2.845000000000000000e+03
4.951000000000000000e+03
3.026000000000000000e+03
6.458000000000000000e+03
8.753000000000000000e+03
4.760000000000000000e+02
5.159000000000000000e+03
3.447000000000000000e+03
8.836000000000000000e+03
8.748000000000000000e+03
6.979000000000000000e+03
5.686000000000000000e+03
6.804000000000000000e+03
4.974000000000000000e+03
5.895000000000000000e+03
5.874000000000000000e+03
1.489000000000000000e+03
5.288000000000000000e+03
1.762000000000000000e+03
9.780000000000000000e+03
1.797000000000000000e+03
2.540000000000000000e+02
3.941000000000000000e+03
9.342000000000000000e+03
8.321000000000000000e+03
4.628000000000000000e+03
8.933000000000000000e+03
5.471000000000000000e+03
8.040000000000000000e+02
4.990000000000000000e+03
3.238000000000000000e+03
5.654000000000000000e+03
7.802000000000000000e+03
8.398000000000000000e+03
9.461000000000000000e+03
6.087000000000000000e+03
3.025000000000000000e+03
1.630000000000000000e+02
1.791000000000000000e+03
7.606000000000000000e+03
6.161000000000000000e+03
8.978000000000000000e+03
5.911000000000000000e+03
5.286000000000000000e+03
8.284000000000000000e+03
9.161000000000000000e+03
3.581000000000000000e+03
