2.144000000000000000e+03
4.233000000000000000e+03
5.247000000000000000e+03
6.780000000000000000e+02
9.918000000000000000e+03
2.682000000000000000e+03
7.893000000000000000e+03
6.659000000000000000e+03
9.637000000000000000e+03
3.976000000000000000e+03
5.061000000000000000e+03
4.870000000000000000e+02
3.982000000000000000e+03
3.800000000000000000e+01
7.075000000000000000e+03
4.532000000000000000e+03
7.415000000000000000e+03
7.360000000000000000e+03
9.535000000000000000e+03
9.519000000000000000e+03
4.805000000000000000e+03
1.562000000000000000e+03
2.899000000000000000e+03
4.768000000000000000e+03
8.690000000000000000e+02
9.717000000000000000e+03
6.377000000000000000e+03
4.278000000000000000e+03
1.591000000000000000e+03
9.400000000000000000e+02
4.971000000000000000e+03
2.112000000000000000e+03
6.470000000000000000e+03
8.813000000000000000e+03
6.655000000000000000e+03
6.173000000000000000e+03
4.176000000000000000e+03
4.070000000000000000e+03
7.640000000000000000e+02
2.401000000000000000e+03
5.840000000000000000e+02
9.843000000000000000e+03
1.729000000000000000e+03
2.451000000000000000e+03
8.334000000000000000e+03
3.805000000000000000e+03
3.900000000000000000e+02
5.553000000000000000e+03
9.301000000000000000e+03
8.458000000000000000e+03
3.263000000000000000e+03
3.830000000000000000e+03
8.389000000000000000e+03
1.773000000000000000e+03
1.490000000000000000e+02
2.525000000000000000e+03
1.460000000000000000e+02
6.465000000000000000e+03
5.617000000000000000e+03
7.105000000000000000e+03
7.106000000000000000e+03
6.380000000000000000e+03
2.571000000000000000e+03
5.439000000000000000e+03
6.587000000000000000e+03
3.752000000000000000e+03
5.136000000000000000e+03
3.736000000000000000e+03
2.106000000000000000e+03
8.114000000000000000e+03
9.812000000000000000e+03
7.910000000000000000e+03
6.837000000000000000e+03
2.304000000000000000e+03
2.187000000000000000e+03
3.514000000000000000e+03
3.030000000000000000e+02
5.100000000000000000e+03
2.300000000000000000e+02
2.630000000000000000e+02
5.433000000000000000e+03
3.502000000000000000e+03
3.487000000000000000e+03
2.510000000000000000e+02
2.258000000000000000e+03
6.890000000000000000e+03
8.028000000000000000e+03
6.639000000000000000e+03
2.104000000000000000e+03
6.774000000000000000e+03
9.665000000000000000e+03
2.462000000000000000e+03
2.446000000000000000e+03
4.072000000000000000e+03
2.444000000000000000e+03
3.325000000000000000e+03
4.995000000000000000e+03
1.970000000000000000e+03
5.117000000000000000e+03
6.694000000000000000e+03
7.840000000000000000e+03
3.633000000000000000e+03
8.145000000000000000e+03
9.714000000000000000e+03
6.763000000000000000e+03
9.720000000000000000e+03
3.601000000000000000e+03
6.986000000000000000e+03
1.996000000000000000e+03
5.647000000000000000e+03
1.559000000000000000e+03
2.264000000000000000e+03
5.947000000000000000e+03
7.180000000000000000e+03
6.710000000000000000e+02
7.421000000000000000e+03
7.331000000000000000e+03
3.142000000000000000e+03
7.440000000000000000e+03
9.640000000000000000e+02
3.135000000000000000e+03
9.820000000000000000e+02
7.250000000000000000e+02
9.109000000000000000e+03
6.195000000000000000e+03
4.246000000000000000e+03
4.166000000000000000e+03
4.248000000000000000e+03
9.100000000000000000e+03
5.186000000000000000e+03
6.170000000000000000e+02
6.320000000000000000e+02
9.095000000000000000e+03
8.883000000000000000e+03
1.252000000000000000e+03
3.072000000000000000e+03
6.460000000000000000e+02
9.968000000000000000e+03
5.723000000000000000e+03
2.840000000000000000e+03
3.058000000000000000e+03
4.740000000000000000e+03
1.291000000000000000e+03
7.170000000000000000e+03
4.830000000000000000e+03
3.031000000000000000e+03
5.194000000000000000e+03
4.135000000000000000e+03
5.849000000000000000e+03
9.514000000000000000e+03
8.697000000000000000e+03
5.580000000000000000e+02
6.310000000000000000e+03
9.090000000000000000e+02
2.612000000000000000e+03
1.494000000000000000e+03
2.952000000000000000e+03
9.996000000000000000e+03
4.156000000000000000e+03
6.339000000000000000e+03
6.268000000000000000e+03
5.925000000000000000e+03
8.745000000000000000e+03
1.080000000000000000e+02
9.295000000000000000e+03
3.165000000000000000e+03
9.160000000000000000e+03
5.351000000000000000e+03
7.058000000000000000e+03
1.136000000000000000e+03
7.826000000000000000e+03
2.576000000000000000e+03
7.180000000000000000e+02
6.401000000000000000e+03
4.839000000000000000e+03
1.398000000000000000e+03
1.410000000000000000e+02
6.586000000000000000e+03
7.918000000000000000e+03
7.107000000000000000e+03
9.769000000000000000e+03
4.655000000000000000e+03
5.736000000000000000e+03
1.141000000000000000e+03
4.396000000000000000e+03
1.091000000000000000e+03
8.049000000000000000e+03
4.619000000000000000e+03
4.478000000000000000e+03
8.010000000000000000e+02
1.020000000000000000e+03
9.209000000000000000e+03
9.744000000000000000e+03
9.336000000000000000e+03
2.520000000000000000e+02
2.120000000000000000e+03
9.349000000000000000e+03
8.655000000000000000e+03
6.725000000000000000e+03
3.826000000000000000e+03
1.387000000000000000e+03
1.755000000000000000e+03
8.750000000000000000e+03
3.926000000000000000e+03
9.580000000000000000e+03
6.435000000000000000e+03
6.431000000000000000e+03
1.826000000000000000e+03
8.726000000000000000e+03
6.286000000000000000e+03
1.620000000000000000e+03
4.890000000000000000e+03
8.593000000000000000e+03
8.620000000000000000e+03
9.532000000000000000e+03
5.310000000000000000e+02
4.080000000000000000e+03
4.940000000000000000e+02
8.181000000000000000e+03
8.366000000000000000e+03
1.376000000000000000e+03
8.196000000000000000e+03
9.412000000000000000e+03
8.953000000000000000e+03
6.113000000000000000e+03
3.701000000000000000e+03
3.705000000000000000e+03
3.711000000000000000e+03
4.330000000000000000e+03
4.954000000000000000e+03
8.907000000000000000e+03
1.284000000000000000e+03
5.539000000000000000e+03
3.762000000000000000e+03
3.798000000000000000e+03
1.322000000000000000e+03
5.680000000000000000e+03
4.199000000000000000e+03
8.364000000000000000e+03
9.440000000000000000e+03
1.281000000000000000e+03
1.889000000000000000e+03
7.864000000000000000e+03
1.440000000000000000e+02
5.192000000000000000e+03
2.532000000000000000e+03
7.824000000000000000e+03
5.101000000000000000e+03
6.960000000000000000e+03
7.786000000000000000e+03
2.854000000000000000e+03
7.198000000000000000e+03
7.450000000000000000e+03
7.586000000000000000e+03
2.667000000000000000e+03
6.953000000000000000e+03
3.008000000000000000e+03
2.752000000000000000e+03
3.450000000000000000e+03
2.433000000000000000e+03
7.369000000000000000e+03
1.000000000000000000e+00
5.144000000000000000e+03
7.212000000000000000e+03
1.730000000000000000e+02
1.640000000000000000e+02
7.765000000000000000e+03
2.941000000000000000e+03
7.573000000000000000e+03
9.828000000000000000e+03
2.522000000000000000e+03
2.725000000000000000e+03
2.943000000000000000e+03
3.254000000000000000e+03
3.384000000000000000e+03
5.970000000000000000e+02
1.317000000000000000e+03
6.210000000000000000e+03
8.143000000000000000e+03
3.170000000000000000e+02
3.163000000000000000e+03
3.310000000000000000e+02
9.722000000000000000e+03
3.166000000000000000e+03
6.279000000000000000e+03
3.190000000000000000e+02
1.568000000000000000e+03
2.609000000000000000e+03
7.066000000000000000e+03
2.514000000000000000e+03
4.947000000000000000e+03
1.530000000000000000e+02
4.923000000000000000e+03
6.508000000000000000e+03
3.905000000000000000e+03
1.697000000000000000e+03
6.672000000000000000e+03
7.091000000000000000e+03
7.017000000000000000e+03
9.570000000000000000e+03
1.310000000000000000e+02
4.882000000000000000e+03
5.406000000000000000e+03
5.407000000000000000e+03
1.560000000000000000e+03
9.892000000000000000e+03
6.727000000000000000e+03
7.703000000000000000e+03
7.693000000000000000e+03
5.191000000000000000e+03
5.365000000000000000e+03
8.814000000000000000e+03
2.136000000000000000e+03
1.100000000000000000e+01
2.880000000000000000e+02
9.961000000000000000e+03
8.952000000000000000e+03
9.421000000000000000e+03
3.060000000000000000e+03
4.760000000000000000e+03
9.433000000000000000e+03
9.335000000000000000e+03
4.404000000000000000e+03
4.371000000000000000e+03
4.441000000000000000e+03
1.274000000000000000e+03
4.629000000000000000e+03
1.279000000000000000e+03
8.090000000000000000e+02
7.572000000000000000e+03
7.396000000000000000e+03
1.535000000000000000e+03
2.572000000000000000e+03
4.730000000000000000e+02
7.696000000000000000e+03
2.219000000000000000e+03
4.699000000000000000e+03
5.255000000000000000e+03
8.406000000000000000e+03
2.071000000000000000e+03
2.291000000000000000e+03
1.423000000000000000e+03
4.736000000000000000e+03
2.651000000000000000e+03
1.392000000000000000e+03
3.348000000000000000e+03
6.583000000000000000e+03
7.858000000000000000e+03
5.489000000000000000e+03
4.494000000000000000e+03
4.599000000000000000e+03
5.833000000000000000e+03
1.294000000000000000e+03
5.298000000000000000e+03
9.720000000000000000e+02
9.133000000000000000e+03
1.241000000000000000e+03
6.524000000000000000e+03
2.215000000000000000e+03
2.210000000000000000e+03
7.480000000000000000e+02
4.450000000000000000e+03
3.293000000000000000e+03
8.234000000000000000e+03
4.359000000000000000e+03
5.810000000000000000e+02
7.471000000000000000e+03
6.773000000000000000e+03
3.177000000000000000e+03
6.395000000000000000e+03
2.566000000000000000e+03
1.603000000000000000e+03
7.889000000000000000e+03
9.199000000000000000e+03
8.862000000000000000e+03
8.590000000000000000e+02
4.225000000000000000e+03
6.150000000000000000e+02
2.942000000000000000e+03
5.809000000000000000e+03
6.304000000000000000e+03
5.578000000000000000e+03
6.432000000000000000e+03
4.700000000000000000e+01
6.073000000000000000e+03
6.057000000000000000e+03
1.714000000000000000e+03
2.962000000000000000e+03
6.379000000000000000e+03
7.300000000000000000e+02
8.410000000000000000e+03
1.316000000000000000e+03
1.463000000000000000e+03
3.754000000000000000e+03
7.944000000000000000e+03
1.910000000000000000e+02
6.708000000000000000e+03
6.607000000000000000e+03
9.566000000000000000e+03
1.390000000000000000e+02
1.037000000000000000e+03
9.845000000000000000e+03
4.297000000000000000e+03
9.529000000000000000e+03
3.220000000000000000e+03
9.957000000000000000e+03
3.841000000000000000e+03
1.687000000000000000e+03
2.996000000000000000e+03
6.230000000000000000e+02
9.322000000000000000e+03
5.745000000000000000e+03
1.243000000000000000e+03
7.118000000000000000e+03
9.671000000000000000e+03
3.985000000000000000e+03
4.887000000000000000e+03
9.703000000000000000e+03
4.992000000000000000e+03
7.989000000000000000e+03
6.759000000000000000e+03
8.517000000000000000e+03
5.782000000000000000e+03
5.175000000000000000e+03
6.110000000000000000e+03
4.643000000000000000e+03
6.190000000000000000e+02
1.914000000000000000e+03
4.168000000000000000e+03
9.446000000000000000e+03
2.045000000000000000e+03
6.744000000000000000e+03
4.514000000000000000e+03
9.062000000000000000e+03
9.200000000000000000e+01
9.807000000000000000e+03
6.871000000000000000e+03
1.585000000000000000e+03
9.854000000000000000e+03
4.552000000000000000e+03
6.410000000000000000e+03
3.742000000000000000e+03
3.818000000000000000e+03
3.990000000000000000e+02
5.084000000000000000e+03
7.126000000000000000e+03
8.370000000000000000e+02
9.988000000000000000e+03
5.054000000000000000e+03
9.434000000000000000e+03
2.091000000000000000e+03
4.119000000000000000e+03
9.741000000000000000e+03
7.980000000000000000e+03
7.908000000000000000e+03
5.087000000000000000e+03
6.813000000000000000e+03
6.898000000000000000e+03
6.144000000000000000e+03
6.803000000000000000e+03
7.528000000000000000e+03
6.806000000000000000e+03
1.222000000000000000e+03
4.315000000000000000e+03
2.929000000000000000e+03
8.938000000000000000e+03
8.934000000000000000e+03
4.363000000000000000e+03
1.217000000000000000e+03
6.805000000000000000e+03
6.121000000000000000e+03
4.341000000000000000e+03
6.330000000000000000e+02
1.247000000000000000e+03
3.060000000000000000e+02
9.729000000000000000e+03
3.080000000000000000e+02
8.848000000000000000e+03
3.599000000000000000e+03
7.597000000000000000e+03
4.245000000000000000e+03
7.598000000000000000e+03
6.196000000000000000e+03
4.241000000000000000e+03
6.767000000000000000e+03
9.470000000000000000e+03
8.828000000000000000e+03
9.935000000000000000e+03
2.689000000000000000e+03
6.975000000000000000e+03
8.104000000000000000e+03
5.700000000000000000e+03
5.701000000000000000e+03
8.110000000000000000e+03
5.900000000000000000e+01
4.378000000000000000e+03
7.238000000000000000e+03
6.310000000000000000e+02
6.160000000000000000e+03
6.164000000000000000e+03
2.731000000000000000e+03
6.166000000000000000e+03
6.784000000000000000e+03
7.980000000000000000e+02
4.271000000000000000e+03
2.357000000000000000e+03
6.782000000000000000e+03
3.092000000000000000e+03
2.372000000000000000e+03
6.818000000000000000e+03
7.309000000000000000e+03
2.811000000000000000e+03
6.863000000000000000e+03
2.289000000000000000e+03
9.147000000000000000e+03
9.145000000000000000e+03
9.143000000000000000e+03
7.957000000000000000e+03
9.141000000000000000e+03
4.620000000000000000e+03
5.958000000000000000e+03
7.443000000000000000e+03
9.880000000000000000e+02
8.033000000000000000e+03
9.127000000000000000e+03
9.363000000000000000e+03
9.126000000000000000e+03
9.123000000000000000e+03
8.022000000000000000e+03
9.257000000000000000e+03
7.416000000000000000e+03
9.773000000000000000e+03
2.918000000000000000e+03
5.804000000000000000e+03
6.889000000000000000e+03
9.792000000000000000e+03
8.000000000000000000e+00
8.770000000000000000e+02
8.820000000000000000e+02
2.898000000000000000e+03
6.903000000000000000e+03
7.991000000000000000e+03
3.479000000000000000e+03
5.914000000000000000e+03
3.491000000000000000e+03
9.330000000000000000e+02
5.941000000000000000e+03
9.500000000000000000e+02
5.436000000000000000e+03
1.142000000000000000e+03
8.035000000000000000e+03
7.760000000000000000e+02
9.053000000000000000e+03
5.749000000000000000e+03
8.058000000000000000e+03
9.039000000000000000e+03
2.088000000000000000e+03
5.463000000000000000e+03
6.037000000000000000e+03
4.445000000000000000e+03
9.018000000000000000e+03
3.539000000000000000e+03
3.540000000000000000e+03
9.248000000000000000e+03
6.066000000000000000e+03
2.821000000000000000e+03
2.164000000000000000e+03
5.466000000000000000e+03
9.013000000000000000e+03
3.437000000000000000e+03
5.280000000000000000e+03
6.834000000000000000e+03
4.489000000000000000e+03
4.488000000000000000e+03
4.486000000000000000e+03
5.984000000000000000e+03
7.452000000000000000e+03
5.248000000000000000e+03
1.033000000000000000e+03
6.017000000000000000e+03
9.376000000000000000e+03
1.045000000000000000e+03
3.459000000000000000e+03
4.460000000000000000e+03
3.436000000000000000e+03
9.383000000000000000e+03
1.055000000000000000e+03
9.067000000000000000e+03
8.350000000000000000e+02
2.040000000000000000e+02
3.126000000000000000e+03
5.518000000000000000e+03
7.723000000000000000e+03
1.350000000000000000e+02
5.535000000000000000e+03
3.239000000000000000e+03
4.820000000000000000e+03
8.240000000000000000e+03
7.080000000000000000e+03
3.244000000000000000e+03
8.541000000000000000e+03
4.830000000000000000e+02
1.643000000000000000e+03
1.644000000000000000e+03
4.948000000000000000e+03
1.965000000000000000e+03
3.246000000000000000e+03
8.502000000000000000e+03
2.516000000000000000e+03
5.169000000000000000e+03
9.788000000000000000e+03
5.174000000000000000e+03
4.350000000000000000e+02
4.017000000000000000e+03
6.688000000000000000e+03
5.562000000000000000e+03
1.976000000000000000e+03
7.713000000000000000e+03
6.409000000000000000e+03
5.060000000000000000e+02
3.570000000000000000e+02
4.885000000000000000e+03
3.998000000000000000e+03
6.418000000000000000e+03
8.231000000000000000e+03
2.531000000000000000e+03
1.689000000000000000e+03
3.745000000000000000e+03
8.436000000000000000e+03
3.871000000000000000e+03
5.381000000000000000e+03
1.774000000000000000e+03
8.280000000000000000e+03
1.822000000000000000e+03
4.929000000000000000e+03
1.820000000000000000e+03
1.786000000000000000e+03
2.466000000000000000e+03
1.750000000000000000e+02
3.839000000000000000e+03
6.568000000000000000e+03
1.520000000000000000e+02
4.430000000000000000e+02
8.278000000000000000e+03
7.797000000000000000e+03
3.885000000000000000e+03
2.430000000000000000e+03
6.482000000000000000e+03
2.434000000000000000e+03
8.260000000000000000e+03
5.599000000000000000e+03
1.700000000000000000e+03
1.708000000000000000e+03
1.711000000000000000e+03
3.259000000000000000e+03
6.660000000000000000e+03
8.467000000000000000e+03
8.465000000000000000e+03
1.825000000000000000e+03
6.509000000000000000e+03
1.470000000000000000e+02
9.541000000000000000e+03
3.302000000000000000e+03
4.021000000000000000e+03
3.631000000000000000e+03
6.290000000000000000e+03
9.507000000000000000e+03
7.151000000000000000e+03
5.509000000000000000e+03
5.347000000000000000e+03
3.627000000000000000e+03
1.426000000000000000e+03
3.880000000000000000e+02
8.343000000000000000e+03
6.269000000000000000e+03
5.550000000000000000e+03
5.549000000000000000e+03
6.756000000000000000e+03
5.203000000000000000e+03
2.076000000000000000e+03
7.173000000000000000e+03
3.280000000000000000e+02
8.136000000000000000e+03
4.975000000000000000e+03
3.210000000000000000e+02
6.227000000000000000e+03
5.828000000000000000e+03
1.880000000000000000e+03
9.510000000000000000e+03
1.879000000000000000e+03
4.189000000000000000e+03
3.139000000000000000e+03
1.720000000000000000e+02
1.386000000000000000e+03
2.658000000000000000e+03
7.175000000000000000e+03
9.928000000000000000e+03
2.496000000000000000e+03
8.382000000000000000e+03
7.137000000000000000e+03
5.230000000000000000e+02
8.661000000000000000e+03
1.499000000000000000e+03
2.502000000000000000e+03
4.109000000000000000e+03
1.070000000000000000e+02
2.600000000000000000e+03
8.356000000000000000e+03
8.192000000000000000e+03
4.150000000000000000e+02
9.891000000000000000e+03
6.344000000000000000e+03
3.342000000000000000e+03
2.056000000000000000e+03
3.747000000000000000e+03
3.811000000000000000e+03
3.799000000000000000e+03
3.267000000000000000e+03
6.301000000000000000e+03
9.698000000000000000e+03
3.460000000000000000e+02
5.460000000000000000e+02
9.831000000000000000e+03
8.425000000000000000e+03
4.049000000000000000e+03
7.662000000000000000e+03
2.096000000000000000e+03
7.150000000000000000e+02
5.710000000000000000e+03
6.852000000000000000e+03
7.457000000000000000e+03
8.380000000000000000e+02
6.030000000000000000e+03
9.088000000000000000e+03
3.800000000000000000e+03
4.838000000000000000e+03
9.866000000000000000e+03
6.582000000000000000e+03
1.866000000000000000e+03
3.808000000000000000e+03
7.982000000000000000e+03
8.550000000000000000e+02
5.917000000000000000e+03
9.196000000000000000e+03
4.080000000000000000e+02
7.382000000000000000e+03
8.800000000000000000e+02
3.761000000000000000e+03
7.360000000000000000e+02
7.253000000000000000e+03
5.319000000000000000e+03
1.255000000000000000e+03
7.667000000000000000e+03
4.787000000000000000e+03
6.295000000000000000e+03
7.124000000000000000e+03
5.656000000000000000e+03
2.722000000000000000e+03
1.990000000000000000e+02
6.230000000000000000e+03
4.205000000000000000e+03
7.194000000000000000e+03
4.217000000000000000e+03
4.795000000000000000e+03
3.054000000000000000e+03
4.299000000000000000e+03
2.271000000000000000e+03
1.719000000000000000e+03
9.998000000000000000e+03
3.004000000000000000e+03
9.567000000000000000e+03
3.909000000000000000e+03
3.230000000000000000e+03
9.037000000000000000e+03
7.488000000000000000e+03
8.269000000000000000e+03
9.610000000000000000e+03
2.014000000000000000e+03
7.513000000000000000e+03
6.425000000000000000e+03
4.470000000000000000e+03
3.456000000000000000e+03
3.353000000000000000e+03
7.262000000000000000e+03
1.280000000000000000e+03
3.168000000000000000e+03
4.344000000000000000e+03
2.047000000000000000e+03
5.944000000000000000e+03
2.369000000000000000e+03
2.068000000000000000e+03
7.646000000000000000e+03
5.076000000000000000e+03
5.046000000000000000e+03
6.495000000000000000e+03
4.551000000000000000e+03
7.163000000000000000e+03
9.941000000000000000e+03
9.370000000000000000e+03
4.758000000000000000e+03
9.730000000000000000e+02
6.179000000000000000e+03
3.346000000000000000e+03
5.929000000000000000e+03
6.740000000000000000e+02
1.501000000000000000e+03
5.596000000000000000e+03
8.614000000000000000e+03
8.097000000000000000e+03
7.231000000000000000e+03
7.720000000000000000e+02
7.819000000000000000e+03
3.773000000000000000e+03
7.626000000000000000e+03
4.303000000000000000e+03
5.165000000000000000e+03
2.560000000000000000e+02
2.012000000000000000e+03
5.007000000000000000e+03
5.510000000000000000e+03
5.225000000000000000e+03
4.560000000000000000e+03
4.561000000000000000e+03
8.850000000000000000e+03
6.181000000000000000e+03
2.274000000000000000e+03
4.806000000000000000e+03
8.663000000000000000e+03
5.290000000000000000e+03
2.205000000000000000e+03
2.769000000000000000e+03
5.310000000000000000e+03
4.352000000000000000e+03
9.416000000000000000e+03
8.392000000000000000e+03
5.820000000000000000e+03
7.706000000000000000e+03
8.043000000000000000e+03
6.891000000000000000e+03
8.610000000000000000e+03
6.505000000000000000e+03
5.836000000000000000e+03
2.605000000000000000e+03
2.718000000000000000e+03
9.287000000000000000e+03
2.036000000000000000e+03
6.130000000000000000e+03
4.131000000000000000e+03
4.320000000000000000e+02
8.255000000000000000e+03
1.006000000000000000e+03
3.900000000000000000e+01
2.449000000000000000e+03
6.865000000000000000e+03
7.911000000000000000e+03
8.683000000000000000e+03
2.741000000000000000e+03
6.130000000000000000e+02
7.671000000000000000e+03
7.176000000000000000e+03
6.027000000000000000e+03
3.500000000000000000e+01
9.859000000000000000e+03
9.778000000000000000e+03
9.513000000000000000e+03
5.426000000000000000e+03
8.310000000000000000e+03
8.735000000000000000e+03
6.400000000000000000e+02
4.066000000000000000e+03
3.448000000000000000e+03
6.358000000000000000e+03
7.469000000000000000e+03
7.140000000000000000e+02
1.537000000000000000e+03
6.335000000000000000e+03
1.558000000000000000e+03
9.073000000000000000e+03
8.403000000000000000e+03
1.005000000000000000e+03
4.707000000000000000e+03
9.980000000000000000e+02
5.994000000000000000e+03
6.368000000000000000e+03
4.547000000000000000e+03
6.721000000000000000e+03
8.190000000000000000e+03
5.129000000000000000e+03
6.578000000000000000e+03
4.577000000000000000e+03
9.372000000000000000e+03
9.461000000000000000e+03
9.626000000000000000e+03
2.436000000000000000e+03
3.015000000000000000e+03
1.493000000000000000e+03
8.129000000000000000e+03
6.723000000000000000e+03
9.420000000000000000e+03
8.864000000000000000e+03
6.264000000000000000e+03
4.392000000000000000e+03
8.069000000000000000e+03
3.495000000000000000e+03
2.557000000000000000e+03
5.664000000000000000e+03
3.541000000000000000e+03
5.062000000000000000e+03
7.357000000000000000e+03
6.510000000000000000e+02
5.288000000000000000e+03
5.368000000000000000e+03
6.979000000000000000e+03
1.649000000000000000e+03
1.421000000000000000e+03
3.860000000000000000e+02
1.443000000000000000e+03
9.672000000000000000e+03
5.534000000000000000e+03
6.530000000000000000e+02
5.817000000000000000e+03
5.419000000000000000e+03
5.116000000000000000e+03
4.331000000000000000e+03
5.184000000000000000e+03
6.288000000000000000e+03
7.691000000000000000e+03
4.125000000000000000e+03
2.547000000000000000e+03
6.823000000000000000e+03
3.785000000000000000e+03
8.910000000000000000e+02
7.318000000000000000e+03
9.783000000000000000e+03
9.055000000000000000e+03
5.425000000000000000e+03
7.750000000000000000e+03
2.125000000000000000e+03
4.436000000000000000e+03
2.852000000000000000e+03
3.474000000000000000e+03
5.739000000000000000e+03
9.025000000000000000e+03
1.795000000000000000e+03
2.242000000000000000e+03
6.957000000000000000e+03
9.006000000000000000e+03
8.321000000000000000e+03
9.506000000000000000e+03
2.975000000000000000e+03
2.925000000000000000e+03
8.692000000000000000e+03
6.614000000000000000e+03
1.592000000000000000e+03
9.920000000000000000e+03
7.632000000000000000e+03
5.873000000000000000e+03
7.078000000000000000e+03
9.087000000000000000e+03
9.026000000000000000e+03
1.700000000000000000e+02
5.756000000000000000e+03
8.083000000000000000e+03
8.256000000000000000e+03
2.986000000000000000e+03
7.753000000000000000e+03
3.644000000000000000e+03
7.527000000000000000e+03
9.775000000000000000e+03
5.986000000000000000e+03
5.819000000000000000e+03
9.825000000000000000e+03
4.321000000000000000e+03
1.925000000000000000e+03
1.332000000000000000e+03
1.041000000000000000e+03
5.939000000000000000e+03
8.207000000000000000e+03
1.289000000000000000e+03
9.521000000000000000e+03
8.386000000000000000e+03
9.058000000000000000e+03
5.050000000000000000e+03
7.449000000000000000e+03
6.391000000000000000e+03
8.668000000000000000e+03
2.260000000000000000e+03
2.555000000000000000e+03
6.570000000000000000e+02
1.170000000000000000e+02
1.611000000000000000e+03
6.954000000000000000e+03
4.280000000000000000e+02
7.419000000000000000e+03
5.593000000000000000e+03
8.206000000000000000e+03
3.364000000000000000e+03
1.647000000000000000e+03
7.751000000000000000e+03
4.310000000000000000e+03
4.580000000000000000e+03
9.981000000000000000e+03
9.205000000000000000e+03
2.685000000000000000e+03
7.308000000000000000e+03
9.504000000000000000e+03
2.549000000000000000e+03
3.977000000000000000e+03
3.484000000000000000e+03
1.670000000000000000e+03
8.889000000000000000e+03
5.317000000000000000e+03
2.066000000000000000e+03
3.299000000000000000e+03
3.431000000000000000e+03
5.651000000000000000e+03
8.836000000000000000e+03
7.926000000000000000e+03
3.735000000000000000e+03
1.429000000000000000e+03
6.893000000000000000e+03
7.446000000000000000e+03
9.800000000000000000e+03
3.371000000000000000e+03
9.516000000000000000e+03
7.548000000000000000e+03
1.919000000000000000e+03
3.409000000000000000e+03
4.610000000000000000e+02
6.293000000000000000e+03
8.711000000000000000e+03
4.685000000000000000e+03
8.135000000000000000e+03
6.671000000000000000e+03
5.738000000000000000e+03
8.378000000000000000e+03
9.761000000000000000e+03
7.330000000000000000e+02
4.521000000000000000e+03
1.469000000000000000e+03
1.476000000000000000e+03
8.790000000000000000e+02
6.312000000000000000e+03
4.757000000000000000e+03
9.757000000000000000e+03
7.271000000000000000e+03
5.668000000000000000e+03
2.108000000000000000e+03
4.635000000000000000e+03
4.856000000000000000e+03
9.173000000000000000e+03
5.661000000000000000e+03
9.721000000000000000e+03
4.100000000000000000e+03
5.910000000000000000e+03
9.615000000000000000e+03
8.904000000000000000e+03
3.788000000000000000e+03
3.057000000000000000e+03
5.299000000000000000e+03
