3.544000000000000000e+03
9.059000000000000000e+03
5.905000000000000000e+03
1.410000000000000000e+03
9.971000000000000000e+03
9.592000000000000000e+03
8.251000000000000000e+03
4.532000000000000000e+03
2.017000000000000000e+03
9.519000000000000000e+03
9.299000000000000000e+03
4.277000000000000000e+03
2.517000000000000000e+03
7.799000000000000000e+03
4.278000000000000000e+03
2.931000000000000000e+03
6.377000000000000000e+03
6.597000000000000000e+03
6.058000000000000000e+03
5.314000000000000000e+03
5.790000000000000000e+03
7.573000000000000000e+03
5.125000000000000000e+03
1.400000000000000000e+01
4.853000000000000000e+03
7.166000000000000000e+03
4.850000000000000000e+03
4.445000000000000000e+03
7.814000000000000000e+03
9.325000000000000000e+03
8.699000000000000000e+03
2.847000000000000000e+03
1.560000000000000000e+03
2.630000000000000000e+02
8.347000000000000000e+03
7.577000000000000000e+03
7.203000000000000000e+03
9.101000000000000000e+03
5.680000000000000000e+03
5.156000000000000000e+03
7.892000000000000000e+03
5.598000000000000000e+03
3.459000000000000000e+03
8.434000000000000000e+03
2.667000000000000000e+03
9.588000000000000000e+03
8.576000000000000000e+03
8.813000000000000000e+03
5.061000000000000000e+03
3.688000000000000000e+03
2.400000000000000000e+02
1.671000000000000000e+03
4.142000000000000000e+03
6.562000000000000000e+03
5.995000000000000000e+03
2.401000000000000000e+03
5.840000000000000000e+02
7.316000000000000000e+03
2.429000000000000000e+03
7.890000000000000000e+02
8.546000000000000000e+03
9.843000000000000000e+03
2.624000000000000000e+03
1.430000000000000000e+02
2.258000000000000000e+03
2.525000000000000000e+03
5.947000000000000000e+03
2.923000000000000000e+03
8.334000000000000000e+03
5.733000000000000000e+03
6.310000000000000000e+03
1.648000000000000000e+03
9.488000000000000000e+03
1.996000000000000000e+03
9.880000000000000000e+03
5.002000000000000000e+03
3.798000000000000000e+03
3.806000000000000000e+03
1.280000000000000000e+02
3.058000000000000000e+03
2.264000000000000000e+03
7.363000000000000000e+03
8.745000000000000000e+03
8.148000000000000000e+03
9.352000000000000000e+03
6.577000000000000000e+03
2.106000000000000000e+03
5.849000000000000000e+03
5.901000000000000000e+03
1.395000000000000000e+03
3.312000000000000000e+03
7.244000000000000000e+03
6.268000000000000000e+03
3.970000000000000000e+02
6.170000000000000000e+02
1.030000000000000000e+03
5.117000000000000000e+03
3.325000000000000000e+03
5.877000000000000000e+03
5.084000000000000000e+03
3.014000000000000000e+03
4.713000000000000000e+03
7.358000000000000000e+03
7.331000000000000000e+03
3.282000000000000000e+03
5.200000000000000000e+03
1.580000000000000000e+02
2.046000000000000000e+03
2.537000000000000000e+03
3.263000000000000000e+03
4.589000000000000000e+03
2.541000000000000000e+03
7.908000000000000000e+03
5.936000000000000000e+03
1.988000000000000000e+03
4.845000000000000000e+03
6.587000000000000000e+03
3.031000000000000000e+03
5.165000000000000000e+03
5.925000000000000000e+03
3.404000000000000000e+03
4.748000000000000000e+03
8.360000000000000000e+02
1.080000000000000000e+02
6.932000000000000000e+03
8.493000000000000000e+03
8.490000000000000000e+03
1.734000000000000000e+03
6.084000000000000000e+03
1.732000000000000000e+03
3.210000000000000000e+02
1.133000000000000000e+03
5.450000000000000000e+03
3.594000000000000000e+03
5.448000000000000000e+03
9.447000000000000000e+03
5.439000000000000000e+03
4.394000000000000000e+03
3.075000000000000000e+03
9.295000000000000000e+03
8.025000000000000000e+03
8.028000000000000000e+03
1.717000000000000000e+03
5.447000000000000000e+03
9.289000000000000000e+03
5.468000000000000000e+03
5.469000000000000000e+03
7.040000000000000000e+03
1.773000000000000000e+03
9.995000000000000000e+03
6.710000000000000000e+02
7.493000000000000000e+03
7.054000000000000000e+03
2.462000000000000000e+03
4.864000000000000000e+03
1.747000000000000000e+03
2.444000000000000000e+03
9.720000000000000000e+03
5.553000000000000000e+03
5.498000000000000000e+03
5.560000000000000000e+03
9.977000000000000000e+03
3.510000000000000000e+02
9.589000000000000000e+03
1.137000000000000000e+03
5.473000000000000000e+03
5.730000000000000000e+02
5.617000000000000000e+03
8.463000000000000000e+03
6.984000000000000000e+03
7.450000000000000000e+03
2.889000000000000000e+03
4.055000000000000000e+03
1.245000000000000000e+03
2.698000000000000000e+03
6.339000000000000000e+03
4.176000000000000000e+03
1.948000000000000000e+03
7.985000000000000000e+03
6.612000000000000000e+03
3.487000000000000000e+03
4.981000000000000000e+03
8.905000000000000000e+03
8.623000000000000000e+03
4.538000000000000000e+03
4.018000000000000000e+03
5.303000000000000000e+03
5.708000000000000000e+03
8.697000000000000000e+03
8.094000000000000000e+03
4.495000000000000000e+03
9.730000000000000000e+02
1.713000000000000000e+03
3.142000000000000000e+03
4.077000000000000000e+03
3.713000000000000000e+03
9.232000000000000000e+03
3.030000000000000000e+02
4.352000000000000000e+03
5.647000000000000000e+03
3.743000000000000000e+03
1.185000000000000000e+03
3.532000000000000000e+03
4.358000000000000000e+03
5.540000000000000000e+02
1.692000000000000000e+03
7.440000000000000000e+03
3.165000000000000000e+03
4.072000000000000000e+03
7.058000000000000000e+03
3.860000000000000000e+02
8.067000000000000000e+03
4.021000000000000000e+03
6.129000000000000000e+03
8.811000000000000000e+03
2.297000000000000000e+03
9.758000000000000000e+03
1.479000000000000000e+03
5.822000000000000000e+03
3.839000000000000000e+03
3.788000000000000000e+03
7.828000000000000000e+03
5.789000000000000000e+03
1.630000000000000000e+02
7.230000000000000000e+03
7.057000000000000000e+03
8.525000000000000000e+03
2.151000000000000000e+03
2.141000000000000000e+03
5.500000000000000000e+03
5.834000000000000000e+03
3.485000000000000000e+03
8.709000000000000000e+03
2.760000000000000000e+02
4.464000000000000000e+03
5.600000000000000000e+02
9.565000000000000000e+03
1.856000000000000000e+03
9.946000000000000000e+03
8.890000000000000000e+03
7.016000000000000000e+03
3.587000000000000000e+03
9.068000000000000000e+03
4.950000000000000000e+03
5.350000000000000000e+03
1.444000000000000000e+03
8.615000000000000000e+03
6.469000000000000000e+03
4.054000000000000000e+03
1.091000000000000000e+03
7.982000000000000000e+03
8.548000000000000000e+03
9.164000000000000000e+03
8.953000000000000000e+03
6.107000000000000000e+03
1.322000000000000000e+03
1.889000000000000000e+03
2.752000000000000000e+03
5.585000000000000000e+03
6.041000000000000000e+03
4.452000000000000000e+03
3.081000000000000000e+03
5.604000000000000000e+03
7.510000000000000000e+03
3.701000000000000000e+03
5.494000000000000000e+03
1.784000000000000000e+03
1.482000000000000000e+03
1.880000000000000000e+03
2.378000000000000000e+03
3.540000000000000000e+03
1.755000000000000000e+03
3.122000000000000000e+03
4.361000000000000000e+03
5.887000000000000000e+03
9.780000000000000000e+02
5.307000000000000000e+03
2.946000000000000000e+03
8.879000000000000000e+03
8.655000000000000000e+03
3.838000000000000000e+03
8.308000000000000000e+03
3.842000000000000000e+03
4.261000000000000000e+03
9.046000000000000000e+03
1.387000000000000000e+03
4.619000000000000000e+03
8.726000000000000000e+03
3.395000000000000000e+03
2.135000000000000000e+03
6.080000000000000000e+02
6.172000000000000000e+03
5.067000000000000000e+03
7.586000000000000000e+03
2.153000000000000000e+03
8.702000000000000000e+03
4.710000000000000000e+03
9.828000000000000000e+03
6.190000000000000000e+03
3.878000000000000000e+03
1.639000000000000000e+03
9.064000000000000000e+03
2.278000000000000000e+03
9.871000000000000000e+03
9.865000000000000000e+03
9.870000000000000000e+02
2.271000000000000000e+03
9.537000000000000000e+03
2.600000000000000000e+02
9.000000000000000000e+03
5.760000000000000000e+02
3.450000000000000000e+03
7.342000000000000000e+03
8.815000000000000000e+03
6.068000000000000000e+03
8.074000000000000000e+03
6.181000000000000000e+03
3.110000000000000000e+03
9.539000000000000000e+03
8.413000000000000000e+03
8.517000000000000000e+03
8.693000000000000000e+03
5.681000000000000000e+03
5.324000000000000000e+03
1.092000000000000000e+03
5.409000000000000000e+03
1.530000000000000000e+03
4.168000000000000000e+03
6.210000000000000000e+03
7.703000000000000000e+03
4.441000000000000000e+03
6.496000000000000000e+03
7.785000000000000000e+03
6.647000000000000000e+03
6.338000000000000000e+03
4.366000000000000000e+03
2.875000000000000000e+03
2.804000000000000000e+03
2.657000000000000000e+03
6.637000000000000000e+03
2.609000000000000000e+03
1.279000000000000000e+03
3.042000000000000000e+03
1.226000000000000000e+03
7.819000000000000000e+03
7.320000000000000000e+02
2.136000000000000000e+03
3.865000000000000000e+03
8.293000000000000000e+03
7.410000000000000000e+02
5.010000000000000000e+03
2.068000000000000000e+03
5.041000000000000000e+03
6.818000000000000000e+03
3.502000000000000000e+03
3.437000000000000000e+03
9.421000000000000000e+03
6.727000000000000000e+03
3.599000000000000000e+03
9.907000000000000000e+03
5.772000000000000000e+03
7.017000000000000000e+03
3.820000000000000000e+03
3.353000000000000000e+03
3.104000000000000000e+03
9.993000000000000000e+03
8.624000000000000000e+03
7.455000000000000000e+03
3.755000000000000000e+03
1.128000000000000000e+03
5.627000000000000000e+03
5.240000000000000000e+03
6.838000000000000000e+03
9.276000000000000000e+03
5.914000000000000000e+03
1.848000000000000000e+03
1.401000000000000000e+03
7.690000000000000000e+02
9.300000000000000000e+01
3.507000000000000000e+03
2.717000000000000000e+03
1.328000000000000000e+03
9.727000000000000000e+03
4.210000000000000000e+02
5.833000000000000000e+03
8.406000000000000000e+03
2.056000000000000000e+03
5.687000000000000000e+03
6.300000000000000000e+03
8.645000000000000000e+03
2.658000000000000000e+03
3.814000000000000000e+03
6.504000000000000000e+03
8.352000000000000000e+03
3.466000000000000000e+03
8.897000000000000000e+03
1.300000000000000000e+02
4.639000000000000000e+03
1.354000000000000000e+03
8.855000000000000000e+03
1.905000000000000000e+03
7.696000000000000000e+03
4.901000000000000000e+03
4.935000000000000000e+03
3.570000000000000000e+02
6.096000000000000000e+03
3.205000000000000000e+03
2.474000000000000000e+03
4.449000000000000000e+03
6.748000000000000000e+03
2.731000000000000000e+03
5.020000000000000000e+03
9.132000000000000000e+03
2.544000000000000000e+03
1.566000000000000000e+03
1.727000000000000000e+03
2.219000000000000000e+03
2.572000000000000000e+03
3.969000000000000000e+03
5.387000000000000000e+03
1.872000000000000000e+03
6.929000000000000000e+03
4.760000000000000000e+03
5.325000000000000000e+03
6.431000000000000000e+03
3.904000000000000000e+03
7.154000000000000000e+03
1.271000000000000000e+03
9.927000000000000000e+03
1.694000000000000000e+03
2.812000000000000000e+03
3.537000000000000000e+03
2.729000000000000000e+03
6.950000000000000000e+03
7.813000000000000000e+03
6.428000000000000000e+03
5.537000000000000000e+03
6.937000000000000000e+03
7.164000000000000000e+03
3.621000000000000000e+03
4.990000000000000000e+02
3.764000000000000000e+03
7.688000000000000000e+03
7.803000000000000000e+03
5.688000000000000000e+03
4.670000000000000000e+02
8.990000000000000000e+03
3.685000000000000000e+03
4.470000000000000000e+03
4.517000000000000000e+03
7.112000000000000000e+03
8.970000000000000000e+03
4.335000000000000000e+03
4.504000000000000000e+03
6.395000000000000000e+03
5.437000000000000000e+03
4.397000000000000000e+03
4.415000000000000000e+03
8.991000000000000000e+03
9.816000000000000000e+03
9.397000000000000000e+03
7.520000000000000000e+02
9.685000000000000000e+03
1.183000000000000000e+03
2.215000000000000000e+03
3.023000000000000000e+03
6.583000000000000000e+03
1.563000000000000000e+03
7.347000000000000000e+03
7.370000000000000000e+02
4.229000000000000000e+03
4.424000000000000000e+03
5.968000000000000000e+03
9.424000000000000000e+03
4.968000000000000000e+03
3.226000000000000000e+03
7.110000000000000000e+02
7.445000000000000000e+03
2.443000000000000000e+03
7.995000000000000000e+03
6.055000000000000000e+03
4.117000000000000000e+03
8.000000000000000000e+03
4.195000000000000000e+03
6.827000000000000000e+03
9.818000000000000000e+03
3.426000000000000000e+03
1.197000000000000000e+03
1.382000000000000000e+03
8.303000000000000000e+03
7.233000000000000000e+03
2.956000000000000000e+03
5.137000000000000000e+03
6.075000000000000000e+03
4.242000000000000000e+03
6.524000000000000000e+03
8.326000000000000000e+03
6.307000000000000000e+03
5.245000000000000000e+03
3.900000000000000000e+03
6.925000000000000000e+03
1.022000000000000000e+03
7.209000000000000000e+03
5.710000000000000000e+02
5.572000000000000000e+03
9.355000000000000000e+03
3.210000000000000000e+03
9.090000000000000000e+02
6.634000000000000000e+03
6.939000000000000000e+03
2.991000000000000000e+03
4.330000000000000000e+03
5.670000000000000000e+02
1.014000000000000000e+03
6.150000000000000000e+02
8.980000000000000000e+03
6.774000000000000000e+03
7.850000000000000000e+02
7.126000000000000000e+03
9.209000000000000000e+03
9.162000000000000000e+03
3.387000000000000000e+03
8.590000000000000000e+02
6.737000000000000000e+03
2.942000000000000000e+03
9.269000000000000000e+03
8.909000000000000000e+03
2.237000000000000000e+03
1.160000000000000000e+02
6.304000000000000000e+03
4.581000000000000000e+03
6.034000000000000000e+03
3.280000000000000000e+02
8.410000000000000000e+03
1.638000000000000000e+03
8.760000000000000000e+03
5.809000000000000000e+03
5.336000000000000000e+03
9.917000000000000000e+03
4.595000000000000000e+03
9.868000000000000000e+03
1.984000000000000000e+03
2.713000000000000000e+03
8.658000000000000000e+03
2.324000000000000000e+03
5.830000000000000000e+03
8.436000000000000000e+03
2.674000000000000000e+03
1.714000000000000000e+03
2.165000000000000000e+03
1.925000000000000000e+03
5.578000000000000000e+03
2.492000000000000000e+03
8.110000000000000000e+02
7.183000000000000000e+03
8.424000000000000000e+03
1.375000000000000000e+03
4.451000000000000000e+03
5.852000000000000000e+03
5.741000000000000000e+03
4.896000000000000000e+03
4.805000000000000000e+03
5.315000000000000000e+03
6.078000000000000000e+03
6.633000000000000000e+03
5.418000000000000000e+03
6.263000000000000000e+03
9.550000000000000000e+02
9.580000000000000000e+02
7.833000000000000000e+03
2.646000000000000000e+03
2.008000000000000000e+03
4.042000000000000000e+03
4.489000000000000000e+03
7.293000000000000000e+03
1.037000000000000000e+03
1.743000000000000000e+03
9.606000000000000000e+03
1.653000000000000000e+03
1.027000000000000000e+03
3.818000000000000000e+03
5.054000000000000000e+03
9.566000000000000000e+03
7.261000000000000000e+03
5.092000000000000000e+03
1.864000000000000000e+03
3.548000000000000000e+03
2.502000000000000000e+03
6.275000000000000000e+03
8.217000000000000000e+03
2.532000000000000000e+03
4.745000000000000000e+03
7.052000000000000000e+03
5.280000000000000000e+02
4.225000000000000000e+03
2.992000000000000000e+03
9.507000000000000000e+03
5.087000000000000000e+03
7.991000000000000000e+03
9.149000000000000000e+03
1.728000000000000000e+03
3.600000000000000000e+03
4.667000000000000000e+03
7.372000000000000000e+03
1.241000000000000000e+03
7.014000000000000000e+03
9.283000000000000000e+03
5.959000000000000000e+03
2.248000000000000000e+03
2.202000000000000000e+03
1.136000000000000000e+03
7.623000000000000000e+03
9.552000000000000000e+03
1.810000000000000000e+03
5.910000000000000000e+02
8.969000000000000000e+03
2.853000000000000000e+03
8.060000000000000000e+02
5.989000000000000000e+03
1.640000000000000000e+02
6.230000000000000000e+02
3.060000000000000000e+03
5.745000000000000000e+03
7.567000000000000000e+03
2.095000000000000000e+03
8.931000000000000000e+03
6.668000000000000000e+03
2.158000000000000000e+03
5.832000000000000000e+03
6.026000000000000000e+03
7.118000000000000000e+03
4.785000000000000000e+03
5.305000000000000000e+03
7.719000000000000000e+03
4.064000000000000000e+03
3.905000000000000000e+03
7.838000000000000000e+03
5.210000000000000000e+02
7.824000000000000000e+03
8.385000000000000000e+03
8.530000000000000000e+02
6.095000000000000000e+03
6.849000000000000000e+03
3.900000000000000000e+02
3.240000000000000000e+02
1.886000000000000000e+03
2.618000000000000000e+03
8.579000000000000000e+03
2.705000000000000000e+03
7.989000000000000000e+03
8.862000000000000000e+03
5.820000000000000000e+02
5.064000000000000000e+03
5.298000000000000000e+03
6.797000000000000000e+03
6.196000000000000000e+03
2.911000000000000000e+03
9.902000000000000000e+03
8.225000000000000000e+03
4.675000000000000000e+03
4.885000000000000000e+03
6.158000000000000000e+03
5.256000000000000000e+03
2.189000000000000000e+03
4.510000000000000000e+03
7.743000000000000000e+03
4.620000000000000000e+02
6.580000000000000000e+03
4.162000000000000000e+03
3.259000000000000000e+03
7.176000000000000000e+03
2.332000000000000000e+03
9.986000000000000000e+03
6.568000000000000000e+03
4.736000000000000000e+03
9.836000000000000000e+03
6.473000000000000000e+03
5.083000000000000000e+03
4.107000000000000000e+03
3.674000000000000000e+03
1.580000000000000000e+03
9.083000000000000000e+03
6.953000000000000000e+03
1.934000000000000000e+03
8.800000000000000000e+01
7.239000000000000000e+03
7.122000000000000000e+03
4.971000000000000000e+03
9.236000000000000000e+03
6.081000000000000000e+03
3.452000000000000000e+03
8.394000000000000000e+03
6.576000000000000000e+03
4.930000000000000000e+02
8.364000000000000000e+03
5.440000000000000000e+03
8.844000000000000000e+03
3.819000000000000000e+03
4.770000000000000000e+03
4.514000000000000000e+03
5.875000000000000000e+03
4.840000000000000000e+02
2.184000000000000000e+03
7.461000000000000000e+03
5.192000000000000000e+03
5.521000000000000000e+03
9.918000000000000000e+03
9.000000000000000000e+00
4.552000000000000000e+03
1.585000000000000000e+03
8.160000000000000000e+03
3.742000000000000000e+03
7.639000000000000000e+03
3.831000000000000000e+03
3.875000000000000000e+03
4.830000000000000000e+03
3.570000000000000000e+03
4.133000000000000000e+03
2.287000000000000000e+03
6.498000000000000000e+03
7.024000000000000000e+03
2.220000000000000000e+02
2.941000000000000000e+03
3.150000000000000000e+03
3.516000000000000000e+03
9.170000000000000000e+03
7.706000000000000000e+03
7.366000000000000000e+03
3.218000000000000000e+03
6.267000000000000000e+03
7.893000000000000000e+03
6.763000000000000000e+03
5.842000000000000000e+03
3.981000000000000000e+03
4.355000000000000000e+03
1.034000000000000000e+03
5.671000000000000000e+03
3.787000000000000000e+03
9.260000000000000000e+03
9.939000000000000000e+03
8.059000000000000000e+03
8.296000000000000000e+03
4.700000000000000000e+02
3.356000000000000000e+03
8.070000000000000000e+03
6.990000000000000000e+03
6.475000000000000000e+03
7.044000000000000000e+03
8.939000000000000000e+03
6.780000000000000000e+03
1.276000000000000000e+03
6.110000000000000000e+03
2.238000000000000000e+03
7.236000000000000000e+03
3.631000000000000000e+03
2.077000000000000000e+03
8.660000000000000000e+03
1.783000000000000000e+03
9.210000000000000000e+02
1.625000000000000000e+03
8.551000000000000000e+03
9.229000000000000000e+03
1.636000000000000000e+03
3.539000000000000000e+03
1.708000000000000000e+03
8.596000000000000000e+03
1.907000000000000000e+03
1.711000000000000000e+03
1.923000000000000000e+03
1.877000000000000000e+03
1.857000000000000000e+03
3.506000000000000000e+03
9.240000000000000000e+03
1.731000000000000000e+03
8.620000000000000000e+03
8.494000000000000000e+03
3.479000000000000000e+03
1.822000000000000000e+03
1.994000000000000000e+03
9.860000000000000000e+02
9.880000000000000000e+02
8.635000000000000000e+03
9.330000000000000000e+02
7.071000000000000000e+03
1.657000000000000000e+03
8.343000000000000000e+03
2.038000000000000000e+03
3.449000000000000000e+03
8.519000000000000000e+03
9.257000000000000000e+03
7.205000000000000000e+03
8.532000000000000000e+03
7.217000000000000000e+03
7.173000000000000000e+03
8.108000000000000000e+03
9.180000000000000000e+03
7.609000000000000000e+03
7.854000000000000000e+03
2.630000000000000000e+03
9.013000000000000000e+03
7.865000000000000000e+03
7.600000000000000000e+03
1.386000000000000000e+03
1.210000000000000000e+03
7.598000000000000000e+03
7.597000000000000000e+03
9.019000000000000000e+03
7.872000000000000000e+03
1.217000000000000000e+03
2.612000000000000000e+03
1.405000000000000000e+03
7.570000000000000000e+03
7.566000000000000000e+03
2.584000000000000000e+03
7.903000000000000000e+03
9.041000000000000000e+03
9.042000000000000000e+03
7.910000000000000000e+03
8.848000000000000000e+03
7.948000000000000000e+03
7.534000000000000000e+03
7.957000000000000000e+03
2.592000000000000000e+03
7.524000000000000000e+03
2.943000000000000000e+03
2.930000000000000000e+03
2.821000000000000000e+03
2.816000000000000000e+03
7.710000000000000000e+03
7.695000000000000000e+03
1.283000000000000000e+03
1.281000000000000000e+03
8.938000000000000000e+03
2.846000000000000000e+03
1.274000000000000000e+03
5.532000000000000000e+03
8.934000000000000000e+03
2.856000000000000000e+03
7.618000000000000000e+03
1.313000000000000000e+03
8.929000000000000000e+03
2.719000000000000000e+03
2.711000000000000000e+03
1.254000000000000000e+03
2.697000000000000000e+03
8.989000000000000000e+03
8.908000000000000000e+03
7.036000000000000000e+03
7.830000000000000000e+03
8.992000000000000000e+03
7.846000000000000000e+03
2.928000000000000000e+03
7.675000000000000000e+03
3.049000000000000000e+03
9.053000000000000000e+03
1.437000000000000000e+03
2.296000000000000000e+03
9.122000000000000000e+03
9.123000000000000000e+03
8.751000000000000000e+03
2.294000000000000000e+03
2.289000000000000000e+03
2.274000000000000000e+03
1.081000000000000000e+03
8.163000000000000000e+03
1.568000000000000000e+03
8.176000000000000000e+03
8.181000000000000000e+03
8.115000000000000000e+03
3.289000000000000000e+03
8.193000000000000000e+03
2.205000000000000000e+03
9.148000000000000000e+03
7.309000000000000000e+03
1.045000000000000000e+03
3.347000000000000000e+03
2.176000000000000000e+03
1.031000000000000000e+03
8.242000000000000000e+03
8.260000000000000000e+03
7.238000000000000000e+03
2.099000000000000000e+03
3.290000000000000000e+03
2.308000000000000000e+03
1.517000000000000000e+03
8.763000000000000000e+03
3.067000000000000000e+03
1.161000000000000000e+03
2.469000000000000000e+03
2.454000000000000000e+03
1.454000000000000000e+03
2.450000000000000000e+03
8.814000000000000000e+03
2.449000000000000000e+03
3.113000000000000000e+03
7.470000000000000000e+03
1.141000000000000000e+03
7.457000000000000000e+03
2.440000000000000000e+03
2.430000000000000000e+03
1.131000000000000000e+03
3.137000000000000000e+03
2.385000000000000000e+03
3.145000000000000000e+03
2.374000000000000000e+03
7.443000000000000000e+03
8.778000000000000000e+03
9.093000000000000000e+03
1.501000000000000000e+03
3.166000000000000000e+03
2.351000000000000000e+03
7.416000000000000000e+03
7.411000000000000000e+03
3.397000000000000000e+03
2.765000000000000000e+03
1.764000000000000000e+03
4.647000000000000000e+03
4.762000000000000000e+03
6.870000000000000000e+03
4.747000000000000000e+03
3.880000000000000000e+02
6.446000000000000000e+03
9.683000000000000000e+03
4.719000000000000000e+03
4.378000000000000000e+03
4.686000000000000000e+03
7.810000000000000000e+02
6.230000000000000000e+03
5.354000000000000000e+03
9.569000000000000000e+03
6.246000000000000000e+03
6.260000000000000000e+03
4.599000000000000000e+03
6.227000000000000000e+03
6.843000000000000000e+03
6.144000000000000000e+03
6.876000000000000000e+03
3.821000000000000000e+03
6.904000000000000000e+03
4.846000000000000000e+03
6.903000000000000000e+03
5.790000000000000000e+02
4.829000000000000000e+03
6.897000000000000000e+03
6.134000000000000000e+03
6.491000000000000000e+03
3.670000000000000000e+02
9.928000000000000000e+03
5.620000000000000000e+02
9.363000000000000000e+03
6.889000000000000000e+03
4.371000000000000000e+03
6.709000000000000000e+03
6.114000000000000000e+03
6.289000000000000000e+03
9.387000000000000000e+03
4.430000000000000000e+02
4.458000000000000000e+03
5.463000000000000000e+03
9.612000000000000000e+03
4.499000000000000000e+03
4.830000000000000000e+02
4.494000000000000000e+03
7.470000000000000000e+02
6.365000000000000000e+03
4.880000000000000000e+02
4.460000000000000000e+03
4.000000000000000000e+01
3.900000000000000000e+01
9.410000000000000000e+03
4.486000000000000000e+03
3.998000000000000000e+03
6.752000000000000000e+03
4.900000000000000000e+02
6.364000000000000000e+03
5.050000000000000000e+02
1.000000000000000000e+02
4.406000000000000000e+03
7.150000000000000000e+02
4.561000000000000000e+03
3.926000000000000000e+03
4.409000000000000000e+03
4.560000000000000000e+03
6.806000000000000000e+03
4.413000000000000000e+03
5.347000000000000000e+03
5.285000000000000000e+03
5.200000000000000000e+02
4.548000000000000000e+03
6.337000000000000000e+03
3.961000000000000000e+03
7.270000000000000000e+02
6.344000000000000000e+03
6.348000000000000000e+03
4.477000000000000000e+03
5.850000000000000000e+02
4.851000000000000000e+03
4.070000000000000000e+03
5.917000000000000000e+03
4.097000000000000000e+03
5.804000000000000000e+03
5.429000000000000000e+03
5.025000000000000000e+03
6.870000000000000000e+02
2.550000000000000000e+02
6.611000000000000000e+03
2.560000000000000000e+02
8.820000000000000000e+02
1.761000000000000000e+03
9.791000000000000000e+03
6.604000000000000000e+03
3.705000000000000000e+03
5.371000000000000000e+03
5.053000000000000000e+03
5.910000000000000000e+03
5.182000000000000000e+03
6.613000000000000000e+03
3.645000000000000000e+03
1.830000000000000000e+02
9.466000000000000000e+03
5.535000000000000000e+03
5.525000000000000000e+03
3.657000000000000000e+03
6.680000000000000000e+02
4.094000000000000000e+03
5.169000000000000000e+03
2.040000000000000000e+02
8.990000000000000000e+02
5.878000000000000000e+03
5.623000000000000000e+03
5.079000000000000000e+03
5.820000000000000000e+03
7.007000000000000000e+03
5.862000000000000000e+03
4.215000000000000000e+03
3.716000000000000000e+03
6.975000000000000000e+03
2.660000000000000000e+02
3.768000000000000000e+03
3.771000000000000000e+03
3.080000000000000000e+02
6.526000000000000000e+03
4.920000000000000000e+03
6.020000000000000000e+03
2.940000000000000000e+02
7.040000000000000000e+02
6.030000000000000000e+03
8.290000000000000000e+02
4.893000000000000000e+03
3.800000000000000000e+03
5.514000000000000000e+03
4.882000000000000000e+03
6.509000000000000000e+03
9.748000000000000000e+03
5.381000000000000000e+03
4.247000000000000000e+03
3.753000000000000000e+03
6.965000000000000000e+03
9.873000000000000000e+03
4.980000000000000000e+03
6.962000000000000000e+03
4.972000000000000000e+03
9.497000000000000000e+03
4.954000000000000000e+03
9.770000000000000000e+03
6.688000000000000000e+03
5.394000000000000000e+03
6.952000000000000000e+03
1.480000000000000000e+02
4.467000000000000000e+03
5.097000000000000000e+03
5.601000000000000000e+03
3.260000000000000000e+03
7.124000000000000000e+03
1.700000000000000000e+02
6.403000000000000000e+03
2.111000000000000000e+03
9.438000000000000000e+03
6.655000000000000000e+03
6.960000000000000000e+02
4.380000000000000000e+03
2.580000000000000000e+02
2.834000000000000000e+03
2.448000000000000000e+03
8.425000000000000000e+03
1.380000000000000000e+02
2.595000000000000000e+03
8.760000000000000000e+02
9.632000000000000000e+03
6.305000000000000000e+03
8.162000000000000000e+03
9.905000000000000000e+03
2.446000000000000000e+03
7.467000000000000000e+03
2.500000000000000000e+01
2.096000000000000000e+03
4.100000000000000000e+01
3.350000000000000000e+02
2.900000000000000000e+02
7.304000000000000000e+03
8.096000000000000000e+03
2.379000000000000000e+03
7.286000000000000000e+03
6.121000000000000000e+03
9.882000000000000000e+03
4.308000000000000000e+03
4.305000000000000000e+03
5.844000000000000000e+03
7.507000000000000000e+03
8.719000000000000000e+03
2.196000000000000000e+03
8.048000000000000000e+03
5.700000000000000000e+03
1.459000000000000000e+03
1.240000000000000000e+02
8.950000000000000000e+03
7.826000000000000000e+03
5.261000000000000000e+03
3.305000000000000000e+03
7.878000000000000000e+03
3.847000000000000000e+03
9.361000000000000000e+03
7.120000000000000000e+02
9.370000000000000000e+03
6.432000000000000000e+03
8.158000000000000000e+03
4.700000000000000000e+01
9.422000000000000000e+03
6.080000000000000000e+03
6.570000000000000000e+03
3.752000000000000000e+03
2.689000000000000000e+03
1.222000000000000000e+03
7.314000000000000000e+03
3.786000000000000000e+03
8.168000000000000000e+03
9.823000000000000000e+03
1.316000000000000000e+03
2.321000000000000000e+03
5.393000000000000000e+03
6.000000000000000000e+03
5.828000000000000000e+03
5.796000000000000000e+03
3.745000000000000000e+03
4.217000000000000000e+03
8.648000000000000000e+03
3.640000000000000000e+03
3.607000000000000000e+03
3.694000000000000000e+03
4.284000000000000000e+03
3.173000000000000000e+03
2.071000000000000000e+03
1.255000000000000000e+03
4.780000000000000000e+03
1.799000000000000000e+03
3.834000000000000000e+03
5.656000000000000000e+03
2.898000000000000000e+03
8.349000000000000000e+03
3.431000000000000000e+03
6.083000000000000000e+03
9.931000000000000000e+03
3.808000000000000000e+03
7.636000000000000000e+03
4.492000000000000000e+03
8.011000000000000000e+03
8.018000000000000000e+03
1.903000000000000000e+03
5.766000000000000000e+03
8.796000000000000000e+03
3.773000000000000000e+03
8.447000000000000000e+03
3.481000000000000000e+03
3.769000000000000000e+03
2.524000000000000000e+03
5.750000000000000000e+03
4.062000000000000000e+03
1.425000000000000000e+03
7.360000000000000000e+02
3.258000000000000000e+03
3.293000000000000000e+03
9.610000000000000000e+03
7.324000000000000000e+03
3.965000000000000000e+03
1.348000000000000000e+03
9.968000000000000000e+03
5.485000000000000000e+03
6.734000000000000000e+03
7.834000000000000000e+03
9.583000000000000000e+03
1.260000000000000000e+02
6.295000000000000000e+03
2.644000000000000000e+03
3.230000000000000000e+03
4.616000000000000000e+03
4.080000000000000000e+02
9.567000000000000000e+03
6.442000000000000000e+03
2.563000000000000000e+03
6.162000000000000000e+03
5.747000000000000000e+03
2.542000000000000000e+03
4.754000000000000000e+03
6.544000000000000000e+03
2.375000000000000000e+03
6.507000000000000000e+03
6.766000000000000000e+03
2.156000000000000000e+03
8.717000000000000000e+03
3.004000000000000000e+03
3.733000000000000000e+03
3.132000000000000000e+03
5.519000000000000000e+03
3.054000000000000000e+03
2.245000000000000000e+03
1.000000000000000000e+01
8.688000000000000000e+03
4.223000000000000000e+03
5.196000000000000000e+03
9.830000000000000000e+03
8.860000000000000000e+02
9.803000000000000000e+03
8.683000000000000000e+03
1.990000000000000000e+02
5.046000000000000000e+03
1.730000000000000000e+02
3.761000000000000000e+03
1.142000000000000000e+03
8.084000000000000000e+03
4.955000000000000000e+03
9.080000000000000000e+02
2.112000000000000000e+03
2.305000000000000000e+03
6.659000000000000000e+03
8.971000000000000000e+03
7.676000000000000000e+03
2.100000000000000000e+02
8.465000000000000000e+03
7.480000000000000000e+02
8.202000000000000000e+03
5.155000000000000000e+03
2.764000000000000000e+03
4.375000000000000000e+03
8.581000000000000000e+03
6.862000000000000000e+03
8.467000000000000000e+03
9.376000000000000000e+03
7.830000000000000000e+02
1.616000000000000000e+03
7.300000000000000000e+03
7.262000000000000000e+03
3.887000000000000000e+03
8.869000000000000000e+03
6.671000000000000000e+03
1.990000000000000000e+03
7.312000000000000000e+03
8.860000000000000000e+03
9.486000000000000000e+03
7.201000000000000000e+03
2.918000000000000000e+03
8.135000000000000000e+03
8.999000000000000000e+03
8.605000000000000000e+03
2.906000000000000000e+03
7.030000000000000000e+02
8.210000000000000000e+02
9.505000000000000000e+03
8.451000000000000000e+03
3.560000000000000000e+02
5.599000000000000000e+03
5.770000000000000000e+03
3.018000000000000000e+03
5.971000000000000000e+03
4.936000000000000000e+03
7.091000000000000000e+03
2.480000000000000000e+02
7.235000000000000000e+03
5.231000000000000000e+03
4.940000000000000000e+03
3.525000000000000000e+03
1.920000000000000000e+02
7.285000000000000000e+03
2.790000000000000000e+02
5.976000000000000000e+03
5.899000000000000000e+03
5.310000000000000000e+03
8.049000000000000000e+03
8.430000000000000000e+02
9.853000000000000000e+03
1.059000000000000000e+03
7.028000000000000000e+03
8.288000000000000000e+03
2.685000000000000000e+03
9.610000000000000000e+02
7.860000000000000000e+03
2.411000000000000000e+03
9.287000000000000000e+03
3.491000000000000000e+03
2.549000000000000000e+03
5.933000000000000000e+03
7.922000000000000000e+03
2.012000000000000000e+03
6.898000000000000000e+03
1.457000000000000000e+03
4.440000000000000000e+02
3.882000000000000000e+03
2.586000000000000000e+03
9.381000000000000000e+03
8.250000000000000000e+02
3.362000000000000000e+03
2.519000000000000000e+03
4.899000000000000000e+03
8.130000000000000000e+03
3.895000000000000000e+03
8.154000000000000000e+03
8.775000000000000000e+03
6.269000000000000000e+03
7.569000000000000000e+03
5.322000000000000000e+03
5.880000000000000000e+02
7.671000000000000000e+03
8.601000000000000000e+03
1.083000000000000000e+03
6.750000000000000000e+03
4.257000000000000000e+03
9.104000000000000000e+03
9.915000000000000000e+03
5.377000000000000000e+03
9.117000000000000000e+03
6.130000000000000000e+02
4.082000000000000000e+03
2.882000000000000000e+03
7.528000000000000000e+03
4.232000000000000000e+03
7.650000000000000000e+03
6.220000000000000000e+02
7.644000000000000000e+03
2.989000000000000000e+03
6.487000000000000000e+03
6.561000000000000000e+03
5.980000000000000000e+02
4.927000000000000000e+03
7.640000000000000000e+03
2.852000000000000000e+03
8.321000000000000000e+03
4.395000000000000000e+03
5.550000000000000000e+03
2.023000000000000000e+03
6.011000000000000000e+03
8.729000000000000000e+03
6.729000000000000000e+03
4.260000000000000000e+02
2.304000000000000000e+03
3.557000000000000000e+03
9.721000000000000000e+03
7.602000000000000000e+03
3.677000000000000000e+03
5.461000000000000000e+03
7.215000000000000000e+03
2.198000000000000000e+03
2.055000000000000000e+03
4.551000000000000000e+03
4.778000000000000000e+03
3.662000000000000000e+03
6.683000000000000000e+03
7.672000000000000000e+03
2.242000000000000000e+03
2.403000000000000000e+03
9.949000000000000000e+03
7.437000000000000000e+03
4.310000000000000000e+02
6.334000000000000000e+03
6.467000000000000000e+03
2.330000000000000000e+03
3.265000000000000000e+03
9.247000000000000000e+03
5.517000000000000000e+03
2.746000000000000000e+03
6.741000000000000000e+03
6.800000000000000000e+01
1.190000000000000000e+03
3.013000000000000000e+03
3.613000000000000000e+03
5.167000000000000000e+03
2.758000000000000000e+03
9.985000000000000000e+03
2.410000000000000000e+03
2.026000000000000000e+03
4.555000000000000000e+03
9.987000000000000000e+03
6.290000000000000000e+02
8.870000000000000000e+02
3.591000000000000000e+03
7.168000000000000000e+03
4.092000000000000000e+03
8.184000000000000000e+03
1.795000000000000000e+03
5.369000000000000000e+03
5.800000000000000000e+02
3.340000000000000000e+02
9.965000000000000000e+03
2.436000000000000000e+03
3.744000000000000000e+03
5.184000000000000000e+03
3.026000000000000000e+03
5.062000000000000000e+03
1.410000000000000000e+02
7.006000000000000000e+03
8.910000000000000000e+02
6.586000000000000000e+03
9.252000000000000000e+03
1.453000000000000000e+03
5.895000000000000000e+03
2.190000000000000000e+02
5.241000000000000000e+03
4.066000000000000000e+03
1.238000000000000000e+03
6.921000000000000000e+03
8.476000000000000000e+03
6.614000000000000000e+03
6.954000000000000000e+03
3.526000000000000000e+03
5.300000000000000000e+01
6.948000000000000000e+03
1.649000000000000000e+03
5.001000000000000000e+03
5.994000000000000000e+03
5.009000000000000000e+03
3.541000000000000000e+03
5.520000000000000000e+03
3.717000000000000000e+03
4.073000000000000000e+03
8.069000000000000000e+03
3.697000000000000000e+03
1.779000000000000000e+03
1.493000000000000000e+03
2.149000000000000000e+03
5.942000000000000000e+03
9.241000000000000000e+03
4.275000000000000000e+03
4.283000000000000000e+03
2.168000000000000000e+03
6.520000000000000000e+03
6.578000000000000000e+03
3.785000000000000000e+03
7.546000000000000000e+03
5.856000000000000000e+03
2.226000000000000000e+03
6.957000000000000000e+03
9.731000000000000000e+03
9.194000000000000000e+03
7.841000000000000000e+03
2.820000000000000000e+03
6.723000000000000000e+03
7.720000000000000000e+02
6.288000000000000000e+03
6.421000000000000000e+03
7.856000000000000000e+03
4.100000000000000000e+03
4.410000000000000000e+02
3.224000000000000000e+03
6.265000000000000000e+03
8.487000000000000000e+03
9.663000000000000000e+03
7.691000000000000000e+03
2.603000000000000000e+03
1.029000000000000000e+03
4.648000000000000000e+03
4.654000000000000000e+03
7.469000000000000000e+03
4.577000000000000000e+03
9.640000000000000000e+03
7.283000000000000000e+03
7.777000000000000000e+03
7.450000000000000000e+02
5.000000000000000000e+02
8.403000000000000000e+03
7.318000000000000000e+03
4.116000000000000000e+03
7.540000000000000000e+02
5.705000000000000000e+03
1.860000000000000000e+02
5.414000000000000000e+03
6.800000000000000000e+02
5.288000000000000000e+03
8.277000000000000000e+03
2.798000000000000000e+03
4.547000000000000000e+03
5.686000000000000000e+03
6.401000000000000000e+03
6.804000000000000000e+03
2.814000000000000000e+03
3.363000000000000000e+03
5.742000000000000000e+03
4.280000000000000000e+02
3.861000000000000000e+03
8.846000000000000000e+03
1.421000000000000000e+03
9.372000000000000000e+03
5.664000000000000000e+03
7.930000000000000000e+02
6.652000000000000000e+03
4.698000000000000000e+03
5.668000000000000000e+03
6.451000000000000000e+03
5.640000000000000000e+02
2.845000000000000000e+03
7.967000000000000000e+03
6.703000000000000000e+03
7.140000000000000000e+02
5.350000000000000000e+02
7.413000000000000000e+03
2.369000000000000000e+03
2.760000000000000000e+03
9.096000000000000000e+03
7.767000000000000000e+03
7.545000000000000000e+03
1.367000000000000000e+03
7.350000000000000000e+02
7.391000000000000000e+03
5.765000000000000000e+03
7.078000000000000000e+03
4.300000000000000000e+02
4.884000000000000000e+03
3.644000000000000000e+03
4.177000000000000000e+03
8.033000000000000000e+03
9.037000000000000000e+03
1.745000000000000000e+03
9.788000000000000000e+03
3.190000000000000000e+03
3.087000000000000000e+03
9.112000000000000000e+03
8.220000000000000000e+03
8.188000000000000000e+03
9.465000000000000000e+03
4.185000000000000000e+03
5.114000000000000000e+03
3.215000000000000000e+03
2.866000000000000000e+03
7.313000000000000000e+03
6.090000000000000000e+02
9.560000000000000000e+03
7.693000000000000000e+03
6.099000000000000000e+03
1.980000000000000000e+03
8.086000000000000000e+03
9.938000000000000000e+03
5.904000000000000000e+03
2.045000000000000000e+03
1.335000000000000000e+03
4.191000000000000000e+03
8.789000000000000000e+03
3.168000000000000000e+03
5.800000000000000000e+01
2.558000000000000000e+03
8.145000000000000000e+03
8.143000000000000000e+03
4.253000000000000000e+03
7.873000000000000000e+03
8.136000000000000000e+03
7.829000000000000000e+03
8.987000000000000000e+03
9.494000000000000000e+03
7.630000000000000000e+02
8.035000000000000000e+03
3.666000000000000000e+03
4.997000000000000000e+03
9.773000000000000000e+03
4.708000000000000000e+03
5.248000000000000000e+03
7.753000000000000000e+03
2.619000000000000000e+03
3.310000000000000000e+02
8.968000000000000000e+03
3.762000000000000000e+03
3.881000000000000000e+03
5.121000000000000000e+03
8.336000000000000000e+03
2.974000000000000000e+03
4.246000000000000000e+03
5.162000000000000000e+03
7.498000000000000000e+03
7.787000000000000000e+03
3.811000000000000000e+03
8.585000000000000000e+03
2.709000000000000000e+03
7.816000000000000000e+03
9.389000000000000000e+03
1.645000000000000000e+03
9.509000000000000000e+03
5.432000000000000000e+03
4.865000000000000000e+03
4.184000000000000000e+03
6.699000000000000000e+03
6.666000000000000000e+03
3.310000000000000000e+03
9.038000000000000000e+03
3.952000000000000000e+03
1.345000000000000000e+03
5.589000000000000000e+03
2.950000000000000000e+02
3.790000000000000000e+03
2.778000000000000000e+03
3.135000000000000000e+03
4.321000000000000000e+03
5.808000000000000000e+03
2.509000000000000000e+03
2.255000000000000000e+03
4.487000000000000000e+03
7.798000000000000000e+03
7.807000000000000000e+03
3.575000000000000000e+03
1.542000000000000000e+03
9.570000000000000000e+02
6.006000000000000000e+03
2.372000000000000000e+03
5.151000000000000000e+03
7.915000000000000000e+03
2.531000000000000000e+03
6.482000000000000000e+03
2.343000000000000000e+03
9.839000000000000000e+03
9.757000000000000000e+03
6.722000000000000000e+03
4.975000000000000000e+03
8.435000000000000000e+03
1.766000000000000000e+03
6.995000000000000000e+03
3.180000000000000000e+03
1.032000000000000000e+03
3.005000000000000000e+03
5.024000000000000000e+03
2.500000000000000000e+02
3.980000000000000000e+03
9.797000000000000000e+03
4.806000000000000000e+03
8.190000000000000000e+03
4.080000000000000000e+03
2.854000000000000000e+03
4.289000000000000000e+03
9.615000000000000000e+03
3.667000000000000000e+03
2.925000000000000000e+03
1.356000000000000000e+03
8.111000000000000000e+03
4.815000000000000000e+03
9.645000000000000000e+03
1.890000000000000000e+03
5.610000000000000000e+03
7.442000000000000000e+03
6.180000000000000000e+02
4.540000000000000000e+03
1.663000000000000000e+03
2.452000000000000000e+03
1.277000000000000000e+03
4.938000000000000000e+03
6.762000000000000000e+03
8.708000000000000000e+03
8.275000000000000000e+03
3.623000000000000000e+03
4.987000000000000000e+03
5.076000000000000000e+03
1.139000000000000000e+03
9.765000000000000000e+03
2.229000000000000000e+03
9.000000000000000000e+02
7.175000000000000000e+03
5.930000000000000000e+02
7.107000000000000000e+03
8.452000000000000000e+03
4.310000000000000000e+03
6.495000000000000000e+03
7.340000000000000000e+03
1.749000000000000000e+03
6.622000000000000000e+03
3.095000000000000000e+03
6.200000000000000000e+01
6.661000000000000000e+03
5.510000000000000000e+03
6.662000000000000000e+03
7.308000000000000000e+03
6.682000000000000000e+03
9.205000000000000000e+03
6.270000000000000000e+02
4.524000000000000000e+03
1.950000000000000000e+02
2.329000000000000000e+03
2.364000000000000000e+03
4.903000000000000000e+03
4.443000000000000000e+03
2.016000000000000000e+03
8.637000000000000000e+03
6.148000000000000000e+03
1.670000000000000000e+03
8.889000000000000000e+03
1.352000000000000000e+03
4.488000000000000000e+03
1.431000000000000000e+03
7.721000000000000000e+03
2.699000000000000000e+03
7.369000000000000000e+03
3.220000000000000000e+03
2.633000000000000000e+03
4.084000000000000000e+03
2.192000000000000000e+03
2.010000000000000000e+02
7.296000000000000000e+03
7.517000000000000000e+03
1.922000000000000000e+03
7.446000000000000000e+03
7.357000000000000000e+03
7.578000000000000000e+03
9.720000000000000000e+02
4.788000000000000000e+03
3.944000000000000000e+03
7.376000000000000000e+03
1.329000000000000000e+03
7.027000000000000000e+03
3.320000000000000000e+02
7.670000000000000000e+03
9.184000000000000000e+03
1.789000000000000000e+03
8.996000000000000000e+03
6.829000000000000000e+03
1.870000000000000000e+02
5.660000000000000000e+03
2.878000000000000000e+03
3.129000000000000000e+03
6.402000000000000000e+03
2.976000000000000000e+03
9.969000000000000000e+03
4.664000000000000000e+03
4.322000000000000000e+03
4.350000000000000000e+03
7.334000000000000000e+03
6.164000000000000000e+03
7.649000000000000000e+03
4.526000000000000000e+03
4.994000000000000000e+03
6.697000000000000000e+03
8.083000000000000000e+03
6.911000000000000000e+03
6.160000000000000000e+03
3.646000000000000000e+03
4.307000000000000000e+03
6.893000000000000000e+03
4.856000000000000000e+03
8.167000000000000000e+03
8.196000000000000000e+03
4.088000000000000000e+03
9.783000000000000000e+03
7.604000000000000000e+03
8.384000000000000000e+03
2.318000000000000000e+03
4.436000000000000000e+03
3.213000000000000000e+03
9.238000000000000000e+03
5.060000000000000000e+02
6.100000000000000000e+03
5.573000000000000000e+03
5.911000000000000000e+03
5.368000000000000000e+03
9.999000000000000000e+03
3.770000000000000000e+02
1.846000000000000000e+03
3.136000000000000000e+03
5.116000000000000000e+03
5.562000000000000000e+03
7.879000000000000000e+03
6.028000000000000000e+03
9.006000000000000000e+03
3.374000000000000000e+03
6.855000000000000000e+03
2.920000000000000000e+02
7.548000000000000000e+03
8.085000000000000000e+03
6.767000000000000000e+03
7.355000000000000000e+03
4.943000000000000000e+03
9.761000000000000000e+03
1.849000000000000000e+03
9.334000000000000000e+03
3.578000000000000000e+03
8.204000000000000000e+03
5.658000000000000000e+03
9.231000000000000000e+03
3.985000000000000000e+03
1.845000000000000000e+03
5.782000000000000000e+03
3.406000000000000000e+03
8.316000000000000000e+03
9.450000000000000000e+02
3.931000000000000000e+03
8.000000000000000000e+02
7.298000000000000000e+03
9.756000000000000000e+03
5.459000000000000000e+03
3.061000000000000000e+03
9.581000000000000000e+03
1.224000000000000000e+03
2.559000000000000000e+03
6.030000000000000000e+02
2.977000000000000000e+03
2.720000000000000000e+03
7.723000000000000000e+03
5.560000000000000000e+02
4.590000000000000000e+02
6.116000000000000000e+03
6.330000000000000000e+03
7.965000000000000000e+03
9.035000000000000000e+03
6.981000000000000000e+03
3.360000000000000000e+02
7.778000000000000000e+03
7.855000000000000000e+03
8.362000000000000000e+03
3.181000000000000000e+03
7.825000000000000000e+03
7.547000000000000000e+03
8.280000000000000000e+03
8.861000000000000000e+03
6.324000000000000000e+03
6.319000000000000000e+03
1.979000000000000000e+03
2.547000000000000000e+03
4.381000000000000000e+03
3.320000000000000000e+03
4.793000000000000000e+03
3.245000000000000000e+03
7.375000000000000000e+03
7.558000000000000000e+03
8.752000000000000000e+03
7.993000000000000000e+03
7.886000000000000000e+03
7.002000000000000000e+03
6.312000000000000000e+03
2.700000000000000000e+01
8.019000000000000000e+03
4.733000000000000000e+03
1.394000000000000000e+03
7.242000000000000000e+03
6.853000000000000000e+03
7.188000000000000000e+03
1.521000000000000000e+03
5.508000000000000000e+03
2.357000000000000000e+03
8.367000000000000000e+03
7.667000000000000000e+03
1.794000000000000000e+03
6.813000000000000000e+03
7.611000000000000000e+03
4.810000000000000000e+02
6.483000000000000000e+03
8.728000000000000000e+03
4.138000000000000000e+03
2.635000000000000000e+03
9.896000000000000000e+03
3.422000000000000000e+03
7.839000000000000000e+03
1.884000000000000000e+03
2.739000000000000000e+03
7.288000000000000000e+03
5.620000000000000000e+03
3.851000000000000000e+03
2.288000000000000000e+03
4.560000000000000000e+02
4.353000000000000000e+03
4.398000000000000000e+03
5.269000000000000000e+03
9.369000000000000000e+03
4.244000000000000000e+03
8.863000000000000000e+03
4.839000000000000000e+03
8.518000000000000000e+03
3.550000000000000000e+03
4.023000000000000000e+03
9.541000000000000000e+03
1.808000000000000000e+03
6.240000000000000000e+03
5.549000000000000000e+03
5.749000000000000000e+03
9.793000000000000000e+03
3.030000000000000000e+03
2.422000000000000000e+03
9.049000000000000000e+03
6.955000000000000000e+03
2.240000000000000000e+02
5.944000000000000000e+03
5.106000000000000000e+03
4.363000000000000000e+03
6.718000000000000000e+03
9.313000000000000000e+03
6.167000000000000000e+03
4.976000000000000000e+03
4.838000000000000000e+03
4.027000000000000000e+03
2.839000000000000000e+03
6.910000000000000000e+03
1.575000000000000000e+03
2.488000000000000000e+03
3.997000000000000000e+03
9.316000000000000000e+03
7.561000000000000000e+03
1.211000000000000000e+03
6.161000000000000000e+03
9.033000000000000000e+03
5.471000000000000000e+03
9.025000000000000000e+03
6.592000000000000000e+03
6.979000000000000000e+03
3.989000000000000000e+03
6.282000000000000000e+03
7.740000000000000000e+03
5.546000000000000000e+03
6.615000000000000000e+03
2.360000000000000000e+02
6.800000000000000000e+03
8.523000000000000000e+03
8.978000000000000000e+03
6.254000000000000000e+03
4.203000000000000000e+03
2.070000000000000000e+02
6.271000000000000000e+03
7.999000000000000000e+03
9.140000000000000000e+03
9.516000000000000000e+03
9.830000000000000000e+02
5.654000000000000000e+03
