3.019000000000000000e+03
3.237000000000000000e+03
3.488000000000000000e+03
7.837000000000000000e+03
7.263000000000000000e+03
5.054000000000000000e+03
6.198000000000000000e+03
2.517000000000000000e+03
7.280000000000000000e+03
9.299000000000000000e+03
1.697000000000000000e+03
1.330000000000000000e+02
1.037000000000000000e+03
9.374000000000000000e+03
1.591000000000000000e+03
1.301000000000000000e+03
7.505000000000000000e+03
4.971000000000000000e+03
2.758000000000000000e+03
6.086000000000000000e+03
8.673000000000000000e+03
3.982000000000000000e+03
1.095000000000000000e+03
9.990000000000000000e+03
4.891000000000000000e+03
4.013000000000000000e+03
4.979000000000000000e+03
6.059000000000000000e+03
4.658000000000000000e+03
7.908000000000000000e+03
3.362000000000000000e+03
5.647000000000000000e+03
3.387000000000000000e+03
9.390000000000000000e+02
8.737000000000000000e+03
3.388000000000000000e+03
7.569000000000000000e+03
4.933000000000000000e+03
5.084000000000000000e+03
7.985000000000000000e+03
7.565000000000000000e+03
8.697000000000000000e+03
5.179000000000000000e+03
6.413000000000000000e+03
2.718000000000000000e+03
5.186000000000000000e+03
3.835000000000000000e+03
5.925000000000000000e+03
5.901000000000000000e+03
5.907000000000000000e+03
3.165000000000000000e+03
1.270000000000000000e+02
6.460000000000000000e+02
1.316000000000000000e+03
7.331000000000000000e+03
8.007000000000000000e+03
4.924000000000000000e+03
2.800000000000000000e+03
9.430000000000000000e+03
5.338000000000000000e+03
8.458000000000000000e+03
7.118000000000000000e+03
5.473000000000000000e+03
5.469000000000000000e+03
5.463000000000000000e+03
3.518000000000000000e+03
6.587000000000000000e+03
5.426000000000000000e+03
3.210000000000000000e+02
6.145000000000000000e+03
2.923000000000000000e+03
1.636000000000000000e+03
8.883000000000000000e+03
7.736000000000000000e+03
7.106000000000000000e+03
2.106000000000000000e+03
4.830000000000000000e+03
1.703000000000000000e+03
5.617000000000000000e+03
2.778000000000000000e+03
8.279000000000000000e+03
5.570000000000000000e+03
3.451000000000000000e+03
6.917000000000000000e+03
8.308000000000000000e+03
2.444000000000000000e+03
3.633000000000000000e+03
7.279000000000000000e+03
2.300000000000000000e+02
8.493000000000000000e+03
8.334000000000000000e+03
6.201000000000000000e+03
8.347000000000000000e+03
2.840000000000000000e+03
2.707000000000000000e+03
1.156000000000000000e+03
1.862000000000000000e+03
4.306000000000000000e+03
1.996000000000000000e+03
7.474000000000000000e+03
6.764000000000000000e+03
5.117000000000000000e+03
8.634000000000000000e+03
9.155000000000000000e+03
1.353000000000000000e+03
4.394000000000000000e+03
3.743000000000000000e+03
9.308000000000000000e+03
3.798000000000000000e+03
8.070000000000000000e+03
5.147000000000000000e+03
8.170000000000000000e+03
9.295000000000000000e+03
1.880000000000000000e+03
5.064000000000000000e+03
6.796000000000000000e+03
9.992000000000000000e+03
8.114000000000000000e+03
2.698000000000000000e+03
5.067000000000000000e+03
9.138000000000000000e+03
2.624000000000000000e+03
6.310000000000000000e+03
9.064000000000000000e+03
5.966000000000000000e+03
7.198000000000000000e+03
5.385000000000000000e+03
1.639000000000000000e+03
1.760000000000000000e+03
2.941000000000000000e+03
4.142000000000000000e+03
7.340000000000000000e+02
1.755000000000000000e+03
5.448000000000000000e+03
5.271000000000000000e+03
9.828000000000000000e+03
7.809000000000000000e+03
6.643000000000000000e+03
9.209000000000000000e+03
2.800000000000000000e+02
7.114000000000000000e+03
6.181000000000000000e+03
7.119000000000000000e+03
5.494000000000000000e+03
5.500000000000000000e+03
3.008000000000000000e+03
3.762000000000000000e+03
4.378000000000000000e+03
2.930000000000000000e+02
7.126000000000000000e+03
8.655000000000000000e+03
2.271000000000000000e+03
4.910000000000000000e+02
5.766000000000000000e+03
5.250000000000000000e+02
1.815000000000000000e+03
7.954000000000000000e+03
6.737000000000000000e+03
4.452000000000000000e+03
1.866000000000000000e+03
4.232000000000000000e+03
9.093000000000000000e+03
5.887000000000000000e+03
9.169000000000000000e+03
2.752000000000000000e+03
3.699000000000000000e+03
8.674000000000000000e+03
9.871000000000000000e+03
4.954000000000000000e+03
7.522000000000000000e+03
6.637000000000000000e+03
3.249000000000000000e+03
2.189000000000000000e+03
7.024000000000000000e+03
9.734000000000000000e+03
5.848000000000000000e+03
6.933000000000000000e+03
4.111000000000000000e+03
9.718000000000000000e+03
1.384000000000000000e+03
2.568000000000000000e+03
9.091000000000000000e+03
7.232000000000000000e+03
5.087000000000000000e+03
9.910000000000000000e+03
3.967000000000000000e+03
9.710000000000000000e+03
6.820000000000000000e+03
5.406000000000000000e+03
3.188000000000000000e+03
8.040000000000000000e+02
2.111000000000000000e+03
9.288000000000000000e+03
1.100000000000000000e+01
1.607000000000000000e+03
5.092000000000000000e+03
8.429000000000000000e+03
7.858000000000000000e+03
1.401000000000000000e+03
2.651000000000000000e+03
8.260000000000000000e+03
4.163000000000000000e+03
8.770000000000000000e+02
6.593000000000000000e+03
9.566000000000000000e+03
6.462000000000000000e+03
6.600000000000000000e+03
7.432000000000000000e+03
8.657000000000000000e+03
3.157000000000000000e+03
2.848000000000000000e+03
9.199000000000000000e+03
3.310000000000000000e+02
6.671000000000000000e+03
2.446000000000000000e+03
6.944000000000000000e+03
3.267000000000000000e+03
8.585000000000000000e+03
7.388000000000000000e+03
6.227000000000000000e+03
2.384000000000000000e+03
3.415000000000000000e+03
2.578000000000000000e+03
2.084000000000000000e+03
6.310000000000000000e+02
7.760000000000000000e+02
6.710000000000000000e+03
4.676000000000000000e+03
8.035000000000000000e+03
7.886000000000000000e+03
8.355000000000000000e+03
3.662000000000000000e+03
8.467000000000000000e+03
5.620000000000000000e+02
2.531000000000000000e+03
9.722000000000000000e+03
9.422000000000000000e+03
8.249000000000000000e+03
2.545000000000000000e+03
5.393000000000000000e+03
5.399000000000000000e+03
1.501000000000000000e+03
2.922000000000000000e+03
3.773000000000000000e+03
6.919000000000000000e+03
1.168000000000000000e+03
7.300000000000000000e+02
7.456000000000000000e+03
6.722000000000000000e+03
1.859000000000000000e+03
4.017000000000000000e+03
2.319000000000000000e+03
6.782000000000000000e+03
6.307000000000000000e+03
5.429000000000000000e+03
3.540000000000000000e+03
8.701000000000000000e+03
3.980000000000000000e+03
6.100000000000000000e+03
3.080000000000000000e+02
6.134000000000000000e+03
9.742000000000000000e+03
9.574000000000000000e+03
9.306000000000000000e+03
6.677000000000000000e+03
4.098000000000000000e+03
6.370000000000000000e+02
1.217000000000000000e+03
6.863000000000000000e+03
8.332000000000000000e+03
9.528000000000000000e+03
2.821000000000000000e+03
8.295000000000000000e+03
5.917000000000000000e+03
9.773000000000000000e+03
8.726000000000000000e+03
6.485000000000000000e+03
5.550000000000000000e+03
5.140000000000000000e+02
9.788000000000000000e+03
2.689000000000000000e+03
2.804000000000000000e+03
7.050000000000000000e+03
5.112000000000000000e+03
9.373000000000000000e+03
5.060000000000000000e+02
4.477000000000000000e+03
2.500000000000000000e+02
7.620000000000000000e+02
1.774000000000000000e+03
4.520000000000000000e+02
6.509000000000000000e+03
6.507000000000000000e+03
5.108000000000000000e+03
1.383000000000000000e+03
8.063000000000000000e+03
9.735000000000000000e+03
8.202000000000000000e+03
6.389000000000000000e+03
9.336000000000000000e+03
8.154000000000000000e+03
3.136000000000000000e+03
3.381000000000000000e+03
8.900000000000000000e+03
5.667000000000000000e+03
7.452000000000000000e+03
4.076000000000000000e+03
2.147000000000000000e+03
9.134000000000000000e+03
8.192000000000000000e+03
8.869000000000000000e+03
8.706000000000000000e+03
8.392000000000000000e+03
4.350000000000000000e+02
2.671000000000000000e+03
7.834000000000000000e+03
3.885000000000000000e+03
4.626000000000000000e+03
2.790000000000000000e+02
2.115000000000000000e+03
8.446000000000000000e+03
9.416000000000000000e+03
4.310000000000000000e+02
6.495000000000000000e+03
4.337000000000000000e+03
2.242000000000000000e+03
8.275000000000000000e+03
7.450000000000000000e+02
7.899000000000000000e+03
5.786000000000000000e+03
9.720000000000000000e+02
1.682000000000000000e+03
9.186000000000000000e+03
3.363000000000000000e+03
5.520000000000000000e+03
1.781000000000000000e+03
3.326000000000000000e+03
8.111000000000000000e+03
7.400000000000000000e+02
4.325000000000000000e+03
8.112000000000000000e+03
4.283000000000000000e+03
9.223000000000000000e+03
2.603000000000000000e+03
3.896000000000000000e+03
1.402000000000000000e+03
1.860000000000000000e+02
1.493000000000000000e+03
2.413000000000000000e+03
2.880000000000000000e+02
5.986000000000000000e+03
8.667000000000000000e+03
5.024000000000000000e+03
8.967000000000000000e+03
5.145000000000000000e+03
8.179000000000000000e+03
4.310000000000000000e+03
8.352000000000000000e+03
2.312000000000000000e+03
2.272000000000000000e+03
3.851000000000000000e+03
