1.898000000000000000e+03
4.613000000000000000e+03
3.976000000000000000e+03
3.749000000000000000e+03
7.290000000000000000e+02
8.027000000000000000e+03
5.311000000000000000e+03
8.032000000000000000e+03
5.247000000000000000e+03
5.790000000000000000e+03
3.033000000000000000e+03
5.054000000000000000e+03
9.535000000000000000e+03
2.899000000000000000e+03
1.100000000000000000e+01
2.880000000000000000e+02
7.170000000000000000e+02
5.083000000000000000e+03
7.075000000000000000e+03
1.697000000000000000e+03
8.221000000000000000e+03
1.530000000000000000e+03
1.804000000000000000e+03
9.519000000000000000e+03
1.721000000000000000e+03
4.753000000000000000e+03
7.908000000000000000e+03
7.117000000000000000e+03
3.362000000000000000e+03
8.493000000000000000e+03
3.709000000000000000e+03
1.970000000000000000e+03
2.106000000000000000e+03
9.580000000000000000e+03
8.490000000000000000e+03
3.875000000000000000e+03
7.776000000000000000e+03
9.095000000000000000e+03
4.998000000000000000e+03
7.087000000000000000e+03
1.559000000000000000e+03
8.148000000000000000e+03
9.390000000000000000e+02
6.834000000000000000e+03
9.160000000000000000e+03
4.478000000000000000e+03
9.308000000000000000e+03
6.837000000000000000e+03
8.334000000000000000e+03
2.003000000000000000e+03
1.191000000000000000e+03
7.797000000000000000e+03
4.277000000000000000e+03
7.118000000000000000e+03
9.860000000000000000e+02
5.879000000000000000e+03
6.927000000000000000e+03
7.569000000000000000e+03
1.377000000000000000e+03
9.185000000000000000e+03
4.830000000000000000e+03
2.889000000000000000e+03
5.991000000000000000e+03
4.908000000000000000e+03
2.046000000000000000e+03
2.510000000000000000e+02
5.412000000000000000e+03
1.660000000000000000e+03
2.457000000000000000e+03
8.754000000000000000e+03
9.712000000000000000e+03
2.462000000000000000e+03
8.059000000000000000e+03
6.543000000000000000e+03
8.440000000000000000e+03
8.060000000000000000e+02
6.268000000000000000e+03
1.626000000000000000e+03
2.840000000000000000e+03
8.410000000000000000e+03
8.458000000000000000e+03
8.684000000000000000e+03
8.203000000000000000e+03
3.970000000000000000e+02
6.315000000000000000e+03
8.028000000000000000e+03
8.697000000000000000e+03
7.730000000000000000e+02
2.537000000000000000e+03
7.598000000000000000e+03
2.403000000000000000e+03
9.646000000000000000e+03
2.110000000000000000e+02
5.450000000000000000e+03
9.041000000000000000e+03
8.193000000000000000e+03
4.810000000000000000e+03
3.623000000000000000e+03
3.282000000000000000e+03
2.624000000000000000e+03
8.745000000000000000e+03
8.575000000000000000e+03
8.279000000000000000e+03
9.941000000000000000e+03
5.694000000000000000e+03
5.925000000000000000e+03
5.907000000000000000e+03
6.380000000000000000e+03
9.385000000000000000e+03
4.290000000000000000e+03
3.752000000000000000e+03
7.474000000000000000e+03
2.264000000000000000e+03
5.708000000000000000e+03
7.450000000000000000e+03
8.959000000000000000e+03
2.258000000000000000e+03
8.619000000000000000e+03
3.142000000000000000e+03
7.423000000000000000e+03
6.076000000000000000e+03
3.798000000000000000e+03
8.542000000000000000e+03
5.901000000000000000e+03
6.460000000000000000e+02
7.371000000000000000e+03
7.985000000000000000e+03
4.561000000000000000e+03
7.421000000000000000e+03
3.491000000000000000e+03
4.156000000000000000e+03
5.575000000000000000e+03
9.341000000000000000e+03
1.466000000000000000e+03
1.855000000000000000e+03
1.947000000000000000e+03
2.352000000000000000e+03
8.870000000000000000e+02
8.904000000000000000e+03
5.541000000000000000e+03
9.087000000000000000e+03
6.690000000000000000e+02
5.616000000000000000e+03
3.159000000000000000e+03
5.122000000000000000e+03
1.020000000000000000e+03
9.191000000000000000e+03
7.747000000000000000e+03
1.335000000000000000e+03
2.667000000000000000e+03
1.636000000000000000e+03
3.013000000000000000e+03
8.726000000000000000e+03
2.600000000000000000e+02
7.824000000000000000e+03
1.706000000000000000e+03
1.284000000000000000e+03
6.556000000000000000e+03
4.915000000000000000e+03
5.976000000000000000e+03
6.435000000000000000e+03
7.958000000000000000e+03
5.726000000000000000e+03
2.697000000000000000e+03
3.762000000000000000e+03
3.611000000000000000e+03
7.210000000000000000e+03
5.463000000000000000e+03
3.144000000000000000e+03
4.000000000000000000e+01
8.548000000000000000e+03
7.212000000000000000e+03
8.934000000000000000e+03
4.150000000000000000e+02
9.592000000000000000e+03
1.222000000000000000e+03
6.960000000000000000e+03
6.825000000000000000e+03
4.054000000000000000e+03
2.932000000000000000e+03
8.652000000000000000e+03
6.795000000000000000e+03
1.880000000000000000e+03
8.335000000000000000e+03
4.091000000000000000e+03
8.995000000000000000e+03
1.786000000000000000e+03
9.101000000000000000e+03
5.378000000000000000e+03
4.658000000000000000e+03
4.330000000000000000e+03
3.835000000000000000e+03
3.836000000000000000e+03
8.325000000000000000e+03
2.800000000000000000e+02
5.899000000000000000e+03
9.060000000000000000e+03
1.440000000000000000e+02
1.305000000000000000e+03
8.156000000000000000e+03
7.311000000000000000e+03
9.597000000000000000e+03
3.705000000000000000e+03
9.285000000000000000e+03
4.455000000000000000e+03
1.488000000000000000e+03
8.674000000000000000e+03
9.843000000000000000e+03
8.953000000000000000e+03
7.043000000000000000e+03
1.889000000000000000e+03
1.639000000000000000e+03
1.457000000000000000e+03
4.890000000000000000e+03
3.217000000000000000e+03
1.281000000000000000e+03
4.310000000000000000e+02
7.920000000000000000e+03
7.232000000000000000e+03
3.170000000000000000e+02
4.412000000000000000e+03
5.989000000000000000e+03
2.944000000000000000e+03
2.949000000000000000e+03
6.263000000000000000e+03
5.416000000000000000e+03
7.625000000000000000e+03
7.262000000000000000e+03
5.772000000000000000e+03
2.068000000000000000e+03
5.913000000000000000e+03
6.099000000000000000e+03
9.278000000000000000e+03
5.191000000000000000e+03
6.444000000000000000e+03
4.732000000000000000e+03
5.271000000000000000e+03
5.914000000000000000e+03
6.659000000000000000e+03
2.331000000000000000e+03
8.658000000000000000e+03
1.310000000000000000e+02
9.484000000000000000e+03
8.510000000000000000e+03
2.802000000000000000e+03
4.075000000000000000e+03
5.533000000000000000e+03
8.022000000000000000e+03
4.700000000000000000e+01
4.575000000000000000e+03
6.080000000000000000e+02
4.225000000000000000e+03
1.527000000000000000e+03
2.088000000000000000e+03
9.671000000000000000e+03
6.514000000000000000e+03
6.925000000000000000e+03
3.921000000000000000e+03
8.804000000000000000e+03
2.625000000000000000e+03
8.897000000000000000e+03
6.425000000000000000e+03
6.248000000000000000e+03
6.037000000000000000e+03
8.654000000000000000e+03
1.343000000000000000e+03
7.817000000000000000e+03
8.128000000000000000e+03
7.165000000000000000e+03
4.514000000000000000e+03
4.413000000000000000e+03
6.593000000000000000e+03
2.039000000000000000e+03
1.014000000000000000e+03
1.684000000000000000e+03
6.776000000000000000e+03
6.633000000000000000e+03
6.428000000000000000e+03
6.275000000000000000e+03
7.024000000000000000e+03
4.597000000000000000e+03
3.690000000000000000e+02
8.952000000000000000e+03
7.630000000000000000e+02
3.187000000000000000e+03
5.143000000000000000e+03
9.576000000000000000e+03
7.003000000000000000e+03
1.317000000000000000e+03
6.744000000000000000e+03
6.655000000000000000e+03
1.741000000000000000e+03
4.502000000000000000e+03
4.716000000000000000e+03
8.667000000000000000e+03
3.800000000000000000e+03
7.329000000000000000e+03
8.938000000000000000e+03
9.863000000000000000e+03
6.167000000000000000e+03
2.821000000000000000e+03
1.210000000000000000e+03
6.164000000000000000e+03
7.320000000000000000e+02
5.917000000000000000e+03
6.401000000000000000e+03
6.478000000000000000e+03
8.100000000000000000e+02
2.811000000000000000e+03
4.721000000000000000e+03
4.206000000000000000e+03
2.440000000000000000e+03
7.903000000000000000e+03
2.545000000000000000e+03
2.859000000000000000e+03
1.711000000000000000e+03
8.584000000000000000e+03
1.937000000000000000e+03
7.910000000000000000e+03
4.963000000000000000e+03
6.196000000000000000e+03
4.764000000000000000e+03
8.356000000000000000e+03
5.108000000000000000e+03
5.162000000000000000e+03
2.372000000000000000e+03
3.259000000000000000e+03
5.667000000000000000e+03
4.975000000000000000e+03
6.852000000000000000e+03
9.839000000000000000e+03
1.640000000000000000e+02
3.060000000000000000e+03
9.612000000000000000e+03
6.399000000000000000e+03
5.182000000000000000e+03
3.811000000000000000e+03
9.497000000000000000e+03
4.121000000000000000e+03
4.176000000000000000e+03
4.494000000000000000e+03
5.939000000000000000e+03
6.724000000000000000e+03
6.119000000000000000e+03
9.483000000000000000e+03
2.648000000000000000e+03
2.136000000000000000e+03
5.410000000000000000e+02
4.500000000000000000e+03
1.539000000000000000e+03
2.658000000000000000e+03
7.046000000000000000e+03
3.520000000000000000e+03
3.122000000000000000e+03
4.620000000000000000e+03
8.541000000000000000e+03
9.339000000000000000e+03
1.794000000000000000e+03
3.342000000000000000e+03
7.885000000000000000e+03
8.500000000000000000e+01
8.198000000000000000e+03
4.830000000000000000e+02
6.965000000000000000e+03
8.770000000000000000e+02
7.522000000000000000e+03
6.030000000000000000e+03
2.305000000000000000e+03
6.364000000000000000e+03
7.150000000000000000e+02
9.500000000000000000e+03
3.546000000000000000e+03
4.334000000000000000e+03
2.296000000000000000e+03
7.028000000000000000e+03
5.578000000000000000e+03
1.045000000000000000e+03
3.540000000000000000e+03
5.749000000000000000e+03
5.850000000000000000e+02
7.980000000000000000e+03
3.736000000000000000e+03
4.166000000000000000e+03
9.180000000000000000e+03
8.165000000000000000e+03
5.819000000000000000e+03
7.618000000000000000e+03
1.625000000000000000e+03
1.348000000000000000e+03
1.279000000000000000e+03
2.428000000000000000e+03
5.336000000000000000e+03
3.634000000000000000e+03
8.779000000000000000e+03
3.460000000000000000e+02
6.709000000000000000e+03
3.773000000000000000e+03
9.788000000000000000e+03
9.210000000000000000e+02
5.999000000000000000e+03
1.931000000000000000e+03
9.249000000000000000e+03
6.509000000000000000e+03
1.925000000000000000e+03
2.895000000000000000e+03
5.381000000000000000e+03
1.501000000000000000e+03
2.929000000000000000e+03
3.479000000000000000e+03
9.379000000000000000e+03
5.394000000000000000e+03
2.911000000000000000e+03
2.176000000000000000e+03
3.649000000000000000e+03
9.706000000000000000e+03
9.703000000000000000e+03
6.560000000000000000e+02
4.237000000000000000e+03
2.047000000000000000e+03
8.447000000000000000e+03
9.370000000000000000e+03
5.828000000000000000e+03
7.760000000000000000e+02
5.079000000000000000e+03
4.372000000000000000e+03
3.317000000000000000e+03
9.039000000000000000e+03
8.242000000000000000e+03
2.531000000000000000e+03
2.862000000000000000e+03
1.611000000000000000e+03
7.915000000000000000e+03
7.176000000000000000e+03
3.614000000000000000e+03
8.683000000000000000e+03
6.031000000000000000e+03
6.616000000000000000e+03
2.361000000000000000e+03
8.985000000000000000e+03
6.931000000000000000e+03
3.313000000000000000e+03
1.255000000000000000e+03
6.548000000000000000e+03
9.847000000000000000e+03
2.229000000000000000e+03
7.404000000000000000e+03
4.098000000000000000e+03
6.879000000000000000e+03
6.020000000000000000e+03
8.444000000000000000e+03
4.690000000000000000e+02
7.427000000000000000e+03
7.805000000000000000e+03
2.809000000000000000e+03
2.560000000000000000e+02
9.201000000000000000e+03
4.899000000000000000e+03
2.631000000000000000e+03
2.480000000000000000e+02
9.216000000000000000e+03
7.860000000000000000e+03
7.816000000000000000e+03
7.834000000000000000e+03
3.839000000000000000e+03
1.519000000000000000e+03
5.656000000000000000e+03
7.868000000000000000e+03
3.205000000000000000e+03
4.303000000000000000e+03
1.081000000000000000e+03
7.040000000000000000e+02
2.484000000000000000e+03
4.011000000000000000e+03
5.519000000000000000e+03
8.900000000000000000e+03
4.640000000000000000e+03
5.636000000000000000e+03
5.501000000000000000e+03
9.480000000000000000e+03
4.927000000000000000e+03
6.576000000000000000e+03
5.461000000000000000e+03
3.109000000000000000e+03
9.106000000000000000e+03
3.785000000000000000e+03
6.957000000000000000e+03
2.556000000000000000e+03
9.461000000000000000e+03
1.443000000000000000e+03
8.190000000000000000e+02
1.456000000000000000e+03
9.194000000000000000e+03
9.750000000000000000e+03
7.083000000000000000e+03
5.000000000000000000e+02
6.314000000000000000e+03
3.266000000000000000e+03
1.537000000000000000e+03
5.817000000000000000e+03
6.721000000000000000e+03
7.660000000000000000e+03
2.127000000000000000e+03
8.289000000000000000e+03
6.979000000000000000e+03
5.269000000000000000e+03
5.929000000000000000e+03
4.125000000000000000e+03
2.603000000000000000e+03
3.324000000000000000e+03
5.517000000000000000e+03
3.774000000000000000e+03
5.471000000000000000e+03
2.557000000000000000e+03
1.421000000000000000e+03
3.556000000000000000e+03
1.849000000000000000e+03
7.967000000000000000e+03
5.184000000000000000e+03
4.283000000000000000e+03
2.013000000000000000e+03
1.534000000000000000e+03
8.111000000000000000e+03
4.730000000000000000e+03
2.526000000000000000e+03
5.986000000000000000e+03
9.922000000000000000e+03
4.956000000000000000e+03
4.907000000000000000e+03
4.099000000000000000e+03
7.417000000000000000e+03
2.289000000000000000e+03
7.491000000000000000e+03
7.286000000000000000e+03
1.394000000000000000e+03
5.668000000000000000e+03
5.824000000000000000e+03
7.125000000000000000e+03
9.851000000000000000e+03
2.066000000000000000e+03
4.205000000000000000e+03
3.136000000000000000e+03
7.882000000000000000e+03
5.644000000000000000e+03
5.834000000000000000e+03
7.355000000000000000e+03
5.720000000000000000e+02
7.167000000000000000e+03
1.056000000000000000e+03
6.324000000000000000e+03
9.720000000000000000e+02
2.576000000000000000e+03
1.330000000000000000e+03
