9.959000000000000000e+03
4.274000000000000000e+03
5.165000000000000000e+03
9.487000000000000000e+03
8.945000000000000000e+03
1.049000000000000000e+03
9.237000000000000000e+03
7.000000000000000000e+02
3.220000000000000000e+03
7.600000000000000000e+02
7.483000000000000000e+03
3.987000000000000000e+03
2.743000000000000000e+03
7.166000000000000000e+03
3.504000000000000000e+03
6.058000000000000000e+03
5.905000000000000000e+03
3.805000000000000000e+03
6.210000000000000000e+02
3.219000000000000000e+03
5.790000000000000000e+03
9.400000000000000000e+02
7.665000000000000000e+03
2.504000000000000000e+03
4.253000000000000000e+03
4.532000000000000000e+03
7.290000000000000000e+02
4.278000000000000000e+03
8.124000000000000000e+03
2.847000000000000000e+03
8.330000000000000000e+02
3.073000000000000000e+03
8.802000000000000000e+03
3.212000000000000000e+03
8.094000000000000000e+03
8.218000000000000000e+03
2.317000000000000000e+03
6.143000000000000000e+03
4.058000000000000000e+03
3.482000000000000000e+03
3.458000000000000000e+03
6.564000000000000000e+03
4.841000000000000000e+03
2.612000000000000000e+03
1.769000000000000000e+03
4.400000000000000000e+02
7.577000000000000000e+03
6.890000000000000000e+03
6.444000000000000000e+03
5.748000000000000000e+03
1.363000000000000000e+03
8.813000000000000000e+03
3.579000000000000000e+03
4.314000000000000000e+03
9.588000000000000000e+03
5.081000000000000000e+03
4.981000000000000000e+03
8.995000000000000000e+03
5.820000000000000000e+02
3.459000000000000000e+03
0.000000000000000000e+00
7.455000000000000000e+03
7.461000000000000000e+03
2.369000000000000000e+03
7.908000000000000000e+03
7.262000000000000000e+03
3.688000000000000000e+03
3.641000000000000000e+03
2.522000000000000000e+03
8.760000000000000000e+03
4.670000000000000000e+03
2.200000000000000000e+01
3.683000000000000000e+03
6.747000000000000000e+03
8.854000000000000000e+03
5.993000000000000000e+03
3.037000000000000000e+03
5.995000000000000000e+03
6.556000000000000000e+03
1.213000000000000000e+03
9.736000000000000000e+03
9.440000000000000000e+03
2.624000000000000000e+03
9.769000000000000000e+03
3.937000000000000000e+03
6.069000000000000000e+03
3.803000000000000000e+03
9.843000000000000000e+03
7.106000000000000000e+03
1.729000000000000000e+03
5.876000000000000000e+03
7.985000000000000000e+03
3.743000000000000000e+03
3.798000000000000000e+03
7.493000000000000000e+03
9.883000000000000000e+03
7.484000000000000000e+03
2.045000000000000000e+03
4.830000000000000000e+03
2.046000000000000000e+03
8.579000000000000000e+03
5.991000000000000000e+03
3.680000000000000000e+03
9.812000000000000000e+03
9.415000000000000000e+03
4.790000000000000000e+03
2.106000000000000000e+03
6.163000000000000000e+03
3.502000000000000000e+03
8.458000000000000000e+03
3.491000000000000000e+03
1.580000000000000000e+02
5.925000000000000000e+03
8.697000000000000000e+03
9.308000000000000000e+03
2.390000000000000000e+03
5.084000000000000000e+03
3.510000000000000000e+02
4.393000000000000000e+03
9.084000000000000000e+03
4.995000000000000000e+03
4.437000000000000000e+03
5.179000000000000000e+03
7.741000000000000000e+03
4.914000000000000000e+03
4.506000000000000000e+03
4.527000000000000000e+03
4.538000000000000000e+03
9.053000000000000000e+03
7.340000000000000000e+02
9.146000000000000000e+03
5.774000000000000000e+03
1.559000000000000000e+03
7.579000000000000000e+03
1.970000000000000000e+03
5.733000000000000000e+03
7.820000000000000000e+03
5.698000000000000000e+03
5.647000000000000000e+03
7.549000000000000000e+03
2.537000000000000000e+03
9.269000000000000000e+03
1.444000000000000000e+03
5.553000000000000000e+03
4.176000000000000000e+03
1.494000000000000000e+03
5.447000000000000000e+03
5.439000000000000000e+03
8.754000000000000000e+03
1.948000000000000000e+03
9.390000000000000000e+02
4.713000000000000000e+03
3.312000000000000000e+03
6.562000000000000000e+03
3.058000000000000000e+03
8.028000000000000000e+03
6.577000000000000000e+03
6.587000000000000000e+03
6.606000000000000000e+03
6.612000000000000000e+03
7.363000000000000000e+03
9.689000000000000000e+03
7.359000000000000000e+03
9.589000000000000000e+03
8.183000000000000000e+03
7.316000000000000000e+03
6.986000000000000000e+03
6.984000000000000000e+03
1.030000000000000000e+03
2.345000000000000000e+03
5.540000000000000000e+02
6.268000000000000000e+03
5.650000000000000000e+02
3.387000000000000000e+03
9.714000000000000000e+03
8.140000000000000000e+03
3.165000000000000000e+03
7.444000000000000000e+03
2.258000000000000000e+03
8.107000000000000000e+03
2.923000000000000000e+03
7.118000000000000000e+03
9.640000000000000000e+02
8.389000000000000000e+03
2.952000000000000000e+03
9.739000000000000000e+03
7.098000000000000000e+03
7.234000000000000000e+03
6.379000000000000000e+03
1.671000000000000000e+03
4.370000000000000000e+03
9.405000000000000000e+03
3.096000000000000000e+03
9.617000000000000000e+03
7.187000000000000000e+03
3.544000000000000000e+03
4.441000000000000000e+03
1.317000000000000000e+03
4.658000000000000000e+03
8.839000000000000000e+03
6.393000000000000000e+03
3.959000000000000000e+03
3.159000000000000000e+03
4.676000000000000000e+03
2.866000000000000000e+03
3.840000000000000000e+02
5.497000000000000000e+03
4.980000000000000000e+03
7.286000000000000000e+03
4.946000000000000000e+03
7.750000000000000000e+02
5.267000000000000000e+03
5.709000000000000000e+03
3.020000000000000000e+02
1.354000000000000000e+03
6.229000000000000000e+03
5.822000000000000000e+03
6.160000000000000000e+03
6.746000000000000000e+03
7.739000000000000000e+03
8.285000000000000000e+03
6.854000000000000000e+03
8.158000000000000000e+03
8.222000000000000000e+03
7.920000000000000000e+03
4.167000000000000000e+03
4.464000000000000000e+03
1.495000000000000000e+03
6.346000000000000000e+03
9.946000000000000000e+03
6.328000000000000000e+03
1.856000000000000000e+03
3.048000000000000000e+03
5.827000000000000000e+03
5.600000000000000000e+02
4.673000000000000000e+03
4.696000000000000000e+03
7.368000000000000000e+03
9.817000000000000000e+03
7.351000000000000000e+03
5.440000000000000000e+02
4.452000000000000000e+03
6.113000000000000000e+03
3.557000000000000000e+03
2.978000000000000000e+03
9.537000000000000000e+03
6.117000000000000000e+03
2.208000000000000000e+03
6.190000000000000000e+03
4.890000000000000000e+03
8.520000000000000000e+02
2.467000000000000000e+03
6.080000000000000000e+02
2.271000000000000000e+03
8.410000000000000000e+03
3.487000000000000000e+03
7.991000000000000000e+03
1.755000000000000000e+03
2.667000000000000000e+03
4.702000000000000000e+03
3.462000000000000000e+03
9.532000000000000000e+03
3.013000000000000000e+03
6.041000000000000000e+03
5.887000000000000000e+03
4.189000000000000000e+03
4.080000000000000000e+03
9.597000000000000000e+03
9.725000000000000000e+03
5.767000000000000000e+03
4.006000000000000000e+03
2.540000000000000000e+03
7.311000000000000000e+03
7.510000000000000000e+03
3.172000000000000000e+03
3.900000000000000000e+02
8.578000000000000000e+03
3.644000000000000000e+03
9.626000000000000000e+03
9.680000000000000000e+02
1.599000000000000000e+03
9.191000000000000000e+03
7.720000000000000000e+02
8.726000000000000000e+03
8.655000000000000000e+03
3.390000000000000000e+02
1.110000000000000000e+02
6.509000000000000000e+03
9.881000000000000000e+03
5.645000000000000000e+03
6.593000000000000000e+03
8.219000000000000000e+03
3.471000000000000000e+03
8.005000000000000000e+03
7.117000000000000000e+03
1.250000000000000000e+02
7.081000000000000000e+03
8.811000000000000000e+03
5.701000000000000000e+03
7.150000000000000000e+02
9.665000000000000000e+03
1.680000000000000000e+02
7.600000000000000000e+03
3.254000000000000000e+03
6.565000000000000000e+03
5.832000000000000000e+03
9.144000000000000000e+03
3.658000000000000000e+03
5.954000000000000000e+03
6.353000000000000000e+03
3.218000000000000000e+03
6.267000000000000000e+03
9.435000000000000000e+03
7.016000000000000000e+03
8.844000000000000000e+03
3.536000000000000000e+03
6.524000000000000000e+03
1.985000000000000000e+03
4.495000000000000000e+03
4.866000000000000000e+03
3.709000000000000000e+03
8.575000000000000000e+03
1.372000000000000000e+03
8.746000000000000000e+03
9.971000000000000000e+03
7.844000000000000000e+03
1.353000000000000000e+03
8.239000000000000000e+03
1.530000000000000000e+03
2.819000000000000000e+03
4.277000000000000000e+03
1.898000000000000000e+03
5.622000000000000000e+03
1.834000000000000000e+03
8.136000000000000000e+03
3.210000000000000000e+03
8.293000000000000000e+03
9.745000000000000000e+03
1.128000000000000000e+03
7.089000000000000000e+03
1.848000000000000000e+03
8.494000000000000000e+03
2.136000000000000000e+03
3.865000000000000000e+03
9.671000000000000000e+03
8.848000000000000000e+03
9.216000000000000000e+03
6.099000000000000000e+03
5.579000000000000000e+03
2.018000000000000000e+03
8.310000000000000000e+02
5.850000000000000000e+02
3.190000000000000000e+02
9.390000000000000000e+03
1.807000000000000000e+03
3.166000000000000000e+03
4.884000000000000000e+03
4.412000000000000000e+03
6.913000000000000000e+03
1.100000000000000000e+01
3.080000000000000000e+02
2.930000000000000000e+03
4.717000000000000000e+03
2.474000000000000000e+03
9.377000000000000000e+03
5.917000000000000000e+03
9.652000000000000000e+03
2.123000000000000000e+03
6.415000000000000000e+03
7.273000000000000000e+03
5.200000000000000000e+02
4.730000000000000000e+03
9.528000000000000000e+03
9.240000000000000000e+03
5.930000000000000000e+03
1.440000000000000000e+02
3.888000000000000000e+03
5.519000000000000000e+03
4.577000000000000000e+03
9.523000000000000000e+03
7.132000000000000000e+03
9.964000000000000000e+03
6.440000000000000000e+02
7.939000000000000000e+03
7.957000000000000000e+03
1.662000000000000000e+03
4.935000000000000000e+03
9.571000000000000000e+03
8.887000000000000000e+03
5.013000000000000000e+03
8.176000000000000000e+03
6.680000000000000000e+02
7.057000000000000000e+03
1.598000000000000000e+03
2.658000000000000000e+03
9.616000000000000000e+03
9.300000000000000000e+01
3.397000000000000000e+03
5.296000000000000000e+03
3.570000000000000000e+02
2.572000000000000000e+03
6.529000000000000000e+03
7.624000000000000000e+03
3.320000000000000000e+02
6.662000000000000000e+03
8.163000000000000000e+03
1.401000000000000000e+03
1.947000000000000000e+03
4.945000000000000000e+03
8.440000000000000000e+03
1.861000000000000000e+03
3.945000000000000000e+03
9.876000000000000000e+03
3.104000000000000000e+03
4.379000000000000000e+03
5.703000000000000000e+03
9.562000000000000000e+03
4.910000000000000000e+02
7.123000000000000000e+03
8.528000000000000000e+03
2.097000000000000000e+03
6.039000000000000000e+03
9.469000000000000000e+03
8.119000000000000000e+03
9.397000000000000000e+03
6.036000000000000000e+03
2.074000000000000000e+03
6.208000000000000000e+03
2.102000000000000000e+03
9.486000000000000000e+03
6.215000000000000000e+03
1.093000000000000000e+03
1.084000000000000000e+03
1.078000000000000000e+03
2.207000000000000000e+03
9.641000000000000000e+03
6.869000000000000000e+03
9.685000000000000000e+03
1.116000000000000000e+03
8.230000000000000000e+03
9.664000000000000000e+03
7.010000000000000000e+03
1.027000000000000000e+03
1.022000000000000000e+03
6.925000000000000000e+03
6.937000000000000000e+03
9.682000000000000000e+03
2.223000000000000000e+03
4.990000000000000000e+02
6.627000000000000000e+03
1.164000000000000000e+03
6.225000000000000000e+03
7.091000000000000000e+03
1.239000000000000000e+03
2.237000000000000000e+03
2.443000000000000000e+03
3.454000000000000000e+03
1.205000000000000000e+03
6.546000000000000000e+03
7.072000000000000000e+03
8.153000000000000000e+03
5.220000000000000000e+02
1.182000000000000000e+03
6.424000000000000000e+03
6.425000000000000000e+03
3.403000000000000000e+03
6.476000000000000000e+03
8.397000000000000000e+03
3.399000000000000000e+03
3.859000000000000000e+03
2.883000000000000000e+03
7.533000000000000000e+03
1.594000000000000000e+03
5.160000000000000000e+03
4.359000000000000000e+03
2.373000000000000000e+03
8.876000000000000000e+03
2.662000000000000000e+03
8.856000000000000000e+03
8.917000000000000000e+03
5.297000000000000000e+03
2.668000000000000000e+03
8.015000000000000000e+03
5.329000000000000000e+03
1.525000000000000000e+03
1.511000000000000000e+03
8.630000000000000000e+02
4.216000000000000000e+03
1.481000000000000000e+03
5.313000000000000000e+03
2.724000000000000000e+03
8.928000000000000000e+03
5.082000000000000000e+03
9.097000000000000000e+03
7.803000000000000000e+03
2.890000000000000000e+02
2.431000000000000000e+03
3.130000000000000000e+02
1.702000000000000000e+03
1.694000000000000000e+03
2.524000000000000000e+03
5.140000000000000000e+03
4.566000000000000000e+03
2.527000000000000000e+03
1.664000000000000000e+03
2.566000000000000000e+03
4.491000000000000000e+03
2.690000000000000000e+02
4.992000000000000000e+03
4.426000000000000000e+03
8.988000000000000000e+03
4.862000000000000000e+03
4.171000000000000000e+03
6.997000000000000000e+03
5.716000000000000000e+03
8.638000000000000000e+03
3.823000000000000000e+03
5.729000000000000000e+03
7.303000000000000000e+03
5.844000000000000000e+03
6.380000000000000000e+02
7.289000000000000000e+03
3.900000000000000000e+03
9.844000000000000000e+03
1.382000000000000000e+03
5.785000000000000000e+03
2.828000000000000000e+03
2.812000000000000000e+03
8.691000000000000000e+03
8.061000000000000000e+03
2.833000000000000000e+03
3.955000000000000000e+03
2.009000000000000000e+03
9.280000000000000000e+03
5.688000000000000000e+03
6.470000000000000000e+02
2.041000000000000000e+03
4.103000000000000000e+03
7.347000000000000000e+03
2.879000000000000000e+03
8.757000000000000000e+03
8.592000000000000000e+03
2.792000000000000000e+03
8.037000000000000000e+03
9.854000000000000000e+03
4.766000000000000000e+03
5.360000000000000000e+03
3.215000000000000000e+03
3.723000000000000000e+03
1.623000000000000000e+03
6.631000000000000000e+03
1.293000000000000000e+03
5.529000000000000000e+03
5.362000000000000000e+03
8.129000000000000000e+03
2.297000000000000000e+03
2.992000000000000000e+03
7.634000000000000000e+03
7.047000000000000000e+03
4.848000000000000000e+03
5.585000000000000000e+03
9.517000000000000000e+03
2.832000000000000000e+03
7.055000000000000000e+03
2.701000000000000000e+03
9.995000000000000000e+03
7.817000000000000000e+03
2.227000000000000000e+03
8.590000000000000000e+02
7.182000000000000000e+03
2.783000000000000000e+03
2.674000000000000000e+03
2.401000000000000000e+03
2.665000000000000000e+03
6.150000000000000000e+02
9.870000000000000000e+02
2.942000000000000000e+03
2.644000000000000000e+03
3.049000000000000000e+03
7.959000000000000000e+03
7.562000000000000000e+03
9.867000000000000000e+03
4.742000000000000000e+03
3.106000000000000000e+03
1.859000000000000000e+03
3.806000000000000000e+03
8.909000000000000000e+03
1.266000000000000000e+03
9.185000000000000000e+03
1.295000000000000000e+03
4.306000000000000000e+03
1.237000000000000000e+03
9.109000000000000000e+03
1.714000000000000000e+03
5.623000000000000000e+03
3.736000000000000000e+03
6.000000000000000000e+03
2.076000000000000000e+03
4.845000000000000000e+03
1.775000000000000000e+03
4.219000000000000000e+03
8.590000000000000000e+03
5.808000000000000000e+03
1.638000000000000000e+03
3.030000000000000000e+02
5.578000000000000000e+03
9.642000000000000000e+03
6.852000000000000000e+03
9.019000000000000000e+03
3.280000000000000000e+02
5.206000000000000000e+03
5.260000000000000000e+03
4.780000000000000000e+03
9.612000000000000000e+03
4.919000000000000000e+03
9.602000000000000000e+03
8.678000000000000000e+03
5.239000000000000000e+03
9.533000000000000000e+03
3.452000000000000000e+03
1.160000000000000000e+02
8.593000000000000000e+03
4.200000000000000000e+01
4.780000000000000000e+02
9.893000000000000000e+03
6.249000000000000000e+03
7.183000000000000000e+03
4.392000000000000000e+03
3.590000000000000000e+03
2.947000000000000000e+03
8.745000000000000000e+03
6.201000000000000000e+03
5.469000000000000000e+03
4.380000000000000000e+02
7.573000000000000000e+03
4.113000000000000000e+03
5.188000000000000000e+03
8.029000000000000000e+03
1.568000000000000000e+03
1.896000000000000000e+03
5.247000000000000000e+03
5.293000000000000000e+03
4.225000000000000000e+03
5.319000000000000000e+03
9.888000000000000000e+03
4.063000000000000000e+03
9.054000000000000000e+03
4.042000000000000000e+03
9.566000000000000000e+03
6.275000000000000000e+03
9.988000000000000000e+03
7.785000000000000000e+03
8.060000000000000000e+02
6.078000000000000000e+03
2.959000000000000000e+03
6.633000000000000000e+03
2.899000000000000000e+03
9.383000000000000000e+03
2.502000000000000000e+03
7.272000000000000000e+03
5.741000000000000000e+03
7.300000000000000000e+03
1.037000000000000000e+03
2.838000000000000000e+03
7.023000000000000000e+03
4.805000000000000000e+03
9.105000000000000000e+03
1.621000000000000000e+03
4.378000000000000000e+03
7.748000000000000000e+03
9.986000000000000000e+03
9.145000000000000000e+03
9.000000000000000000e+03
9.149000000000000000e+03
9.987000000000000000e+03
7.964000000000000000e+03
5.087000000000000000e+03
4.371000000000000000e+03
7.014000000000000000e+03
8.262000000000000000e+03
7.018000000000000000e+03
7.042000000000000000e+03
9.552000000000000000e+03
8.145000000000000000e+03
8.434000000000000000e+03
2.111000000000000000e+03
2.951000000000000000e+03
8.549000000000000000e+03
5.959000000000000000e+03
5.914000000000000000e+03
7.535000000000000000e+03
7.198000000000000000e+03
8.064000000000000000e+03
3.841000000000000000e+03
3.979000000000000000e+03
9.214000000000000000e+03
8.540000000000000000e+02
7.982000000000000000e+03
8.360000000000000000e+02
5.745000000000000000e+03
7.628000000000000000e+03
2.095000000000000000e+03
3.935000000000000000e+03
6.958000000000000000e+03
4.173000000000000000e+03
7.395000000000000000e+03
7.219000000000000000e+03
2.755000000000000000e+03
6.302000000000000000e+03
8.104000000000000000e+03
9.892000000000000000e+03
9.710000000000000000e+03
3.380000000000000000e+03
2.957000000000000000e+03
1.234000000000000000e+03
3.083000000000000000e+03
3.110000000000000000e+03
4.172000000000000000e+03
5.730000000000000000e+02
3.161000000000000000e+03
7.148000000000000000e+03
3.627000000000000000e+03
8.559000000000000000e+03
4.779000000000000000e+03
5.114000000000000000e+03
7.600000000000000000e+01
6.305000000000000000e+03
6.943000000000000000e+03
8.760000000000000000e+02
9.640000000000000000e+03
7.557000000000000000e+03
7.693000000000000000e+03
9.279000000000000000e+03
1.581000000000000000e+03
1.191000000000000000e+03
5.617000000000000000e+03
1.996000000000000000e+03
8.348000000000000000e+03
5.907000000000000000e+03
7.919000000000000000e+03
1.527000000000000000e+03
1.743000000000000000e+03
7.546000000000000000e+03
5.108000000000000000e+03
9.284000000000000000e+03
3.834000000000000000e+03
5.017000000000000000e+03
5.210000000000000000e+02
7.719000000000000000e+03
9.151000000000000000e+03
3.905000000000000000e+03
8.884000000000000000e+03
5.702000000000000000e+03
1.940000000000000000e+03
4.290000000000000000e+02
9.459000000000000000e+03
5.740000000000000000e+02
1.704000000000000000e+03
8.972000000000000000e+03
3.621000000000000000e+03
4.335000000000000000e+03
4.284000000000000000e+03
7.572000000000000000e+03
9.243000000000000000e+03
9.433000000000000000e+03
8.465000000000000000e+03
7.092000000000000000e+03
7.434000000000000000e+03
8.539000000000000000e+03
2.987000000000000000e+03
2.027000000000000000e+03
1.562000000000000000e+03
1.800000000000000000e+02
8.010000000000000000e+02
2.955000000000000000e+03
1.480000000000000000e+03
2.078000000000000000e+03
3.752000000000000000e+03
4.358000000000000000e+03
7.862000000000000000e+03
2.789000000000000000e+03
7.400000000000000000e+03
3.674000000000000000e+03
2.630000000000000000e+02
6.831000000000000000e+03
2.907000000000000000e+03
5.476000000000000000e+03
6.140000000000000000e+02
9.406000000000000000e+03
2.632000000000000000e+03
9.789000000000000000e+03
3.142000000000000000e+03
8.002000000000000000e+03
3.966000000000000000e+03
8.260000000000000000e+03
1.294000000000000000e+03
4.580000000000000000e+02
6.420000000000000000e+03
2.895000000000000000e+03
7.095000000000000000e+03
1.550000000000000000e+02
5.249000000000000000e+03
5.265000000000000000e+03
7.480000000000000000e+03
5.298000000000000000e+03
5.210000000000000000e+03
6.158000000000000000e+03
7.360000000000000000e+02
7.173000000000000000e+03
5.700000000000000000e+03
1.949000000000000000e+03
3.965000000000000000e+03
2.383000000000000000e+03
9.394000000000000000e+03
3.733000000000000000e+03
5.535000000000000000e+03
4.247000000000000000e+03
4.618000000000000000e+03
4.308000000000000000e+03
5.560000000000000000e+03
6.834000000000000000e+03
2.440000000000000000e+03
6.462000000000000000e+03
6.465000000000000000e+03
7.636000000000000000e+03
6.290000000000000000e+03
7.850000000000000000e+02
9.770000000000000000e+03
7.596000000000000000e+03
4.674000000000000000e+03
9.703000000000000000e+03
1.000000000000000000e+02
2.965000000000000000e+03
6.092000000000000000e+03
7.489000000000000000e+03
4.761000000000000000e+03
6.759000000000000000e+03
4.660000000000000000e+03
1.390000000000000000e+02
2.399000000000000000e+03
8.871000000000000000e+03
6.840000000000000000e+03
1.359000000000000000e+03
9.958000000000000000e+03
6.084000000000000000e+03
7.122000000000000000e+03
5.478000000000000000e+03
9.477000000000000000e+03
3.300000000000000000e+01
8.424000000000000000e+03
3.968000000000000000e+03
9.378000000000000000e+03
6.755000000000000000e+03
9.011000000000000000e+03
1.607000000000000000e+03
9.708000000000000000e+03
6.610000000000000000e+03
8.054000000000000000e+03
5.550000000000000000e+02
1.866000000000000000e+03
3.869000000000000000e+03
5.595000000000000000e+03
4.621000000000000000e+03
6.118000000000000000e+03
2.623000000000000000e+03
4.586000000000000000e+03
9.697000000000000000e+03
6.366000000000000000e+03
5.266000000000000000e+03
1.271000000000000000e+03
3.840000000000000000e+03
7.824000000000000000e+03
2.092000000000000000e+03
5.374000000000000000e+03
7.602000000000000000e+03
5.967000000000000000e+03
1.475000000000000000e+03
3.492000000000000000e+03
7.313000000000000000e+03
8.788000000000000000e+03
5.875000000000000000e+03
3.347000000000000000e+03
4.107000000000000000e+03
9.171000000000000000e+03
1.573000000000000000e+03
5.217000000000000000e+03
4.691000000000000000e+03
9.690000000000000000e+02
2.581000000000000000e+03
9.341000000000000000e+03
4.320000000000000000e+03
7.877000000000000000e+03
8.290000000000000000e+03
5.565000000000000000e+03
5.678000000000000000e+03
8.361000000000000000e+03
6.672000000000000000e+03
8.980000000000000000e+03
3.830000000000000000e+02
2.020000000000000000e+02
2.687000000000000000e+03
4.799000000000000000e+03
2.848000000000000000e+03
6.811000000000000000e+03
3.489000000000000000e+03
7.642000000000000000e+03
7.609000000000000000e+03
3.666000000000000000e+03
2.380000000000000000e+02
7.680000000000000000e+03
8.513000000000000000e+03
1.333000000000000000e+03
8.568000000000000000e+03
9.875000000000000000e+03
5.155000000000000000e+03
9.022000000000000000e+03
5.332000000000000000e+03
3.439000000000000000e+03
8.798000000000000000e+03
3.725000000000000000e+03
8.490000000000000000e+03
8.493000000000000000e+03
5.879000000000000000e+03
5.441000000000000000e+03
3.594000000000000000e+03
6.992000000000000000e+03
9.918000000000000000e+03
4.596000000000000000e+03
5.314000000000000000e+03
4.837000000000000000e+03
8.188000000000000000e+03
4.637000000000000000e+03
1.231000000000000000e+03
1.876000000000000000e+03
6.700000000000000000e+02
1.330000000000000000e+02
6.100000000000000000e+03
4.849000000000000000e+03
3.728000000000000000e+03
7.160000000000000000e+03
2.940000000000000000e+03
3.852000000000000000e+03
3.611000000000000000e+03
3.392000000000000000e+03
2.220000000000000000e+02
4.361000000000000000e+03
1.322000000000000000e+03
2.433000000000000000e+03
7.635000000000000000e+03
2.800000000000000000e+02
3.926000000000000000e+03
9.580000000000000000e+03
3.769000000000000000e+03
8.946000000000000000e+03
2.359000000000000000e+03
7.422000000000000000e+03
5.147000000000000000e+03
5.877000000000000000e+03
5.221000000000000000e+03
1.713000000000000000e+03
3.008000000000000000e+03
5.448000000000000000e+03
4.874000000000000000e+03
7.893000000000000000e+03
7.986000000000000000e+03
1.190000000000000000e+03
4.727000000000000000e+03
7.853000000000000000e+03
9.939000000000000000e+03
6.763000000000000000e+03
4.665000000000000000e+03
6.023000000000000000e+03
4.390000000000000000e+03
6.990000000000000000e+03
7.037000000000000000e+03
2.730000000000000000e+02
7.291000000000000000e+03
8.870000000000000000e+03
5.715000000000000000e+03
5.671000000000000000e+03
2.098000000000000000e+03
4.248000000000000000e+03
8.118000000000000000e+03
8.070000000000000000e+03
1.034000000000000000e+03
8.281000000000000000e+03
3.479000000000000000e+03
7.105000000000000000e+03
7.292000000000000000e+03
5.348000000000000000e+03
3.875000000000000000e+03
9.927000000000000000e+03
4.007000000000000000e+03
7.345000000000000000e+03
9.660000000000000000e+03
2.980000000000000000e+03
3.516000000000000000e+03
8.448000000000000000e+03
5.156000000000000000e+03
4.620000000000000000e+03
2.583000000000000000e+03
1.119000000000000000e+03
1.276000000000000000e+03
5.315000000000000000e+03
1.221000000000000000e+03
2.817000000000000000e+03
5.092000000000000000e+03
9.845000000000000000e+03
2.657000000000000000e+03
3.742000000000000000e+03
9.957000000000000000e+03
8.355000000000000000e+03
5.828000000000000000e+03
5.717000000000000000e+03
8.713000000000000000e+03
5.287000000000000000e+03
5.380000000000000000e+02
1.405000000000000000e+03
8.828000000000000000e+03
6.364000000000000000e+03
6.819000000000000000e+03
1.057000000000000000e+03
1.517000000000000000e+03
1.501000000000000000e+03
5.079000000000000000e+03
4.880000000000000000e+02
5.604000000000000000e+03
5.463000000000000000e+03
1.131000000000000000e+03
5.347000000000000000e+03
8.654000000000000000e+03
6.181000000000000000e+03
6.782000000000000000e+03
6.426000000000000000e+03
5.962000000000000000e+03
6.246000000000000000e+03
1.161000000000000000e+03
5.182000000000000000e+03
6.345000000000000000e+03
8.395000000000000000e+03
8.583000000000000000e+03
8.908000000000000000e+03
5.144000000000000000e+03
8.934000000000000000e+03
6.731000000000000000e+03
5.121000000000000000e+03
6.212000000000000000e+03
6.020000000000000000e+03
3.690000000000000000e+02
8.620000000000000000e+03
8.519000000000000000e+03
6.011000000000000000e+03
7.854000000000000000e+03
6.870000000000000000e+03
3.168000000000000000e+03
9.569000000000000000e+03
3.259000000000000000e+03
2.174000000000000000e+03
3.290000000000000000e+03
3.311000000000000000e+03
3.395000000000000000e+03
8.350000000000000000e+02
7.472000000000000000e+03
3.503000000000000000e+03
7.457000000000000000e+03
3.566000000000000000e+03
2.099000000000000000e+03
7.443000000000000000e+03
3.588000000000000000e+03
3.657000000000000000e+03
9.408000000000000000e+03
7.377000000000000000e+03
2.054000000000000000e+03
3.705000000000000000e+03
5.064000000000000000e+03
3.712000000000000000e+03
9.389000000000000000e+03
2.031000000000000000e+03
3.761000000000000000e+03
8.940000000000000000e+02
3.799000000000000000e+03
3.811000000000000000e+03
3.838000000000000000e+03
7.949000000000000000e+03
3.009000000000000000e+03
7.622000000000000000e+03
2.994000000000000000e+03
7.846000000000000000e+03
9.968000000000000000e+03
2.531000000000000000e+03
2.420000000000000000e+03
2.568000000000000000e+03
7.828000000000000000e+03
2.571000000000000000e+03
7.270000000000000000e+02
7.816000000000000000e+03
7.804000000000000000e+03
7.320000000000000000e+02
2.579000000000000000e+03
7.799000000000000000e+03
2.592000000000000000e+03
7.309000000000000000e+03
7.734000000000000000e+03
2.781000000000000000e+03
2.821000000000000000e+03
2.846000000000000000e+03
7.915000000000000000e+03
7.717000000000000000e+03
7.713000000000000000e+03
2.289000000000000000e+03
2.898000000000000000e+03
2.924000000000000000e+03
2.937000000000000000e+03
2.950000000000000000e+03
9.748000000000000000e+03
2.259000000000000000e+03
6.870000000000000000e+02
2.344000000000000000e+03
3.839000000000000000e+03
1.217000000000000000e+03
4.409000000000000000e+03
9.229000000000000000e+03
8.122000000000000000e+03
6.898000000000000000e+03
4.329000000000000000e+03
4.332000000000000000e+03
2.550000000000000000e+02
1.031000000000000000e+03
6.000000000000000000e+02
3.855000000000000000e+03
1.711000000000000000e+03
4.413000000000000000e+03
9.058000000000000000e+03
4.422000000000000000e+03
9.860000000000000000e+02
2.660000000000000000e+02
4.477000000000000000e+03
1.800000000000000000e+03
9.147000000000000000e+03
4.499000000000000000e+03
8.181000000000000000e+03
1.766000000000000000e+03
9.085000000000000000e+03
4.684000000000000000e+03
4.764000000000000000e+03
6.903000000000000000e+03
6.889000000000000000e+03
7.114000000000000000e+03
1.923000000000000000e+03
7.274000000000000000e+03
3.916000000000000000e+03
3.932000000000000000e+03
3.998000000000000000e+03
7.212000000000000000e+03
8.999000000000000000e+03
4.972000000000000000e+03
9.271000000000000000e+03
1.925000000000000000e+03
8.090000000000000000e+03
4.897000000000000000e+03
1.917000000000000000e+03
4.937000000000000000e+03
1.908000000000000000e+03
1.020000000000000000e+03
7.157000000000000000e+03
4.245000000000000000e+03
4.915000000000000000e+03
7.141000000000000000e+03
8.205000000000000000e+03
6.431000000000000000e+03
1.097000000000000000e+03
6.145000000000000000e+03
1.593000000000000000e+03
4.631000000000000000e+03
8.850000000000000000e+03
7.966000000000000000e+03
9.730000000000000000e+02
1.916000000000000000e+03
8.001000000000000000e+03
2.196000000000000000e+03
4.986000000000000000e+03
1.600000000000000000e+02
7.873000000000000000e+03
2.189000000000000000e+03
4.569000000000000000e+03
5.097000000000000000e+03
1.945000000000000000e+03
9.979000000000000000e+03
1.243000000000000000e+03
6.637000000000000000e+03
2.307000000000000000e+03
9.741000000000000000e+03
1.136000000000000000e+03
6.570000000000000000e+03
3.776000000000000000e+03
7.500000000000000000e+03
1.469000000000000000e+03
4.036000000000000000e+03
2.340000000000000000e+03
1.590000000000000000e+02
3.407000000000000000e+03
2.198000000000000000e+03
4.049000000000000000e+03
8.425000000000000000e+03
1.725000000000000000e+03
1.551000000000000000e+03
1.380000000000000000e+02
3.310000000000000000e+03
5.219000000000000000e+03
2.288000000000000000e+03
2.595000000000000000e+03
1.541000000000000000e+03
8.773000000000000000e+03
2.448000000000000000e+03
8.050000000000000000e+02
8.309000000000000000e+03
7.540000000000000000e+02
6.407000000000000000e+03
5.533000000000000000e+03
6.213000000000000000e+03
5.513000000000000000e+03
8.728000000000000000e+03
9.309000000000000000e+03
5.969000000000000000e+03
5.470000000000000000e+03
4.466000000000000000e+03
1.456000000000000000e+03
4.924000000000000000e+03
4.723000000000000000e+03
3.647000000000000000e+03
5.248000000000000000e+03
2.255000000000000000e+03
1.281000000000000000e+03
2.238000000000000000e+03
2.107000000000000000e+03
7.236000000000000000e+03
6.520000000000000000e+02
8.039000000000000000e+03
7.140000000000000000e+02
5.870000000000000000e+03
8.369000000000000000e+03
5.527000000000000000e+03
6.936000000000000000e+03
5.273000000000000000e+03
2.343000000000000000e+03
1.823000000000000000e+03
2.900000000000000000e+02
8.432000000000000000e+03
2.040000000000000000e+02
6.710000000000000000e+03
9.839000000000000000e+03
7.756000000000000000e+03
7.452000000000000000e+03
8.700000000000000000e+03
4.828000000000000000e+03
9.125000000000000000e+03
8.090000000000000000e+02
9.218000000000000000e+03
8.794000000000000000e+03
6.580000000000000000e+03
5.550000000000000000e+03
3.904000000000000000e+03
9.500000000000000000e+02
2.886000000000000000e+03
9.290000000000000000e+03
4.195000000000000000e+03
8.304000000000000000e+03
8.997000000000000000e+03
1.124000000000000000e+03
8.279000000000000000e+03
2.746000000000000000e+03
7.702000000000000000e+03
9.727000000000000000e+03
7.404000000000000000e+03
1.101000000000000000e+03
7.382000000000000000e+03
6.688000000000000000e+03
8.426000000000000000e+03
9.960000000000000000e+02
1.313000000000000000e+03
4.467000000000000000e+03
2.038000000000000000e+03
8.156000000000000000e+03
6.468000000000000000e+03
5.394000000000000000e+03
4.014000000000000000e+03
6.337000000000000000e+03
4.067000000000000000e+03
2.430000000000000000e+03
2.620000000000000000e+02
9.360000000000000000e+02
8.063000000000000000e+03
7.252000000000000000e+03
8.132000000000000000e+03
2.580000000000000000e+02
1.335000000000000000e+03
7.749000000000000000e+03
9.929000000000000000e+03
6.550000000000000000e+03
3.771000000000000000e+03
5.152000000000000000e+03
8.018000000000000000e+03
7.566000000000000000e+03
7.633000000000000000e+03
8.236000000000000000e+03
8.719000000000000000e+03
3.293000000000000000e+03
3.313000000000000000e+03
8.208000000000000000e+03
6.877000000000000000e+03
3.423000000000000000e+03
7.870000000000000000e+02
9.037000000000000000e+03
2.118000000000000000e+03
2.073000000000000000e+03
5.660000000000000000e+02
4.851000000000000000e+03
6.737000000000000000e+03
6.361000000000000000e+03
6.205000000000000000e+03
5.712000000000000000e+03
2.170000000000000000e+03
7.559000000000000000e+03
9.742000000000000000e+03
7.829000000000000000e+03
6.412000000000000000e+03
5.970000000000000000e+02
4.094000000000000000e+03
6.417000000000000000e+03
6.681000000000000000e+03
2.112000000000000000e+03
6.134000000000000000e+03
8.210000000000000000e+02
3.553000000000000000e+03
5.975000000000000000e+03
4.824000000000000000e+03
1.814000000000000000e+03
9.250000000000000000e+03
1.265000000000000000e+03
6.806000000000000000e+03
1.616000000000000000e+03
5.393000000000000000e+03
8.194000000000000000e+03
6.752000000000000000e+03
4.372000000000000000e+03
8.662000000000000000e+03
9.167000000000000000e+03
6.641000000000000000e+03
5.053000000000000000e+03
5.726000000000000000e+03
6.310000000000000000e+03
1.914000000000000000e+03
1.206000000000000000e+03
2.324000000000000000e+03
9.474000000000000000e+03
8.390000000000000000e+02
3.137000000000000000e+03
9.606000000000000000e+03
9.310000000000000000e+02
7.328000000000000000e+03
9.780000000000000000e+02
2.938000000000000000e+03
7.610000000000000000e+02
7.445000000000000000e+03
3.040000000000000000e+02
3.640000000000000000e+03
8.202000000000000000e+03
6.939000000000000000e+03
1.657000000000000000e+03
1.818000000000000000e+03
7.990000000000000000e+03
6.030000000000000000e+02
3.924000000000000000e+03
6.147000000000000000e+03
8.044000000000000000e+03
6.830000000000000000e+03
3.173000000000000000e+03
3.850000000000000000e+03
9.299000000000000000e+03
2.943000000000000000e+03
2.958000000000000000e+03
5.169000000000000000e+03
3.054000000000000000e+03
1.990000000000000000e+02
6.799000000000000000e+03
4.300000000000000000e+03
9.610000000000000000e+03
1.059000000000000000e+03
9.201000000000000000e+03
1.946000000000000000e+03
2.284000000000000000e+03
7.671000000000000000e+03
2.869000000000000000e+03
7.842000000000000000e+03
2.548000000000000000e+03
2.628000000000000000e+03
2.655000000000000000e+03
2.375000000000000000e+03
2.374000000000000000e+03
9.885000000000000000e+03
1.240000000000000000e+02
2.361000000000000000e+03
8.796000000000000000e+03
9.830000000000000000e+03
7.124000000000000000e+03
2.802000000000000000e+03
5.336000000000000000e+03
4.255000000000000000e+03
4.054000000000000000e+03
7.490000000000000000e+02
8.180000000000000000e+02
3.230000000000000000e+03
8.200000000000000000e+02
2.077000000000000000e+03
9.396000000000000000e+03
2.058000000000000000e+03
3.693000000000000000e+03
8.171000000000000000e+03
3.695000000000000000e+03
4.414000000000000000e+03
7.038000000000000000e+03
4.488000000000000000e+03
7.364000000000000000e+03
7.356000000000000000e+03
2.032000000000000000e+03
3.829000000000000000e+03
4.428000000000000000e+03
4.492000000000000000e+03
8.989000000000000000e+03
9.355000000000000000e+03
9.101000000000000000e+03
3.258000000000000000e+03
1.045000000000000000e+03
6.875000000000000000e+03
4.955000000000000000e+03
7.972000000000000000e+03
9.501000000000000000e+03
3.604000000000000000e+03
6.650000000000000000e+02
4.867000000000000000e+03
9.476000000000000000e+03
3.922000000000000000e+03
3.585000000000000000e+03
4.758000000000000000e+03
4.384000000000000000e+03
4.180000000000000000e+03
8.778000000000000000e+03
4.400000000000000000e+03
1.142000000000000000e+03
1.140000000000000000e+03
1.255000000000000000e+03
5.630000000000000000e+03
8.418000000000000000e+03
1.348000000000000000e+03
5.821000000000000000e+03
8.460000000000000000e+03
6.295000000000000000e+03
8.349000000000000000e+03
6.042000000000000000e+03
4.872000000000000000e+03
1.864000000000000000e+03
7.838000000000000000e+03
1.984000000000000000e+03
2.299000000000000000e+03
6.659000000000000000e+03
9.559000000000000000e+03
5.916000000000000000e+03
6.272000000000000000e+03
2.689000000000000000e+03
2.711000000000000000e+03
3.127000000000000000e+03
9.457000000000000000e+03
3.880000000000000000e+03
1.731000000000000000e+03
6.365000000000000000e+03
8.860000000000000000e+02
8.409000000000000000e+03
6.098000000000000000e+03
8.168000000000000000e+03
6.063000000000000000e+03
7.924000000000000000e+03
8.317000000000000000e+03
5.076000000000000000e+03
3.195000000000000000e+03
1.130000000000000000e+02
2.856000000000000000e+03
2.862000000000000000e+03
9.131000000000000000e+03
7.137000000000000000e+03
7.201000000000000000e+03
5.770000000000000000e+03
8.264000000000000000e+03
8.893000000000000000e+03
1.337000000000000000e+03
3.686000000000000000e+03
3.034000000000000000e+03
2.820000000000000000e+02
4.530000000000000000e+03
9.551000000000000000e+03
7.077000000000000000e+03
9.836000000000000000e+03
2.115000000000000000e+03
3.704000000000000000e+03
4.744000000000000000e+03
5.904000000000000000e+03
4.888000000000000000e+03
5.599000000000000000e+03
6.629000000000000000e+03
8.048000000000000000e+03
8.412000000000000000e+03
5.971000000000000000e+03
7.082000000000000000e+03
1.033000000000000000e+03
6.311000000000000000e+03
8.779000000000000000e+03
3.597000000000000000e+03
8.525000000000000000e+03
6.309000000000000000e+03
4.375000000000000000e+03
4.089000000000000000e+03
9.376000000000000000e+03
5.576000000000000000e+03
6.647000000000000000e+03
4.320000000000000000e+02
3.800000000000000000e+03
4.838000000000000000e+03
6.389000000000000000e+03
9.410000000000000000e+03
1.880000000000000000e+03
5.135000000000000000e+03
3.018000000000000000e+03
5.636000000000000000e+03
6.130000000000000000e+02
7.203000000000000000e+03
5.501000000000000000e+03
3.773000000000000000e+03
9.068000000000000000e+03
8.755000000000000000e+03
7.730000000000000000e+02
9.941000000000000000e+03
1.609000000000000000e+03
2.141000000000000000e+03
1.035000000000000000e+03
6.344000000000000000e+03
3.205000000000000000e+03
1.286000000000000000e+03
7.868000000000000000e+03
1.069000000000000000e+03
6.966000000000000000e+03
6.220000000000000000e+03
9.998000000000000000e+03
5.246000000000000000e+03
7.458000000000000000e+03
7.797000000000000000e+03
9.915000000000000000e+03
4.076000000000000000e+03
5.373000000000000000e+03
4.882000000000000000e+03
1.111000000000000000e+03
2.577000000000000000e+03
2.372000000000000000e+03
2.718000000000000000e+03
2.574000000000000000e+03
3.900000000000000000e+01
7.163000000000000000e+03
5.310000000000000000e+03
8.477000000000000000e+03
9.104000000000000000e+03
5.213000000000000000e+03
9.220000000000000000e+02
3.149000000000000000e+03
7.017000000000000000e+03
7.943000000000000000e+03
2.603000000000000000e+03
6.530000000000000000e+02
2.852000000000000000e+03
6.297000000000000000e+03
4.310000000000000000e+02
1.887000000000000000e+03
9.387000000000000000e+03
6.064000000000000000e+03
1.803000000000000000e+03
8.310000000000000000e+03
5.713000000000000000e+03
6.709000000000000000e+03
7.585000000000000000e+03
8.610000000000000000e+03
7.334000000000000000e+03
7.712000000000000000e+03
7.778000000000000000e+03
8.729000000000000000e+03
6.825000000000000000e+03
5.120000000000000000e+03
7.865000000000000000e+03
9.450000000000000000e+02
2.055000000000000000e+03
6.441000000000000000e+03
6.729000000000000000e+03
5.461000000000000000e+03
1.894000000000000000e+03
2.536000000000000000e+03
9.859000000000000000e+03
4.722000000000000000e+03
9.336000000000000000e+03
8.671000000000000000e+03
9.422000000000000000e+03
4.551000000000000000e+03
4.438000000000000000e+03
6.543000000000000000e+03
5.486000000000000000e+03
5.300000000000000000e+01
8.099000000000000000e+03
8.336000000000000000e+03
7.899000000000000000e+03
8.536000000000000000e+03
6.734000000000000000e+03
2.606000000000000000e+03
5.520000000000000000e+02
6.776000000000000000e+03
4.940000000000000000e+02
4.927000000000000000e+03
3.539000000000000000e+03
6.879000000000000000e+03
8.890000000000000000e+03
2.330000000000000000e+03
7.983000000000000000e+03
9.230000000000000000e+03
9.287000000000000000e+03
7.239000000000000000e+03
9.545000000000000000e+03
5.485000000000000000e+03
9.814000000000000000e+03
6.810000000000000000e+03
3.350000000000000000e+03
8.546000000000000000e+03
7.513000000000000000e+03
2.850000000000000000e+02
5.067000000000000000e+03
2.437000000000000000e+03
7.955000000000000000e+03
4.626000000000000000e+03
4.956000000000000000e+03
9.395000000000000000e+03
4.212000000000000000e+03
8.833000000000000000e+03
5.047000000000000000e+03
7.087000000000000000e+03
8.055000000000000000e+03
7.550000000000000000e+02
6.110000000000000000e+03
5.440000000000000000e+03
4.770000000000000000e+03
1.467000000000000000e+03
8.422000000000000000e+03
8.139000000000000000e+03
3.500000000000000000e+02
1.070000000000000000e+03
9.650000000000000000e+03
3.391000000000000000e+03
2.634000000000000000e+03
3.781000000000000000e+03
8.111000000000000000e+03
6.932000000000000000e+03
2.815000000000000000e+03
8.790000000000000000e+02
2.321000000000000000e+03
5.790000000000000000e+02
3.043000000000000000e+03
7.792000000000000000e+03
6.226000000000000000e+03
4.330000000000000000e+03
1.040000000000000000e+03
6.640000000000000000e+02
8.192000000000000000e+03
4.960000000000000000e+03
9.361000000000000000e+03
7.432000000000000000e+03
1.658000000000000000e+03
6.057000000000000000e+03
5.615000000000000000e+03
5.531000000000000000e+03
1.865000000000000000e+03
3.155000000000000000e+03
9.016000000000000000e+03
2.880000000000000000e+02
2.600000000000000000e+02
9.194000000000000000e+03
2.149000000000000000e+03
5.866000000000000000e+03
9.186000000000000000e+03
7.083000000000000000e+03
9.720000000000000000e+02
4.654000000000000000e+03
2.125000000000000000e+03
5.800000000000000000e+02
6.800000000000000000e+02
4.567000000000000000e+03
7.992000000000000000e+03
9.241000000000000000e+03
4.197000000000000000e+03
1.781000000000000000e+03
4.547000000000000000e+03
4.509000000000000000e+03
5.786000000000000000e+03
9.106000000000000000e+03
5.895000000000000000e+03
3.513000000000000000e+03
4.448000000000000000e+03
8.668000000000000000e+03
8.512000000000000000e+03
3.326000000000000000e+03
6.921000000000000000e+03
1.649000000000000000e+03
8.341000000000000000e+03
8.610000000000000000e+02
9.783000000000000000e+03
5.062000000000000000e+03
7.720000000000000000e+03
3.997000000000000000e+03
5.145000000000000000e+03
1.421000000000000000e+03
1.860000000000000000e+02
6.025000000000000000e+03
9.716000000000000000e+03
6.723000000000000000e+03
6.721000000000000000e+03
5.288000000000000000e+03
1.537000000000000000e+03
1.986000000000000000e+03
5.333000000000000000e+03
6.282000000000000000e+03
2.639000000000000000e+03
3.785000000000000000e+03
1.451000000000000000e+03
1.453000000000000000e+03
2.477000000000000000e+03
2.500000000000000000e+03
2.015000000000000000e+03
8.721000000000000000e+03
7.841000000000000000e+03
2.561000000000000000e+03
2.030000000000000000e+03
3.815000000000000000e+03
8.910000000000000000e+02
7.357000000000000000e+03
1.900000000000000000e+02
6.327000000000000000e+03
5.001000000000000000e+03
9.316000000000000000e+03
2.275000000000000000e+03
8.403000000000000000e+03
9.025000000000000000e+03
5.000000000000000000e+02
4.760000000000000000e+02
6.520000000000000000e+03
6.578000000000000000e+03
4.100000000000000000e+03
9.767000000000000000e+03
9.055000000000000000e+03
9.800000000000000000e+03
3.520000000000000000e+03
1.972000000000000000e+03
8.933000000000000000e+03
7.507000000000000000e+03
6.223000000000000000e+03
1.979000000000000000e+03
3.144000000000000000e+03
1.544000000000000000e+03
5.262000000000000000e+03
5.316000000000000000e+03
8.722000000000000000e+03
7.241000000000000000e+03
1.909000000000000000e+03
2.758000000000000000e+03
7.545000000000000000e+03
6.357000000000000000e+03
2.763000000000000000e+03
4.800000000000000000e+01
9.163000000000000000e+03
2.585000000000000000e+03
6.306000000000000000e+03
8.915000000000000000e+03
9.530000000000000000e+02
8.866000000000000000e+03
1.618000000000000000e+03
5.782000000000000000e+03
8.900000000000000000e+01
9.223000000000000000e+03
5.035000000000000000e+03
5.566000000000000000e+03
2.769000000000000000e+03
1.296000000000000000e+03
9.793000000000000000e+03
2.836000000000000000e+03
7.524000000000000000e+03
3.880000000000000000e+02
2.723000000000000000e+03
9.360000000000000000e+03
8.086000000000000000e+03
1.241000000000000000e+03
4.597000000000000000e+03
5.223000000000000000e+03
3.878000000000000000e+03
7.980000000000000000e+03
4.311000000000000000e+03
9.743000000000000000e+03
7.825000000000000000e+03
9.777000000000000000e+03
7.645000000000000000e+03
4.997000000000000000e+03
1.254000000000000000e+03
9.142000000000000000e+03
2.231000000000000000e+03
7.211000000000000000e+03
7.110000000000000000e+03
4.322000000000000000e+03
8.710000000000000000e+03
5.940000000000000000e+02
4.029000000000000000e+03
9.442000000000000000e+03
1.329000000000000000e+03
2.738000000000000000e+03
9.877000000000000000e+03
9.210000000000000000e+02
1.104000000000000000e+03
9.062000000000000000e+03
4.238000000000000000e+03
4.297000000000000000e+03
4.796000000000000000e+03
2.666000000000000000e+03
7.479000000000000000e+03
3.310000000000000000e+02
6.658000000000000000e+03
9.923000000000000000e+03
4.468000000000000000e+03
8.221000000000000000e+03
7.426000000000000000e+03
3.170000000000000000e+02
4.000000000000000000e+02
5.083000000000000000e+03
1.253000000000000000e+03
5.980000000000000000e+03
8.682000000000000000e+03
1.648000000000000000e+03
4.609000000000000000e+03
4.021000000000000000e+03
7.232000000000000000e+03
9.005000000000000000e+03
6.432000000000000000e+03
1.810000000000000000e+03
3.240000000000000000e+02
4.522000000000000000e+03
1.576000000000000000e+03
1.287000000000000000e+03
8.373000000000000000e+03
6.402000000000000000e+03
3.731000000000000000e+03
1.805000000000000000e+03
8.467000000000000000e+03
6.371000000000000000e+03
9.242000000000000000e+03
8.106000000000000000e+03
4.122000000000000000e+03
2.480000000000000000e+02
3.267000000000000000e+03
1.635000000000000000e+03
5.140000000000000000e+02
6.741000000000000000e+03
1.980000000000000000e+03
8.626000000000000000e+03
7.470000000000000000e+03
7.795000000000000000e+03
6.482000000000000000e+03
9.866000000000000000e+03
2.558000000000000000e+03
8.789000000000000000e+03
5.416000000000000000e+03
5.449000000000000000e+03
5.402000000000000000e+03
7.848000000000000000e+03
6.132000000000000000e+03
6.820000000000000000e+02
2.030000000000000000e+02
9.204000000000000000e+03
7.027000000000000000e+03
6.871000000000000000e+03
9.480000000000000000e+03
2.340000000000000000e+02
2.470000000000000000e+03
9.238000000000000000e+03
1.473000000000000000e+03
3.443000000000000000e+03
8.148000000000000000e+03
9.357000000000000000e+03
2.974000000000000000e+03
8.665000000000000000e+03
3.126000000000000000e+03
3.530000000000000000e+03
3.690000000000000000e+03
5.107000000000000000e+03
5.170000000000000000e+03
7.391000000000000000e+03
9.485000000000000000e+03
5.942000000000000000e+03
8.804000000000000000e+03
3.902000000000000000e+03
2.064000000000000000e+03
3.300000000000000000e+02
6.381000000000000000e+03
8.648000000000000000e+03
5.457000000000000000e+03
7.247000000000000000e+03
7.480000000000000000e+02
8.035000000000000000e+03
7.431000000000000000e+03
4.514000000000000000e+03
5.776000000000000000e+03
8.384000000000000000e+03
4.008000000000000000e+03
3.365000000000000000e+03
5.958000000000000000e+03
4.363000000000000000e+03
9.930000000000000000e+02
2.410000000000000000e+03
2.204000000000000000e+03
8.814000000000000000e+03
7.729000000000000000e+03
2.793000000000000000e+03
5.171000000000000000e+03
2.540000000000000000e+02
6.065000000000000000e+03
2.797000000000000000e+03
6.876000000000000000e+03
3.271000000000000000e+03
6.338000000000000000e+03
9.247000000000000000e+03
7.167000000000000000e+03
3.836000000000000000e+03
9.538000000000000000e+03
4.612000000000000000e+03
6.636000000000000000e+03
6.423000000000000000e+03
3.252000000000000000e+03
6.753000000000000000e+03
9.828000000000000000e+03
2.966000000000000000e+03
4.958000000000000000e+03
5.564000000000000000e+03
8.650000000000000000e+02
2.409000000000000000e+03
6.705000000000000000e+03
4.708000000000000000e+03
5.102000000000000000e+03
5.757000000000000000e+03
5.106000000000000000e+03
2.026000000000000000e+03
3.930000000000000000e+02
9.162000000000000000e+03
4.855000000000000000e+03
9.103000000000000000e+03
9.257000000000000000e+03
9.231000000000000000e+03
4.719000000000000000e+03
3.858000000000000000e+03
3.135000000000000000e+03
3.614000000000000000e+03
8.125000000000000000e+03
6.095000000000000000e+03
2.970000000000000000e+03
2.268000000000000000e+03
6.604000000000000000e+03
3.061000000000000000e+03
2.385000000000000000e+03
1.857000000000000000e+03
8.956000000000000000e+03
8.058000000000000000e+03
6.718000000000000000e+03
1.730000000000000000e+03
3.276000000000000000e+03
8.419000000000000000e+03
1.300000000000000000e+01
9.751000000000000000e+03
1.571000000000000000e+03
7.879000000000000000e+03
1.706000000000000000e+03
7.727000000000000000e+03
8.330000000000000000e+03
1.645000000000000000e+03
6.931000000000000000e+03
6.762000000000000000e+03
4.793000000000000000e+03
8.699000000000000000e+03
2.250000000000000000e+03
4.671000000000000000e+03
2.669000000000000000e+03
2.967000000000000000e+03
8.996000000000000000e+03
5.624000000000000000e+03
6.902000000000000000e+03
4.653000000000000000e+03
3.759000000000000000e+03
4.136000000000000000e+03
3.790000000000000000e+03
4.234000000000000000e+03
3.090000000000000000e+02
5.589000000000000000e+03
2.318000000000000000e+03
9.038000000000000000e+03
1.325000000000000000e+03
5.022000000000000000e+03
3.596000000000000000e+03
9.627000000000000000e+03
9.632000000000000000e+03
6.666000000000000000e+03
4.184000000000000000e+03
2.834000000000000000e+03
3.952000000000000000e+03
3.681000000000000000e+03
3.990000000000000000e+03
9.825000000000000000e+03
2.034000000000000000e+03
8.954000000000000000e+03
2.778000000000000000e+03
6.512000000000000000e+03
4.472000000000000000e+03
8.213000000000000000e+03
6.970000000000000000e+02
9.031000000000000000e+03
6.083000000000000000e+03
7.387000000000000000e+03
7.285000000000000000e+03
5.874000000000000000e+03
1.610000000000000000e+02
6.670000000000000000e+03
2.419000000000000000e+03
2.519000000000000000e+03
3.623000000000000000e+03
1.620000000000000000e+03
4.460000000000000000e+03
3.809000000000000000e+03
4.998000000000000000e+03
4.814000000000000000e+03
2.480000000000000000e+03
4.974000000000000000e+03
7.978000000000000000e+03
3.768000000000000000e+03
9.136000000000000000e+03
6.253000000000000000e+03
7.302000000000000000e+03
5.482000000000000000e+03
7.598000000000000000e+03
8.864000000000000000e+03
3.473000000000000000e+03
7.954000000000000000e+03
4.830000000000000000e+02
3.575000000000000000e+03
8.992000000000000000e+03
5.749000000000000000e+03
8.084000000000000000e+03
5.328000000000000000e+03
5.944000000000000000e+03
4.341000000000000000e+03
2.472000000000000000e+03
8.801000000000000000e+03
4.346000000000000000e+03
3.295000000000000000e+03
7.314000000000000000e+03
9.500000000000000000e+03
1.715000000000000000e+03
6.579000000000000000e+03
8.238000000000000000e+03
8.092000000000000000e+03
1.460000000000000000e+03
1.198000000000000000e+03
7.419000000000000000e+03
4.057000000000000000e+03
8.886000000000000000e+03
7.561000000000000000e+03
3.240000000000000000e+03
3.181000000000000000e+03
5.769000000000000000e+03
8.190000000000000000e+02
8.356000000000000000e+03
2.484000000000000000e+03
7.731000000000000000e+03
2.939000000000000000e+03
8.733000000000000000e+03
1.389000000000000000e+03
9.820000000000000000e+03
9.375000000000000000e+03
8.753000000000000000e+03
1.086000000000000000e+03
8.000000000000000000e+02
2.128000000000000000e+03
4.382000000000000000e+03
9.086000000000000000e+03
7.029000000000000000e+03
6.400000000000000000e+02
3.176000000000000000e+03
2.872000000000000000e+03
7.847000000000000000e+03
8.611000000000000000e+03
6.622000000000000000e+03
7.775000000000000000e+03
8.600000000000000000e+02
5.370000000000000000e+02
2.514000000000000000e+03
5.330000000000000000e+03
6.114000000000000000e+03
1.790000000000000000e+02
6.920000000000000000e+03
2.688000000000000000e+03
1.978000000000000000e+03
9.513000000000000000e+03
7.956000000000000000e+03
2.547000000000000000e+03
7.751000000000000000e+03
7.606000000000000000e+03
4.540000000000000000e+03
9.107000000000000000e+03
8.708000000000000000e+03
3.648000000000000000e+03
4.190000000000000000e+02
3.495000000000000000e+03
6.652000000000000000e+03
6.430000000000000000e+02
9.083000000000000000e+03
8.275000000000000000e+03
1.129000000000000000e+03
5.655000000000000000e+03
9.259000000000000000e+03
2.316000000000000000e+03
5.886000000000000000e+03
3.730000000000000000e+02
6.899000000000000000e+03
3.132000000000000000e+03
1.010000000000000000e+02
5.459000000000000000e+03
6.632000000000000000e+03
4.339000000000000000e+03
2.377000000000000000e+03
8.865000000000000000e+03
9.775000000000000000e+03
5.856000000000000000e+03
5.434000000000000000e+03
1.386000000000000000e+03
4.259000000000000000e+03
1.845000000000000000e+03
1.756000000000000000e+03
1.345000000000000000e+03
9.158000000000000000e+03
9.542000000000000000e+03
7.641000000000000000e+03
7.200000000000000000e+02
8.301000000000000000e+03
6.887000000000000000e+03
7.660000000000000000e+02
7.078000000000000000e+03
5.234000000000000000e+03
5.986000000000000000e+03
8.345000000000000000e+03
2.042000000000000000e+03
9.813000000000000000e+03
7.593000000000000000e+03
5.300000000000000000e+02
2.664000000000000000e+03
9.244000000000000000e+03
9.851000000000000000e+03
6.199000000000000000e+03
7.370000000000000000e+03
3.431000000000000000e+03
2.394000000000000000e+03
8.622000000000000000e+03
1.083000000000000000e+03
6.733000000000000000e+03
6.032000000000000000e+03
7.730000000000000000e+03
5.658000000000000000e+03
4.903000000000000000e+03
8.810000000000000000e+02
1.624000000000000000e+03
5.090000000000000000e+02
8.637000000000000000e+03
1.950000000000000000e+02
5.850000000000000000e+03
7.080000000000000000e+03
8.430000000000000000e+02
7.308000000000000000e+03
4.443000000000000000e+03
6.487000000000000000e+03
1.431000000000000000e+03
9.000000000000000000e+02
4.159000000000000000e+03
5.387000000000000000e+03
4.679000000000000000e+03
5.651000000000000000e+03
2.335000000000000000e+03
8.784000000000000000e+03
4.560000000000000000e+02
8.191000000000000000e+03
7.369000000000000000e+03
6.727000000000000000e+03
5.620000000000000000e+02
2.190000000000000000e+02
6.949000000000000000e+03
8.307000000000000000e+03
1.720000000000000000e+02
5.142000000000000000e+03
8.026000000000000000e+03
2.671000000000000000e+03
9.771000000000000000e+03
5.760000000000000000e+03
1.502000000000000000e+03
1.824000000000000000e+03
2.840000000000000000e+02
2.010000000000000000e+02
8.486000000000000000e+03
9.773000000000000000e+03
6.028000000000000000e+03
9.193000000000000000e+03
2.681000000000000000e+03
7.882000000000000000e+03
6.490000000000000000e+02
1.289000000000000000e+03
1.922000000000000000e+03
3.238000000000000000e+03
1.918000000000000000e+03
9.300000000000000000e+03
6.507000000000000000e+03
9.504000000000000000e+03
5.258000000000000000e+03
4.788000000000000000e+03
1.862000000000000000e+03
8.533000000000000000e+03
4.119000000000000000e+03
4.632000000000000000e+03
5.131000000000000000e+03
1.145000000000000000e+03
7.191000000000000000e+03
8.167000000000000000e+03
7.926000000000000000e+03
1.220000000000000000e+03
1.096000000000000000e+03
5.010000000000000000e+02
5.359000000000000000e+03
3.069000000000000000e+03
9.953000000000000000e+03
5.349000000000000000e+03
9.891000000000000000e+03
6.785000000000000000e+03
4.350000000000000000e+03
6.769000000000000000e+03
6.639000000000000000e+03
5.070000000000000000e+03
7.810000000000000000e+02
2.127000000000000000e+03
2.560000000000000000e+02
3.540000000000000000e+03
4.061000000000000000e+03
5.161000000000000000e+03
9.117000000000000000e+03
1.703000000000000000e+03
1.247000000000000000e+03
1.690000000000000000e+02
8.830000000000000000e+03
4.150000000000000000e+02
7.190000000000000000e+02
5.423000000000000000e+03
4.994000000000000000e+03
3.060000000000000000e+03
5.965000000000000000e+03
8.752000000000000000e+03
1.292000000000000000e+03
9.886000000000000000e+03
6.440000000000000000e+03
7.469000000000000000e+03
3.975000000000000000e+03
5.625000000000000000e+03
5.634000000000000000e+03
3.358000000000000000e+03
2.019000000000000000e+03
6.911000000000000000e+03
8.126000000000000000e+03
6.495000000000000000e+03
7.886000000000000000e+03
9.691000000000000000e+03
4.646000000000000000e+03
1.391000000000000000e+03
5.269000000000000000e+03
4.526000000000000000e+03
7.644000000000000000e+03
5.556000000000000000e+03
6.910000000000000000e+02
3.129000000000000000e+03
2.894000000000000000e+03
9.803000000000000000e+03
3.735000000000000000e+03
9.150000000000000000e+02
6.106000000000000000e+03
2.500000000000000000e+02
6.664000000000000000e+03
2.940000000000000000e+02
5.796000000000000000e+03
7.662000000000000000e+03
8.962000000000000000e+03
1.168000000000000000e+03
2.500000000000000000e+01
5.510000000000000000e+03
7.675000000000000000e+03
9.424000000000000000e+03
3.163000000000000000e+03
2.293000000000000000e+03
7.875000000000000000e+03
8.695000000000000000e+03
9.252000000000000000e+03
7.491000000000000000e+03
5.350000000000000000e+03
7.578000000000000000e+03
8.376000000000000000e+03
3.283000000000000000e+03
8.617000000000000000e+03
7.070000000000000000e+03
7.350000000000000000e+03
2.466000000000000000e+03
5.768000000000000000e+03
8.057000000000000000e+03
7.629000000000000000e+03
5.396000000000000000e+03
8.900000000000000000e+03
6.722000000000000000e+03
1.450000000000000000e+02
8.365000000000000000e+03
9.706000000000000000e+03
1.601000000000000000e+03
9.273000000000000000e+03
6.176000000000000000e+03
4.283000000000000000e+03
3.770000000000000000e+02
9.140000000000000000e+03
8.767000000000000000e+03
7.967000000000000000e+03
4.280000000000000000e+02
1.472000000000000000e+03
2.854000000000000000e+03
2.151000000000000000e+03
3.591000000000000000e+03
8.870000000000000000e+02
4.073000000000000000e+03
4.503000000000000000e+03
7.930000000000000000e+02
2.814000000000000000e+03
2.882000000000000000e+03
5.286000000000000000e+03
5.451000000000000000e+03
4.575000000000000000e+03
4.151000000000000000e+03
6.626000000000000000e+03
5.517000000000000000e+03
7.310000000000000000e+03
4.321000000000000000e+03
6.575000000000000000e+03
4.263000000000000000e+03
5.089000000000000000e+03
9.759000000000000000e+03
5.038000000000000000e+03
4.887000000000000000e+03
6.988000000000000000e+03
5.467000000000000000e+03
2.338000000000000000e+03
8.110000000000000000e+03
5.430000000000000000e+02
1.647000000000000000e+03
6.370000000000000000e+03
4.138000000000000000e+03
4.906000000000000000e+03
7.950000000000000000e+03
9.429000000000000000e+03
8.534000000000000000e+03
2.408000000000000000e+03
6.335000000000000000e+03
3.382000000000000000e+03
1.443000000000000000e+03
8.085000000000000000e+03
6.780000000000000000e+03
1.506000000000000000e+03
3.422000000000000000e+03
3.216000000000000000e+03
5.839000000000000000e+03
5.737000000000000000e+03
5.824000000000000000e+03
6.704000000000000000e+03
2.382000000000000000e+03
4.715000000000000000e+03
2.600000000000000000e+01
7.660000000000000000e+03
8.711000000000000000e+03
6.271000000000000000e+03
7.659000000000000000e+03
9.197000000000000000e+03
3.095000000000000000e+03
7.699000000000000000e+03
2.926000000000000000e+03
8.586000000000000000e+03
9.761000000000000000e+03
9.091000000000000000e+03
4.940000000000000000e+03
5.024000000000000000e+03
5.629000000000000000e+03
2.933000000000000000e+03
5.540000000000000000e+03
5.988000000000000000e+03
5.549000000000000000e+03
3.327000000000000000e+03
5.577000000000000000e+03
3.346000000000000000e+03
4.988000000000000000e+03
3.109000000000000000e+03
2.791000000000000000e+03
5.504000000000000000e+03
5.050000000000000000e+03
5.411000000000000000e+03
7.200000000000000000e+03
4.211000000000000000e+03
5.177000000000000000e+03
8.175000000000000000e+03
5.428000000000000000e+03
5.960000000000000000e+03
3.417000000000000000e+03
7.608000000000000000e+03
9.350000000000000000e+03
9.098000000000000000e+03
7.723000000000000000e+03
9.047000000000000000e+03
5.739000000000000000e+03
2.636000000000000000e+03
9.506000000000000000e+03
8.624000000000000000e+03
5.661000000000000000e+03
8.302000000000000000e+03
6.013000000000000000e+03
5.231000000000000000e+03
6.303000000000000000e+03
6.293000000000000000e+03
4.333000000000000000e+03
9.076000000000000000e+03
9.999000000000000000e+03
4.360000000000000000e+02
1.514000000000000000e+03
1.724000000000000000e+03
1.118000000000000000e+03
1.780000000000000000e+03
2.680000000000000000e+02
4.000000000000000000e+01
8.800000000000000000e+01
8.000000000000000000e+00
1.224000000000000000e+03
1.574000000000000000e+03
1.209000000000000000e+03
9.550000000000000000e+02
1.534000000000000000e+03
2.342000000000000000e+03
1.578000000000000000e+03
4.610000000000000000e+02
1.661000000000000000e+03
6.121000000000000000e+03
9.398000000000000000e+03
6.142000000000000000e+03
8.500000000000000000e+01
6.196000000000000000e+03
5.420000000000000000e+03
1.570000000000000000e+02
4.751000000000000000e+03
9.757000000000000000e+03
9.969000000000000000e+03
4.098000000000000000e+03
8.661000000000000000e+03
3.833000000000000000e+03
5.050000000000000000e+02
3.244000000000000000e+03
3.025000000000000000e+03
4.064000000000000000e+03
3.541000000000000000e+03
2.365000000000000000e+03
2.576000000000000000e+03
2.700000000000000000e+01
1.630000000000000000e+02
3.860000000000000000e+02
2.270000000000000000e+03
1.565000000000000000e+03
9.740000000000000000e+03
1.330000000000000000e+03
1.620000000000000000e+02
8.490000000000000000e+02
7.537000000000000000e+03
6.527000000000000000e+03
6.280000000000000000e+02
8.382000000000000000e+03
9.917000000000000000e+03
9.570000000000000000e+02
9.985000000000000000e+03
4.792000000000000000e+03
6.901000000000000000e+03
1.417000000000000000e+03
2.056000000000000000e+03
1.332000000000000000e+03
6.220000000000000000e+02
7.611000000000000000e+03
5.558000000000000000e+03
1.394000000000000000e+03
9.980000000000000000e+02
6.853000000000000000e+03
1.832000000000000000e+03
4.482000000000000000e+03
7.242000000000000000e+03
9.738000000000000000e+03
3.550000000000000000e+03
5.590000000000000000e+03
3.778000000000000000e+03
8.452000000000000000e+03
7.340000000000000000e+03
1.308000000000000000e+03
7.646000000000000000e+03
9.756000000000000000e+03
6.230000000000000000e+02
3.147000000000000000e+03
5.630000000000000000e+02
5.389000000000000000e+03
9.452000000000000000e+03
6.671000000000000000e+03
5.194000000000000000e+03
6.167000000000000000e+03
7.151000000000000000e+03
9.013000000000000000e+03
9.087000000000000000e+03
5.202000000000000000e+03
1.350000000000000000e+02
9.470000000000000000e+03
8.518000000000000000e+03
1.998000000000000000e+03
3.849000000000000000e+03
2.510000000000000000e+03
9.372000000000000000e+03
8.740000000000000000e+03
4.856000000000000000e+03
4.918000000000000000e+03
8.335000000000000000e+03
8.790000000000000000e+03
3.062000000000000000e+03
3.606000000000000000e+03
2.066000000000000000e+03
5.999000000000000000e+03
7.534000000000000000e+03
9.497000000000000000e+03
2.192000000000000000e+03
5.930000000000000000e+02
4.561000000000000000e+03
2.100000000000000000e+02
3.139000000000000000e+03
3.299000000000000000e+03
1.326000000000000000e+03
5.354000000000000000e+03
7.709000000000000000e+03
9.450000000000000000e+03
9.221000000000000000e+03
4.576000000000000000e+03
4.264000000000000000e+03
6.547000000000000000e+03
3.324000000000000000e+03
3.989000000000000000e+03
4.357000000000000000e+03
9.100000000000000000e+01
4.511000000000000000e+03
2.489000000000000000e+03
7.560000000000000000e+02
8.277000000000000000e+03
6.410000000000000000e+02
5.911000000000000000e+03
6.855000000000000000e+03
2.292000000000000000e+03
5.935000000000000000e+03
5.193000000000000000e+03
7.326000000000000000e+03
8.807000000000000000e+03
4.659000000000000000e+03
3.224000000000000000e+03
7.700000000000000000e+03
1.204000000000000000e+03
2.573000000000000000e+03
3.581000000000000000e+03
9.900000000000000000e+02
4.883000000000000000e+03
9.574000000000000000e+03
8.220000000000000000e+03
9.094000000000000000e+03
2.780000000000000000e+02
5.511000000000000000e+03
8.705000000000000000e+03
1.015000000000000000e+03
5.992000000000000000e+03
9.305000000000000000e+03
6.539000000000000000e+03
9.540000000000000000e+02
8.344000000000000000e+03
1.886000000000000000e+03
3.098000000000000000e+03
8.070000000000000000e+02
6.599000000000000000e+03
2.766000000000000000e+03
5.603000000000000000e+03
7.725000000000000000e+03
4.163000000000000000e+03
9.320000000000000000e+03
3.456000000000000000e+03
6.919000000000000000e+03
7.547000000000000000e+03
2.523000000000000000e+03
6.535000000000000000e+03
1.801000000000000000e+03
1.046000000000000000e+03
9.555000000000000000e+03
7.375000000000000000e+03
9.878000000000000000e+03
9.369000000000000000e+03
2.449000000000000000e+03
5.834000000000000000e+03
7.807000000000000000e+03
4.289000000000000000e+03
3.885000000000000000e+03
2.760000000000000000e+03
6.826000000000000000e+03
1.901000000000000000e+03
9.622000000000000000e+03
5.430000000000000000e+03
1.486000000000000000e+03
7.980000000000000000e+02
7.588000000000000000e+03
2.253000000000000000e+03
7.442000000000000000e+03
7.649000000000000000e+03
5.417000000000000000e+03
8.164000000000000000e+03
3.720000000000000000e+02
9.039000000000000000e+03
4.733000000000000000e+03
6.384000000000000000e+03
4.000000000000000000e+03
5.518000000000000000e+03
3.030000000000000000e+03
9.810000000000000000e+02
3.415000000000000000e+03
6.865000000000000000e+03
6.863000000000000000e+03
3.821000000000000000e+03
3.469000000000000000e+03
6.240000000000000000e+03
5.859000000000000000e+03
2.422000000000000000e+03
5.151000000000000000e+03
5.481000000000000000e+03
1.884000000000000000e+03
2.116000000000000000e+03
7.085000000000000000e+03
6.277000000000000000e+03
9.610000000000000000e+02
3.231000000000000000e+03
7.784000000000000000e+03
5.878000000000000000e+03
6.135000000000000000e+03
8.499000000000000000e+03
4.075000000000000000e+03
3.847000000000000000e+03
5.436000000000000000e+03
6.890000000000000000e+02
6.317000000000000000e+03
3.308000000000000000e+03
5.554000000000000000e+03
1.611000000000000000e+03
5.230000000000000000e+02
5.670000000000000000e+02
6.674000000000000000e+03
1.041000000000000000e+03
4.614000000000000000e+03
6.767000000000000000e+03
9.060000000000000000e+03
3.213000000000000000e+03
7.230000000000000000e+02
6.289000000000000000e+03
6.243000000000000000e+03
7.188000000000000000e+03
1.039000000000000000e+03
3.874000000000000000e+03
2.263000000000000000e+03
5.049000000000000000e+03
5.693000000000000000e+03
9.534000000000000000e+03
9.293000000000000000e+03
1.808000000000000000e+03
4.026000000000000000e+03
3.118000000000000000e+03
9.224000000000000000e+03
7.026000000000000000e+03
7.777000000000000000e+03
4.542000000000000000e+03
3.010000000000000000e+03
9.952000000000000000e+03
7.002000000000000000e+03
9.436000000000000000e+03
5.659000000000000000e+03
3.290000000000000000e+02
2.845000000000000000e+03
2.364000000000000000e+03
2.452000000000000000e+03
5.738000000000000000e+03
8.433000000000000000e+03
6.161000000000000000e+03
8.190000000000000000e+03
4.601000000000000000e+03
7.175000000000000000e+03
1.267000000000000000e+03
3.697000000000000000e+03
2.720000000000000000e+03
1.420000000000000000e+03
5.123000000000000000e+03
6.980000000000000000e+03
9.050000000000000000e+03
9.516000000000000000e+03
5.682000000000000000e+03
3.136000000000000000e+03
9.586000000000000000e+03
7.430000000000000000e+03
3.076000000000000000e+03
9.161000000000000000e+03
5.664000000000000000e+03
5.026000000000000000e+03
7.256000000000000000e+03
7.318000000000000000e+03
4.669000000000000000e+03
3.275000000000000000e+03
5.299000000000000000e+03
2.011000000000000000e+03
8.971000000000000000e+03
1.666000000000000000e+03
5.773000000000000000e+03
3.124000000000000000e+03
4.943000000000000000e+03
9.006000000000000000e+03
6.813000000000000000e+03
4.053000000000000000e+03
4.625000000000000000e+03
5.276000000000000000e+03
3.405000000000000000e+03
8.375000000000000000e+03
6.977000000000000000e+03
1.791000000000000000e+03
4.250000000000000000e+03
2.549000000000000000e+03
3.793000000000000000e+03
1.670000000000000000e+03
5.845000000000000000e+03
3.360000000000000000e+02
1.637000000000000000e+03
5.872000000000000000e+03
8.749000000000000000e+03
7.558000000000000000e+03
3.007000000000000000e+03
6.829000000000000000e+03
6.962000000000000000e+03
1.489000000000000000e+03
2.370000000000000000e+02
6.477000000000000000e+03
8.571000000000000000e+03
3.523000000000000000e+03
2.453000000000000000e+03
5.075000000000000000e+03
1.982000000000000000e+03
1.070000000000000000e+02
3.915000000000000000e+03
7.766000000000000000e+03
8.523000000000000000e+03
3.868000000000000000e+03
1.575000000000000000e+03
9.342000000000000000e+03
5.159000000000000000e+03
9.268000000000000000e+03
6.051000000000000000e+03
1.709000000000000000e+03
5.889000000000000000e+03
6.458000000000000000e+03
9.020000000000000000e+02
7.190000000000000000e+03
5.369000000000000000e+03
5.906000000000000000e+03
3.744000000000000000e+03
7.856000000000000000e+03
2.445000000000000000e+03
4.011000000000000000e+03
4.116000000000000000e+03
9.479000000000000000e+03
5.663000000000000000e+03
7.365000000000000000e+03
4.301000000000000000e+03
4.965000000000000000e+03
9.858000000000000000e+03
9.780000000000000000e+03
9.873000000000000000e+03
8.321000000000000000e+03
6.954000000000000000e+03
2.013000000000000000e+03
7.802000000000000000e+03
5.541000000000000000e+03
6.401000000000000000e+03
2.922000000000000000e+03
1.170000000000000000e+02
5.654000000000000000e+03
5.932000000000000000e+03
7.921000000000000000e+03
6.314000000000000000e+03
3.941000000000000000e+03
4.410000000000000000e+02
8.978000000000000000e+03
