8.580000000000000000e+02
1.896000000000000000e+03
3.950000000000000000e+02
3.931000000000000000e+03
9.199000000000000000e+03
8.832000000000000000e+03
3.033000000000000000e+03
4.967000000000000000e+03
4.297000000000000000e+03
8.949000000000000000e+03
4.371000000000000000e+03
2.310000000000000000e+02
9.807000000000000000e+03
5.905000000000000000e+03
2.517000000000000000e+03
1.500000000000000000e+03
6.267000000000000000e+03
4.610000000000000000e+03
3.150000000000000000e+03
1.591000000000000000e+03
7.236000000000000000e+03
2.899000000000000000e+03
4.891000000000000000e+03
7.908000000000000000e+03
3.387000000000000000e+03
3.073000000000000000e+03
5.186000000000000000e+03
1.270000000000000000e+02
7.706000000000000000e+03
5.925000000000000000e+03
2.707000000000000000e+03
5.570000000000000000e+02
5.580000000000000000e+02
2.098000000000000000e+03
5.912000000000000000e+03
6.728000000000000000e+03
6.986000000000000000e+03
5.617000000000000000e+03
1.820000000000000000e+03
8.009000000000000000e+03
3.700000000000000000e+03
2.046000000000000000e+03
2.106000000000000000e+03
3.031000000000000000e+03
6.870000000000000000e+02
1.430000000000000000e+02
9.714000000000000000e+03
3.561000000000000000e+03
1.569000000000000000e+03
6.145000000000000000e+03
4.829000000000000000e+03
4.830000000000000000e+03
5.351000000000000000e+03
3.210000000000000000e+02
6.562000000000000000e+03
5.377000000000000000e+03
2.300000000000000000e+03
7.776000000000000000e+03
1.645000000000000000e+03
1.191000000000000000e+03
7.807000000000000000e+03
5.433000000000000000e+03
2.258000000000000000e+03
7.642000000000000000e+03
7.118000000000000000e+03
6.023000000000000000e+03
7.840000000000000000e+03
7.100000000000000000e+03
4.907000000000000000e+03
2.987000000000000000e+03
2.537000000000000000e+03
8.334000000000000000e+03
4.623000000000000000e+03
6.670000000000000000e+03
2.459000000000000000e+03
7.054000000000000000e+03
3.707000000000000000e+03
5.830000000000000000e+03
1.988000000000000000e+03
1.976000000000000000e+03
5.808000000000000000e+03
8.097000000000000000e+03
8.028000000000000000e+03
9.302000000000000000e+03
3.743000000000000000e+03
9.295000000000000000e+03
8.684000000000000000e+03
6.710000000000000000e+02
9.285000000000000000e+03
3.752000000000000000e+03
7.380000000000000000e+02
4.366000000000000000e+03
7.730000000000000000e+02
1.916000000000000000e+03
8.654000000000000000e+03
8.140000000000000000e+03
8.128000000000000000e+03
7.475000000000000000e+03
9.263000000000000000e+03
9.977000000000000000e+03
8.059000000000000000e+03
4.810000000000000000e+03
6.460000000000000000e+02
6.150000000000000000e+03
2.761000000000000000e+03
8.934000000000000000e+03
1.700000000000000000e+02
2.520000000000000000e+02
7.786000000000000000e+03
4.006000000000000000e+03
4.142000000000000000e+03
1.454000000000000000e+03
8.526000000000000000e+03
5.081000000000000000e+03
1.387000000000000000e+03
3.012000000000000000e+03
4.619000000000000000e+03
3.487000000000000000e+03
1.639000000000000000e+03
8.094000000000000000e+03
5.383000000000000000e+03
3.449000000000000000e+03
9.026000000000000000e+03
7.982000000000000000e+03
4.904000000000000000e+03
1.631000000000000000e+03
2.992000000000000000e+03
1.650000000000000000e+02
4.851000000000000000e+03
9.563000000000000000e+03
6.316000000000000000e+03
8.098000000000000000e+03
9.357000000000000000e+03
4.093000000000000000e+03
1.880000000000000000e+03
9.336000000000000000e+03
6.386000000000000000e+03
1.584000000000000000e+03
7.922000000000000000e+03
9.331000000000000000e+03
6.269000000000000000e+03
3.762000000000000000e+03
1.786000000000000000e+03
3.568000000000000000e+03
8.049000000000000000e+03
3.404000000000000000e+03
7.810000000000000000e+02
2.343000000000000000e+03
3.381000000000000000e+03
7.586000000000000000e+03
9.871000000000000000e+03
2.552000000000000000e+03
9.257000000000000000e+03
5.828000000000000000e+03
1.280000000000000000e+03
4.489000000000000000e+03
6.913000000000000000e+03
6.645000000000000000e+03
4.671000000000000000e+03
5.067000000000000000e+03
7.293000000000000000e+03
9.087000000000000000e+03
5.406000000000000000e+03
7.628000000000000000e+03
3.166000000000000000e+03
6.765000000000000000e+03
5.950000000000000000e+03
2.930000000000000000e+03
1.033000000000000000e+03
6.818000000000000000e+03
1.700000000000000000e+03
6.623000000000000000e+03
2.219000000000000000e+03
8.897000000000000000e+03
3.321000000000000000e+03
6.425000000000000000e+03
5.287000000000000000e+03
5.978000000000000000e+03
9.360000000000000000e+03
5.960000000000000000e+02
5.199000000000000000e+03
5.819000000000000000e+03
1.939000000000000000e+03
6.190000000000000000e+02
6.520000000000000000e+02
1.201000000000000000e+03
3.834000000000000000e+03
9.742000000000000000e+03
3.979000000000000000e+03
5.636000000000000000e+03
4.070000000000000000e+03
1.908000000000000000e+03
2.531000000000000000e+03
6.603000000000000000e+03
9.177000000000000000e+03
2.500000000000000000e+02
6.066000000000000000e+03
3.232000000000000000e+03
8.861000000000000000e+03
1.822000000000000000e+03
1.606000000000000000e+03
5.296000000000000000e+03
5.381000000000000000e+03
4.000000000000000000e+03
3.267000000000000000e+03
3.096000000000000000e+03
9.800000000000000000e+03
9.831000000000000000e+03
2.578000000000000000e+03
8.541000000000000000e+03
8.000000000000000000e+02
3.014000000000000000e+03
9.860000000000000000e+02
7.888000000000000000e+03
6.287000000000000000e+03
4.152000000000000000e+03
9.530000000000000000e+02
6.898000000000000000e+03
5.562000000000000000e+03
5.710000000000000000e+03
2.718000000000000000e+03
7.364000000000000000e+03
1.782000000000000000e+03
7.915000000000000000e+03
9.828000000000000000e+03
8.790000000000000000e+02
9.584000000000000000e+03
6.482000000000000000e+03
4.070000000000000000e+02
1.222000000000000000e+03
8.104000000000000000e+03
4.684000000000000000e+03
8.157000000000000000e+03
6.028000000000000000e+03
6.940000000000000000e+02
8.985000000000000000e+03
2.344000000000000000e+03
7.176000000000000000e+03
8.808000000000000000e+03
7.262000000000000000e+03
6.608000000000000000e+03
8.869000000000000000e+03
8.571000000000000000e+03
1.070000000000000000e+02
7.374000000000000000e+03
1.678000000000000000e+03
1.529000000000000000e+03
1.900000000000000000e+01
4.927000000000000000e+03
3.460000000000000000e+03
8.392000000000000000e+03
8.345000000000000000e+03
1.221000000000000000e+03
8.846000000000000000e+03
1.026000000000000000e+03
1.456000000000000000e+03
5.333000000000000000e+03
5.489000000000000000e+03
9.401000000000000000e+03
5.931000000000000000e+03
3.448000000000000000e+03
8.487000000000000000e+03
5.664000000000000000e+03
6.116000000000000000e+03
5.062000000000000000e+03
8.560000000000000000e+03
1.537000000000000000e+03
1.561000000000000000e+03
2.436000000000000000e+03
5.817000000000000000e+03
2.619000000000000000e+03
4.761000000000000000e+03
7.886000000000000000e+03
1.042000000000000000e+03
6.930000000000000000e+02
4.064000000000000000e+03
