4.013000000000000000e+03
9.535000000000000000e+03
5.790000000000000000e+03
4.891000000000000000e+03
4.607000000000000000e+03
4.570000000000000000e+03
7.234000000000000000e+03
7.236000000000000000e+03
1.591000000000000000e+03
2.734000000000000000e+03
5.083000000000000000e+03
5.247000000000000000e+03
6.276000000000000000e+03
3.173000000000000000e+03
7.287000000000000000e+03
2.899000000000000000e+03
8.032000000000000000e+03
9.303000000000000000e+03
1.896000000000000000e+03
2.510000000000000000e+02
5.450000000000000000e+03
5.570000000000000000e+03
4.306000000000000000e+03
5.456000000000000000e+03
7.474000000000000000e+03
2.707000000000000000e+03
3.532000000000000000e+03
2.989000000000000000e+03
9.246000000000000000e+03
4.241000000000000000e+03
3.954000000000000000e+03
2.955000000000000000e+03
2.983000000000000000e+03
7.569000000000000000e+03
2.815000000000000000e+03
7.747000000000000000e+03
1.964000000000000000e+03
1.393000000000000000e+03
2.106000000000000000e+03
4.247000000000000000e+03
3.084000000000000000e+03
1.996000000000000000e+03
8.327000000000000000e+03
2.423000000000000000e+03
4.740000000000000000e+03
2.258000000000000000e+03
2.264000000000000000e+03
9.939000000000000000e+03
8.654000000000000000e+03
7.985000000000000000e+03
4.830000000000000000e+03
5.084000000000000000e+03
6.710000000000000000e+02
3.936000000000000000e+03
5.733000000000000000e+03
7.438000000000000000e+03
4.072000000000000000e+03
6.587000000000000000e+03
1.094000000000000000e+03
8.279000000000000000e+03
1.327000000000000000e+03
4.550000000000000000e+03
4.310000000000000000e+02
2.790000000000000000e+02
8.366000000000000000e+03
7.634000000000000000e+03
6.613000000000000000e+03
5.067000000000000000e+03
3.518000000000000000e+03
8.435000000000000000e+03
4.890000000000000000e+03
8.726000000000000000e+03
7.292000000000000000e+03
9.744000000000000000e+03
9.255000000000000000e+03
1.457000000000000000e+03
3.498000000000000000e+03
6.117000000000000000e+03
9.064000000000000000e+03
8.213000000000000000e+03
6.729000000000000000e+03
9.117000000000000000e+03
1.221000000000000000e+03
9.493000000000000000e+03
1.141000000000000000e+03
2.752000000000000000e+03
7.144000000000000000e+03
1.706000000000000000e+03
8.890000000000000000e+03
8.410000000000000000e+03
6.509000000000000000e+03
9.060000000000000000e+03
3.762000000000000000e+03
2.382000000000000000e+03
4.396000000000000000e+03
5.689000000000000000e+03
3.287000000000000000e+03
4.361000000000000000e+03
2.531000000000000000e+03
1.037000000000000000e+03
3.320000000000000000e+03
3.342000000000000000e+03
4.168000000000000000e+03
2.372000000000000000e+03
2.379000000000000000e+03
4.225000000000000000e+03
3.909000000000000000e+03
9.863000000000000000e+03
2.056000000000000000e+03
1.750000000000000000e+02
5.592000000000000000e+03
7.043000000000000000e+03
3.930000000000000000e+03
7.270000000000000000e+03
8.511000000000000000e+03
6.965000000000000000e+03
8.467000000000000000e+03
3.321000000000000000e+03
2.397000000000000000e+03
4.885000000000000000e+03
2.305000000000000000e+03
5.211000000000000000e+03
8.382000000000000000e+03
8.635000000000000000e+03
2.516000000000000000e+03
2.550000000000000000e+03
8.325000000000000000e+03
2.470000000000000000e+03
1.822000000000000000e+03
2.656000000000000000e+03
2.929000000000000000e+03
3.663000000000000000e+03
6.813000000000000000e+03
3.220000000000000000e+03
4.040000000000000000e+02
7.847000000000000000e+03
3.872000000000000000e+03
2.016000000000000000e+03
5.836000000000000000e+03
5.667000000000000000e+03
6.246000000000000000e+03
2.297000000000000000e+03
6.288000000000000000e+03
7.660000000000000000e+03
1.561000000000000000e+03
5.333000000000000000e+03
9.720000000000000000e+02
7.063000000000000000e+03
6.226000000000000000e+03
