5.054000000000000000e+03
5.790000000000000000e+03
4.287000000000000000e+03
3.219000000000000000e+03
9.519000000000000000e+03
1.530000000000000000e+03
4.805000000000000000e+03
2.899000000000000000e+03
1.591000000000000000e+03
2.767000000000000000e+03
5.061000000000000000e+03
9.971000000000000000e+03
5.313000000000000000e+03
3.976000000000000000e+03
4.863000000000000000e+03
2.517000000000000000e+03
5.330000000000000000e+03
2.106000000000000000e+03
6.234000000000000000e+03
5.147000000000000000e+03
5.925000000000000000e+03
2.039000000000000000e+03
2.472000000000000000e+03
8.619000000000000000e+03
3.165000000000000000e+03
1.062000000000000000e+03
4.035000000000000000e+03
3.491000000000000000e+03
3.487000000000000000e+03
5.117000000000000000e+03
3.486000000000000000e+03
5.901000000000000000e+03
4.277000000000000000e+03
9.128000000000000000e+03
9.881000000000000000e+03
4.879000000000000000e+03
7.295000000000000000e+03
4.845000000000000000e+03
5.210000000000000000e+03
7.291000000000000000e+03
4.459000000000000000e+03
8.203000000000000000e+03
4.452000000000000000e+03
6.195000000000000000e+03
4.820000000000000000e+03
2.444000000000000000e+03
5.284000000000000000e+03
8.028000000000000000e+03
9.452000000000000000e+03
4.442000000000000000e+03
4.810000000000000000e+03
5.647000000000000000e+03
8.036000000000000000e+03
5.570000000000000000e+03
2.462000000000000000e+03
6.460000000000000000e+02
6.031000000000000000e+03
7.372000000000000000e+03
1.180000000000000000e+02
6.268000000000000000e+03
6.543000000000000000e+03
4.658000000000000000e+03
4.602000000000000000e+03
6.000000000000000000e+00
1.316000000000000000e+03
8.684000000000000000e+03
5.490000000000000000e+03
8.128000000000000000e+03
9.302000000000000000e+03
8.334000000000000000e+03
7.118000000000000000e+03
5.947000000000000000e+03
9.640000000000000000e+02
3.746000000000000000e+03
8.318000000000000000e+03
5.426000000000000000e+03
5.002000000000000000e+03
4.072000000000000000e+03
4.623000000000000000e+03
3.752000000000000000e+03
8.654000000000000000e+03
1.300000000000000000e+03
2.174000000000000000e+03
6.231000000000000000e+03
7.824000000000000000e+03
2.697000000000000000e+03
2.220000000000000000e+02
1.117000000000000000e+03
9.871000000000000000e+03
9.680000000000000000e+02
5.182000000000000000e+03
7.954000000000000000e+03
6.289000000000000000e+03
4.954000000000000000e+03
2.159000000000000000e+03
9.140000000000000000e+03
9.564000000000000000e+03
8.098000000000000000e+03
6.100000000000000000e+03
8.726000000000000000e+03
9.532000000000000000e+03
7.198000000000000000e+03
9.233000000000000000e+03
1.305000000000000000e+03
3.012000000000000000e+03
2.271000000000000000e+03
8.934000000000000000e+03
2.532000000000000000e+03
5.391000000000000000e+03
1.639000000000000000e+03
1.886000000000000000e+03
7.292000000000000000e+03
5.700000000000000000e+01
1.387000000000000000e+03
6.435000000000000000e+03
4.688000000000000000e+03
4.485000000000000000e+03
6.355000000000000000e+03
2.030000000000000000e+02
1.839000000000000000e+03
6.416000000000000000e+03
2.250000000000000000e+03
5.214000000000000000e+03
5.191000000000000000e+03
5.903000000000000000e+03
5.406000000000000000e+03
1.158000000000000000e+03
1.280000000000000000e+03
3.553000000000000000e+03
5.390000000000000000e+02
4.760000000000000000e+03
7.693000000000000000e+03
4.114000000000000000e+03
9.199000000000000000e+03
2.045000000000000000e+03
3.573000000000000000e+03
2.440000000000000000e+03
9.436000000000000000e+03
2.047000000000000000e+03
5.211000000000000000e+03
9.422000000000000000e+03
6.309000000000000000e+03
3.092000000000000000e+03
3.623000000000000000e+03
2.000000000000000000e+02
6.944000000000000000e+03
7.885000000000000000e+03
9.554000000000000000e+03
5.112000000000000000e+03
9.500000000000000000e+02
9.651000000000000000e+03
3.800000000000000000e+03
1.884000000000000000e+03
7.760000000000000000e+02
8.089000000000000000e+03
9.247000000000000000e+03
2.531000000000000000e+03
9.078000000000000000e+03
4.157000000000000000e+03
9.683000000000000000e+03
9.087000000000000000e+03
5.958000000000000000e+03
3.261000000000000000e+03
1.753000000000000000e+03
4.521000000000000000e+03
9.370000000000000000e+03
7.150000000000000000e+02
9.748000000000000000e+03
2.640000000000000000e+02
6.580000000000000000e+03
1.859000000000000000e+03
6.167000000000000000e+03
4.660000000000000000e+02
4.282000000000000000e+03
4.190000000000000000e+03
2.821000000000000000e+03
8.000000000000000000e+02
8.053000000000000000e+03
5.162000000000000000e+03
4.098000000000000000e+03
7.188000000000000000e+03
2.192000000000000000e+03
6.442000000000000000e+03
4.460000000000000000e+03
3.136000000000000000e+03
4.257000000000000000e+03
5.636000000000000000e+03
4.260000000000000000e+02
7.766000000000000000e+03
1.381000000000000000e+03
5.565000000000000000e+03
8.836000000000000000e+03
6.729000000000000000e+03
5.287000000000000000e+03
4.409000000000000000e+03
5.000000000000000000e+02
6.401000000000000000e+03
1.201000000000000000e+03
5.520000000000000000e+03
6.804000000000000000e+03
6.957000000000000000e+03
1.649000000000000000e+03
1.922000000000000000e+03
9.461000000000000000e+03
6.451000000000000000e+03
9.429000000000000000e+03
1.779000000000000000e+03
2.070000000000000000e+02
4.283000000000000000e+03
8.238000000000000000e+03
5.017000000000000000e+03
