2.899000000000000000e+03
7.844000000000000000e+03
6.906000000000000000e+03
6.814000000000000000e+03
1.898000000000000000e+03
1.697000000000000000e+03
3.976000000000000000e+03
6.377000000000000000e+03
1.500000000000000000e+03
1.359000000000000000e+03
1.177000000000000000e+03
9.950000000000000000e+02
9.303000000000000000e+03
5.790000000000000000e+03
9.519000000000000000e+03
4.853000000000000000e+03
5.598000000000000000e+03
4.390000000000000000e+02
4.971000000000000000e+03
3.490000000000000000e+02
3.220000000000000000e+03
2.517000000000000000e+03
6.445000000000000000e+03
1.100000000000000000e+01
2.842000000000000000e+03
7.293000000000000000e+03
3.033000000000000000e+03
7.489000000000000000e+03
6.884000000000000000e+03
6.449000000000000000e+03
1.833000000000000000e+03
8.434000000000000000e+03
4.514000000000000000e+03
8.813000000000000000e+03
7.908000000000000000e+03
3.362000000000000000e+03
8.940000000000000000e+02
8.546000000000000000e+03
8.763000000000000000e+03
4.133000000000000000e+03
5.092000000000000000e+03
6.268000000000000000e+03
6.227000000000000000e+03
9.977000000000000000e+03
4.241000000000000000e+03
5.081000000000000000e+03
1.240000000000000000e+03
8.905000000000000000e+03
1.206000000000000000e+03
8.931000000000000000e+03
7.470000000000000000e+03
1.316000000000000000e+03
1.388000000000000000e+03
8.697000000000000000e+03
8.745000000000000000e+03
6.606000000000000000e+03
6.587000000000000000e+03
6.577000000000000000e+03
8.374000000000000000e+03
3.798000000000000000e+03
1.430000000000000000e+02
1.490000000000000000e+02
8.490000000000000000e+03
8.493000000000000000e+03
6.475000000000000000e+03
1.636000000000000000e+03
5.002000000000000000e+03
1.626000000000000000e+03
8.564000000000000000e+03
1.569000000000000000e+03
1.559000000000000000e+03
7.555000000000000000e+03
4.043000000000000000e+03
1.480000000000000000e+03
4.072000000000000000e+03
1.133000000000000000e+03
8.754000000000000000e+03
9.012000000000000000e+03
1.030000000000000000e+03
9.040000000000000000e+03
5.723000000000000000e+03
5.698000000000000000e+03
6.150000000000000000e+02
5.670000000000000000e+02
5.540000000000000000e+02
4.810000000000000000e+03
5.647000000000000000e+03
4.830000000000000000e+03
5.617000000000000000e+03
4.845000000000000000e+03
5.615000000000000000e+03
7.431000000000000000e+03
4.864000000000000000e+03
2.923000000000000000e+03
9.589000000000000000e+03
3.970000000000000000e+02
5.473000000000000000e+03
3.080000000000000000e+02
3.510000000000000000e+02
3.210000000000000000e+02
9.714000000000000000e+03
5.029000000000000000e+03
4.659000000000000000e+03
2.840000000000000000e+03
5.809000000000000000e+03
5.998000000000000000e+03
9.880000000000000000e+03
9.095000000000000000e+03
4.452000000000000000e+03
7.331000000000000000e+03
9.860000000000000000e+02
5.953000000000000000e+03
4.478000000000000000e+03
5.947000000000000000e+03
9.146000000000000000e+03
4.375000000000000000e+03
9.570000000000000000e+02
5.920000000000000000e+03
9.185000000000000000e+03
5.901000000000000000e+03
9.229000000000000000e+03
2.530000000000000000e+02
8.360000000000000000e+02
4.581000000000000000e+03
9.269000000000000000e+03
5.830000000000000000e+03
4.623000000000000000e+03
5.936000000000000000e+03
3.743000000000000000e+03
4.998000000000000000e+03
8.140000000000000000e+03
7.040000000000000000e+03
3.135000000000000000e+03
5.179000000000000000e+03
2.076000000000000000e+03
2.081000000000000000e+03
3.142000000000000000e+03
3.165000000000000000e+03
5.197000000000000000e+03
5.303000000000000000e+03
8.114000000000000000e+03
2.258000000000000000e+03
6.764000000000000000e+03
7.054000000000000000e+03
7.714000000000000000e+03
7.118000000000000000e+03
8.107000000000000000e+03
7.064000000000000000e+03
7.105000000000000000e+03
7.538000000000000000e+03
7.084000000000000000e+03
3.532000000000000000e+03
3.502000000000000000e+03
3.491000000000000000e+03
6.878000000000000000e+03
5.186000000000000000e+03
3.404000000000000000e+03
9.200000000000000000e+01
3.701000000000000000e+03
5.312000000000000000e+03
6.670000000000000000e+03
7.569000000000000000e+03
9.968000000000000000e+03
6.942000000000000000e+03
3.387000000000000000e+03
3.610000000000000000e+03
8.279000000000000000e+03
2.707000000000000000e+03
8.183000000000000000e+03
7.493000000000000000e+03
1.280000000000000000e+02
6.694000000000000000e+03
1.947000000000000000e+03
5.855000000000000000e+03
3.268000000000000000e+03
7.611000000000000000e+03
4.312000000000000000e+03
4.410000000000000000e+02
6.790000000000000000e+02
9.563000000000000000e+03
5.636000000000000000e+03
4.562000000000000000e+03
3.092000000000000000e+03
7.826000000000000000e+03
9.209000000000000000e+03
1.091000000000000000e+03
9.026000000000000000e+03
3.347000000000000000e+03
2.433000000000000000e+03
3.254000000000000000e+03
9.064000000000000000e+03
6.953000000000000000e+03
7.786000000000000000e+03
7.922000000000000000e+03
7.700000000000000000e+01
1.880000000000000000e+03
7.340000000000000000e+02
8.520000000000000000e+02
5.273000000000000000e+03
7.387000000000000000e+03
2.703000000000000000e+03
7.374000000000000000e+03
5.512000000000000000e+03
7.573000000000000000e+03
2.876000000000000000e+03
4.890000000000000000e+03
2.667000000000000000e+03
4.940000000000000000e+02
7.205000000000000000e+03
5.463000000000000000e+03
5.310000000000000000e+02
7.621000000000000000e+03
2.600000000000000000e+03
2.800000000000000000e+02
4.722000000000000000e+03
2.540000000000000000e+03
9.387000000000000000e+03
9.365000000000000000e+03
7.126000000000000000e+03
7.720000000000000000e+02
4.619000000000000000e+03
5.100000000000000000e+01
8.450000000000000000e+02
8.860000000000000000e+02
2.250000000000000000e+02
1.102000000000000000e+03
5.144000000000000000e+03
6.289000000000000000e+03
8.726000000000000000e+03
6.329000000000000000e+03
4.061000000000000000e+03
4.059000000000000000e+03
4.054000000000000000e+03
1.730000000000000000e+02
8.655000000000000000e+03
3.557000000000000000e+03
8.610000000000000000e+03
7.311000000000000000e+03
8.152000000000000000e+03
2.112000000000000000e+03
8.541000000000000000e+03
1.639000000000000000e+03
3.926000000000000000e+03
3.644000000000000000e+03
8.422000000000000000e+03
6.562000000000000000e+03
1.937000000000000000e+03
9.871000000000000000e+03
9.887000000000000000e+03
3.705000000000000000e+03
3.762000000000000000e+03
6.643000000000000000e+03
8.325000000000000000e+03
8.156000000000000000e+03
6.806000000000000000e+03
2.978000000000000000e+03
1.250000000000000000e+03
8.775000000000000000e+03
4.201000000000000000e+03
1.305000000000000000e+03
1.236000000000000000e+03
4.261000000000000000e+03
3.013000000000000000e+03
3.449000000000000000e+03
2.278000000000000000e+03
4.330000000000000000e+03
1.142000000000000000e+03
4.156000000000000000e+03
8.982000000000000000e+03
3.395000000000000000e+03
9.000000000000000000e+03
6.190000000000000000e+03
1.288000000000000000e+03
8.464000000000000000e+03
5.324000000000000000e+03
1.743000000000000000e+03
9.390000000000000000e+03
8.257000000000000000e+03
7.344000000000000000e+03
7.232000000000000000e+03
6.933000000000000000e+03
8.943000000000000000e+03
6.934000000000000000e+03
3.800000000000000000e+03
7.572000000000000000e+03
5.529000000000000000e+03
8.102000000000000000e+03
6.659000000000000000e+03
4.094000000000000000e+03
7.066000000000000000e+03
7.772000000000000000e+03
8.023000000000000000e+03
7.938000000000000000e+03
1.950000000000000000e+03
9.930000000000000000e+02
7.599000000000000000e+03
3.040000000000000000e+03
1.499000000000000000e+03
6.750000000000000000e+02
6.338000000000000000e+03
3.185000000000000000e+03
8.627000000000000000e+03
3.183000000000000000e+03
7.693000000000000000e+03
5.850000000000000000e+02
2.802000000000000000e+03
4.502000000000000000e+03
4.371000000000000000e+03
3.975000000000000000e+03
3.972000000000000000e+03
3.407000000000000000e+03
3.550000000000000000e+03
7.619000000000000000e+03
7.819000000000000000e+03
7.410000000000000000e+02
1.280000000000000000e+03
7.300000000000000000e+02
0.000000000000000000e+00
9.722000000000000000e+03
9.993000000000000000e+03
5.406000000000000000e+03
5.114000000000000000e+03
5.079000000000000000e+03
5.214000000000000000e+03
5.067000000000000000e+03
5.440000000000000000e+03
7.645000000000000000e+03
6.036000000000000000e+03
1.535000000000000000e+03
2.538000000000000000e+03
6.965000000000000000e+03
6.054000000000000000e+03
6.418000000000000000e+03
2.170000000000000000e+03
7.760000000000000000e+02
9.134000000000000000e+03
9.976000000000000000e+03
4.245000000000000000e+03
3.541000000000000000e+03
9.039000000000000000e+03
1.401000000000000000e+03
8.176000000000000000e+03
3.741000000000000000e+03
9.042000000000000000e+03
3.070000000000000000e+02
7.957000000000000000e+03
9.727000000000000000e+03
9.280000000000000000e+03
2.668000000000000000e+03
3.226000000000000000e+03
6.997000000000000000e+03
1.891000000000000000e+03
4.862000000000000000e+03
4.397000000000000000e+03
8.592000000000000000e+03
4.693000000000000000e+03
8.528000000000000000e+03
1.382000000000000000e+03
9.854000000000000000e+03
9.199000000000000000e+03
9.103000000000000000e+03
6.037000000000000000e+03
4.700000000000000000e+01
7.817000000000000000e+03
6.898000000000000000e+03
1.395000000000000000e+03
4.586000000000000000e+03
1.322000000000000000e+03
8.053000000000000000e+03
6.986000000000000000e+03
5.578000000000000000e+03
6.610000000000000000e+03
7.944000000000000000e+03
6.355000000000000000e+03
1.428000000000000000e+03
2.821000000000000000e+03
2.026000000000000000e+03
7.439000000000000000e+03
1.141000000000000000e+03
4.760000000000000000e+03
1.481000000000000000e+03
9.154000000000000000e+03
6.304000000000000000e+03
2.674000000000000000e+03
2.051000000000000000e+03
7.423000000000000000e+03
3.516000000000000000e+03
6.607000000000000000e+03
6.776000000000000000e+03
9.916000000000000000e+03
9.566000000000000000e+03
7.170000000000000000e+02
4.081000000000000000e+03
6.633000000000000000e+03
2.713000000000000000e+03
4.597000000000000000e+03
7.623000000000000000e+03
1.461000000000000000e+03
9.000000000000000000e+01
7.628000000000000000e+03
6.793000000000000000e+03
9.420000000000000000e+02
2.880000000000000000e+02
3.893000000000000000e+03
8.686000000000000000e+03
4.630000000000000000e+03
8.952000000000000000e+03
4.885000000000000000e+03
7.270000000000000000e+03
9.831000000000000000e+03
6.465000000000000000e+03
2.069000000000000000e+03
8.299000000000000000e+03
5.269000000000000000e+03
5.782000000000000000e+03
2.581000000000000000e+03
3.742000000000000000e+03
9.710000000000000000e+03
7.187000000000000000e+03
7.662000000000000000e+03
2.758000000000000000e+03
4.646000000000000000e+03
2.204000000000000000e+03
4.510000000000000000e+03
4.670000000000000000e+02
4.863000000000000000e+03
7.753000000000000000e+03
2.873000000000000000e+03
7.813000000000000000e+03
6.143000000000000000e+03
7.524000000000000000e+03
6.460000000000000000e+02
7.291000000000000000e+03
9.470000000000000000e+02
5.054000000000000000e+03
8.529000000000000000e+03
5.096000000000000000e+03
6.409000000000000000e+03
1.386000000000000000e+03
5.347000000000000000e+03
9.383000000000000000e+03
8.270000000000000000e+03
9.800000000000000000e+03
1.625000000000000000e+03
6.420000000000000000e+02
9.799000000000000000e+03
8.581000000000000000e+03
2.115000000000000000e+03
5.718000000000000000e+03
3.540000000000000000e+03
5.394000000000000000e+03
4.684000000000000000e+03
4.341000000000000000e+03
9.148000000000000000e+03
3.130000000000000000e+03
8.242000000000000000e+03
5.673000000000000000e+03
3.074000000000000000e+03
6.650000000000000000e+02
5.690000000000000000e+03
8.089000000000000000e+03
3.961000000000000000e+03
3.702000000000000000e+03
1.550000000000000000e+02
6.031000000000000000e+03
4.709000000000000000e+03
6.681000000000000000e+03
7.910000000000000000e+03
2.697000000000000000e+03
7.231000000000000000e+03
7.915000000000000000e+03
6.415000000000000000e+03
1.596000000000000000e+03
2.344000000000000000e+03
9.748000000000000000e+03
5.749000000000000000e+03
7.625000000000000000e+03
1.914000000000000000e+03
7.207000000000000000e+03
6.683000000000000000e+03
2.210000000000000000e+02
2.337000000000000000e+03
6.975000000000000000e+03
1.941000000000000000e+03
8.535000000000000000e+03
5.225000000000000000e+03
1.405000000000000000e+03
2.355000000000000000e+03
9.123000000000000000e+03
9.218000000000000000e+03
2.424000000000000000e+03
2.422000000000000000e+03
9.226000000000000000e+03
7.097000000000000000e+03
8.661000000000000000e+03
9.880000000000000000e+02
1.750000000000000000e+02
4.560000000000000000e+03
9.117000000000000000e+03
6.344000000000000000e+03
5.381000000000000000e+03
4.460000000000000000e+03
8.654000000000000000e+03
8.653000000000000000e+03
9.248000000000000000e+03
5.305000000000000000e+03
8.380000000000000000e+02
9.216000000000000000e+03
2.410000000000000000e+03
3.284000000000000000e+03
9.126000000000000000e+03
4.080000000000000000e+03
5.933000000000000000e+03
4.499000000000000000e+03
3.259000000000000000e+03
5.900000000000000000e+01
2.440000000000000000e+03
7.781000000000000000e+03
5.203000000000000000e+03
7.050000000000000000e+03
2.466000000000000000e+03
1.470000000000000000e+03
3.246000000000000000e+03
5.910000000000000000e+03
2.047000000000000000e+03
6.311000000000000000e+03
6.756000000000000000e+03
4.533000000000000000e+03
2.483000000000000000e+03
5.436000000000000000e+03
8.820000000000000000e+02
1.517000000000000000e+03
5.162000000000000000e+03
8.192000000000000000e+03
7.011000000000000000e+03
1.406000000000000000e+03
2.576000000000000000e+03
6.795000000000000000e+03
8.609000000000000000e+03
7.675000000000000000e+03
7.858000000000000000e+03
2.374000000000000000e+03
6.709000000000000000e+03
3.150000000000000000e+03
1.045000000000000000e+03
2.372000000000000000e+03
2.369000000000000000e+03
9.756000000000000000e+03
5.393000000000000000e+03
6.269000000000000000e+03
3.900000000000000000e+01
7.150000000000000000e+02
9.363000000000000000e+03
3.162000000000000000e+03
1.993000000000000000e+03
3.166000000000000000e+03
4.628000000000000000e+03
2.531000000000000000e+03
8.135000000000000000e+03
7.713000000000000000e+03
7.125000000000000000e+03
1.423000000000000000e+03
4.441000000000000000e+03
6.782000000000000000e+03
2.391000000000000000e+03
6.722000000000000000e+03
2.612000000000000000e+03
3.631000000000000000e+03
1.414000000000000000e+03
3.311000000000000000e+03
7.847000000000000000e+03
2.563000000000000000e+03
7.850000000000000000e+02
5.820000000000000000e+03
7.810000000000000000e+02
9.306000000000000000e+03
1.995000000000000000e+03
2.552000000000000000e+03
1.136000000000000000e+03
9.550000000000000000e+02
2.305000000000000000e+03
9.592000000000000000e+03
4.882000000000000000e+03
4.190000000000000000e+03
4.580000000000000000e+02
3.745000000000000000e+03
2.256000000000000000e+03
1.859000000000000000e+03
8.934000000000000000e+03
6.515000000000000000e+03
5.790000000000000000e+02
3.752000000000000000e+03
8.444000000000000000e+03
2.167000000000000000e+03
6.207000000000000000e+03
9.615000000000000000e+03
2.816000000000000000e+03
4.893000000000000000e+03
1.864000000000000000e+03
2.260000000000000000e+03
8.465000000000000000e+03
3.884000000000000000e+03
7.507000000000000000e+03
1.172000000000000000e+03
5.060000000000000000e+02
2.765000000000000000e+03
6.490000000000000000e+03
9.882000000000000000e+03
6.623000000000000000e+03
2.268000000000000000e+03
3.736000000000000000e+03
2.140000000000000000e+02
4.860000000000000000e+02
1.708000000000000000e+03
1.872000000000000000e+03
1.711000000000000000e+03
7.488000000000000000e+03
1.186000000000000000e+03
6.134000000000000000e+03
4.270000000000000000e+02
6.135000000000000000e+03
9.620000000000000000e+03
1.779000000000000000e+03
2.926000000000000000e+03
8.399000000000000000e+03
4.975000000000000000e+03
9.873000000000000000e+03
3.811000000000000000e+03
2.911000000000000000e+03
1.789000000000000000e+03
7.396000000000000000e+03
7.395000000000000000e+03
8.874000000000000000e+03
9.706000000000000000e+03
1.794000000000000000e+03
3.280000000000000000e+02
6.875000000000000000e+03
2.895000000000000000e+03
5.255000000000000000e+03
2.862000000000000000e+03
2.930000000000000000e+02
5.519000000000000000e+03
6.580000000000000000e+03
6.136000000000000000e+03
5.562000000000000000e+03
7.980000000000000000e+03
3.487000000000000000e+03
3.839000000000000000e+03
4.920000000000000000e+03
8.426000000000000000e+03
6.196000000000000000e+03
5.546000000000000000e+03
3.773000000000000000e+03
1.761000000000000000e+03
8.035000000000000000e+03
8.848000000000000000e+03
5.535000000000000000e+03
3.880000000000000000e+02
1.283000000000000000e+03
3.821000000000000000e+03
3.720000000000000000e+02
7.947000000000000000e+03
4.440000000000000000e+02
3.043000000000000000e+03
6.833000000000000000e+03
3.027000000000000000e+03
6.478000000000000000e+03
8.810000000000000000e+03
5.480000000000000000e+02
9.741000000000000000e+03
2.289000000000000000e+03
7.541000000000000000e+03
3.018000000000000000e+03
4.168000000000000000e+03
6.834000000000000000e+03
8.295000000000000000e+03
9.744000000000000000e+03
2.720000000000000000e+03
4.166000000000000000e+03
8.488000000000000000e+03
3.014000000000000000e+03
9.537000000000000000e+03
4.467000000000000000e+03
8.425000000000000000e+03
9.788000000000000000e+03
2.620000000000000000e+02
5.390000000000000000e+02
9.370000000000000000e+03
7.600000000000000000e+01
2.578000000000000000e+03
3.060000000000000000e+03
4.781000000000000000e+03
1.866000000000000000e+03
3.897000000000000000e+03
5.944000000000000000e+03
1.260000000000000000e+02
5.939000000000000000e+03
8.985000000000000000e+03
8.862000000000000000e+03
9.053000000000000000e+03
9.165000000000000000e+03
2.731000000000000000e+03
7.253000000000000000e+03
8.778000000000000000e+03
9.703000000000000000e+03
8.419000000000000000e+03
1.809000000000000000e+03
5.775000000000000000e+03
3.473000000000000000e+03
5.085000000000000000e+03
4.217000000000000000e+03
7.372000000000000000e+03
1.255000000000000000e+03
5.821000000000000000e+03
7.982000000000000000e+03
6.808000000000000000e+03
3.885000000000000000e+03
5.601000000000000000e+03
9.457000000000000000e+03
3.300000000000000000e+03
2.000000000000000000e+02
7.262000000000000000e+03
7.480000000000000000e+02
7.366000000000000000e+03
9.774000000000000000e+03
3.560000000000000000e+02
6.672000000000000000e+03
1.782000000000000000e+03
2.556000000000000000e+03
8.201000000000000000e+03
1.560000000000000000e+02
2.560000000000000000e+02
6.280000000000000000e+02
9.287000000000000000e+03
8.084000000000000000e+03
4.806000000000000000e+03
5.310000000000000000e+03
1.035000000000000000e+03
6.121000000000000000e+03
2.484000000000000000e+03
2.898000000000000000e+03
5.929000000000000000e+03
3.292000000000000000e+03
8.960000000000000000e+02
7.824000000000000000e+03
1.703000000000000000e+03
4.310000000000000000e+02
9.567000000000000000e+03
7.903000000000000000e+03
8.301000000000000000e+03
9.828000000000000000e+03
2.561000000000000000e+03
4.011000000000000000e+03
6.252000000000000000e+03
2.066000000000000000e+03
7.294000000000000000e+03
9.258000000000000000e+03
7.646000000000000000e+03
2.542000000000000000e+03
5.518000000000000000e+03
4.407000000000000000e+03
1.060000000000000000e+02
4.551000000000000000e+03
5.266000000000000000e+03
9.450000000000000000e+02
5.053000000000000000e+03
4.131000000000000000e+03
8.667000000000000000e+03
2.897000000000000000e+03
5.886000000000000000e+03
9.578000000000000000e+03
3.787000000000000000e+03
5.470000000000000000e+03
4.076000000000000000e+03
4.954000000000000000e+03
5.140000000000000000e+02
7.626000000000000000e+03
6.865000000000000000e+03
9.369000000000000000e+03
7.911000000000000000e+03
5.127000000000000000e+03
6.030000000000000000e+03
2.790000000000000000e+02
3.878000000000000000e+03
8.099000000000000000e+03
6.825000000000000000e+03
7.334000000000000000e+03
3.422000000000000000e+03
6.378000000000000000e+03
2.915000000000000000e+03
9.202000000000000000e+03
3.238000000000000000e+03
4.847000000000000000e+03
5.500000000000000000e+03
6.421000000000000000e+03
9.750000000000000000e+03
1.493000000000000000e+03
4.965000000000000000e+03
5.517000000000000000e+03
3.286000000000000000e+03
7.413000000000000000e+03
1.647000000000000000e+03
8.369000000000000000e+03
9.467000000000000000e+03
6.584000000000000000e+03
8.714000000000000000e+03
5.870000000000000000e+03
3.910000000000000000e+03
7.430000000000000000e+03
8.870000000000000000e+02
3.613000000000000000e+03
7.999000000000000000e+03
5.000000000000000000e+02
7.140000000000000000e+02
9.502000000000000000e+03
9.461000000000000000e+03
9.025000000000000000e+03
6.560000000000000000e+03
4.150000000000000000e+02
2.149000000000000000e+03
1.312000000000000000e+03
5.800000000000000000e+03
1.986000000000000000e+03
7.672000000000000000e+03
5.664000000000000000e+03
5.116000000000000000e+03
5.742000000000000000e+03
9.161000000000000000e+03
9.759000000000000000e+03
7.400000000000000000e+02
1.402000000000000000e+03
9.429000000000000000e+03
1.051000000000000000e+03
5.786000000000000000e+03
3.250000000000000000e+02
1.797000000000000000e+03
2.791000000000000000e+03
8.703000000000000000e+03
8.111000000000000000e+03
1.187000000000000000e+03
7.649000000000000000e+03
6.992000000000000000e+03
5.629000000000000000e+03
4.501000000000000000e+03
7.856000000000000000e+03
4.685000000000000000e+03
8.906000000000000000e+03
6.265000000000000000e+03
4.066000000000000000e+03
5.110000000000000000e+02
6.369000000000000000e+03
9.783000000000000000e+03
9.186000000000000000e+03
6.721000000000000000e+03
4.325000000000000000e+03
1.537000000000000000e+03
2.436000000000000000e+03
6.957000000000000000e+03
4.392000000000000000e+03
5.062000000000000000e+03
9.140000000000000000e+03
8.586000000000000000e+03
2.814000000000000000e+03
3.340000000000000000e+02
3.057000000000000000e+03
5.817000000000000000e+03
5.299000000000000000e+03
3.363000000000000000e+03
7.967000000000000000e+03
5.486000000000000000e+03
7.691000000000000000e+03
4.547000000000000000e+03
4.035000000000000000e+03
9.193000000000000000e+03
2.961000000000000000e+03
8.304000000000000000e+03
4.363000000000000000e+03
9.918000000000000000e+03
3.769000000000000000e+03
4.635000000000000000e+03
8.770000000000000000e+02
1.056000000000000000e+03
5.416000000000000000e+03
3.966000000000000000e+03
9.357000000000000000e+03
5.248000000000000000e+03
4.662000000000000000e+03
8.682000000000000000e+03
1.654000000000000000e+03
2.453000000000000000e+03
3.020000000000000000e+02
5.106000000000000000e+03
2.056000000000000000e+03
4.234000000000000000e+03
3.990000000000000000e+03
1.325000000000000000e+03
4.626000000000000000e+03
4.280000000000000000e+02
1.115000000000000000e+03
4.432000000000000000e+03
6.615000000000000000e+03
1.876000000000000000e+03
8.705000000000000000e+03
4.610000000000000000e+02
8.817000000000000000e+03
6.570000000000000000e+02
1.082000000000000000e+03
1.867000000000000000e+03
6.160000000000000000e+03
4.946000000000000000e+03
1.246000000000000000e+03
4.951000000000000000e+03
2.925000000000000000e+03
3.213000000000000000e+03
4.088000000000000000e+03
2.761000000000000000e+03
3.176000000000000000e+03
6.804000000000000000e+03
5.661000000000000000e+03
4.310000000000000000e+03
1.883000000000000000e+03
9.934000000000000000e+03
5.813000000000000000e+03
3.256000000000000000e+03
2.664000000000000000e+03
8.784000000000000000e+03
3.431000000000000000e+03
9.104000000000000000e+03
8.600000000000000000e+02
4.000000000000000000e+00
9.205000000000000000e+03
1.546000000000000000e+03
9.504000000000000000e+03
3.484000000000000000e+03
5.345000000000000000e+03
9.479000000000000000e+03
9.851000000000000000e+03
2.229000000000000000e+03
5.170000000000000000e+03
1.329000000000000000e+03
9.521000000000000000e+03
4.064000000000000000e+03
8.092000000000000000e+03
8.167000000000000000e+03
8.487000000000000000e+03
2.520000000000000000e+02
1.611000000000000000e+03
9.391000000000000000e+03
3.448000000000000000e+03
2.654000000000000000e+03
8.420000000000000000e+03
5.904000000000000000e+03
8.821000000000000000e+03
6.486000000000000000e+03
8.207000000000000000e+03
5.445000000000000000e+03
4.837000000000000000e+03
9.757000000000000000e+03
4.856000000000000000e+03
6.319000000000000000e+03
1.170000000000000000e+02
8.019000000000000000e+03
4.560000000000000000e+02
9.582000000000000000e+03
8.518000000000000000e+03
6.671000000000000000e+03
9.540000000000000000e+02
2.950000000000000000e+02
9.442000000000000000e+03
