8.398000000000000000e+03
8.793000000000000000e+03
6.390000000000000000e+03
2.327000000000000000e+03
4.610000000000000000e+03
4.805000000000000000e+03
1.530000000000000000e+03
5.465000000000000000e+03
9.303000000000000000e+03
2.667000000000000000e+03
5.147000000000000000e+03
3.073000000000000000e+03
9.881000000000000000e+03
4.908000000000000000e+03
9.447000000000000000e+03
2.428000000000000000e+03
8.619000000000000000e+03
7.387000000000000000e+03
4.293000000000000000e+03
3.835000000000000000e+03
5.743000000000000000e+03
5.617000000000000000e+03
8.028000000000000000e+03
1.460000000000000000e+02
1.140000000000000000e+03
7.985000000000000000e+03
9.646000000000000000e+03
4.681000000000000000e+03
7.840000000000000000e+03
2.840000000000000000e+03
5.925000000000000000e+03
7.763000000000000000e+03
2.258000000000000000e+03
2.955000000000000000e+03
2.106000000000000000e+03
8.318000000000000000e+03
8.490000000000000000e+03
2.510000000000000000e+02
1.480000000000000000e+03
5.830000000000000000e+03
2.707000000000000000e+03
1.670000000000000000e+02
8.170000000000000000e+03
4.235000000000000000e+03
3.709000000000000000e+03
6.460000000000000000e+02
1.316000000000000000e+03
5.647000000000000000e+03
8.128000000000000000e+03
9.799000000000000000e+03
3.008000000000000000e+03
1.306000000000000000e+03
9.060000000000000000e+03
8.380000000000000000e+03
2.083000000000000000e+03
9.828000000000000000e+03
9.064000000000000000e+03
7.565000000000000000e+03
3.014000000000000000e+03
8.035000000000000000e+03
3.926000000000000000e+03
1.584000000000000000e+03
9.725000000000000000e+03
2.561000000000000000e+03
2.752000000000000000e+03
6.275000000000000000e+03
5.273000000000000000e+03
2.260000000000000000e+03
5.966000000000000000e+03
2.202000000000000000e+03
5.929000000000000000e+03
9.651000000000000000e+03
6.711000000000000000e+03
3.975000000000000000e+03
2.846000000000000000e+03
5.416000000000000000e+03
9.918000000000000000e+03
9.395000000000000000e+03
5.096000000000000000e+03
6.655000000000000000e+03
8.135000000000000000e+03
5.562000000000000000e+03
8.242000000000000000e+03
8.217000000000000000e+03
6.963000000000000000e+03
3.310000000000000000e+02
2.516000000000000000e+03
3.880000000000000000e+02
9.053000000000000000e+03
6.352000000000000000e+03
2.656000000000000000e+03
9.775000000000000000e+03
9.377000000000000000e+03
5.140000000000000000e+02
2.547000000000000000e+03
9.783000000000000000e+03
9.372000000000000000e+03
1.238000000000000000e+03
