4.081000000000000000e+03
9.362000000000000000e+03
9.076000000000000000e+03
1.591000000000000000e+03
6.989000000000000000e+03
4.607000000000000000e+03
6.390000000000000000e+02
6.780000000000000000e+02
5.221000000000000000e+03
9.407000000000000000e+03
4.610000000000000000e+03
2.517000000000000000e+03
7.908000000000000000e+03
5.617000000000000000e+03
1.316000000000000000e+03
4.306000000000000000e+03
9.450000000000000000e+03
1.180000000000000000e+02
3.387000000000000000e+03
5.925000000000000000e+03
3.377000000000000000e+03
7.569000000000000000e+03
7.118000000000000000e+03
5.084000000000000000e+03
2.821000000000000000e+03
5.830000000000000000e+03
3.080000000000000000e+02
9.939000000000000000e+03
5.407000000000000000e+03
5.117000000000000000e+03
4.457000000000000000e+03
9.138000000000000000e+03
3.356000000000000000e+03
7.105000000000000000e+03
3.135000000000000000e+03
9.996000000000000000e+03
3.752000000000000000e+03
2.997000000000000000e+03
5.671000000000000000e+03
6.881000000000000000e+03
1.480000000000000000e+03
7.474000000000000000e+03
4.527000000000000000e+03
1.460000000000000000e+02
5.666000000000000000e+03
7.348000000000000000e+03
2.737000000000000000e+03
4.189000000000000000e+03
8.810000000000000000e+03
7.573000000000000000e+03
7.215000000000000000e+03
4.201000000000000000e+03
2.343000000000000000e+03
8.934000000000000000e+03
7.334000000000000000e+03
6.316000000000000000e+03
9.744000000000000000e+03
5.385000000000000000e+03
3.532000000000000000e+03
1.387000000000000000e+03
4.006000000000000000e+03
2.289000000000000000e+03
3.234000000000000000e+03
8.624000000000000000e+03
3.287000000000000000e+03
4.225000000000000000e+03
3.320000000000000000e+02
4.736000000000000000e+03
2.651000000000000000e+03
3.853000000000000000e+03
3.647000000000000000e+03
3.644000000000000000e+03
7.930000000000000000e+03
2.656000000000000000e+03
9.424000000000000000e+03
3.210000000000000000e+03
4.098000000000000000e+03
3.570000000000000000e+02
5.667000000000000000e+03
5.636000000000000000e+03
7.175000000000000000e+03
7.127000000000000000e+03
3.057000000000000000e+03
6.214000000000000000e+03
