4.610000000000000000e+03
4.805000000000000000e+03
5.790000000000000000e+03
3.615000000000000000e+03
9.535000000000000000e+03
3.940000000000000000e+03
3.770000000000000000e+03
3.846000000000000000e+03
1.473000000000000000e+03
8.131000000000000000e+03
7.815000000000000000e+03
2.300000000000000000e+02
9.070000000000000000e+02
9.447000000000000000e+03
4.248000000000000000e+03
3.623000000000000000e+03
7.985000000000000000e+03
4.232000000000000000e+03
6.670000000000000000e+03
9.843000000000000000e+03
7.334000000000000000e+03
1.034000000000000000e+03
7.295000000000000000e+03
3.251000000000000000e+03
5.743000000000000000e+03
4.077000000000000000e+03
2.061000000000000000e+03
4.830000000000000000e+03
8.279000000000000000e+03
8.720000000000000000e+02
7.569000000000000000e+03
4.001000000000000000e+03
9.269000000000000000e+03
9.428000000000000000e+03
6.460000000000000000e+02
2.264000000000000000e+03
1.964000000000000000e+03
8.217000000000000000e+03
4.321000000000000000e+03
8.067000000000000000e+03
3.878000000000000000e+03
2.745000000000000000e+03
7.157000000000000000e+03
3.170000000000000000e+02
7.693000000000000000e+03
6.800000000000000000e+03
2.656000000000000000e+03
9.831000000000000000e+03
7.667000000000000000e+03
9.783000000000000000e+03
