5.054000000000000000e+03
3.976000000000000000e+03
1.958000000000000000e+03
4.516000000000000000e+03
1.562000000000000000e+03
8.949000000000000000e+03
9.519000000000000000e+03
5.714000000000000000e+03
8.832000000000000000e+03
4.740000000000000000e+02
6.086000000000000000e+03
4.050000000000000000e+03
9.303000000000000000e+03
1.530000000000000000e+03
4.233000000000000000e+03
5.790000000000000000e+03
4.917000000000000000e+03
2.817000000000000000e+03
8.332000000000000000e+03
4.610000000000000000e+03
9.400000000000000000e+02
7.421000000000000000e+03
9.380000000000000000e+03
5.669000000000000000e+03
9.295000000000000000e+03
5.808000000000000000e+03
8.128000000000000000e+03
9.209000000000000000e+03
1.861000000000000000e+03
5.117000000000000000e+03
6.767000000000000000e+03
3.072000000000000000e+03
1.988000000000000000e+03
1.490000000000000000e+02
2.698000000000000000e+03
4.830000000000000000e+03
4.810000000000000000e+03
2.790000000000000000e+02
2.258000000000000000e+03
5.407000000000000000e+03
7.846000000000000000e+03
7.118000000000000000e+03
5.469000000000000000e+03
4.579000000000000000e+03
2.457000000000000000e+03
7.026000000000000000e+03
2.078000000000000000e+03
5.539000000000000000e+03
6.990000000000000000e+03
5.575000000000000000e+03
5.865000000000000000e+03
4.480000000000000000e+03
1.970000000000000000e+03
3.356000000000000000e+03
1.460000000000000000e+02
6.398000000000000000e+03
4.072000000000000000e+03
1.600000000000000000e+01
7.519000000000000000e+03
8.905000000000000000e+03
1.240000000000000000e+03
8.620000000000000000e+03
1.138000000000000000e+03
1.062000000000000000e+03
6.184000000000000000e+03
6.234000000000000000e+03
1.377000000000000000e+03
3.787000000000000000e+03
5.925000000000000000e+03
9.977000000000000000e+03
6.315000000000000000e+03
2.537000000000000000e+03
9.087000000000000000e+03
8.490000000000000000e+03
8.458000000000000000e+03
3.875000000000000000e+03
7.043000000000000000e+03
1.115000000000000000e+03
7.113000000000000000e+03
9.882000000000000000e+03
7.824000000000000000e+03
7.786000000000000000e+03
3.080000000000000000e+02
9.744000000000000000e+03
5.234000000000000000e+03
7.311000000000000000e+03
2.941000000000000000e+03
6.953000000000000000e+03
1.934000000000000000e+03
1.760000000000000000e+03
2.425000000000000000e+03
6.092000000000000000e+03
8.934000000000000000e+03
4.321000000000000000e+03
1.886000000000000000e+03
4.400000000000000000e+03
9.060000000000000000e+03
7.505000000000000000e+03
5.966000000000000000e+03
6.933000000000000000e+03
8.810000000000000000e+03
1.625000000000000000e+03
4.979000000000000000e+03
3.473000000000000000e+03
6.143000000000000000e+03
1.037000000000000000e+03
9.390000000000000000e+03
6.659000000000000000e+03
6.956000000000000000e+03
8.901000000000000000e+03
2.088000000000000000e+03
4.132000000000000000e+03
8.352000000000000000e+03
9.211000000000000000e+03
1.316000000000000000e+03
3.837000000000000000e+03
3.985000000000000000e+03
5.875000000000000000e+03
3.745000000000000000e+03
2.343000000000000000e+03
5.859000000000000000e+03
9.775000000000000000e+03
4.166000000000000000e+03
9.800000000000000000e+03
7.756000000000000000e+03
3.736000000000000000e+03
9.134000000000000000e+03
8.382000000000000000e+03
5.367000000000000000e+03
1.789000000000000000e+03
4.658000000000000000e+03
7.847000000000000000e+03
3.246000000000000000e+03
2.970000000000000000e+03
7.909000000000000000e+03
7.931000000000000000e+03
8.861000000000000000e+03
8.885000000000000000e+03
2.056000000000000000e+03
2.047000000000000000e+03
6.965000000000000000e+03
1.779000000000000000e+03
1.700000000000000000e+03
9.999000000000000000e+03
2.656000000000000000e+03
8.110000000000000000e+02
7.134000000000000000e+03
8.667000000000000000e+03
1.618000000000000000e+03
7.039000000000000000e+03
3.591000000000000000e+03
2.226000000000000000e+03
7.691000000000000000e+03
2.442000000000000000e+03
6.721000000000000000e+03
7.432000000000000000e+03
3.057000000000000000e+03
7.660000000000000000e+03
5.288000000000000000e+03
4.283000000000000000e+03
6.586000000000000000e+03
2.316000000000000000e+03
5.471000000000000000e+03
7.967000000000000000e+03
5.742000000000000000e+03
1.566000000000000000e+03
