3.358000000000000000e+03
6.390000000000000000e+02
7.489000000000000000e+03
8.949000000000000000e+03
9.637000000000000000e+03
5.905000000000000000e+03
4.081000000000000000e+03
2.457000000000000000e+03
6.543000000000000000e+03
2.884000000000000000e+03
3.724000000000000000e+03
7.985000000000000000e+03
8.448000000000000000e+03
1.300000000000000000e+03
8.183000000000000000e+03
6.965000000000000000e+03
9.765000000000000000e+03
2.076000000000000000e+03
2.220000000000000000e+02
5.585000000000000000e+03
7.157000000000000000e+03
2.450000000000000000e+02
4.954000000000000000e+03
