6.787000000000000000e+03
9.421000000000000000e+03
7.814000000000000000e+03
5.311000000000000000e+03
6.597000000000000000e+03
2.657000000000000000e+03
9.700000000000000000e+02
5.598000000000000000e+03
5.887000000000000000e+03
2.017000000000000000e+03
4.390000000000000000e+02
2.931000000000000000e+03
7.121000000000000000e+03
3.805000000000000000e+03
2.107000000000000000e+03
6.278000000000000000e+03
2.789000000000000000e+03
5.905000000000000000e+03
2.274000000000000000e+03
4.445000000000000000e+03
4.805000000000000000e+03
3.500000000000000000e+03
4.278000000000000000e+03
5.221000000000000000e+03
7.703000000000000000e+03
1.097000000000000000e+03
4.870000000000000000e+02
9.519000000000000000e+03
1.100000000000000000e+01
2.770000000000000000e+02
9.027000000000000000e+03
1.400000000000000000e+01
6.086000000000000000e+03
6.210000000000000000e+02
5.726000000000000000e+03
5.400000000000000000e+01
9.941000000000000000e+03
4.647000000000000000e+03
8.995000000000000000e+03
7.892000000000000000e+03
6.173000000000000000e+03
8.813000000000000000e+03
8.434000000000000000e+03
7.908000000000000000e+03
4.142000000000000000e+03
6.184000000000000000e+03
7.126000000000000000e+03
9.763000000000000000e+03
7.925000000000000000e+03
7.316000000000000000e+03
1.060000000000000000e+02
7.387000000000000000e+03
6.562000000000000000e+03
4.010000000000000000e+02
9.352000000000000000e+03
8.073000000000000000e+03
5.165000000000000000e+03
3.713000000000000000e+03
9.714000000000000000e+03
2.439000000000000000e+03
3.510000000000000000e+02
3.819000000000000000e+03
2.264000000000000000e+03
4.506000000000000000e+03
2.444000000000000000e+03
1.316000000000000000e+03
2.419000000000000000e+03
3.730000000000000000e+03
3.736000000000000000e+03
1.141000000000000000e+03
2.378000000000000000e+03
5.179000000000000000e+03
8.907000000000000000e+03
3.743000000000000000e+03
1.580000000000000000e+02
4.495000000000000000e+03
6.796000000000000000e+03
9.868000000000000000e+03
9.689000000000000000e+03
3.709000000000000000e+03
8.028000000000000000e+03
4.527000000000000000e+03
7.986000000000000000e+03
1.430000000000000000e+02
4.394000000000000000e+03
6.201000000000000000e+03
6.339000000000000000e+03
4.051000000000000000e+03
1.559000000000000000e+03
4.058000000000000000e+03
5.592000000000000000e+03
1.916000000000000000e+03
1.569000000000000000e+03
8.663000000000000000e+03
4.277000000000000000e+03
4.241000000000000000e+03
6.515000000000000000e+03
2.530000000000000000e+02
1.677000000000000000e+03
8.458000000000000000e+03
4.135000000000000000e+03
6.493000000000000000e+03
6.460000000000000000e+03
1.747000000000000000e+03
8.490000000000000000e+03
8.493000000000000000e+03
1.773000000000000000e+03
1.948000000000000000e+03
5.186000000000000000e+03
6.581000000000000000e+03
8.334000000000000000e+03
8.871000000000000000e+03
1.377000000000000000e+03
4.452000000000000000e+03
8.183000000000000000e+03
6.694000000000000000e+03
1.395000000000000000e+03
6.268000000000000000e+03
2.106000000000000000e+03
2.098000000000000000e+03
4.390000000000000000e+03
6.670000000000000000e+03
8.251000000000000000e+03
8.754000000000000000e+03
8.745000000000000000e+03
6.612000000000000000e+03
1.996000000000000000e+03
6.606000000000000000e+03
1.988000000000000000e+03
9.817000000000000000e+03
8.318000000000000000e+03
8.697000000000000000e+03
6.587000000000000000e+03
8.495000000000000000e+03
3.695000000000000000e+03
2.459000000000000000e+03
7.532000000000000000e+03
7.538000000000000000e+03
7.830000000000000000e+02
7.555000000000000000e+03
5.447000000000000000e+03
5.879000000000000000e+03
3.387000000000000000e+03
5.450000000000000000e+03
7.569000000000000000e+03
5.117000000000000000e+03
7.118000000000000000e+03
7.098000000000000000e+03
4.845000000000000000e+03
5.901000000000000000e+03
8.310000000000000000e+02
2.451000000000000000e+03
9.295000000000000000e+03
9.939000000000000000e+03
7.054000000000000000e+03
4.830000000000000000e+03
9.289000000000000000e+03
5.852000000000000000e+03
5.107000000000000000e+03
5.843000000000000000e+03
2.955000000000000000e+03
3.165000000000000000e+03
9.995000000000000000e+03
5.084000000000000000e+03
9.992000000000000000e+03
7.331000000000000000e+03
3.142000000000000000e+03
5.723000000000000000e+03
7.279000000000000000e+03
5.490000000000000000e+02
5.730000000000000000e+02
9.288000000000000000e+03
7.421000000000000000e+03
7.232000000000000000e+03
6.460000000000000000e+02
9.977000000000000000e+03
6.870000000000000000e+02
3.031000000000000000e+03
7.440000000000000000e+03
4.932000000000000000e+03
4.914000000000000000e+03
5.439000000000000000e+03
3.325000000000000000e+03
7.429000000000000000e+03
9.283000000000000000e+03
7.087000000000000000e+03
4.156000000000000000e+03
7.736000000000000000e+03
5.473000000000000000e+03
9.390000000000000000e+02
6.932000000000000000e+03
6.023000000000000000e+03
5.647000000000000000e+03
5.463000000000000000e+03
9.110000000000000000e+02
7.776000000000000000e+03
3.970000000000000000e+02
2.624000000000000000e+03
3.594000000000000000e+03
4.737000000000000000e+03
9.160000000000000000e+03
4.713000000000000000e+03
7.840000000000000000e+03
1.080000000000000000e+02
2.698000000000000000e+03
5.947000000000000000e+03
3.514000000000000000e+03
4.631000000000000000e+03
4.810000000000000000e+03
1.133000000000000000e+03
5.920000000000000000e+03
9.269000000000000000e+03
5.925000000000000000e+03
9.261000000000000000e+03
5.469000000000000000e+03
2.795000000000000000e+03
3.005000000000000000e+03
4.125000000000000000e+03
6.705000000000000000e+03
3.541000000000000000e+03
4.641000000000000000e+03
1.489000000000000000e+03
6.527000000000000000e+03
3.860000000000000000e+02
1.410000000000000000e+02
2.297000000000000000e+03
6.529000000000000000e+03
7.557000000000000000e+03
4.372000000000000000e+03
8.474000000000000000e+03
5.310000000000000000e+02
2.238000000000000000e+03
2.014000000000000000e+03
8.850000000000000000e+02
9.199000000000000000e+03
2.299000000000000000e+03
6.000000000000000000e+02
1.131000000000000000e+03
9.064000000000000000e+03
9.580000000000000000e+03
6.431000000000000000e+03
4.232000000000000000e+03
9.007000000000000000e+03
1.671000000000000000e+03
1.755000000000000000e+03
4.619000000000000000e+03
8.857000000000000000e+03
1.639000000000000000e+03
9.725000000000000000e+03
4.460000000000000000e+03
1.376000000000000000e+03
5.918000000000000000e+03
1.387000000000000000e+03
4.409000000000000000e+03
8.940000000000000000e+02
5.134000000000000000e+03
5.115000000000000000e+03
6.113000000000000000e+03
6.179000000000000000e+03
1.488000000000000000e+03
9.680000000000000000e+02
4.890000000000000000e+03
8.934000000000000000e+03
7.340000000000000000e+02
8.975000000000000000e+03
1.630000000000000000e+03
4.261000000000000000e+03
1.020000000000000000e+03
7.850000000000000000e+02
1.279000000000000000e+03
4.107000000000000000e+03
5.240000000000000000e+03
5.271000000000000000e+03
2.752000000000000000e+03
8.067000000000000000e+03
2.092000000000000000e+03
3.926000000000000000e+03
8.211000000000000000e+03
7.042000000000000000e+03
6.691000000000000000e+03
5.350000000000000000e+03
7.747000000000000000e+03
5.348000000000000000e+03
2.667000000000000000e+03
8.152000000000000000e+03
7.786000000000000000e+03
3.631000000000000000e+03
3.705000000000000000e+03
7.955000000000000000e+03
2.343000000000000000e+03
8.098000000000000000e+03
8.021000000000000000e+03
5.300000000000000000e+03
8.049000000000000000e+03
1.730000000000000000e+02
3.381000000000000000e+03
3.347000000000000000e+03
3.487000000000000000e+03
3.081000000000000000e+03
1.784000000000000000e+03
2.600000000000000000e+02
3.217000000000000000e+03
2.470000000000000000e+02
4.054000000000000000e+03
4.940000000000000000e+02
8.410000000000000000e+03
1.880000000000000000e+03
1.889000000000000000e+03
3.798000000000000000e+03
4.061000000000000000e+03
7.546000000000000000e+03
5.832000000000000000e+03
7.240000000000000000e+02
3.384000000000000000e+03
8.384000000000000000e+03
7.707000000000000000e+03
1.530000000000000000e+03
7.293000000000000000e+03
2.396000000000000000e+03
6.838000000000000000e+03
1.222000000000000000e+03
3.033000000000000000e+03
3.353000000000000000e+03
9.570000000000000000e+03
6.811000000000000000e+03
1.280000000000000000e+03
5.067000000000000000e+03
8.035000000000000000e+03
9.996000000000000000e+03
3.183000000000000000e+03
6.900000000000000000e+03
7.376000000000000000e+03
8.494000000000000000e+03
8.350000000000000000e+02
5.772000000000000000e+03
7.600000000000000000e+01
3.060000000000000000e+03
3.494000000000000000e+03
5.914000000000000000e+03
6.913000000000000000e+03
2.816000000000000000e+03
7.018000000000000000e+03
9.500000000000000000e+03
5.406000000000000000e+03
5.540000000000000000e+02
9.087000000000000000e+03
6.076000000000000000e+03
2.723000000000000000e+03
7.300000000000000000e+02
3.638000000000000000e+03
8.901000000000000000e+03
1.811000000000000000e+03
1.654000000000000000e+03
4.046000000000000000e+03
1.967000000000000000e+03
1.980000000000000000e+03
6.645000000000000000e+03
1.470000000000000000e+03
5.533000000000000000e+03
4.418000000000000000e+03
1.298000000000000000e+03
2.136000000000000000e+03
5.191000000000000000e+03
3.865000000000000000e+03
9.592000000000000000e+03
4.502000000000000000e+03
8.094000000000000000e+03
7.974000000000000000e+03
3.888000000000000000e+03
9.211000000000000000e+03
2.681000000000000000e+03
9.235000000000000000e+03
8.986000000000000000e+03
8.200000000000000000e+03
3.507000000000000000e+03
5.467000000000000000e+03
1.401000000000000000e+03
5.013000000000000000e+03
2.361000000000000000e+03
2.123000000000000000e+03
3.570000000000000000e+02
1.872000000000000000e+03
3.969000000000000000e+03
6.544000000000000000e+03
9.317000000000000000e+03
7.132000000000000000e+03
4.862000000000000000e+03
1.987000000000000000e+03
5.112000000000000000e+03
7.690000000000000000e+02
7.169000000000000000e+03
9.377000000000000000e+03
9.976000000000000000e+03
5.556000000000000000e+03
1.606000000000000000e+03
6.516000000000000000e+03
8.157000000000000000e+03
9.300000000000000000e+01
2.219000000000000000e+03
8.855000000000000000e+03
6.919000000000000000e+03
5.636000000000000000e+03
2.531000000000000000e+03
3.773000000000000000e+03
4.465000000000000000e+03
6.048000000000000000e+03
3.702000000000000000e+03
2.548000000000000000e+03
6.425000000000000000e+03
9.125000000000000000e+03
6.462000000000000000e+03
7.957000000000000000e+03
2.572000000000000000e+03
4.486000000000000000e+03
9.009000000000000000e+03
6.106000000000000000e+03
7.324000000000000000e+03
9.597000000000000000e+03
8.293000000000000000e+03
7.370000000000000000e+02
8.528000000000000000e+03
2.879000000000000000e+03
7.154000000000000000e+03
7.091000000000000000e+03
9.397000000000000000e+03
2.193000000000000000e+03
9.951000000000000000e+03
4.359000000000000000e+03
4.273000000000000000e+03
4.504000000000000000e+03
1.124000000000000000e+03
3.288000000000000000e+03
5.370000000000000000e+03
9.890000000000000000e+02
1.382000000000000000e+03
9.548000000000000000e+03
9.192000000000000000e+03
5.140000000000000000e+03
5.510000000000000000e+02
6.524000000000000000e+03
2.566000000000000000e+03
7.010000000000000000e+03
7.077000000000000000e+03
7.030000000000000000e+02
8.592000000000000000e+03
5.716000000000000000e+03
3.226000000000000000e+03
2.729000000000000000e+03
4.415000000000000000e+03
8.876000000000000000e+03
2.713000000000000000e+03
7.894000000000000000e+03
5.143000000000000000e+03
2.984000000000000000e+03
9.099000000000000000e+03
6.230000000000000000e+02
5.808000000000000000e+03
4.219000000000000000e+03
8.396000000000000000e+03
3.239000000000000000e+03
5.064000000000000000e+03
6.508000000000000000e+03
2.227000000000000000e+03
3.305000000000000000e+03
7.944000000000000000e+03
8.138000000000000000e+03
9.040000000000000000e+03
4.595000000000000000e+03
6.073000000000000000e+03
8.854000000000000000e+03
7.854000000000000000e+03
7.849000000000000000e+03
1.033000000000000000e+03
6.946000000000000000e+03
7.817000000000000000e+03
8.145000000000000000e+03
2.165000000000000000e+03
2.674000000000000000e+03
9.206000000000000000e+03
7.014000000000000000e+03
4.586000000000000000e+03
3.502000000000000000e+03
8.590000000000000000e+02
3.839000000000000000e+03
4.375000000000000000e+03
2.821000000000000000e+03
1.274000000000000000e+03
7.182000000000000000e+03
2.952000000000000000e+03
7.439000000000000000e+03
8.770000000000000000e+02
0.000000000000000000e+00
9.619000000000000000e+03
4.700000000000000000e+01
2.980000000000000000e+02
5.578000000000000000e+03
8.300000000000000000e+01
9.612000000000000000e+03
5.081000000000000000e+03
1.160000000000000000e+02
6.259000000000000000e+03
6.708000000000000000e+03
9.270000000000000000e+02
1.390000000000000000e+02
2.502000000000000000e+03
5.270000000000000000e+02
1.882000000000000000e+03
8.189000000000000000e+03
6.633000000000000000e+03
8.482000000000000000e+03
9.916000000000000000e+03
9.280000000000000000e+03
2.315000000000000000e+03
4.005000000000000000e+03
2.135000000000000000e+03
4.063000000000000000e+03
9.580000000000000000e+02
1.037000000000000000e+03
1.594000000000000000e+03
5.410000000000000000e+02
2.645000000000000000e+03
1.864000000000000000e+03
1.310000000000000000e+02
5.399000000000000000e+03
7.541000000000000000e+03
1.343000000000000000e+03
4.042000000000000000e+03
7.455000000000000000e+03
7.643000000000000000e+03
4.378000000000000000e+03
3.818000000000000000e+03
5.156000000000000000e+03
6.020000000000000000e+02
1.532000000000000000e+03
5.618000000000000000e+03
3.329000000000000000e+03
9.000000000000000000e+01
6.080000000000000000e+02
8.726000000000000000e+03
4.667000000000000000e+03
7.628000000000000000e+03
1.320000000000000000e+03
5.617000000000000000e+03
7.846000000000000000e+03
1.191000000000000000e+03
3.769000000000000000e+03
4.994000000000000000e+03
4.525000000000000000e+03
3.320000000000000000e+03
4.411000000000000000e+03
2.068000000000000000e+03
8.010000000000000000e+02
7.000000000000000000e+02
2.688000000000000000e+03
4.194000000000000000e+03
1.618000000000000000e+03
2.189000000000000000e+03
9.567000000000000000e+03
9.507000000000000000e+03
8.820000000000000000e+02
4.166000000000000000e+03
9.457000000000000000e+03
7.173000000000000000e+03
5.223000000000000000e+03
1.856000000000000000e+03
7.989000000000000000e+03
6.546000000000000000e+03
9.836000000000000000e+03
2.344000000000000000e+03
9.383000000000000000e+03
1.600000000000000000e+02
3.148000000000000000e+03
2.450000000000000000e+03
7.360000000000000000e+02
4.660000000000000000e+03
4.570000000000000000e+02
6.175000000000000000e+03
7.122000000000000000e+03
7.234000000000000000e+03
5.745000000000000000e+03
9.285000000000000000e+03
5.847000000000000000e+03
4.414000000000000000e+03
3.742000000000000000e+03
8.178000000000000000e+03
2.836000000000000000e+03
7.302000000000000000e+03
4.514000000000000000e+03
2.469000000000000000e+03
2.446000000000000000e+03
3.975000000000000000e+03
4.253000000000000000e+03
6.893000000000000000e+03
3.666000000000000000e+03
9.552000000000000000e+03
9.854000000000000000e+03
9.200000000000000000e+01
6.131000000000000000e+03
5.097000000000000000e+03
9.062000000000000000e+03
2.862000000000000000e+03
7.003000000000000000e+03
3.570000000000000000e+03
9.712000000000000000e+03
6.856000000000000000e+03
9.291000000000000000e+03
4.168000000000000000e+03
2.220000000000000000e+02
9.090000000000000000e+02
3.610000000000000000e+03
1.180000000000000000e+02
2.730000000000000000e+02
7.853000000000000000e+03
6.763000000000000000e+03
3.072000000000000000e+03
1.855000000000000000e+03
3.787000000000000000e+03
9.302000000000000000e+03
6.413000000000000000e+03
8.070000000000000000e+03
5.560000000000000000e+03
1.034000000000000000e+03
7.291000000000000000e+03
4.998000000000000000e+03
6.990000000000000000e+03
8.141000000000000000e+03
8.448000000000000000e+03
6.659000000000000000e+03
1.094000000000000000e+03
7.528000000000000000e+03
7.931000000000000000e+03
6.204000000000000000e+03
5.187000000000000000e+03
1.217000000000000000e+03
1.350000000000000000e+02
2.929000000000000000e+03
9.229000000000000000e+03
4.000000000000000000e+01
6.432000000000000000e+03
4.199000000000000000e+03
6.446000000000000000e+03
9.658000000000000000e+03
5.944000000000000000e+03
8.541000000000000000e+03
2.689000000000000000e+03
4.499000000000000000e+03
4.500000000000000000e+03
2.440000000000000000e+03
4.488000000000000000e+03
1.335000000000000000e+03
1.210000000000000000e+03
4.762000000000000000e+03
5.971000000000000000e+03
3.546000000000000000e+03
8.852000000000000000e+03
8.581000000000000000e+03
4.500000000000000000e+01
2.764000000000000000e+03
8.578000000000000000e+03
6.876000000000000000e+03
9.450000000000000000e+02
5.941000000000000000e+03
7.667000000000000000e+03
9.698000000000000000e+03
1.348000000000000000e+03
4.477000000000000000e+03
8.980000000000000000e+03
9.770000000000000000e+03
2.918000000000000000e+03
9.214000000000000000e+03
4.215000000000000000e+03
1.339000000000000000e+03
9.360000000000000000e+02
6.875000000000000000e+03
7.176000000000000000e+03
7.731000000000000000e+03
7.151000000000000000e+03
8.938000000000000000e+03
2.660000000000000000e+02
5.917000000000000000e+03
6.164000000000000000e+03
1.775000000000000000e+03
9.282000000000000000e+03
1.782000000000000000e+03
4.542000000000000000e+03
8.488000000000000000e+03
4.270000000000000000e+02
4.220000000000000000e+02
1.786000000000000000e+03
4.829000000000000000e+03
7.973000000000000000e+03
1.283000000000000000e+03
3.318000000000000000e+03
7.484000000000000000e+03
6.490000000000000000e+03
7.713000000000000000e+03
7.976000000000000000e+03
5.174000000000000000e+03
2.393000000000000000e+03
6.166000000000000000e+03
5.366000000000000000e+03
6.181000000000000000e+03
1.766000000000000000e+03
8.532000000000000000e+03
9.247000000000000000e+03
5.182000000000000000e+03
2.428000000000000000e+03
2.697000000000000000e+03
2.700000000000000000e+03
1.400000000000000000e+02
7.947000000000000000e+03
6.466000000000000000e+03
8.519000000000000000e+03
8.740000000000000000e+02
7.036000000000000000e+03
4.808000000000000000e+03
5.659000000000000000e+03
7.024000000000000000e+03
8.943000000000000000e+03
3.517000000000000000e+03
8.913000000000000000e+03
7.958000000000000000e+03
5.127000000000000000e+03
6.482000000000000000e+03
1.254000000000000000e+03
6.469000000000000000e+03
8.585000000000000000e+03
8.999000000000000000e+03
4.467000000000000000e+03
2.552000000000000000e+03
9.053000000000000000e+03
6.030000000000000000e+03
2.804000000000000000e+03
3.900000000000000000e+02
4.406000000000000000e+03
4.332000000000000000e+03
7.633000000000000000e+03
4.330000000000000000e+03
1.128000000000000000e+03
8.473000000000000000e+03
9.674000000000000000e+03
5.203000000000000000e+03
7.795000000000000000e+03
1.134000000000000000e+03
2.616000000000000000e+03
6.975000000000000000e+03
1.142000000000000000e+03
3.626000000000000000e+03
5.336000000000000000e+03
6.344000000000000000e+03
8.779000000000000000e+03
7.597000000000000000e+03
9.109000000000000000e+03
6.041000000000000000e+03
3.080000000000000000e+02
5.342000000000000000e+03
7.809000000000000000e+03
7.816000000000000000e+03
3.060000000000000000e+02
8.763000000000000000e+03
7.622000000000000000e+03
1.492000000000000000e+03
9.088000000000000000e+03
9.742000000000000000e+03
3.397000000000000000e+03
2.579000000000000000e+03
9.093000000000000000e+03
2.811000000000000000e+03
5.154000000000000000e+03
4.358000000000000000e+03
2.808000000000000000e+03
9.101000000000000000e+03
1.446000000000000000e+03
1.517000000000000000e+03
4.346000000000000000e+03
7.598000000000000000e+03
2.578000000000000000e+03
2.532000000000000000e+03
1.571000000000000000e+03
3.449000000000000000e+03
4.439000000000000000e+03
8.824000000000000000e+03
9.180000000000000000e+03
2.895000000000000000e+03
5.984000000000000000e+03
7.773000000000000000e+03
3.376000000000000000e+03
9.013000000000000000e+03
9.185000000000000000e+03
5.981000000000000000e+03
8.814000000000000000e+03
6.405000000000000000e+03
3.465000000000000000e+03
4.247000000000000000e+03
2.472000000000000000e+03
8.593000000000000000e+03
3.557000000000000000e+03
6.412000000000000000e+03
4.758000000000000000e+03
7.664000000000000000e+03
1.362000000000000000e+03
3.597000000000000000e+03
3.210000000000000000e+02
9.570000000000000000e+02
2.890000000000000000e+03
1.159000000000000000e+03
9.145000000000000000e+03
6.365000000000000000e+03
9.037000000000000000e+03
6.006000000000000000e+03
4.721000000000000000e+03
2.516000000000000000e+03
5.381000000000000000e+03
7.137000000000000000e+03
1.414000000000000000e+03
6.001000000000000000e+03
6.099000000000000000e+03
9.159000000000000000e+03
3.649000000000000000e+03
5.162000000000000000e+03
7.885000000000000000e+03
6.096000000000000000e+03
2.900000000000000000e+02
1.620000000000000000e+03
6.903000000000000000e+03
8.626000000000000000e+03
9.959000000000000000e+03
8.620000000000000000e+03
6.916000000000000000e+03
8.300000000000000000e+02
2.500000000000000000e+02
9.830000000000000000e+03
3.042000000000000000e+03
9.803000000000000000e+03
7.238000000000000000e+03
3.267000000000000000e+03
5.296000000000000000e+03
9.867000000000000000e+03
3.951000000000000000e+03
5.828000000000000000e+03
5.019000000000000000e+03
7.418000000000000000e+03
5.850000000000000000e+02
9.866000000000000000e+03
9.410000000000000000e+03
4.928000000000000000e+03
7.040000000000000000e+02
2.305000000000000000e+03
3.259000000000000000e+03
5.433000000000000000e+03
1.908000000000000000e+03
8.238000000000000000e+03
4.073000000000000000e+03
5.733000000000000000e+03
7.443000000000000000e+03
2.349000000000000000e+03
2.040000000000000000e+02
3.855000000000000000e+03
8.222000000000000000e+03
9.370000000000000000e+03
2.099000000000000000e+03
8.108000000000000000e+03
5.108000000000000000e+03
3.027000000000000000e+03
5.280000000000000000e+03
3.028000000000000000e+03
3.135000000000000000e+03
8.018000000000000000e+03
9.387000000000000000e+03
4.080000000000000000e+03
1.903000000000000000e+03
9.528000000000000000e+03
9.536000000000000000e+03
2.234000000000000000e+03
3.258000000000000000e+03
7.258000000000000000e+03
1.979000000000000000e+03
6.650000000000000000e+02
7.364000000000000000e+03
1.981000000000000000e+03
8.270000000000000000e+03
5.517000000000000000e+03
6.756000000000000000e+03
1.995000000000000000e+03
1.600000000000000000e+01
9.476000000000000000e+03
2.022000000000000000e+03
5.429000000000000000e+03
2.256000000000000000e+03
9.823000000000000000e+03
3.821000000000000000e+03
3.092000000000000000e+03
7.396000000000000000e+03
3.113000000000000000e+03
3.246000000000000000e+03
5.803000000000000000e+03
5.820000000000000000e+03
8.053000000000000000e+03
8.258000000000000000e+03
3.061000000000000000e+03
6.580000000000000000e+03
8.260000000000000000e+03
3.064000000000000000e+03
9.865000000000000000e+03
2.235000000000000000e+03
2.056000000000000000e+03
7.252000000000000000e+03
8.104000000000000000e+03
9.826000000000000000e+03
9.496000000000000000e+03
2.047000000000000000e+03
6.760000000000000000e+02
2.045000000000000000e+03
5.804000000000000000e+03
6.782000000000000000e+03
5.732000000000000000e+03
3.998000000000000000e+03
6.834000000000000000e+03
9.335000000000000000e+03
6.833000000000000000e+03
8.193000000000000000e+03
4.420000000000000000e+02
8.168000000000000000e+03
3.185000000000000000e+03
7.328000000000000000e+03
5.718000000000000000e+03
2.369000000000000000e+03
7.201000000000000000e+03
8.436000000000000000e+03
3.885000000000000000e+03
7.457000000000000000e+03
6.526000000000000000e+03
5.050000000000000000e+03
8.136000000000000000e+03
5.710000000000000000e+03
2.144000000000000000e+03
9.788000000000000000e+03
4.851000000000000000e+03
3.168000000000000000e+03
1.815000000000000000e+03
5.060000000000000000e+02
1.820000000000000000e+03
4.830000000000000000e+02
2.164000000000000000e+03
2.560000000000000000e+02
6.509000000000000000e+03
3.163000000000000000e+03
1.810000000000000000e+03
4.350000000000000000e+02
9.875000000000000000e+03
8.181000000000000000e+03
2.202000000000000000e+03
8.465000000000000000e+03
5.046000000000000000e+03
5.460000000000000000e+02
3.145000000000000000e+03
8.426000000000000000e+03
5.862000000000000000e+03
3.753000000000000000e+03
5.565000000000000000e+03
5.690000000000000000e+03
3.014000000000000000e+03
8.135000000000000000e+03
2.204000000000000000e+03
5.698000000000000000e+03
6.822000000000000000e+03
1.859000000000000000e+03
9.635000000000000000e+03
8.419000000000000000e+03
9.792000000000000000e+03
9.323000000000000000e+03
1.243000000000000000e+03
7.636000000000000000e+03
9.979000000000000000e+03
5.894000000000000000e+03
8.180000000000000000e+03
4.900000000000000000e+01
4.027000000000000000e+03
5.443000000000000000e+03
8.784000000000000000e+03
9.813000000000000000e+03
6.790000000000000000e+02
9.585000000000000000e+03
8.085000000000000000e+03
7.384000000000000000e+03
5.915000000000000000e+03
9.610000000000000000e+02
9.266000000000000000e+03
2.800000000000000000e+01
2.268000000000000000e+03
3.293000000000000000e+03
9.948000000000000000e+03
2.620000000000000000e+02
1.768000000000000000e+03
8.380000000000000000e+02
1.459000000000000000e+03
3.303000000000000000e+03
6.208000000000000000e+03
8.356000000000000000e+03
7.090000000000000000e+02
8.407000000000000000e+03
5.770000000000000000e+02
9.067000000000000000e+03
1.909000000000000000e+03
7.759000000000000000e+03
4.838000000000000000e+03
3.146000000000000000e+03
6.119000000000000000e+03
3.194000000000000000e+03
2.051000000000000000e+03
4.938000000000000000e+03
7.609000000000000000e+03
8.467000000000000000e+03
7.954000000000000000e+03
5.076000000000000000e+03
9.583000000000000000e+03
7.273000000000000000e+03
8.295000000000000000e+03
3.611000000000000000e+03
6.295000000000000000e+03
8.713000000000000000e+03
2.245000000000000000e+03
4.675000000000000000e+03
3.230000000000000000e+03
5.684000000000000000e+03
5.347000000000000000e+03
6.162000000000000000e+03
8.132000000000000000e+03
5.169000000000000000e+03
6.230000000000000000e+03
6.987000000000000000e+03
3.539000000000000000e+03
9.603000000000000000e+03
3.847000000000000000e+03
9.735000000000000000e+03
2.637000000000000000e+03
3.132000000000000000e+03
6.661000000000000000e+03
4.494000000000000000e+03
1.407000000000000000e+03
2.077000000000000000e+03
2.600000000000000000e+03
1.990000000000000000e+02
9.847000000000000000e+03
3.205000000000000000e+03
1.139000000000000000e+03
8.989000000000000000e+03
7.695000000000000000e+03
3.870000000000000000e+03
6.083000000000000000e+03
3.965000000000000000e+03
9.610000000000000000e+03
6.644000000000000000e+03
5.466000000000000000e+03
7.311000000000000000e+03
7.624000000000000000e+03
1.255000000000000000e+03
3.452000000000000000e+03
7.983000000000000000e+03
7.596000000000000000e+03
2.375000000000000000e+03
7.194000000000000000e+03
4.217000000000000000e+03
8.491000000000000000e+03
5.434000000000000000e+03
9.870000000000000000e+03
9.394000000000000000e+03
7.239000000000000000e+03
7.909000000000000000e+03
9.968000000000000000e+03
9.287000000000000000e+03
4.735000000000000000e+03
8.688000000000000000e+03
8.349000000000000000e+03
2.380000000000000000e+03
7.404000000000000000e+03
1.240000000000000000e+02
9.313000000000000000e+03
2.524000000000000000e+03
6.507000000000000000e+03
6.442000000000000000e+03
5.487000000000000000e+03
3.410000000000000000e+03
5.118000000000000000e+03
2.992000000000000000e+03
5.310000000000000000e+03
9.652000000000000000e+03
3.004000000000000000e+03
4.096000000000000000e+03
9.873000000000000000e+03
7.760000000000000000e+02
9.271000000000000000e+03
9.239000000000000000e+03
4.098000000000000000e+03
5.656000000000000000e+03
5.519000000000000000e+03
4.885000000000000000e+03
1.221000000000000000e+03
4.888000000000000000e+03
5.549000000000000000e+03
9.505000000000000000e+03
7.110000000000000000e+02
3.923000000000000000e+03
2.611000000000000000e+03
8.264000000000000000e+03
1.247000000000000000e+03
5.278000000000000000e+03
5.085000000000000000e+03
1.230000000000000000e+03
5.038000000000000000e+03
1.172000000000000000e+03
7.206000000000000000e+03
4.530000000000000000e+03
5.540000000000000000e+03
7.262000000000000000e+03
6.641000000000000000e+03
8.086000000000000000e+03
5.770000000000000000e+03
5.904000000000000000e+03
8.278000000000000000e+03
7.706000000000000000e+03
6.028000000000000000e+03
6.027000000000000000e+03
2.350000000000000000e+03
5.708000000000000000e+03
5.377000000000000000e+03
3.761000000000000000e+03
1.381000000000000000e+03
4.855000000000000000e+03
9.692000000000000000e+03
1.699000000000000000e+03
2.048000000000000000e+03
5.624000000000000000e+03
5.682000000000000000e+03
2.549000000000000000e+03
9.853000000000000000e+03
6.433000000000000000e+03
2.574000000000000000e+03
3.900000000000000000e+01
3.144000000000000000e+03
4.681000000000000000e+03
3.332000000000000000e+03
1.832000000000000000e+03
9.556000000000000000e+03
8.968000000000000000e+03
7.047000000000000000e+03
8.296000000000000000e+03
6.177000000000000000e+03
7.949000000000000000e+03
7.948000000000000000e+03
8.428000000000000000e+03
6.311000000000000000e+03
2.012000000000000000e+03
1.505000000000000000e+03
2.141000000000000000e+03
5.575000000000000000e+03
7.671000000000000000e+03
6.031000000000000000e+03
4.320000000000000000e+02
8.091000000000000000e+03
9.201000000000000000e+03
4.341000000000000000e+03
9.706000000000000000e+03
5.494000000000000000e+03
1.650000000000000000e+03
2.278000000000000000e+03
7.028000000000000000e+03
4.290000000000000000e+03
8.154000000000000000e+03
5.750000000000000000e+03
9.416000000000000000e+03
8.158000000000000000e+03
5.623000000000000000e+03
2.612000000000000000e+03
9.741000000000000000e+03
7.131000000000000000e+03
1.609000000000000000e+03
6.786000000000000000e+03
2.289000000000000000e+03
3.790000000000000000e+02
2.294000000000000000e+03
2.055000000000000000e+03
3.575000000000000000e+03
1.416000000000000000e+03
7.797000000000000000e+03
4.011000000000000000e+03
5.760000000000000000e+02
8.750000000000000000e+03
6.252000000000000000e+03
8.601000000000000000e+03
4.428000000000000000e+03
8.900000000000000000e+01
2.986000000000000000e+03
4.622000000000000000e+03
7.910000000000000000e+03
7.784000000000000000e+03
2.433000000000000000e+03
6.068000000000000000e+03
3.380000000000000000e+03
1.895000000000000000e+03
2.852000000000000000e+03
9.250000000000000000e+03
6.825000000000000000e+03
5.440000000000000000e+02
5.122000000000000000e+03
3.180000000000000000e+02
7.857000000000000000e+03
8.446000000000000000e+03
6.297000000000000000e+03
1.876000000000000000e+03
4.551000000000000000e+03
3.422000000000000000e+03
7.163000000000000000e+03
6.392000000000000000e+03
6.683000000000000000e+03
4.540000000000000000e+02
1.887000000000000000e+03
1.104000000000000000e+03
2.240000000000000000e+03
8.774000000000000000e+03
2.915000000000000000e+03
2.988000000000000000e+03
7.600000000000000000e+02
3.542000000000000000e+03
6.721000000000000000e+03
6.495000000000000000e+03
6.723000000000000000e+03
9.783000000000000000e+03
9.100000000000000000e+01
5.237000000000000000e+03
1.774000000000000000e+03
7.726000000000000000e+03
4.507000000000000000e+03
5.175000000000000000e+03
7.967000000000000000e+03
6.547000000000000000e+03
4.501000000000000000e+03
8.341000000000000000e+03
2.603000000000000000e+03
1.453000000000000000e+03
1.572000000000000000e+03
9.861000000000000000e+03
7.852000000000000000e+03
8.321000000000000000e+03
6.957000000000000000e+03
2.242000000000000000e+03
2.547000000000000000e+03
3.815000000000000000e+03
7.841000000000000000e+03
4.362000000000000000e+03
1.537000000000000000e+03
2.557000000000000000e+03
8.703000000000000000e+03
8.705000000000000000e+03
5.219000000000000000e+03
6.578000000000000000e+03
1.421000000000000000e+03
3.838000000000000000e+03
5.184000000000000000e+03
9.920000000000000000e+03
6.452000000000000000e+03
3.920000000000000000e+03
7.006000000000000000e+03
4.100000000000000000e+03
7.750000000000000000e+03
3.697000000000000000e+03
6.697000000000000000e+03
1.709000000000000000e+03
8.846000000000000000e+03
6.995000000000000000e+03
3.931000000000000000e+03
8.403000000000000000e+03
2.639000000000000000e+03
5.227000000000000000e+03
6.979000000000000000e+03
3.785000000000000000e+03
6.678000000000000000e+03
4.528000000000000000e+03
3.340000000000000000e+02
5.750000000000000000e+02
5.931000000000000000e+03
7.469000000000000000e+03
1.029000000000000000e+03
5.062000000000000000e+03
3.026000000000000000e+03
4.898000000000000000e+03
9.055000000000000000e+03
9.372000000000000000e+03
2.845000000000000000e+03
7.000000000000000000e+00
7.930000000000000000e+02
5.005000000000000000e+03
9.224000000000000000e+03
8.910000000000000000e+02
9.461000000000000000e+03
5.053000000000000000e+03
3.840000000000000000e+02
5.001000000000000000e+03
5.369000000000000000e+03
7.267000000000000000e+03
3.286000000000000000e+03
1.071000000000000000e+03
7.490000000000000000e+03
1.201000000000000000e+03
3.326000000000000000e+03
4.592000000000000000e+03
9.241000000000000000e+03
5.629000000000000000e+03
5.368000000000000000e+03
3.750000000000000000e+02
7.450000000000000000e+02
7.691000000000000000e+03
5.116000000000000000e+03
5.129000000000000000e+03
5.362000000000000000e+03
7.413000000000000000e+03
9.518000000000000000e+03
4.547000000000000000e+03
9.150000000000000000e+03
9.316000000000000000e+03
9.720000000000000000e+02
9.429000000000000000e+03
5.110000000000000000e+02
4.757000000000000000e+03
4.734000000000000000e+03
9.300000000000000000e+03
7.318000000000000000e+03
9.672000000000000000e+03
9.186000000000000000e+03
7.325000000000000000e+03
6.407000000000000000e+03
4.234000000000000000e+03
4.626000000000000000e+03
4.114000000000000000e+03
5.292000000000000000e+03
6.307000000000000000e+03
9.274000000000000000e+03
8.501000000000000000e+03
3.985000000000000000e+03
1.171000000000000000e+03
3.150000000000000000e+03
8.106000000000000000e+03
3.974000000000000000e+03
2.112000000000000000e+03
2.480000000000000000e+02
2.592000000000000000e+03
1.575000000000000000e+03
1.925000000000000000e+03
9.671000000000000000e+03
3.834000000000000000e+03
2.619000000000000000e+03
4.725000000000000000e+03
6.560000000000000000e+02
6.289000000000000000e+03
8.682000000000000000e+03
1.469000000000000000e+03
2.449000000000000000e+03
3.861000000000000000e+03
2.032000000000000000e+03
5.009000000000000000e+03
7.680000000000000000e+02
5.660000000000000000e+02
7.175000000000000000e+03
9.369000000000000000e+03
2.137000000000000000e+03
2.379000000000000000e+03
8.725000000000000000e+03
6.718000000000000000e+03
4.904000000000000000e+03
9.520000000000000000e+03
9.509000000000000000e+03
6.666000000000000000e+03
2.950000000000000000e+02
7.245000000000000000e+03
9.882000000000000000e+03
8.518000000000000000e+03
7.646000000000000000e+03
2.240000000000000000e+02
6.710000000000000000e+03
5.211000000000000000e+03
9.134000000000000000e+03
3.644000000000000000e+03
7.507000000000000000e+03
1.711000000000000000e+03
4.975000000000000000e+03
7.807000000000000000e+03
4.283000000000000000e+03
5.988000000000000000e+03
1.867000000000000000e+03
1.136000000000000000e+03
7.446000000000000000e+03
8.683000000000000000e+03
8.083000000000000000e+03
9.470000000000000000e+03
7.442000000000000000e+03
4.289000000000000000e+03
8.672000000000000000e+03
1.630000000000000000e+02
8.967000000000000000e+03
9.839000000000000000e+03
3.181000000000000000e+03
6.715000000000000000e+03
8.886000000000000000e+03
8.996000000000000000e+03
6.570000000000000000e+02
5.739000000000000000e+03
6.652000000000000000e+03
1.647000000000000000e+03
8.275000000000000000e+03
5.552000000000000000e+03
9.584000000000000000e+03
8.392000000000000000e+03
3.136000000000000000e+03
9.504000000000000000e+03
2.800000000000000000e+03
8.600000000000000000e+02
7.135000000000000000e+03
4.076000000000000000e+03
7.481000000000000000e+03
1.523000000000000000e+03
3.090000000000000000e+03
4.310000000000000000e+03
2.562000000000000000e+03
1.522000000000000000e+03
7.308000000000000000e+03
3.431000000000000000e+03
8.889000000000000000e+03
3.808000000000000000e+03
1.546000000000000000e+03
7.506000000000000000e+03
9.104000000000000000e+03
3.639000000000000000e+03
4.205000000000000000e+03
6.109000000000000000e+03
4.443000000000000000e+03
1.431000000000000000e+03
8.344000000000000000e+03
5.813000000000000000e+03
8.055000000000000000e+03
2.016000000000000000e+03
2.880000000000000000e+03
4.410000000000000000e+02
5.830000000000000000e+02
9.981000000000000000e+03
3.199000000000000000e+03
1.942000000000000000e+03
9.851000000000000000e+03
6.423000000000000000e+03
7.750000000000000000e+02
9.573000000000000000e+03
3.710000000000000000e+02
3.868000000000000000e+03
6.626000000000000000e+03
4.280000000000000000e+02
3.238000000000000000e+03
1.922000000000000000e+03
2.253000000000000000e+03
4.588000000000000000e+03
7.207000000000000000e+03
5.660000000000000000e+03
4.424000000000000000e+03
9.709000000000000000e+03
4.671000000000000000e+03
7.926000000000000000e+03
3.374000000000000000e+03
2.590000000000000000e+03
9.587000000000000000e+03
4.856000000000000000e+03
4.777000000000000000e+03
8.365000000000000000e+03
5.017000000000000000e+03
1.277000000000000000e+03
6.800000000000000000e+01
5.737000000000000000e+03
1.779000000000000000e+03
9.140000000000000000e+03
8.624000000000000000e+03
3.606000000000000000e+03
5.786000000000000000e+03
9.731000000000000000e+03
6.695000000000000000e+03
8.336000000000000000e+03
9.912000000000000000e+03
1.056000000000000000e+03
9.293000000000000000e+03
5.650000000000000000e+03
1.211000000000000000e+03
7.699000000000000000e+03
7.548000000000000000e+03
1.661000000000000000e+03
4.976000000000000000e+03
5.705000000000000000e+03
9.629000000000000000e+03
2.842000000000000000e+03
4.943000000000000000e+03
3.530000000000000000e+03
3.527000000000000000e+03
5.910000000000000000e+03
1.574000000000000000e+03
6.780000000000000000e+03
9.098000000000000000e+03
8.022000000000000000e+03
4.017000000000000000e+03
2.875000000000000000e+03
7.330000000000000000e+02
3.600000000000000000e+01
3.468000000000000000e+03
7.191000000000000000e+03
9.076000000000000000e+03
7.778000000000000000e+03
3.425000000000000000e+03
8.438000000000000000e+03
4.760000000000000000e+02
5.869000000000000000e+03
6.293000000000000000e+03
3.300000000000000000e+03
6.823000000000000000e+03
6.671000000000000000e+03
3.770000000000000000e+02
2.610000000000000000e+03
3.015000000000000000e+03
7.965000000000000000e+03
7.558000000000000000e+03
9.173000000000000000e+03
8.454000000000000000e+03
5.445000000000000000e+03
2.638000000000000000e+03
1.073000000000000000e+03
5.637000000000000000e+03
6.319000000000000000e+03
9.757000000000000000e+03
2.576000000000000000e+03
6.367000000000000000e+03
3.849000000000000000e+03
4.064000000000000000e+03
9.047000000000000000e+03
3.745000000000000000e+03
4.000000000000000000e+02
5.975000000000000000e+03
1.394000000000000000e+03
6.592000000000000000e+03
1.950000000000000000e+02
9.452000000000000000e+03
7.032000000000000000e+03
8.753000000000000000e+03
3.851000000000000000e+03
9.129000000000000000e+03
2.766000000000000000e+03
8.425000000000000000e+03
9.376000000000000000e+03
8.498000000000000000e+03
4.237000000000000000e+03
4.023000000000000000e+03
2.156000000000000000e+03
1.611000000000000000e+03
1.672000000000000000e+03
4.330000000000000000e+02
5.990000000000000000e+02
8.577000000000000000e+03
8.749000000000000000e+03
3.231000000000000000e+03
3.916000000000000000e+03
6.954000000000000000e+03
5.393000000000000000e+03
3.270000000000000000e+02
6.454000000000000000e+03
4.993000000000000000e+03
7.880000000000000000e+02
6.314000000000000000e+03
3.793000000000000000e+03
3.118000000000000000e+03
3.526000000000000000e+03
7.002000000000000000e+03
4.400000000000000000e+03
3.895000000000000000e+03
2.555000000000000000e+03
7.298000000000000000e+03
7.067000000000000000e+03
9.605000000000000000e+03
