4.267241813986868415e-01
3.007320073677699490e-01
0.000000000000000000e+00
3.325656092462305202e-01
4.275149225180268076e-01
3.615984689085075532e-01
0.000000000000000000e+00
3.382118130032227832e-01
0.000000000000000000e+00
2.878966111438061026e-01
0.000000000000000000e+00
3.440559381240522741e-01
0.000000000000000000e+00
3.547582441032096634e-01
2.853051556304813108e-01
0.000000000000000000e+00
5.283626430520493855e-01
4.048570541797884559e-01
0.000000000000000000e+00
0.000000000000000000e+00
0.000000000000000000e+00
3.130759323227905178e-01
3.236633213542801091e-01
0.000000000000000000e+00
0.000000000000000000e+00
3.086587847514886129e-01
0.000000000000000000e+00
3.373708093880692371e-01
0.000000000000000000e+00
3.524572253227202245e-01
3.325202524802902682e-01
3.162916767301126586e-01
4.968248986362540087e-01
3.119947094380038366e-01
0.000000000000000000e+00
4.006130286600105839e-01
3.545121956167480159e-01
3.052804307347187773e-01
3.547455999510515934e-01
0.000000000000000000e+00
3.006106668991471720e-01
3.127833616932302330e-01
2.540565602594468397e-01
2.969342356581854969e-01
4.968248986362540087e-01
3.288892470907349708e-01
2.540565602594468397e-01
3.251930077435458699e-01
3.416886157689276171e-01
0.000000000000000000e+00
3.243298034053217482e-01
4.814812585620910079e-01
3.288283904709682903e-01
4.436362835584475861e-01
3.139987581766132685e-01
0.000000000000000000e+00
3.392420267504507314e-01
0.000000000000000000e+00
2.540565602594468397e-01
3.635275426443780877e-01
3.389230425642431599e-01
5.136444171627769784e-01
3.325202524802902682e-01
2.364836421321303006e-01
0.000000000000000000e+00
3.062099071101565539e-01
0.000000000000000000e+00
3.182692709160848676e-01
4.141683115700118822e-01
0.000000000000000000e+00
2.492291542486706202e-01
0.000000000000000000e+00
3.664863369339381727e-01
0.000000000000000000e+00
0.000000000000000000e+00
4.656836025674988555e-01
4.027728061248325719e-01
3.288283904709682903e-01
4.956416927433885955e-01
0.000000000000000000e+00
0.000000000000000000e+00
0.000000000000000000e+00
3.839772571456325223e-01
0.000000000000000000e+00
0.000000000000000000e+00
0.000000000000000000e+00
3.288892470907349708e-01
3.918884882034679995e-01
3.593937868706136851e-01
3.880870911090626429e-01
0.000000000000000000e+00
0.000000000000000000e+00
3.722997073081048547e-01
0.000000000000000000e+00
0.000000000000000000e+00
4.240988174517413278e-01
3.431812779367736654e-01
3.890395184563478770e-01
3.722703553128415277e-01
0.000000000000000000e+00
3.635256873166770597e-01
3.983436664129034743e-01
3.783825010162532587e-01
0.000000000000000000e+00
3.817681649738181582e-01
3.396994272588057528e-01
0.000000000000000000e+00
0.000000000000000000e+00
4.103649568601377973e-01
3.887735252952646547e-01
3.562699864839988240e-01
3.622722667612011671e-01
3.581622462578269439e-01
0.000000000000000000e+00
3.795506594986860494e-01
4.375634481510606300e-01
4.051712694211659915e-01
4.410267821741117866e-01
0.000000000000000000e+00
4.180932710657750961e-01
3.416886157689276171e-01
4.014463904073962697e-01
2.729058435407700212e-01
0.000000000000000000e+00
4.230176321854460242e-01
0.000000000000000000e+00
4.191361005276306728e-01
4.322194505668144338e-01
4.237807999317801388e-01
4.231315229674268985e-01
4.169441791885272752e-01
4.431632141856376439e-01
4.023920686241145295e-01
4.483191177340689060e-01
0.000000000000000000e+00
3.802863286927851139e-01
4.143921250646728782e-01
5.283433248292550566e-01
4.103136241467252865e-01
3.869045963112670572e-01
0.000000000000000000e+00
3.601029159493936982e-01
4.419451101726977194e-01
3.340196694580434000e-01
3.954638580671146486e-01
3.667220534243214591e-01
3.460359544222889050e-01
0.000000000000000000e+00
3.355456823942634670e-01
3.305307296834077979e-01
4.157590397762221945e-01
4.911485806315002423e-01
3.229103490267676291e-01
4.569769126413413263e-01
4.225029260995728508e-01
0.000000000000000000e+00
4.489107210932318237e-01
2.800562190641315286e-01
0.000000000000000000e+00
3.463145683337132130e-01
4.659056836964757253e-01
4.603283243712158468e-01
4.489107210932318237e-01
3.835399925860462633e-01
0.000000000000000000e+00
3.914693652407952862e-01
4.144113350183161182e-01
3.756212635401628419e-01
3.459076767283592035e-01
3.251968766115111431e-01
4.653795958388506904e-01
3.655476407229448221e-01
3.165137132596923530e-01
4.311491231974989846e-01
4.157989184743300926e-01
0.000000000000000000e+00
4.116015299544903971e-01
3.132500812637317167e-01
0.000000000000000000e+00
4.088900848677746724e-01
4.537520952133459184e-01
4.157989184743300926e-01
3.649395672967939985e-01
3.816657347648503285e-01
0.000000000000000000e+00
4.036677401502503093e-01
4.118689026881518500e-01
4.227698108744825101e-01
4.025585469659970217e-01
3.868019541890128643e-01
0.000000000000000000e+00
3.611049778328482840e-01
0.000000000000000000e+00
0.000000000000000000e+00
4.075592532657963396e-01
3.555638231179924502e-01
3.412307805221190260e-01
4.394726773667496089e-01
4.547033303900079870e-01
3.468271321187523237e-01
4.290165046098100010e-01
3.270549924740785430e-01
0.000000000000000000e+00
3.450844778160158111e-01
4.245328380752193542e-01
3.632919728544161675e-01
2.952965233200530171e-01
3.799294627952607972e-01
3.472910884422311661e-01
4.032439825870851036e-01
3.502258475333312471e-01
3.853660181985510413e-01
3.853998778372134115e-01
3.246416194879142569e-01
3.528869467438063845e-01
3.550448971052505009e-01
3.056647332900998548e-01
0.000000000000000000e+00
2.742265277536111157e-01
3.434575413978770420e-01
3.983436664129034743e-01
0.000000000000000000e+00
3.667791204810966210e-01
3.598916272448881570e-01
4.394726773667496089e-01
4.653795958388506904e-01
2.713550040641842243e-01
0.000000000000000000e+00
2.729058435407700212e-01
3.606437422446044372e-01
4.006911537305197779e-01
3.227465843268956247e-01
3.956304201325531733e-01
4.223381250150281541e-01
4.776381606269158309e-01
0.000000000000000000e+00
3.279872447499301291e-01
0.000000000000000000e+00
3.869796795953459045e-01
4.136705644270322613e-01
4.023900133517011590e-01
4.956416927433885955e-01
4.334813919085620526e-01
3.839816454222927944e-01
4.291016638855951193e-01
0.000000000000000000e+00
3.129565895496581041e-01
0.000000000000000000e+00
0.000000000000000000e+00
0.000000000000000000e+00
3.822192915077815001e-01
0.000000000000000000e+00
3.738198007317605764e-01
3.866262329217647897e-01
0.000000000000000000e+00
0.000000000000000000e+00
0.000000000000000000e+00
3.734775307354251117e-01
3.648745918666316812e-01
3.702167347292685817e-01
0.000000000000000000e+00
3.202753212834722474e-01
0.000000000000000000e+00
0.000000000000000000e+00
0.000000000000000000e+00
4.043157242414447405e-01
3.862024787906938039e-01
4.152779297341583353e-01
3.459746166062140360e-01
3.156893451953621810e-01
0.000000000000000000e+00
3.618182953614952901e-01
4.388938586315953017e-01
4.123687308754610537e-01
3.512205692800671186e-01
3.351957963553970354e-01
0.000000000000000000e+00
3.400776306312110475e-01
3.654051034104695006e-01
3.768804143657489836e-01
0.000000000000000000e+00
4.312166348152667861e-01
0.000000000000000000e+00
3.989614561772371060e-01
3.894241022441827238e-01
3.889770326698315239e-01
3.898661070544937046e-01
3.668333748228363445e-01
2.364836421321303006e-01
3.257563842611755356e-01
0.000000000000000000e+00
0.000000000000000000e+00
0.000000000000000000e+00
4.327420361435700968e-01
0.000000000000000000e+00
3.687029680539855581e-01
0.000000000000000000e+00
0.000000000000000000e+00
5.023015196402799143e-01
0.000000000000000000e+00
4.946783671059776788e-01
0.000000000000000000e+00
0.000000000000000000e+00
0.000000000000000000e+00
4.565502259780219174e-01
3.539482315622803910e-01
3.768804143657489836e-01
5.655505611301671065e-01
4.936233822801730509e-01
0.000000000000000000e+00
3.685081565436195694e-01
3.200714360371712530e-01
3.664582652559963405e-01
4.341394502401240141e-01
4.343035500491105316e-01
4.036242598796696002e-01
0.000000000000000000e+00
3.595665180203286293e-01
4.189550120206186334e-01
4.146307420664850918e-01
3.273094366583532144e-01
3.886422951723955688e-01
3.726505545377188366e-01
0.000000000000000000e+00
4.492717828014764492e-01
4.027126769992351307e-01
3.309536648284512328e-01
3.738612126240214439e-01
3.362495654872573736e-01
4.116875469994353831e-01
0.000000000000000000e+00
3.946460098618911894e-01
4.957205816554742794e-01
4.569769126413413263e-01
0.000000000000000000e+00
4.159099741918146909e-01
4.295102248833030933e-01
3.797768409594384775e-01
0.000000000000000000e+00
3.805558067147916668e-01
0.000000000000000000e+00
0.000000000000000000e+00
3.648745918666316812e-01
4.302756573869030432e-01
4.013559150488987814e-01
0.000000000000000000e+00
0.000000000000000000e+00
3.992977281246026799e-01
0.000000000000000000e+00
0.000000000000000000e+00
3.571934975646732791e-01
4.477550240595826736e-01
3.759957221196834065e-01
3.995616702111229324e-01
0.000000000000000000e+00
0.000000000000000000e+00
3.966932024118360878e-01
0.000000000000000000e+00
4.280614585825011087e-01
4.436592690472722089e-01
3.654850372740724440e-01
3.662675404032398330e-01
3.735864017035140927e-01
3.517349271030868474e-01
2.954316722396919115e-01
0.000000000000000000e+00
0.000000000000000000e+00
3.900211535037715893e-01
0.000000000000000000e+00
3.572361323905566266e-01
0.000000000000000000e+00
4.033591194742432995e-01
0.000000000000000000e+00
3.658973939934883068e-01
0.000000000000000000e+00
3.625390408178407187e-01
4.656836025674988555e-01
4.148758048811646559e-01
4.059365425131619687e-01
3.270549924740785430e-01
0.000000000000000000e+00
3.279836293721789531e-01
0.000000000000000000e+00
0.000000000000000000e+00
4.126281790755976786e-01
0.000000000000000000e+00
2.654367453680162026e-01
0.000000000000000000e+00
4.801453016892828773e-01
3.291370373823758744e-01
3.311528210627844859e-01
3.154787213241063148e-01
0.000000000000000000e+00
0.000000000000000000e+00
3.756212635401628419e-01
3.753225788553206099e-01
0.000000000000000000e+00
4.119667375973636858e-01
3.200117693642630101e-01
3.749674543416876005e-01
4.674837474589058073e-01
0.000000000000000000e+00
3.649395672967939985e-01
3.517349271030868474e-01
4.071411339094936355e-01
3.584094035449805205e-01
0.000000000000000000e+00
4.311491231974989846e-01
0.000000000000000000e+00
3.582786736631358160e-01
4.682944157488225789e-01
5.081758417428265950e-01
0.000000000000000000e+00
0.000000000000000000e+00
0.000000000000000000e+00
4.346905376305681412e-01
3.302114881184584072e-01
3.429439745354838087e-01
2.657403600745636418e-01
0.000000000000000000e+00
0.000000000000000000e+00
4.195156765581886660e-01
3.318118199492645082e-01
0.000000000000000000e+00
3.312861513547014636e-01
0.000000000000000000e+00
0.000000000000000000e+00
4.055889700103010309e-01
3.946292227483649828e-01
3.888157653849357853e-01
3.618182953614952901e-01
4.289760228808502385e-01
0.000000000000000000e+00
3.491035488215216698e-01
4.538971296488060192e-01
0.000000000000000000e+00
0.000000000000000000e+00
0.000000000000000000e+00
0.000000000000000000e+00
0.000000000000000000e+00
0.000000000000000000e+00
3.592767637810119208e-01
0.000000000000000000e+00
0.000000000000000000e+00
3.186679333915217738e-01
0.000000000000000000e+00
3.227465843268956247e-01
0.000000000000000000e+00
4.295102248833030933e-01
3.346626024489237627e-01
3.688474493397624898e-01
4.510217635964763883e-01
3.575576451350308549e-01
0.000000000000000000e+00
4.004977999996262028e-01
3.551403406719292333e-01
4.107406010227775406e-01
0.000000000000000000e+00
0.000000000000000000e+00
3.359847036848250257e-01
3.459076767283592035e-01
0.000000000000000000e+00
3.820764901931162361e-01
0.000000000000000000e+00
3.360165985018119805e-01
0.000000000000000000e+00
3.909716976542755851e-01
3.154787213241063148e-01
3.286269334937914066e-01
0.000000000000000000e+00
4.682737628598551138e-01
3.638749987202405389e-01
3.614492640045632865e-01
3.228132538604863155e-01
0.000000000000000000e+00
3.124655465458541226e-01
0.000000000000000000e+00
4.671999048334199434e-01
3.123820692973946489e-01
3.760265528901375331e-01
0.000000000000000000e+00
0.000000000000000000e+00
0.000000000000000000e+00
3.249573283848053440e-01
3.036685033547337764e-01
0.000000000000000000e+00
4.378408889967555506e-01
0.000000000000000000e+00
3.828458810087254083e-01
3.168752238560584855e-01
4.939985554138716650e-01
4.045963122615978125e-01
3.532224036906175257e-01
3.588090330836802844e-01
0.000000000000000000e+00
3.237946692859722808e-01
3.616666035016961045e-01
0.000000000000000000e+00
4.131804824205871918e-01
4.402842625655700726e-01
3.473571612589109736e-01
4.088841841166660496e-01
3.884297898684537231e-01
3.510318202355289796e-01
3.906398651958458701e-01
0.000000000000000000e+00
3.715788789599031583e-01
3.163638664498554798e-01
3.671659966100387362e-01
3.687496047761748552e-01
4.148824331447485969e-01
3.854795329945184257e-01
3.314350826692286089e-01
5.045223510589840199e-01
3.062099071101565539e-01
0.000000000000000000e+00
3.872698652334203850e-01
3.953020168240820031e-01
3.688447603877911818e-01
3.777403195565169347e-01
3.437913817832080055e-01
0.000000000000000000e+00
2.808220158131645716e-01
4.466115465227532555e-01
3.096005235354969964e-01
4.096979239422542385e-01
3.096005235354969964e-01
2.624718070423328609e-01
0.000000000000000000e+00
3.327324824893338473e-01
0.000000000000000000e+00
3.661266274097091933e-01
0.000000000000000000e+00
0.000000000000000000e+00
0.000000000000000000e+00
3.856406268715735219e-01
0.000000000000000000e+00
3.707449632618112778e-01
4.049513246806302202e-01
0.000000000000000000e+00
3.379376276941390977e-01
3.273094366583532144e-01
4.103136241467252865e-01
3.477378046857019234e-01
4.521965592645187937e-01
3.538582646162203305e-01
4.410267821741117866e-01
3.805986660572369673e-01
0.000000000000000000e+00
3.991220654284608482e-01
0.000000000000000000e+00
0.000000000000000000e+00
0.000000000000000000e+00
0.000000000000000000e+00
0.000000000000000000e+00
0.000000000000000000e+00
4.511101067423837763e-01
3.528869467438063845e-01
0.000000000000000000e+00
3.262261469904880196e-01
4.013222048487843363e-01
0.000000000000000000e+00
0.000000000000000000e+00
0.000000000000000000e+00
0.000000000000000000e+00
0.000000000000000000e+00
0.000000000000000000e+00
3.762460426013707337e-01
0.000000000000000000e+00
3.096005235354969964e-01
0.000000000000000000e+00
3.351957963553970354e-01
2.901400951680572216e-01
3.700037605902809501e-01
0.000000000000000000e+00
4.088841841166660496e-01
2.540565602594468397e-01
3.002185982453564050e-01
0.000000000000000000e+00
0.000000000000000000e+00
0.000000000000000000e+00
0.000000000000000000e+00
0.000000000000000000e+00
4.468216860515193400e-01
0.000000000000000000e+00
3.758924620213514034e-01
5.655505611301671065e-01
0.000000000000000000e+00
0.000000000000000000e+00
4.413764663221317885e-01
3.506459596478767038e-01
3.446999561419017422e-01
4.521965592645187937e-01
0.000000000000000000e+00
4.039789359125886548e-01
4.149792087174007937e-01
3.203549283964521877e-01
0.000000000000000000e+00
0.000000000000000000e+00
2.804253136530315826e-01
3.394696895246027135e-01
3.609488496635065435e-01
3.551730279513646837e-01
3.224603812151813353e-01
4.737689746390182366e-01
0.000000000000000000e+00
4.846743656348531659e-01
3.655323813505277908e-01
3.487155765917857586e-01
3.661686145956622451e-01
4.414680012916655238e-01
4.167289652856264737e-01
3.097138204617108093e-01
3.283231663673140677e-01
0.000000000000000000e+00
0.000000000000000000e+00
3.362442133739066419e-01
3.219958893275731149e-01
3.456808873370219581e-01
0.000000000000000000e+00
3.210418694688222385e-01
0.000000000000000000e+00
0.000000000000000000e+00
3.925623640483302257e-01
0.000000000000000000e+00
4.453666083118003605e-01
4.039983196368396867e-01
2.935199380524296520e-01
2.852222416230084101e-01
2.852222416230084101e-01
0.000000000000000000e+00
3.577026547665050904e-01
3.573301428922439071e-01
3.645600045954874302e-01
0.000000000000000000e+00
0.000000000000000000e+00
3.286153563116278598e-01
3.570802613192897712e-01
2.780287438950264645e-01
0.000000000000000000e+00
0.000000000000000000e+00
0.000000000000000000e+00
3.459746166062140360e-01
0.000000000000000000e+00
3.282043033473893701e-01
0.000000000000000000e+00
3.817333883039290554e-01
3.846167094546953935e-01
2.648906582614987126e-01
0.000000000000000000e+00
3.961261979574131620e-01
3.307025809694868479e-01
3.278549360714868022e-01
0.000000000000000000e+00
4.107406010227775406e-01
0.000000000000000000e+00
3.491035488215216698e-01
4.177886681263863200e-01
0.000000000000000000e+00
0.000000000000000000e+00
3.726290115578457240e-01
3.511774015402983062e-01
3.529275311518169644e-01
0.000000000000000000e+00
3.273351752399567549e-01
3.392491442161517101e-01
3.152194306450881167e-01
3.160069228702832578e-01
0.000000000000000000e+00
3.517180561514471338e-01
4.001682527108555987e-01
0.000000000000000000e+00
0.000000000000000000e+00
3.452934969665893972e-01
3.386127009908089791e-01
4.111724692168828854e-01
5.270246998896485069e-01
3.596069597243636284e-01
3.995616702111229324e-01
0.000000000000000000e+00
0.000000000000000000e+00
0.000000000000000000e+00
3.874354539981948453e-01
3.270040521567896263e-01
0.000000000000000000e+00
4.103711442472456339e-01
0.000000000000000000e+00
0.000000000000000000e+00
0.000000000000000000e+00
2.742133566165312897e-01
4.512875912227858888e-01
2.657403600745636418e-01
0.000000000000000000e+00
3.567747992585825756e-01
4.097150973268221530e-01
3.412307805221190260e-01
3.340956245686121373e-01
0.000000000000000000e+00
3.135363134122954865e-01
3.756426328815946625e-01
3.295909038091422438e-01
0.000000000000000000e+00
3.690475234428939322e-01
3.805558067147916668e-01
4.203530460768671317e-01
0.000000000000000000e+00
4.193791918401343910e-01
3.158299260556300947e-01
3.738612126240214439e-01
3.162948491949741370e-01
3.392420267504507314e-01
4.371444736190712166e-01
4.224327566086781838e-01
0.000000000000000000e+00
0.000000000000000000e+00
3.763030771743457459e-01
0.000000000000000000e+00
0.000000000000000000e+00
3.325202524802902682e-01
3.047473661646247223e-01
0.000000000000000000e+00
0.000000000000000000e+00
0.000000000000000000e+00
3.198959751776809246e-01
0.000000000000000000e+00
3.906398651958458701e-01
3.768498987581865856e-01
4.008031834726184517e-01
4.107406010227775406e-01
3.402978608674862016e-01
3.088074581931820051e-01
3.428537125282093978e-01
0.000000000000000000e+00
4.294251351944033401e-01
3.762460426013707337e-01
0.000000000000000000e+00
4.247431072551363096e-01
3.471990006387796202e-01
4.968248986362540087e-01
4.519725043735007275e-01
0.000000000000000000e+00
0.000000000000000000e+00
3.176747752675025405e-01
3.797659303530495634e-01
3.106170645392101193e-01
4.294251351944033401e-01
3.763030771743457459e-01
0.000000000000000000e+00
3.843893151341852832e-01
3.513232243393146215e-01
3.847415080095055173e-01
4.169663279161319736e-01
0.000000000000000000e+00
2.742133566165312897e-01
0.000000000000000000e+00
3.074597526668375047e-01
3.351521604367924678e-01
3.668320805850555644e-01
2.636843617962558728e-01
3.558426727193706451e-01
0.000000000000000000e+00
3.288283904709682903e-01
4.630358672521734387e-01
3.298768989243457406e-01
3.512205692800671186e-01
0.000000000000000000e+00
0.000000000000000000e+00
0.000000000000000000e+00
3.683102732349676778e-01
2.951276465325519682e-01
4.110567205253143341e-01
3.839425801239158553e-01
4.169663279161319736e-01
0.000000000000000000e+00
3.808332300284505978e-01
3.655484662219556924e-01
3.475057495446561839e-01
3.990749277180138388e-01
3.804844434570641143e-01
0.000000000000000000e+00
3.891584918519880865e-01
3.756426328815946625e-01
3.482193639203160496e-01
0.000000000000000000e+00
3.032445348004418895e-01
3.900182627056913431e-01
4.114072800016863041e-01
3.900211535037715893e-01
4.245565470850204970e-01
0.000000000000000000e+00
0.000000000000000000e+00
0.000000000000000000e+00
3.077004135781929439e-01
3.910552208983837374e-01
3.302114881184584072e-01
0.000000000000000000e+00
4.186779596393654379e-01
3.216780189657711397e-01
4.281304574003291785e-01
3.431812779367736654e-01
3.544925646477331549e-01
2.902207772721470680e-01
0.000000000000000000e+00
3.536106054587412895e-01
0.000000000000000000e+00
0.000000000000000000e+00
0.000000000000000000e+00
4.840154414963530605e-01
4.257717707029143872e-01
0.000000000000000000e+00
4.226500131083124612e-01
0.000000000000000000e+00
4.810746186191181550e-01
4.247431072551363096e-01
3.992351899400098381e-01
4.267241813986868415e-01
0.000000000000000000e+00
0.000000000000000000e+00
3.900200155837793559e-01
0.000000000000000000e+00
3.532586219913581571e-01
3.735864017035140927e-01
4.027622616693954938e-01
4.458370507110133718e-01
0.000000000000000000e+00
0.000000000000000000e+00
3.587422415886961091e-01
3.459746166062140360e-01
3.231691167826217792e-01
0.000000000000000000e+00
3.168752238560584855e-01
0.000000000000000000e+00
3.671659966100387362e-01
3.024321114880467731e-01
4.159099741918146909e-01
0.000000000000000000e+00
3.785782563169869941e-01
3.339069720585771672e-01
3.042944356851368104e-01
0.000000000000000000e+00
0.000000000000000000e+00
0.000000000000000000e+00
2.995422791182623667e-01
0.000000000000000000e+00
4.062696235342947992e-01
0.000000000000000000e+00
4.262574380749519776e-01
3.004651384010585957e-01
0.000000000000000000e+00
4.438487316380746450e-01
0.000000000000000000e+00
0.000000000000000000e+00
3.788335485112299117e-01
0.000000000000000000e+00
0.000000000000000000e+00
4.269796822007616011e-01
0.000000000000000000e+00
0.000000000000000000e+00
3.453546294573945352e-01
4.116875469994353831e-01
4.318224628197656068e-01
0.000000000000000000e+00
3.788335485112299117e-01
3.231311620155644104e-01
3.528426002560444141e-01
3.995167569782263062e-01
3.311528210627844859e-01
0.000000000000000000e+00
3.601029159493936982e-01
3.616666035016961045e-01
3.549028813469504717e-01
0.000000000000000000e+00
0.000000000000000000e+00
0.000000000000000000e+00
3.576856277214580104e-01
5.794794943499634865e-01
3.270037999618509716e-01
0.000000000000000000e+00
4.065942544681007131e-01
0.000000000000000000e+00
0.000000000000000000e+00
0.000000000000000000e+00
0.000000000000000000e+00
0.000000000000000000e+00
0.000000000000000000e+00
2.668923413542319545e-01
4.366866410741527815e-01
2.519685678697634601e-01
3.392868505948443136e-01
0.000000000000000000e+00
3.858662599188050768e-01
0.000000000000000000e+00
0.000000000000000000e+00
0.000000000000000000e+00
0.000000000000000000e+00
4.127569555658508471e-01
3.517725468054056503e-01
4.154432159271078118e-01
0.000000000000000000e+00
3.590856692079159029e-01
2.648463356831043947e-01
0.000000000000000000e+00
4.047893248525373244e-01
2.924962774642978491e-01
3.563765468578449780e-01
3.628509956026939043e-01
2.811661952191492619e-01
4.275149225180268076e-01
0.000000000000000000e+00
3.833616827493799839e-01
4.280927724316599403e-01
2.853051556304813108e-01
4.120151855297891630e-01
4.058922316786294227e-01
0.000000000000000000e+00
3.210379779800731637e-01
0.000000000000000000e+00
0.000000000000000000e+00
0.000000000000000000e+00
0.000000000000000000e+00
0.000000000000000000e+00
3.293960114427464947e-01
2.887158246246317450e-01
4.047293678891260571e-01
0.000000000000000000e+00
3.573967700806962022e-01
2.625211935253216056e-01
3.918123131496603073e-01
3.948842732925433863e-01
4.280927724316599403e-01
4.206193174942894908e-01
2.755334268390178254e-01
0.000000000000000000e+00
3.086397217793221959e-01
3.366214069415146004e-01
0.000000000000000000e+00
0.000000000000000000e+00
0.000000000000000000e+00
4.290165046098100010e-01
0.000000000000000000e+00
2.371315375746804732e-01
2.721073347020610544e-01
3.511539871142237423e-01
4.637430604136859036e-01
3.026803626630619193e-01
3.513079750798915879e-01
4.404273771615925259e-01
0.000000000000000000e+00
2.600119097696645398e-01
4.133761973110393617e-01
0.000000000000000000e+00
0.000000000000000000e+00
0.000000000000000000e+00
0.000000000000000000e+00
3.681761011770947611e-01
2.916632827471664635e-01
3.801913890980330168e-01
4.280927724316599403e-01
0.000000000000000000e+00
3.966932024118360878e-01
0.000000000000000000e+00
0.000000000000000000e+00
2.755334268390178254e-01
3.399469148744230784e-01
3.456808873370219581e-01
0.000000000000000000e+00
3.439384516159064709e-01
0.000000000000000000e+00
3.606824469369441233e-01
2.742133566165312897e-01
3.628680003760195172e-01
3.668890989569557615e-01
4.206193174942894908e-01
2.985733613593244962e-01
0.000000000000000000e+00
0.000000000000000000e+00
0.000000000000000000e+00
3.090949926315460505e-01
3.286581543864302013e-01
0.000000000000000000e+00
4.452914791833126884e-01
3.286983136409140638e-01
0.000000000000000000e+00
3.382118130032227832e-01
3.062592321479091217e-01
0.000000000000000000e+00
0.000000000000000000e+00
3.938529006698772150e-01
3.059159278242488123e-01
3.961653543091735452e-01
3.510318202355289796e-01
4.275388765266598945e-01
4.105086482739953579e-01
3.561371980380629299e-01
0.000000000000000000e+00
3.543260233939708459e-01
0.000000000000000000e+00
3.615984689085075532e-01
2.923590080651880529e-01
0.000000000000000000e+00
4.047007205711204425e-01
3.475954269623273696e-01
3.626429342329419159e-01
4.387117133438548366e-01
4.202931503337054564e-01
3.288283904709682903e-01
3.614492640045632865e-01
4.069558474199975739e-01
2.976099798716872469e-01
0.000000000000000000e+00
3.592915313494091656e-01
3.606824469369441233e-01
5.315898806803668331e-01
3.242780678858769861e-01
0.000000000000000000e+00
4.055990441918165268e-01
0.000000000000000000e+00
3.340806271632014712e-01
0.000000000000000000e+00
3.612582167145130252e-01
3.550448971052505009e-01
4.012977240897839804e-01
2.901400951680572216e-01
0.000000000000000000e+00
3.872698652334203850e-01
0.000000000000000000e+00
3.340196694580434000e-01
0.000000000000000000e+00
2.746587558071597046e-01
4.110761796844641380e-01
3.813033768635277210e-01
0.000000000000000000e+00
0.000000000000000000e+00
0.000000000000000000e+00
3.229918159639004749e-01
4.167289652856264737e-01
0.000000000000000000e+00
0.000000000000000000e+00
4.642709851672859878e-01
3.742790513000335828e-01
3.935121917997007612e-01
0.000000000000000000e+00
4.054634762989279273e-01
4.059399868391943556e-01
4.179959619238621804e-01
3.676142053279766730e-01
4.690742675576328735e-01
3.575576451350308549e-01
0.000000000000000000e+00
3.194062761352329805e-01
0.000000000000000000e+00
0.000000000000000000e+00
0.000000000000000000e+00
0.000000000000000000e+00
0.000000000000000000e+00
3.720652106747576737e-01
4.918826775581764954e-01
0.000000000000000000e+00
0.000000000000000000e+00
0.000000000000000000e+00
2.882327034587723324e-01
0.000000000000000000e+00
0.000000000000000000e+00
3.017276180957933485e-01
3.755510176383230481e-01
0.000000000000000000e+00
3.536106054587412895e-01
0.000000000000000000e+00
3.492278551064347814e-01
3.328738491216058915e-01
4.650997091855346155e-01
3.802943405436767788e-01
2.992175599187392732e-01
0.000000000000000000e+00
2.768594505591339683e-01
5.315898806803668331e-01
3.182871731938831661e-01
3.606824469369441233e-01
4.001682527108555987e-01
4.252846191715872748e-01
4.224327566086781838e-01
3.487155765917857586e-01
3.796414534003643704e-01
0.000000000000000000e+00
0.000000000000000000e+00
0.000000000000000000e+00
3.006106668991471720e-01
3.510318202355289796e-01
3.917501164771017841e-01
3.843893151341852832e-01
0.000000000000000000e+00
3.667791204810966210e-01
4.172109023347895795e-01
3.879874691328459302e-01
3.768615094830518597e-01
3.210379779800731637e-01
4.143921250646728782e-01
0.000000000000000000e+00
4.123687308754610537e-01
3.723360993405109287e-01
4.022343883303908241e-01
2.883383913627187711e-01
0.000000000000000000e+00
2.808712745714632142e-01
4.205359182007811780e-01
0.000000000000000000e+00
0.000000000000000000e+00
3.541898776800164739e-01
2.883938481622844718e-01
4.117094604059493568e-01
4.508465403621545464e-01
0.000000000000000000e+00
3.339770231901226238e-01
0.000000000000000000e+00
2.742133566165312897e-01
3.039618536825093864e-01
3.422354106143135066e-01
0.000000000000000000e+00
3.249573283848053440e-01
3.270040521567896263e-01
3.649395672967939985e-01
4.563159774977256777e-01
0.000000000000000000e+00
4.133617082599057579e-01
3.034414538342840584e-01
2.861604409096410451e-01
3.159473616707547672e-01
3.487155765917857586e-01
3.711368033774203878e-01
3.259508711467992703e-01
0.000000000000000000e+00
3.769042658281550051e-01
3.869052316341138331e-01
3.000867366400833403e-01
0.000000000000000000e+00
4.028509465543463897e-01
3.684863000859900928e-01
3.422354106143135066e-01
0.000000000000000000e+00
3.918453055297114185e-01
3.198290129389867453e-01
3.580708548070841157e-01
3.168915817966811987e-01
3.686061296392474373e-01
3.532586219913581571e-01
0.000000000000000000e+00
4.264367001027713489e-01
4.334264714339351454e-01
3.616878747743121347e-01
3.687496047761748552e-01
3.710956223993311931e-01
3.651540669822237462e-01
4.153665879439282782e-01
0.000000000000000000e+00
2.853051556304813108e-01
3.416886157689276171e-01
4.253574328183409858e-01
3.356676128636685297e-01
3.742790842376764737e-01
3.547582441032096634e-01
0.000000000000000000e+00
4.132604780345984774e-01
3.622634235583267470e-01
4.148824331447485969e-01
0.000000000000000000e+00
3.495910300695463935e-01
0.000000000000000000e+00
4.192457943116886798e-01
3.015772594832543674e-01
3.071920272309229261e-01
0.000000000000000000e+00
3.704562058332132590e-01
0.000000000000000000e+00
3.402761811883518450e-01
0.000000000000000000e+00
2.935887144330486254e-01
3.266133526354810246e-01
3.515009966344482262e-01
3.751309725035458231e-01
3.017276180957933485e-01
3.566667263601172033e-01
3.305307296834077979e-01
0.000000000000000000e+00
3.623376468345429480e-01
0.000000000000000000e+00
3.625818501081218281e-01
3.825567958269083801e-01
3.004725583443302872e-01
3.484744843772795142e-01
4.104583930387464830e-01
3.710641391477536577e-01
3.880720743418998309e-01
2.892698787181557374e-01
0.000000000000000000e+00
3.595768885678082283e-01
3.225505882161102122e-01
3.545171034148393296e-01
3.469768152696333652e-01
3.353931578986936723e-01
3.808332300284505978e-01
3.338856029035533468e-01
3.997474034040659485e-01
3.976490251370556894e-01
3.460863288701933049e-01
3.406092514937473781e-01
3.580336715861313079e-01
3.859256367221073347e-01
0.000000000000000000e+00
0.000000000000000000e+00
3.859811088153584091e-01
4.016991106821177770e-01
3.452820883376938599e-01
3.824901563550996419e-01
4.407537448724799800e-01
2.944818867414571995e-01
3.490356944449978238e-01
4.040708300192413782e-01
0.000000000000000000e+00
4.604819318113650972e-01
3.834584790505956020e-01
4.290322857343127905e-01
4.049534434518703985e-01
4.180675366041907703e-01
0.000000000000000000e+00
4.026533499471386390e-01
3.681554760857411179e-01
3.071920272309229261e-01
3.874354539981948453e-01
3.282043033473893701e-01
0.000000000000000000e+00
0.000000000000000000e+00
0.000000000000000000e+00
0.000000000000000000e+00
4.443156798748081338e-01
3.544484194268759381e-01
4.443156798748081338e-01
3.823063141170712220e-01
3.876350762351040147e-01
3.694722591819858404e-01
3.897244470500725311e-01
3.629873858281259524e-01
0.000000000000000000e+00
0.000000000000000000e+00
3.387740196949723948e-01
0.000000000000000000e+00
3.526442931409179415e-01
2.976099798716872469e-01
3.577026547665050904e-01
3.687922621990803451e-01
3.345134501332535648e-01
3.669292811099165719e-01
3.774203676588140932e-01
0.000000000000000000e+00
0.000000000000000000e+00
3.629873858281259524e-01
3.871889767461034748e-01
4.160873173194877261e-01
3.795712238895933011e-01
3.311876947982035913e-01
4.554653040299115330e-01
3.739580998447946114e-01
4.049534434518703985e-01
3.886866959495265950e-01
3.485966814832730520e-01
3.695357648080344615e-01
0.000000000000000000e+00
3.632291796719127053e-01
0.000000000000000000e+00
4.053570490685524108e-01
4.790354818961083394e-01
3.655484662219556924e-01
3.124655465458541226e-01
3.868382383962846727e-01
2.780274796003348037e-01
3.254519181226792623e-01
4.408030617334882106e-01
3.023351976389276885e-01
0.000000000000000000e+00
3.765015886387547139e-01
3.345134501332535648e-01
0.000000000000000000e+00
3.590856692079159029e-01
0.000000000000000000e+00
0.000000000000000000e+00
4.418046869517219255e-01
4.740032270349311405e-01
0.000000000000000000e+00
0.000000000000000000e+00
3.997474034040659485e-01
3.882425722068730267e-01
3.888157653849357853e-01
3.237734095342414409e-01
0.000000000000000000e+00
0.000000000000000000e+00
0.000000000000000000e+00
3.744882222747296652e-01
3.764956236731431538e-01
4.486340326886122942e-01
4.315672057697891861e-01
0.000000000000000000e+00
0.000000000000000000e+00
4.538971296488060192e-01
0.000000000000000000e+00
4.809311820201691567e-01
0.000000000000000000e+00
0.000000000000000000e+00
3.849386057895121116e-01
3.675315636808800246e-01
4.441680845121469545e-01
3.920073317450357697e-01
4.188030415052583777e-01
4.132739676160651077e-01
3.768615094830518597e-01
3.478956190415578575e-01
2.820598679712439938e-01
0.000000000000000000e+00
3.878832644454626166e-01
0.000000000000000000e+00
2.738319479114868504e-01
3.156893451953621810e-01
2.657403600745636418e-01
0.000000000000000000e+00
4.359111807464496890e-01
3.085980236287054201e-01
4.104960161484619841e-01
3.162283312617838460e-01
3.402978608674862016e-01
4.195387460487754461e-01
4.023900133517011590e-01
4.192457943116886798e-01
2.936654893041829584e-01
4.064792406613770837e-01
3.013067125932654133e-01
3.484358514391161510e-01
4.453666083118003605e-01
4.257717707029143872e-01
4.257168913304520408e-01
3.367477470819897345e-01
0.000000000000000000e+00
0.000000000000000000e+00
3.490410876181125888e-01
3.835399925860462633e-01
4.678187102266359032e-01
0.000000000000000000e+00
4.918826775581764954e-01
3.194062761352329805e-01
3.340675635078616534e-01
4.477550240595826736e-01
3.467541164770439610e-01
0.000000000000000000e+00
3.270037999618509716e-01
3.225126829607968815e-01
3.492278551064347814e-01
3.687029680539855581e-01
3.620982365161675154e-01
3.150327668486929134e-01
3.955917738243202586e-01
3.551654172093886008e-01
0.000000000000000000e+00
0.000000000000000000e+00
4.041894388942334215e-01
4.393490025576165525e-01
4.083857535791501348e-01
4.366073670303739496e-01
0.000000000000000000e+00
3.231311620155644104e-01
3.777929371568454209e-01
3.523395772791623193e-01
0.000000000000000000e+00
3.763824968274553373e-01
0.000000000000000000e+00
0.000000000000000000e+00
4.322194505668144338e-01
4.298708311678887117e-01
4.432581153765901005e-01
0.000000000000000000e+00
4.182297531233212240e-01
2.874753272218000810e-01
0.000000000000000000e+00
0.000000000000000000e+00
3.175512733158651901e-01
0.000000000000000000e+00
4.606932014947889842e-01
0.000000000000000000e+00
0.000000000000000000e+00
0.000000000000000000e+00
4.900569605113845872e-01
0.000000000000000000e+00
4.858245552963818548e-01
0.000000000000000000e+00
0.000000000000000000e+00
4.537520952133459184e-01
4.101673896175058176e-01
0.000000000000000000e+00
4.669599649033141509e-01
3.637792556880304340e-01
3.250865238959046444e-01
3.445646308241291367e-01
4.563611322980248852e-01
4.699460192842593309e-01
3.733409283243875887e-01
4.244347483170627933e-01
3.475954269623273696e-01
2.959182662513367701e-01
3.739115285658627386e-01
0.000000000000000000e+00
3.560454536393061753e-01
0.000000000000000000e+00
4.633815685397199013e-01
4.537520952133459184e-01
4.484529226210087205e-01
3.396994272588057528e-01
4.158635769267267079e-01
3.543134734153706167e-01
3.478956190415578575e-01
2.529474195892538191e-01
3.309536648284512328e-01
0.000000000000000000e+00
3.707404254430030632e-01
3.949114095343805864e-01
0.000000000000000000e+00
3.601377287758779633e-01
5.081758417428265950e-01
3.979398561515043453e-01
0.000000000000000000e+00
4.283821193555734652e-01
3.506459596478767038e-01
3.340057171824066251e-01
3.184428112350246032e-01
3.566667263601172033e-01
4.126804091665766117e-01
3.334512009473001859e-01
2.952977852787800339e-01
3.835399925860462633e-01
3.737098736713114211e-01
4.172971415213080348e-01
4.610423753209089703e-01
0.000000000000000000e+00
2.485468045336650944e-01
2.711513848100415291e-01
0.000000000000000000e+00
3.524103886223721727e-01
0.000000000000000000e+00
0.000000000000000000e+00
3.478384255099505329e-01
0.000000000000000000e+00
4.287880510026173542e-01
0.000000000000000000e+00
3.809581093187546230e-01
3.318521590286185319e-01
0.000000000000000000e+00
0.000000000000000000e+00
4.516975021568480075e-01
5.794794943499634865e-01
0.000000000000000000e+00
3.759598611845775817e-01
2.540565602594468397e-01
3.877994346662719249e-01
2.900819635517439266e-01
4.355968791799935680e-01
0.000000000000000000e+00
0.000000000000000000e+00
3.485374481057615381e-01
4.065942544681007131e-01
0.000000000000000000e+00
3.629873858281259524e-01
4.692014628173654667e-01
3.727671011296285752e-01
3.150327668486929134e-01
4.247431072551363096e-01
0.000000000000000000e+00
3.956359146130575821e-01
0.000000000000000000e+00
2.683247658469765096e-01
3.845036130617174863e-01
0.000000000000000000e+00
4.535832187561099627e-01
0.000000000000000000e+00
3.813479619295695455e-01
3.680348045199025586e-01
4.040708300192413782e-01
3.751350555130931741e-01
3.736498118185344608e-01
2.935199380524296520e-01
0.000000000000000000e+00
3.861699091554204322e-01
3.308562910520122524e-01
0.000000000000000000e+00
3.186679333915217738e-01
4.224853920322793610e-01
0.000000000000000000e+00
3.010160238903871743e-01
2.910565997480605294e-01
2.905620903348977158e-01
4.438487316380746450e-01
3.453546294573945352e-01
3.468271321187523237e-01
4.055990441918165268e-01
3.534167478019670239e-01
3.664385852085738082e-01
4.178957014502915346e-01
0.000000000000000000e+00
4.185604705874046427e-01
0.000000000000000000e+00
4.040708300192413782e-01
4.117290252400623296e-01
3.988509538576268665e-01
3.683818057092737575e-01
3.904873919627561696e-01
3.042944356851368104e-01
4.538971296488060192e-01
4.471722360114834816e-01
2.872173421878629895e-01
0.000000000000000000e+00
4.018952371196622408e-01
3.576856277214580104e-01
0.000000000000000000e+00
4.538333921273763893e-01
0.000000000000000000e+00
4.543291438207778254e-01
0.000000000000000000e+00
3.646154167362428700e-01
3.110639481102470683e-01
4.047893248525373244e-01
0.000000000000000000e+00
4.033591194742432995e-01
4.119667375973636858e-01
4.097621103959374622e-01
3.357349957337280033e-01
4.123687308754610537e-01
3.294620162969731925e-01
4.168105359990552095e-01
2.795933877321541972e-01
4.031104153236378385e-01
2.902540751212462355e-01
2.796865923966466716e-01
3.490410876181125888e-01
3.544925646477331549e-01
3.507927221510768190e-01
3.212069830082621702e-01
3.892126606971699210e-01
3.235961018423105795e-01
2.748964172200826228e-01
0.000000000000000000e+00
3.325202524802902682e-01
3.581429018700072464e-01
2.795933877321541972e-01
4.031465049149314805e-01
0.000000000000000000e+00
3.527006151723506289e-01
3.677966209927112651e-01
4.523115512319382248e-01
4.286327841320404786e-01
0.000000000000000000e+00
3.722600413836960054e-01
3.534167478019670239e-01
2.984236249758515647e-01
0.000000000000000000e+00
2.820598679712439938e-01
4.936240532367604517e-01
3.515009966344482262e-01
2.612003542826307756e-01
4.456073119127576532e-01
4.322194505668144338e-01
3.791571383710430343e-01
0.000000000000000000e+00
4.036677401502503093e-01
0.000000000000000000e+00
4.496212782951231612e-01
3.366214069415146004e-01
3.459076767283592035e-01
2.824497247156890767e-01
3.242780678858769861e-01
3.519840684201355763e-01
3.309432076230314768e-01
3.436110276413163467e-01
2.818097631725460239e-01
4.035840525729280648e-01
3.971585588035818626e-01
4.069558474199975739e-01
2.880919444501092719e-01
2.713550040641842243e-01
2.819518226745650891e-01
4.186951291129749064e-01
2.857344816202889159e-01
3.200714360371712530e-01
3.525381247395556472e-01
4.105086482739953579e-01
3.916628384365981597e-01
3.360476309809026230e-01
3.954530857052528381e-01
0.000000000000000000e+00
4.028655470697541929e-01
3.765233641043403412e-01
4.130012286417509837e-01
0.000000000000000000e+00
3.125659734267351442e-01
3.110947404172269559e-01
3.534167478019670239e-01
0.000000000000000000e+00
3.526442931409179415e-01
3.886625064076420499e-01
0.000000000000000000e+00
3.954483999289248874e-01
2.820598679712439938e-01
0.000000000000000000e+00
3.978144014979466681e-01
0.000000000000000000e+00
0.000000000000000000e+00
0.000000000000000000e+00
0.000000000000000000e+00
4.103711442472456339e-01
0.000000000000000000e+00
3.245934216291907481e-01
3.894241022441827238e-01
4.117192629502748336e-01
4.658523083236419393e-01
3.824425516579280093e-01
3.324297223481478825e-01
0.000000000000000000e+00
3.101536336524998716e-01
4.510217635964763883e-01
0.000000000000000000e+00
3.071920272309229261e-01
3.357805197797382180e-01
3.618424056825908508e-01
0.000000000000000000e+00
0.000000000000000000e+00
2.648463356831043947e-01
3.212501277274488753e-01
4.486340326886122942e-01
4.231315229674268985e-01
2.838480994282708836e-01
3.356763345433860235e-01
4.104583930387464830e-01
3.961979292293840160e-01
3.734775307354251117e-01
0.000000000000000000e+00
4.289879706752910971e-01
4.143559964631052805e-01
3.765083596525239940e-01
4.231315229674268985e-01
5.039298470665630747e-01
3.050499181994166809e-01
2.796865923966466716e-01
0.000000000000000000e+00
3.726290115578457240e-01
0.000000000000000000e+00
3.376447974480591419e-01
3.279872447499301291e-01
3.661266274097091933e-01
3.981832932053649410e-01
3.689050958544168313e-01
0.000000000000000000e+00
2.698458986078908772e-01
3.657607398399104204e-01
0.000000000000000000e+00
0.000000000000000000e+00
4.742357239588210205e-01
0.000000000000000000e+00
3.484358514391161510e-01
0.000000000000000000e+00
0.000000000000000000e+00
4.678187102266359032e-01
4.006130286600105839e-01
4.193570637750547170e-01
4.301225341201478369e-01
4.257717707029143872e-01
3.513232243393146215e-01
3.468271321187523237e-01
0.000000000000000000e+00
4.103136241467252865e-01
3.920431355734067536e-01
4.008031834726184517e-01
3.006106668991471720e-01
3.344845271440624046e-01
0.000000000000000000e+00
3.369110471487726244e-01
3.478353645172808650e-01
4.397189053264978220e-01
3.566533535131882759e-01
3.803880537416322594e-01
0.000000000000000000e+00
3.232244490865208708e-01
0.000000000000000000e+00
4.287880510026173542e-01
0.000000000000000000e+00
4.547061045804215440e-01
4.315672057697891861e-01
0.000000000000000000e+00
4.468216860515193400e-01
3.649395672967939985e-01
0.000000000000000000e+00
3.010160238903871743e-01
3.200117693642630101e-01
4.479028418607107209e-01
3.845036130617174863e-01
0.000000000000000000e+00
3.669993008593179229e-01
0.000000000000000000e+00
3.601377287758779633e-01
4.041894388942334215e-01
3.804310190892980503e-01
2.763586149668386116e-01
4.486340326886122942e-01
0.000000000000000000e+00
3.887735252952646547e-01
3.416374807103030320e-01
0.000000000000000000e+00
3.246416194879142569e-01
3.218641742871332645e-01
3.287339513426141280e-01
2.906187398807389410e-01
3.490410876181125888e-01
3.645600045954874302e-01
0.000000000000000000e+00
2.492291542486706202e-01
0.000000000000000000e+00
0.000000000000000000e+00
4.699944945570922461e-01
0.000000000000000000e+00
3.124655465458541226e-01
4.311545913773628391e-01
0.000000000000000000e+00
4.116497706700592563e-01
0.000000000000000000e+00
0.000000000000000000e+00
0.000000000000000000e+00
0.000000000000000000e+00
3.649395672967939985e-01
0.000000000000000000e+00
3.649395672967939985e-01
0.000000000000000000e+00
3.197665874007386555e-01
3.589228325406073616e-01
4.397189053264978220e-01
2.916632827471664635e-01
3.257572325066186436e-01
0.000000000000000000e+00
3.615984689085075532e-01
3.225565341947489451e-01
2.892698787181557374e-01
0.000000000000000000e+00
0.000000000000000000e+00
3.615984689085075532e-01
4.858245552963818548e-01
5.136444171627769784e-01
4.191511523324455424e-01
3.023697852455154989e-01
3.042944356851368104e-01
4.918447430877996296e-01
0.000000000000000000e+00
3.898661070544937046e-01
4.070755761098908687e-01
3.061239351726185998e-01
3.774203676588140932e-01
3.522639406987840283e-01
3.310393227575383901e-01
4.287880510026173542e-01
3.336004419431056189e-01
0.000000000000000000e+00
3.085980236287054201e-01
0.000000000000000000e+00
3.060532655960880311e-01
3.263264911937388546e-01
3.332554577376846128e-01
4.505867168075857743e-01
0.000000000000000000e+00
3.777929371568454209e-01
3.823374926878875812e-01
3.273904874458889447e-01
3.040054333225066241e-01
4.170196855401403502e-01
0.000000000000000000e+00
4.047007205711204425e-01
0.000000000000000000e+00
3.477378046857019234e-01
3.771286668531155239e-01
0.000000000000000000e+00
0.000000000000000000e+00
3.895523931064595047e-01
3.602560861557496663e-01
4.298660446850496863e-01
3.751350555130931741e-01
4.103803439476692572e-01
2.636843617962558728e-01
0.000000000000000000e+00
0.000000000000000000e+00
0.000000000000000000e+00
4.810746186191181550e-01
4.392049776293526220e-01
3.629873858281259524e-01
2.677723582623930398e-01
3.484744843772795142e-01
0.000000000000000000e+00
3.346626024489237627e-01
3.879874691328459302e-01
3.529275311518169644e-01
0.000000000000000000e+00
3.161905066881455784e-01
0.000000000000000000e+00
2.698458986078908772e-01
3.824425516579280093e-01
3.891326876328829454e-01
3.682283071891882531e-01
2.803133050949903060e-01
4.003204205514027669e-01
4.262574380749519776e-01
4.074057771827950813e-01
4.247584571725164793e-01
0.000000000000000000e+00
0.000000000000000000e+00
4.458370507110133718e-01
3.312861513547014636e-01
3.760091868412870353e-01
4.740793941213731766e-01
3.231691167826217792e-01
3.504821810968781759e-01
2.683247658469765096e-01
0.000000000000000000e+00
3.839816454222927944e-01
3.777139419336572601e-01
3.918884882034679995e-01
3.527006151723506289e-01
2.371315375746804732e-01
3.166532185432495150e-01
3.129000338847560125e-01
4.025021512977374760e-01
3.814585153302197384e-01
3.768615094830518597e-01
3.511774015402983062e-01
2.941393348792566420e-01
3.138415087538207193e-01
3.237946692859722808e-01
3.674254158298169148e-01
3.155967579603967677e-01
0.000000000000000000e+00
3.610863758799371936e-01
3.150327668486929134e-01
3.513079750798915879e-01
2.804253136530315826e-01
0.000000000000000000e+00
3.360518325002849749e-01
3.543163907521376665e-01
3.132233474508834270e-01
4.118815850044659221e-01
4.116497706700592563e-01
0.000000000000000000e+00
3.125659734267351442e-01
4.756470380816297805e-01
0.000000000000000000e+00
3.874552670220843265e-01
3.123608853476769753e-01
4.065657600239725999e-01
3.957810929692284763e-01
4.165649849924187298e-01
3.518993783733618819e-01
2.941417622534061027e-01
3.155263876507399812e-01
4.332645478710036024e-01
0.000000000000000000e+00
3.349997689338211071e-01
3.441228459197472334e-01
4.014868534186935567e-01
0.000000000000000000e+00
3.455210663571405272e-01
3.446634458487958796e-01
4.056718264745086122e-01
0.000000000000000000e+00
3.824372454221673934e-01
3.392621365381116583e-01
0.000000000000000000e+00
4.371444736190712166e-01
4.017410096163502864e-01
2.914943680295233319e-01
2.636843617962558728e-01
4.191963352714691560e-01
3.634553551315201636e-01
4.093170015928785377e-01
2.883383913627187711e-01
4.047175820746730102e-01
4.047007205711204425e-01
4.206193174942894908e-01
4.319047439915481568e-01
4.097150973268221530e-01
3.850625125889026168e-01
3.669530759643372386e-01
4.080529737282397318e-01
3.040421946672831055e-01
4.582054531843601231e-01
0.000000000000000000e+00
2.953515854600259893e-01
3.549231659583908516e-01
3.349601291360236877e-01
3.217905212910440738e-01
4.630358672521734387e-01
0.000000000000000000e+00
2.923656105254013315e-01
0.000000000000000000e+00
0.000000000000000000e+00
0.000000000000000000e+00
4.275149225180268076e-01
0.000000000000000000e+00
4.223381250150281541e-01
3.231620561148170756e-01
0.000000000000000000e+00
4.247584571725164793e-01
0.000000000000000000e+00
3.448425603383934446e-01
3.626429342329419159e-01
3.071920272309229261e-01
3.602704459643327750e-01
3.182871731938831661e-01
0.000000000000000000e+00
3.971585588035818626e-01
3.523192757261264796e-01
3.442849695731966531e-01
4.174867624679175493e-01
3.543163907521376665e-01
4.013271339176373576e-01
3.351957963553970354e-01
3.783633019157306432e-01
3.517396790608683377e-01
4.247584571725164793e-01
3.706887905514598125e-01
2.941417622534061027e-01
2.702829901486674680e-01
2.820598679712439938e-01
2.859942472549351078e-01
3.755766684650544973e-01
4.104583930387464830e-01
3.134682922325568999e-01
2.876745143887896594e-01
3.367477470819897345e-01
3.184428112350246032e-01
0.000000000000000000e+00
3.507979961838644245e-01
4.094432185384742073e-01
3.097138204617108093e-01
3.701585701864505973e-01
3.737827991723725041e-01
3.237946692859722808e-01
0.000000000000000000e+00
3.613991922583238425e-01
0.000000000000000000e+00
0.000000000000000000e+00
2.883956544070985784e-01
4.167289652856264737e-01
3.871935098121681018e-01
3.558509112925287710e-01
4.054634762989279273e-01
3.545526129905898771e-01
3.658869016566944632e-01
3.381978554913665502e-01
3.591252800301888426e-01
4.653795958388506904e-01
0.000000000000000000e+00
3.576036682071632722e-01
3.176747752675025405e-01
0.000000000000000000e+00
4.677819720772337098e-01
3.162954459335657331e-01
0.000000000000000000e+00
4.247431072551363096e-01
3.753430007575380145e-01
4.070755761098908687e-01
3.566828361058541619e-01
0.000000000000000000e+00
3.540164010522157678e-01
0.000000000000000000e+00
3.892126606971699210e-01
3.566430577737159657e-01
3.430972498982556851e-01
3.935657252089718172e-01
3.798659936563820172e-01
3.688141815202907181e-01
4.039880043385852271e-01
3.977999152091026835e-01
3.880870911090626429e-01
4.075592532657963396e-01
2.749168742288699008e-01
0.000000000000000000e+00
2.657403600745636418e-01
3.230220112135627764e-01
2.657403600745636418e-01
0.000000000000000000e+00
0.000000000000000000e+00
3.760091868412870353e-01
3.409541984523715152e-01
3.523192757261264796e-01
3.442849695731966531e-01
0.000000000000000000e+00
0.000000000000000000e+00
3.663656719090361835e-01
3.938529006698772150e-01
3.262930117323107337e-01
3.840825632065125173e-01
0.000000000000000000e+00
2.698298927321129415e-01
3.269872777130475305e-01
4.562545407182524437e-01
0.000000000000000000e+00
3.447739841297233210e-01
4.436465347109002089e-01
3.871889767461034748e-01
3.214792513992141276e-01
0.000000000000000000e+00
3.009043346888342629e-01
3.615752130631149641e-01
4.650997091855346155e-01
3.853998778372134115e-01
2.808712745714632142e-01
3.106596580868973834e-01
4.186553142370733060e-01
3.676504628740334679e-01
3.209406442146620630e-01
2.916632827471664635e-01
0.000000000000000000e+00
0.000000000000000000e+00
0.000000000000000000e+00
3.967971491383811555e-01
0.000000000000000000e+00
4.000115582539495729e-01
3.140767673250259295e-01
0.000000000000000000e+00
0.000000000000000000e+00
0.000000000000000000e+00
0.000000000000000000e+00
0.000000000000000000e+00
3.726290115578457240e-01
0.000000000000000000e+00
0.000000000000000000e+00
2.715840948112660524e-01
0.000000000000000000e+00
0.000000000000000000e+00
4.193570637750547170e-01
3.751903197678501667e-01
3.237734095342414409e-01
4.130012286417509837e-01
3.490356944449978238e-01
3.954638580671146486e-01
3.000867366400833403e-01
3.646154167362428700e-01
4.109677559655070533e-01
2.912484631020663683e-01
2.738319479114868504e-01
4.566936002745500822e-01
4.166089661401684019e-01
3.616878747743121347e-01
4.216348319018465296e-01
3.059159278242488123e-01
0.000000000000000000e+00
4.017776611325873382e-01
3.866805754161102282e-01
3.490165119715266107e-01
3.539811924951522526e-01
3.763346189959524413e-01
0.000000000000000000e+00
0.000000000000000000e+00
0.000000000000000000e+00
3.077004135781929439e-01
0.000000000000000000e+00
3.823374926878875812e-01
3.122381004597956089e-01
4.489107210932318237e-01
0.000000000000000000e+00
0.000000000000000000e+00
3.128297094323271299e-01
3.298768989243457406e-01
2.544777669616434812e-01
0.000000000000000000e+00
3.782341470030214925e-01
3.472442287531626315e-01
2.918440664399318818e-01
3.608545200506536599e-01
0.000000000000000000e+00
0.000000000000000000e+00
0.000000000000000000e+00
0.000000000000000000e+00
3.470252527127942743e-01
0.000000000000000000e+00
4.216348319018465296e-01
4.298195552566754229e-01
0.000000000000000000e+00
0.000000000000000000e+00
0.000000000000000000e+00
0.000000000000000000e+00
3.117599213231144750e-01
0.000000000000000000e+00
5.045223510589840199e-01
0.000000000000000000e+00
3.886625064076420499e-01
2.780353760056762935e-01
4.419359321193057633e-01
3.938529006698772150e-01
0.000000000000000000e+00
3.446634458487958796e-01
4.654801554202818159e-01
0.000000000000000000e+00
3.462409422153434058e-01
0.000000000000000000e+00
0.000000000000000000e+00
4.133539444402694607e-01
0.000000000000000000e+00
3.730083587475516715e-01
3.855690779381015232e-01
4.257717707029143872e-01
0.000000000000000000e+00
4.310732086176504718e-01
0.000000000000000000e+00
4.663230528950780274e-01
0.000000000000000000e+00
4.585050426672654389e-01
0.000000000000000000e+00
4.298660446850496863e-01
0.000000000000000000e+00
0.000000000000000000e+00
3.455210663571405272e-01
2.508097302616967283e-01
3.036685033547337764e-01
4.375634481510606300e-01
3.036685033547337764e-01
0.000000000000000000e+00
3.712178112012440301e-01
0.000000000000000000e+00
3.586886809269539955e-01
3.682283071891882531e-01
0.000000000000000000e+00
0.000000000000000000e+00
4.504592404109963311e-01
4.469488237215052950e-01
4.652003313869499390e-01
2.859942472549351078e-01
0.000000000000000000e+00
3.142824065662009891e-01
0.000000000000000000e+00
0.000000000000000000e+00
0.000000000000000000e+00
0.000000000000000000e+00
0.000000000000000000e+00
0.000000000000000000e+00
0.000000000000000000e+00
3.460473401835023055e-01
4.325132082918198839e-01
4.105608557619933041e-01
4.367672517773588114e-01
4.961406609107583132e-01
2.888514554673158874e-01
4.176315564228154087e-01
3.008745833798687763e-01
3.827166006303365786e-01
4.228441819167832461e-01
3.357460654838624325e-01
0.000000000000000000e+00
0.000000000000000000e+00
3.959227930326099654e-01
0.000000000000000000e+00
0.000000000000000000e+00
2.648463356831043947e-01
4.407537448724799800e-01
0.000000000000000000e+00
0.000000000000000000e+00
2.683595014438736603e-01
3.070075490621714254e-01
4.413764663221317885e-01
3.545430134163930491e-01
3.211792037549769385e-01
0.000000000000000000e+00
0.000000000000000000e+00
0.000000000000000000e+00
0.000000000000000000e+00
4.388233946995346857e-01
3.832051878914960463e-01
0.000000000000000000e+00
3.007320073677699490e-01
0.000000000000000000e+00
0.000000000000000000e+00
3.336506124042960542e-01
3.162916767301126586e-01
4.018952371196622408e-01
0.000000000000000000e+00
0.000000000000000000e+00
3.846167094546953935e-01
3.439384516159064709e-01
2.780353760056762935e-01
4.058922316786294227e-01
4.420746648821001767e-01
4.082486017507189202e-01
3.691476167984178991e-01
2.883956544070985784e-01
3.471990006387796202e-01
3.446007025649858169e-01
4.407537448724799800e-01
3.900019317996543666e-01
2.883956544070985784e-01
3.539734581088512244e-01
3.877994346662719249e-01
0.000000000000000000e+00
4.144832881873569130e-01
3.459746166062140360e-01
0.000000000000000000e+00
3.900596778314072699e-01
0.000000000000000000e+00
3.763030771743457459e-01
0.000000000000000000e+00
5.136444171627769784e-01
4.630358672521734387e-01
2.492291542486706202e-01
2.492291542486706202e-01
2.492291542486706202e-01
0.000000000000000000e+00
4.198958490855773662e-01
4.314865211102412168e-01
4.547033303900079870e-01
0.000000000000000000e+00
5.136444171627769784e-01
0.000000000000000000e+00
3.799589684088332531e-01
3.616878747743121347e-01
4.469488237215052950e-01
3.318526774647934663e-01
0.000000000000000000e+00
3.887687116507403950e-01
3.971502103949772211e-01
2.923656105254013315e-01
3.974557075254582239e-01
4.127569555658508471e-01
3.217905212910440738e-01
3.664339047126783933e-01
4.829186254437641268e-01
3.712178112012440301e-01
3.829508064311719084e-01
0.000000000000000000e+00
2.768594505591339683e-01
3.542143510104772131e-01
0.000000000000000000e+00
0.000000000000000000e+00
0.000000000000000000e+00
3.481092032252871560e-01
3.167633723566870008e-01
3.023351976389276885e-01
4.741795957367695991e-01
4.887286208557767297e-01
3.003831425131204824e-01
4.591865524407505172e-01
3.707449632618112778e-01
3.446007025649858169e-01
4.409368175785148281e-01
3.974557075254582239e-01
4.554653040299115330e-01
3.194839073045246947e-01
4.166089661401684019e-01
4.301225341201478369e-01
3.318521590286185319e-01
0.000000000000000000e+00
4.648462837213220844e-01
4.638164204822418646e-01
3.587096654828473841e-01
0.000000000000000000e+00
3.264029363884842216e-01
3.742790842376764737e-01
3.459126930512596010e-01
4.107870877925558495e-01
4.016991106821177770e-01
3.987692835500228350e-01
0.000000000000000000e+00
4.133761973110393617e-01
0.000000000000000000e+00
3.828188960707337163e-01
0.000000000000000000e+00
2.711513848100415291e-01
3.437913817832080055e-01
3.194839073045246947e-01
4.167289652856264737e-01
5.275963278692999969e-01
0.000000000000000000e+00
0.000000000000000000e+00
4.290322857343127905e-01
3.845423162894704983e-01
4.200816968356005376e-01
0.000000000000000000e+00
4.047175820746730102e-01
3.684863000859900928e-01
3.529275311518169644e-01
2.909194340090004438e-01
3.731550024457888082e-01
4.133617082599057579e-01
3.536751016209787046e-01
2.792390204399150533e-01
0.000000000000000000e+00
3.157628135695830784e-01
4.008457599531810023e-01
3.429439745354838087e-01
4.074998283851395398e-01
3.880068979109341787e-01
3.541898776800164739e-01
3.209406442146620630e-01
0.000000000000000000e+00
4.230176321854460242e-01
2.677723582623930398e-01
3.885824194283094002e-01
2.765679044229509831e-01
0.000000000000000000e+00
3.955599524134353340e-01
3.536882308884061743e-01
3.968058743758757778e-01
0.000000000000000000e+00
3.493478558760792496e-01
4.377008370177619678e-01
0.000000000000000000e+00
0.000000000000000000e+00
0.000000000000000000e+00
3.724568296940561352e-01
3.668320805850555644e-01
0.000000000000000000e+00
0.000000000000000000e+00
3.309536648284512328e-01
2.654367453680162026e-01
2.988905006798721065e-01
3.324297223481478825e-01
0.000000000000000000e+00
3.580008457389811660e-01
3.200905297438446651e-01
4.354023444769670181e-01
3.445734564658288757e-01
0.000000000000000000e+00
0.000000000000000000e+00
3.113752203253192796e-01
4.018952371196622408e-01
0.000000000000000000e+00
4.104942881484246464e-01
2.835594876423923605e-01
4.333683265307046173e-01
0.000000000000000000e+00
0.000000000000000000e+00
3.387513566518765007e-01
3.880068979109341787e-01
2.698298927321129415e-01
3.819314530861320223e-01
3.219983542308776370e-01
2.883938481622844718e-01
0.000000000000000000e+00
3.908243298018279632e-01
3.737231473797932302e-01
3.614492640045632865e-01
2.731991352627437530e-01
3.590015429357026333e-01
3.686863059569132628e-01
4.280927724316599403e-01
0.000000000000000000e+00
2.756334478513727815e-01
3.468271321187523237e-01
2.818747326485466775e-01
4.136429684921542060e-01
2.957109490405825936e-01
3.517180561514471338e-01
3.471990006387796202e-01
3.334512009473001859e-01
0.000000000000000000e+00
0.000000000000000000e+00
2.729058435407700212e-01
3.679520932553423385e-01
2.857344816202889159e-01
0.000000000000000000e+00
3.102167281244774810e-01
0.000000000000000000e+00
3.539757308388051804e-01
2.940728535708441727e-01
4.206193174942894908e-01
3.417392140034646308e-01
3.436110276413163467e-01
3.472553281319808449e-01
0.000000000000000000e+00
3.737827991723725041e-01
3.648938480557213371e-01
0.000000000000000000e+00
3.248881849655514409e-01
3.206749827353163607e-01
3.196450748355489924e-01
3.404263246235460505e-01
0.000000000000000000e+00
3.542143510104772131e-01
2.721532584701298330e-01
0.000000000000000000e+00
0.000000000000000000e+00
4.244347483170627933e-01
3.630059126286058757e-01
3.907237779283411760e-01
0.000000000000000000e+00
3.103476267162963431e-01
0.000000000000000000e+00
2.702829901486674680e-01
3.344845271440624046e-01
3.809166558777091205e-01
3.889139883925502028e-01
2.454147290221845024e-01
2.675683697534671501e-01
3.278549360714868022e-01
2.371315375746804732e-01
0.000000000000000000e+00
3.649010614466320912e-01
4.763594367058842094e-01
3.840825632065125173e-01
3.381978554913665502e-01
0.000000000000000000e+00
2.935199380524296520e-01
0.000000000000000000e+00
3.742669073694688264e-01
0.000000000000000000e+00
0.000000000000000000e+00
3.078492065735744521e-01
3.498769523143552274e-01
3.132233474508834270e-01
0.000000000000000000e+00
3.351677603933652660e-01
3.056382483102602077e-01
2.937397706675336506e-01
3.366214069415146004e-01
2.855113306736898893e-01
4.126281790755976786e-01
3.902765989604244368e-01
2.793612910362247570e-01
3.249573283848053440e-01
0.000000000000000000e+00
3.345262223695081860e-01
3.083648132880306703e-01
3.271156391550293363e-01
3.301870297420332889e-01
3.026803626630619193e-01
2.831950847149091177e-01
3.452820883376938599e-01
3.947236554750507276e-01
0.000000000000000000e+00
0.000000000000000000e+00
3.655942106796056246e-01
3.840825632065125173e-01
2.967000015822997550e-01
0.000000000000000000e+00
3.609488496635065435e-01
3.817333883039290554e-01
3.140767673250259295e-01
4.505867168075857743e-01
2.796865923966466716e-01
0.000000000000000000e+00
4.443363116556445225e-01
3.109090186225153540e-01
2.605660094129548798e-01
0.000000000000000000e+00
2.809417647941472307e-01
3.739372967377769807e-01
3.565332704521879115e-01
3.148296170934465343e-01
0.000000000000000000e+00
3.744827154362120325e-01
2.677723582623930398e-01
2.818747326485466775e-01
0.000000000000000000e+00
3.130759323227905178e-01
4.226855091872188663e-01
0.000000000000000000e+00
3.669873095886355130e-01
3.311876947982035913e-01
3.409132554580353025e-01
0.000000000000000000e+00
3.810592339284158414e-01
3.824901563550996419e-01
0.000000000000000000e+00
0.000000000000000000e+00
3.162948491949741370e-01
0.000000000000000000e+00
0.000000000000000000e+00
3.687029680539855581e-01
4.184674066693738759e-01
0.000000000000000000e+00
2.610038246378790228e-01
3.531866148301509023e-01
3.341412701755108183e-01
0.000000000000000000e+00
3.063509713716451865e-01
3.425217872889320114e-01
3.416886157689276171e-01
3.279872447499301291e-01
4.510217635964763883e-01
4.349121021733147185e-01
3.834257297205561632e-01
4.014463904073962697e-01
3.869050971982260778e-01
2.954316722396919115e-01
3.871693489426705215e-01
0.000000000000000000e+00
3.858662599188050768e-01
3.121377454338779556e-01
3.606824469369441233e-01
0.000000000000000000e+00
3.809026098869223720e-01
3.739372967377769807e-01
0.000000000000000000e+00
4.654801554202818159e-01
4.281803584036865118e-01
3.854795329945184257e-01
0.000000000000000000e+00
2.939753225060290354e-01
4.177886681263863200e-01
3.860700811500714646e-01
3.338796979764478423e-01
3.667719530296016939e-01
4.118689026881518500e-01
4.032168276303780274e-01
0.000000000000000000e+00
3.977999152091026835e-01
3.545526129905898771e-01
3.504838984627409171e-01
3.956359146130575821e-01
0.000000000000000000e+00
0.000000000000000000e+00
3.161531918224125270e-01
4.111625842329519331e-01
4.654801554202818159e-01
0.000000000000000000e+00
3.200117693642630101e-01
3.726290115578457240e-01
4.114072800016863041e-01
4.153665879439282782e-01
3.632928733807050947e-01
3.770180957767346741e-01
3.622634235583267470e-01
5.085994581491480870e-01
3.581429018700072464e-01
2.853051556304813108e-01
3.662675404032398330e-01
3.230220112135627764e-01
3.163278919534669442e-01
3.633268400567549183e-01
4.067182347389302621e-01
0.000000000000000000e+00
0.000000000000000000e+00
4.784552497560853879e-01
3.487155765917857586e-01
0.000000000000000000e+00
0.000000000000000000e+00
3.900596778314072699e-01
3.016081174853224578e-01
3.206749827353163607e-01
4.472721616561428082e-01
0.000000000000000000e+00
0.000000000000000000e+00
4.739195024721927774e-01
3.402978608674862016e-01
0.000000000000000000e+00
5.045223510589840199e-01
0.000000000000000000e+00
4.486340326886122942e-01
0.000000000000000000e+00
0.000000000000000000e+00
3.898661070544937046e-01
3.135029566870092266e-01
4.545624023766027810e-01
4.097150973268221530e-01
3.003831425131204824e-01
2.675683697534671501e-01
4.216348319018465296e-01
4.159099741918146909e-01
3.594806200123246698e-01
0.000000000000000000e+00
3.549231659583908516e-01
3.944361765982155599e-01
2.508097302616967283e-01
0.000000000000000000e+00
3.346626024489237627e-01
0.000000000000000000e+00
0.000000000000000000e+00
0.000000000000000000e+00
3.457612260765008938e-01
0.000000000000000000e+00
2.923590080651880529e-01
3.956359146130575821e-01
4.148824331447485969e-01
0.000000000000000000e+00
0.000000000000000000e+00
0.000000000000000000e+00
3.416886157689276171e-01
3.681289769291783975e-01
0.000000000000000000e+00
0.000000000000000000e+00
3.628327208552069028e-01
0.000000000000000000e+00
4.410267821741117866e-01
3.336506124042960542e-01
4.961406609107583132e-01
2.668923413542319545e-01
0.000000000000000000e+00
0.000000000000000000e+00
3.635275426443780877e-01
0.000000000000000000e+00
3.811657706598727824e-01
3.545121956167480159e-01
3.478353645172808650e-01
2.446710638870895904e-01
0.000000000000000000e+00
2.770164273264908994e-01
3.062592321479091217e-01
0.000000000000000000e+00
3.279789266498651656e-01
0.000000000000000000e+00
4.453666083118003605e-01
3.162283312617838460e-01
3.580008457389811660e-01
4.033591194742432995e-01
4.357636378670736721e-01
0.000000000000000000e+00
0.000000000000000000e+00
3.664339047126783933e-01
3.818499283208892647e-01
4.231315229674268985e-01
0.000000000000000000e+00
3.293960114427464947e-01
3.840825632065125173e-01
3.763346189959524413e-01
3.655323813505277908e-01
3.871796601292711859e-01
0.000000000000000000e+00
0.000000000000000000e+00
0.000000000000000000e+00
3.209406442146620630e-01
3.570802613192897712e-01
3.043841911651222754e-01
3.490410876181125888e-01
2.804253136530315826e-01
3.434575413978770420e-01
3.784000381278155301e-01
3.711902198417960097e-01
3.549231659583908516e-01
3.340057171824066251e-01
3.654051034104695006e-01
3.376589002579430954e-01
0.000000000000000000e+00
3.933489088965125280e-01
4.809311820201691567e-01
0.000000000000000000e+00
0.000000000000000000e+00
3.773507301082962284e-01
0.000000000000000000e+00
0.000000000000000000e+00
4.016507233593287762e-01
0.000000000000000000e+00
3.834196162611992476e-01
0.000000000000000000e+00
0.000000000000000000e+00
3.711368033774203878e-01
0.000000000000000000e+00
3.500622922769596745e-01
0.000000000000000000e+00
3.769928181699565561e-01
3.547987015190803839e-01
3.648009633428491161e-01
0.000000000000000000e+00
0.000000000000000000e+00
0.000000000000000000e+00
3.170045782238817278e-01
3.052654184682449534e-01
0.000000000000000000e+00
3.545121956167480159e-01
0.000000000000000000e+00
0.000000000000000000e+00
0.000000000000000000e+00
2.937397706675336506e-01
3.456041565114704173e-01
2.749732791854678227e-01
3.143277301576317684e-01
3.040054333225066241e-01
2.746587558071597046e-01
3.527006151723506289e-01
3.892163524774362449e-01
0.000000000000000000e+00
2.506967021138850060e-01
0.000000000000000000e+00
0.000000000000000000e+00
4.606063265829100639e-01
4.365297293361922182e-01
4.796053737539842099e-01
0.000000000000000000e+00
3.927924277491475213e-01
4.047007205711204425e-01
2.606410679237203820e-01
0.000000000000000000e+00
3.727379285761394656e-01
2.711513848100415291e-01
3.964307750185050438e-01
0.000000000000000000e+00
3.615984689085075532e-01
4.013755673964747306e-01
2.828465547046707385e-01
4.616732798486417599e-01
0.000000000000000000e+00
3.618424056825908508e-01
2.831950847149091177e-01
4.014868534186935567e-01
4.519725043735007275e-01
2.550858927435854517e-01
2.882440047882494638e-01
0.000000000000000000e+00
3.122381004597956089e-01
0.000000000000000000e+00
3.628509956026939043e-01
2.888514554673158874e-01
3.470252527127942743e-01
0.000000000000000000e+00
3.445734564658288757e-01
4.508032798290278476e-01
3.301870297420332889e-01
3.257431072534230365e-01
0.000000000000000000e+00
2.974196477742129252e-01
0.000000000000000000e+00
0.000000000000000000e+00
3.119947094380038366e-01
0.000000000000000000e+00
0.000000000000000000e+00
3.769005862218374192e-01
3.871889767461034748e-01
0.000000000000000000e+00
2.824497247156890767e-01
4.028509465543463897e-01
4.205959336922961422e-01
3.990919152024260397e-01
4.096790907827685402e-01
4.519725043735007275e-01
0.000000000000000000e+00
3.735082511314531950e-01
3.502258475333312471e-01
0.000000000000000000e+00
0.000000000000000000e+00
0.000000000000000000e+00
3.340956245686121373e-01
3.818613919954000901e-01
3.739115285658627386e-01
3.445312872037699092e-01
2.606410679237203820e-01
4.850861888669500965e-01
3.803826743693984880e-01
3.544484194268759381e-01
4.131804824205871918e-01
3.681690687354993163e-01
0.000000000000000000e+00
3.888157653849357853e-01
4.407537448724799800e-01
3.826740686458213747e-01
4.784552497560853879e-01
3.096005235354969964e-01
0.000000000000000000e+00
4.169663279161319736e-01
0.000000000000000000e+00
2.446710638870895904e-01
0.000000000000000000e+00
3.159473616707547672e-01
4.556349247581416018e-01
3.311091540259520904e-01
3.397831178780040817e-01
0.000000000000000000e+00
0.000000000000000000e+00
3.823979136285771685e-01
0.000000000000000000e+00
0.000000000000000000e+00
0.000000000000000000e+00
4.911485806315002423e-01
4.405136305166399424e-01
3.543163907521376665e-01
2.842859474488200755e-01
3.878832644454626166e-01
4.402057807059106542e-01
0.000000000000000000e+00
4.637430604136859036e-01
3.056382483102602077e-01
0.000000000000000000e+00
3.138415087538207193e-01
0.000000000000000000e+00
0.000000000000000000e+00
2.492291542486706202e-01
0.000000000000000000e+00
3.309846762415242782e-01
3.446007025649858169e-01
3.488972685025790721e-01
3.887978882545253811e-01
0.000000000000000000e+00
4.255981544333440336e-01
4.178957014502915346e-01
3.029175248780784924e-01
4.674757200353144571e-01
5.794794943499634865e-01
0.000000000000000000e+00
0.000000000000000000e+00
3.954935807795463276e-01
3.886866959495265950e-01
0.000000000000000000e+00
0.000000000000000000e+00
0.000000000000000000e+00
3.897999136177169310e-01
4.761107887512521231e-01
4.120540191711986600e-01
4.193056551133859111e-01
3.469065779614695644e-01
3.802943405436767788e-01
0.000000000000000000e+00
4.077765448457880137e-01
3.887978882545253811e-01
3.232236499045436084e-01
4.036242598796696002e-01
3.341412701755108183e-01
4.432581153765901005e-01
3.036685033547337764e-01
4.255981544333440336e-01
2.698019100130784054e-01
3.052804307347187773e-01
0.000000000000000000e+00
3.483580131932398349e-01
4.397189053264978220e-01
0.000000000000000000e+00
3.052804307347187773e-01
0.000000000000000000e+00
4.699944945570922461e-01
0.000000000000000000e+00
5.045223510589840199e-01
0.000000000000000000e+00
4.298708311678887117e-01
3.560454536393061753e-01
0.000000000000000000e+00
4.283614172896736405e-01
4.616732798486417599e-01
0.000000000000000000e+00
4.004977999996262028e-01
3.791571383710430343e-01
0.000000000000000000e+00
3.871163915290922741e-01
0.000000000000000000e+00
4.205674248887334987e-01
3.135628635127162278e-01
0.000000000000000000e+00
3.507979961838644245e-01
0.000000000000000000e+00
4.013271339176373576e-01
3.770111849369447432e-01
3.416886157689276171e-01
4.286327841320404786e-01
0.000000000000000000e+00
3.165137132596923530e-01
0.000000000000000000e+00
4.144126545637851211e-01
3.464277390667313550e-01
0.000000000000000000e+00
4.537367325661829653e-01
3.948842732925433863e-01
0.000000000000000000e+00
3.770657273230741957e-01
0.000000000000000000e+00
0.000000000000000000e+00
0.000000000000000000e+00
3.464368945967642999e-01
0.000000000000000000e+00
3.527006151723506289e-01
0.000000000000000000e+00
0.000000000000000000e+00
0.000000000000000000e+00
0.000000000000000000e+00
0.000000000000000000e+00
4.853671648453458665e-01
0.000000000000000000e+00
0.000000000000000000e+00
3.336506124042960542e-01
0.000000000000000000e+00
0.000000000000000000e+00
3.487155765917857586e-01
0.000000000000000000e+00
3.075641207073452899e-01
4.761107887512521231e-01
4.776381606269158309e-01
3.331208236998863814e-01
3.346626024489237627e-01
4.625776847482773735e-01
3.487155765917857586e-01
0.000000000000000000e+00
0.000000000000000000e+00
3.961979292293840160e-01
3.483580131932398349e-01
3.634472154172145308e-01
0.000000000000000000e+00
3.954935807795463276e-01
3.954638580671146486e-01
3.260846062769628406e-01
3.580008457389811660e-01
0.000000000000000000e+00
0.000000000000000000e+00
3.678570495137001295e-01
4.507254929601085536e-01
0.000000000000000000e+00
4.494270088188081491e-01
3.593937868706136851e-01
3.091521346365674328e-01
3.255998655858080570e-01
3.402109779197888817e-01
2.751741173184095168e-01
4.130012286417509837e-01
3.590015429357026333e-01
3.943919119985081490e-01
3.719151644932189305e-01
0.000000000000000000e+00
3.956114612670512121e-01
0.000000000000000000e+00
0.000000000000000000e+00
3.159677396407988281e-01
2.531172772325026576e-01
4.231315229674268985e-01
3.535403680225094325e-01
0.000000000000000000e+00
0.000000000000000000e+00
3.626319336325454223e-01
3.719467181480181628e-01
0.000000000000000000e+00
3.723360993405109287e-01
4.889691766864871503e-01
4.056718264745086122e-01
3.427980928016493567e-01
3.248881849655514409e-01
3.777067244520657674e-01
3.455210663571405272e-01
3.186679333915217738e-01
3.206749827353163607e-01
3.109886367925183137e-01
2.742133566165312897e-01
3.918123131496603073e-01
3.429454853596354269e-01
3.577026547665050904e-01
3.196450748355489924e-01
3.286581543864302013e-01
3.549547321034194347e-01
4.091124191697754209e-01
2.492291542486706202e-01
3.250246712145423156e-01
0.000000000000000000e+00
3.734775307354251117e-01
4.436465347109002089e-01
0.000000000000000000e+00
4.205959336922961422e-01
4.114072800016863041e-01
0.000000000000000000e+00
3.871163915290922741e-01
3.514081342766716687e-01
2.742133566165312897e-01
0.000000000000000000e+00
4.047007205711204425e-01
0.000000000000000000e+00
0.000000000000000000e+00
0.000000000000000000e+00
3.000172947867650319e-01
0.000000000000000000e+00
3.086950005661809882e-01
4.484529226210087205e-01
3.981832932053649410e-01
3.519026613605722442e-01
3.549547321034194347e-01
0.000000000000000000e+00
4.058922316786294227e-01
2.751741173184095168e-01
0.000000000000000000e+00
0.000000000000000000e+00
3.653823916374441816e-01
0.000000000000000000e+00
0.000000000000000000e+00
2.955108534459974234e-01
3.020913516411402600e-01
4.343963754932784194e-01
3.934070279036889772e-01
2.790468414565391297e-01
3.151901692495864826e-01
0.000000000000000000e+00
4.130012286417509837e-01
3.356763345433860235e-01
4.290165046098100010e-01
0.000000000000000000e+00
3.630059126286058757e-01
3.142824065662009891e-01
3.345493882353473003e-01
2.636843617962558728e-01
0.000000000000000000e+00
0.000000000000000000e+00
4.529039567769145846e-01
0.000000000000000000e+00
3.446007025649858169e-01
0.000000000000000000e+00
0.000000000000000000e+00
2.923590080651880529e-01
3.889770326698315239e-01
2.907194106588947835e-01
0.000000000000000000e+00
0.000000000000000000e+00
3.175214777024210622e-01
3.803962642047383769e-01
3.788335485112299117e-01
4.054789554132215978e-01
0.000000000000000000e+00
0.000000000000000000e+00
2.883956544070985784e-01
3.194800849775129570e-01
4.104583930387464830e-01
4.198958490855773662e-01
3.765083596525239940e-01
3.328738491216058915e-01
3.753430007575380145e-01
4.471722360114834816e-01
4.290322857343127905e-01
0.000000000000000000e+00
0.000000000000000000e+00
3.736498118185344608e-01
4.418046869517219255e-01
0.000000000000000000e+00
0.000000000000000000e+00
4.107870877925558495e-01
3.832051878914960463e-01
0.000000000000000000e+00
4.810746186191181550e-01
4.979667978401520756e-01
4.245330013763900512e-01
4.411900137184350812e-01
0.000000000000000000e+00
4.700085110732211691e-01
0.000000000000000000e+00
3.318521590286185319e-01
0.000000000000000000e+00
0.000000000000000000e+00
4.255545844070147687e-01
4.259443763679227057e-01
0.000000000000000000e+00
0.000000000000000000e+00
0.000000000000000000e+00
4.440329857041711570e-01
0.000000000000000000e+00
0.000000000000000000e+00
3.356158110186094889e-01
4.202931503337054564e-01
3.832051878914960463e-01
4.227698108744825101e-01
3.770111849369447432e-01
3.735864017035140927e-01
0.000000000000000000e+00
4.144832881873569130e-01
0.000000000000000000e+00
4.143559964631052805e-01
0.000000000000000000e+00
0.000000000000000000e+00
0.000000000000000000e+00
3.849823597930892571e-01
3.769005862218374192e-01
4.032439825870851036e-01
3.566340418199338003e-01
3.944361765982155599e-01
4.496212782951231612e-01
4.228441819167832461e-01
4.351167614242491544e-01
3.629998638384755449e-01
4.198958490855773662e-01
3.824818539349966184e-01
2.974196477742129252e-01
0.000000000000000000e+00
3.809026098869223720e-01
3.445734564658288757e-01
0.000000000000000000e+00
4.695620519965734152e-01
4.290725610671480839e-01
4.312166348152667861e-01
3.897999136177169310e-01
4.014868534186935567e-01
3.861700648411046100e-01
3.211792037549769385e-01
0.000000000000000000e+00
3.640372681938157662e-01
0.000000000000000000e+00
3.150327668486929134e-01
3.824425516579280093e-01
3.251968766115111431e-01
3.392621365381116583e-01
0.000000000000000000e+00
0.000000000000000000e+00
2.742133566165312897e-01
2.725782538110492204e-01
3.394696895246027135e-01
0.000000000000000000e+00
3.338796979764478423e-01
3.211749045424487914e-01
4.376166654771284081e-01
4.024410166002220235e-01
0.000000000000000000e+00
0.000000000000000000e+00
0.000000000000000000e+00
3.599620413503201166e-01
0.000000000000000000e+00
0.000000000000000000e+00
4.133539444402694607e-01
4.650997091855346155e-01
3.793533692727333317e-01
0.000000000000000000e+00
3.602560861557496663e-01
3.394696895246027135e-01
3.578537795499172058e-01
3.110639481102470683e-01
4.493699953690300508e-01
3.155967579603967677e-01
4.092888373081478015e-01
3.710956223993311931e-01
3.269872777130475305e-01
3.055374560273728668e-01
3.749921792393089426e-01
2.950953504732919397e-01
0.000000000000000000e+00
2.989243785257789110e-01
3.012710139322585245e-01
0.000000000000000000e+00
3.314350826692286089e-01
0.000000000000000000e+00
3.280842461816982358e-01
3.491161375753569773e-01
2.683247658469765096e-01
3.257572325066186436e-01
3.487155765917857586e-01
3.651540669822237462e-01
0.000000000000000000e+00
2.954407459574005523e-01
3.728588197212094335e-01
3.431812779367736654e-01
2.804253136530315826e-01
4.143559964631052805e-01
3.360165985018119805e-01
0.000000000000000000e+00
3.452663355927554911e-01
3.341412701755108183e-01
0.000000000000000000e+00
3.410000498314605943e-01
3.890395184563478770e-01
4.203875757029700289e-01
0.000000000000000000e+00
3.952324463009019295e-01
0.000000000000000000e+00
0.000000000000000000e+00
4.247584571725164793e-01
3.910552208983837374e-01
3.880870911090626429e-01
3.626429342329419159e-01
4.443363116556445225e-01
4.071070565605706126e-01
3.900211535037715893e-01
0.000000000000000000e+00
2.878966111438061026e-01
3.132500812637317167e-01
0.000000000000000000e+00
4.093170015928785377e-01
2.808220158131645716e-01
4.048535582641448749e-01
3.797063463320501930e-01
4.663230528950780274e-01
3.090949926315460505e-01
3.856595016332843295e-01
0.000000000000000000e+00
3.369416887790933068e-01
0.000000000000000000e+00
3.755510176383230481e-01
4.036677401502503093e-01
4.658523083236419393e-01
3.068336859458646315e-01
3.619636158330921116e-01
4.529039567769145846e-01
0.000000000000000000e+00
4.172109023347895795e-01
3.505943228397974121e-01
3.132500812637317167e-01
0.000000000000000000e+00
3.362451626560189477e-01
0.000000000000000000e+00
4.201963355924641652e-01
3.267766218110033094e-01
0.000000000000000000e+00
2.755334268390178254e-01
0.000000000000000000e+00
4.319568432933971747e-01
4.428922435406757452e-01
0.000000000000000000e+00
3.271755425034941211e-01
3.676504628740334679e-01
0.000000000000000000e+00
0.000000000000000000e+00
3.536751016209787046e-01
0.000000000000000000e+00
3.022583564801709644e-01
0.000000000000000000e+00
3.205838731727042035e-01
0.000000000000000000e+00
3.910552208983837374e-01
3.059159278242488123e-01
3.894012538461528727e-01
3.416374807103030320e-01
0.000000000000000000e+00
0.000000000000000000e+00
0.000000000000000000e+00
3.399805749193234861e-01
3.302149144121501734e-01
3.900596778314072699e-01
2.852222416230084101e-01
3.455210663571405272e-01
2.803219692793146312e-01
4.405136305166399424e-01
3.456808873370219581e-01
3.537050902372200212e-01
3.993808629942950938e-01
4.219369745325223797e-01
4.276291400509465435e-01
0.000000000000000000e+00
3.625390408178407187e-01
0.000000000000000000e+00
0.000000000000000000e+00
0.000000000000000000e+00
4.039984139678605701e-01
2.804253136530315826e-01
3.023697852455154989e-01
3.170045782238817278e-01
3.401920430490881220e-01
0.000000000000000000e+00
3.810563054177946163e-01
2.911056102102635990e-01
0.000000000000000000e+00
3.874354539981948453e-01
0.000000000000000000e+00
0.000000000000000000e+00
3.721889733065047445e-01
0.000000000000000000e+00
2.976099798716872469e-01
4.039984139678605701e-01
4.420746648821001767e-01
4.257717707029143872e-01
4.744704417489028492e-01
3.258592962074652322e-01
0.000000000000000000e+00
0.000000000000000000e+00
3.585569888754510104e-01
4.049534434518703985e-01
4.182643597989189055e-01
2.758155875289162173e-01
3.418574978543252318e-01
3.370052083755153416e-01
0.000000000000000000e+00
0.000000000000000000e+00
3.620990759857600216e-01
4.008031834726184517e-01
0.000000000000000000e+00
3.887735252952646547e-01
0.000000000000000000e+00
4.392260941787967110e-01
3.386732365093028663e-01
4.186951291129749064e-01
4.016991106821177770e-01
4.065005911542830530e-01
3.908462276437804084e-01
4.179959619238621804e-01
0.000000000000000000e+00
0.000000000000000000e+00
2.881238667796059416e-01
4.193791918401343910e-01
3.102621767957425281e-01
0.000000000000000000e+00
0.000000000000000000e+00
3.180587443047385721e-01
0.000000000000000000e+00
4.490846362080456733e-01
3.198338410414189315e-01
0.000000000000000000e+00
0.000000000000000000e+00
2.900878598163393884e-01
0.000000000000000000e+00
0.000000000000000000e+00
2.901815960577960873e-01
0.000000000000000000e+00
0.000000000000000000e+00
3.286153563116278598e-01
3.928722355982247616e-01
0.000000000000000000e+00
4.455598248052213828e-01
0.000000000000000000e+00
3.908620973984383018e-01
2.923590080651880529e-01
0.000000000000000000e+00
2.702829901486674680e-01
4.290322857343127905e-01
2.446710638870895904e-01
4.114759021819892615e-01
3.257563842611755356e-01
0.000000000000000000e+00
4.055889700103010309e-01
0.000000000000000000e+00
4.217629859639041023e-01
0.000000000000000000e+00
3.047473661646247223e-01
0.000000000000000000e+00
0.000000000000000000e+00
3.420333459198642290e-01
4.570336888800287101e-01
4.231315229674268985e-01
0.000000000000000000e+00
3.402761811883518450e-01
2.381710742817220450e-01
0.000000000000000000e+00
4.059399868391943556e-01
3.606824469369441233e-01
4.697982416969307407e-01
4.262574380749519776e-01
3.580008457389811660e-01
4.290322857343127905e-01
4.033591194742432995e-01
0.000000000000000000e+00
3.023367033506980661e-01
0.000000000000000000e+00
0.000000000000000000e+00
0.000000000000000000e+00
0.000000000000000000e+00
4.033591194742432995e-01
3.664339047126783933e-01
3.198338410414189315e-01
3.200905297438446651e-01
0.000000000000000000e+00
4.521965592645187937e-01
0.000000000000000000e+00
3.013067125932654133e-01
0.000000000000000000e+00
3.986876085698325967e-01
3.509595085781226920e-01
4.278177163375941894e-01
2.600119097696645398e-01
3.198959751776809246e-01
2.648719250216959309e-01
2.882327034587723324e-01
0.000000000000000000e+00
0.000000000000000000e+00
0.000000000000000000e+00
2.665536784990402142e-01
4.818979552300385882e-01
0.000000000000000000e+00
3.804310190892980503e-01
0.000000000000000000e+00
5.045223510589840199e-01
0.000000000000000000e+00
0.000000000000000000e+00
3.943763619435213252e-01
2.722325078275166788e-01
3.541898776800164739e-01
0.000000000000000000e+00
4.392260941787967110e-01
0.000000000000000000e+00
3.193109061516761771e-01
3.147969150760193680e-01
3.209406442146620630e-01
3.578183018165212448e-01
4.671999048334199434e-01
0.000000000000000000e+00
3.648745918666316812e-01
0.000000000000000000e+00
3.121528127477859460e-01
3.998958837211871176e-01
0.000000000000000000e+00
3.087241473480835663e-01
0.000000000000000000e+00
0.000000000000000000e+00
0.000000000000000000e+00
0.000000000000000000e+00
3.439384516159064709e-01
3.409010779836953997e-01
4.568872514515665562e-01
4.047893248525373244e-01
3.537409458461609479e-01
0.000000000000000000e+00
3.908478894330819631e-01
3.392621365381116583e-01
3.182871731938831661e-01
0.000000000000000000e+00
3.078492065735744521e-01
0.000000000000000000e+00
0.000000000000000000e+00
0.000000000000000000e+00
3.296313395042477223e-01
0.000000000000000000e+00
0.000000000000000000e+00
4.436362835584475861e-01
4.586167365204561475e-01
3.971585588035818626e-01
4.198958490855773662e-01
3.898661070544937046e-01
0.000000000000000000e+00
0.000000000000000000e+00
3.416454594199915817e-01
3.626319336325454223e-01
0.000000000000000000e+00
3.042944356851368104e-01
2.982043595172744199e-01
3.345134501332535648e-01
4.382900367688064569e-01
0.000000000000000000e+00
0.000000000000000000e+00
3.625818501081218281e-01
3.949088542228680887e-01
0.000000000000000000e+00
5.264615871317028795e-01
3.835399925860462633e-01
3.229103490267676291e-01
0.000000000000000000e+00
3.007320073677699490e-01
3.314883300391077703e-01
3.904873919627561696e-01
3.310280256393730580e-01
5.264615871317028795e-01
0.000000000000000000e+00
3.830610985316671990e-01
3.262261469904880196e-01
3.351957963553970354e-01
4.763594367058842094e-01
4.169727870366831679e-01
5.275963278692999969e-01
0.000000000000000000e+00
2.908791956099520126e-01
3.196450748355489924e-01
3.616239139880828568e-01
0.000000000000000000e+00
0.000000000000000000e+00
3.265754046222813511e-01
0.000000000000000000e+00
0.000000000000000000e+00
4.259443763679227057e-01
3.162948491949741370e-01
3.763824968274553373e-01
0.000000000000000000e+00
0.000000000000000000e+00
0.000000000000000000e+00
3.797768409594384775e-01
5.023015196402799143e-01
0.000000000000000000e+00
0.000000000000000000e+00
3.314350826692286089e-01
3.406830126336993225e-01
5.283433248292550566e-01
4.438487316380746450e-01
4.349121021733147185e-01
0.000000000000000000e+00
3.492278551064347814e-01
3.024575741303416332e-01
3.767549570454038488e-01
0.000000000000000000e+00
2.882327034587723324e-01
2.683247658469765096e-01
3.416454594199915817e-01
4.436362835584475861e-01
0.000000000000000000e+00
4.140046503052226545e-01
0.000000000000000000e+00
2.883956544070985784e-01
4.235812363685114712e-01
0.000000000000000000e+00
3.359847036848250257e-01
4.294251351944033401e-01
3.478426099510653069e-01
3.156976152655842638e-01
0.000000000000000000e+00
4.776381606269158309e-01
0.000000000000000000e+00
4.144478460673110543e-01
5.794794943499634865e-01
4.104182998774920099e-01
3.608545200506536599e-01
3.755510176383230481e-01
3.615984689085075532e-01
0.000000000000000000e+00
4.431632141856376439e-01
3.309081166477789160e-01
3.325202524802902682e-01
3.472553281319808449e-01
2.698298927321129415e-01
0.000000000000000000e+00
2.945266981712371668e-01
2.698298927321129415e-01
3.331208236998863814e-01
3.307318320271288581e-01
4.062479676592365974e-01
4.318224628197656068e-01
3.702167347292685817e-01
4.033591194742432995e-01
3.416886157689276171e-01
0.000000000000000000e+00
0.000000000000000000e+00
4.419359321193057633e-01
0.000000000000000000e+00
2.790273445077868231e-01
4.231315229674268985e-01
4.070710368527705736e-01
0.000000000000000000e+00
3.523395772791623193e-01
3.379404056298800918e-01
3.379404056298800918e-01
3.130759323227905178e-01
0.000000000000000000e+00
2.991227278215224938e-01
3.818613919954000901e-01
2.962426382010660553e-01
3.356763345433860235e-01
3.961979292293840160e-01
4.343487395753695135e-01
3.427980928016493567e-01
3.908328322857139714e-01
0.000000000000000000e+00
3.245934216291907481e-01
0.000000000000000000e+00
3.062099071101565539e-01
4.228571618698513390e-01
3.148724349296370129e-01
0.000000000000000000e+00
3.761618044309540942e-01
0.000000000000000000e+00
0.000000000000000000e+00
0.000000000000000000e+00
4.065005911542830530e-01
3.385136445859372456e-01
3.587096654828473841e-01
4.341394502401240141e-01
3.532586219913581571e-01
3.351677603933652660e-01
3.633720748458288408e-01
3.456808873370219581e-01
2.698019100130784054e-01
4.033077857279505074e-01
4.069558474199975739e-01
2.832273196114930003e-01
3.532202529030199489e-01
3.441592132425007056e-01
3.578183018165212448e-01
3.797789694215393808e-01
3.759312300369560544e-01
0.000000000000000000e+00
4.393490025576165525e-01
3.733053168743953876e-01
4.171249326681212843e-01
3.977999152091026835e-01
3.142824065662009891e-01
0.000000000000000000e+00
4.324379831885216685e-01
0.000000000000000000e+00
0.000000000000000000e+00
0.000000000000000000e+00
3.981832932053649410e-01
3.381377321661575563e-01
3.392621365381116583e-01
3.900616224674332000e-01
0.000000000000000000e+00
0.000000000000000000e+00
0.000000000000000000e+00
4.229956016862302381e-01
4.414856585337389450e-01
3.674933937973831055e-01
3.764956236731431538e-01
3.611049778328482840e-01
3.231311620155644104e-01
3.874354539981948453e-01
4.261188189090360789e-01
0.000000000000000000e+00
0.000000000000000000e+00
3.351677603933652660e-01
0.000000000000000000e+00
0.000000000000000000e+00
3.286983136409140638e-01
0.000000000000000000e+00
3.237946692859722808e-01
3.509212057112008343e-01
2.531172772325026576e-01
0.000000000000000000e+00
3.860700811500714646e-01
4.359419349798492327e-01
4.031205941277947180e-01
4.069558474199975739e-01
2.792390204399150533e-01
0.000000000000000000e+00
3.770180957767346741e-01
4.188030415052583777e-01
3.483580131932398349e-01
2.902207772721470680e-01
4.652003313869499390e-01
0.000000000000000000e+00
4.440329857041711570e-01
3.910695500555809168e-01
4.671955159919372047e-01
4.744704417489028492e-01
4.366073670303739496e-01
0.000000000000000000e+00
4.227129870533882783e-01
4.853671648453458665e-01
3.987692835500228350e-01
4.105608557619933041e-01
4.178863482469072910e-01
3.006106668991471720e-01
0.000000000000000000e+00
4.575918791574981603e-01
3.311876947982035913e-01
0.000000000000000000e+00
0.000000000000000000e+00
3.125659734267351442e-01
3.547455999510515934e-01
4.188030415052583777e-01
3.978160451361310579e-01
3.207773032891068077e-01
3.006106668991471720e-01
3.160069228702832578e-01
3.206749827353163607e-01
0.000000000000000000e+00
4.247815237883283968e-01
0.000000000000000000e+00
4.939985554138716650e-01
4.308215863593677919e-01
0.000000000000000000e+00
4.308215863593677919e-01
4.144478460673110543e-01
0.000000000000000000e+00
4.111724692168828854e-01
3.643745459634815109e-01
4.285169803203918160e-01
4.180932710657750961e-01
3.857030656315036943e-01
4.224327566086781838e-01
3.340196694580434000e-01
0.000000000000000000e+00
3.614066951389526272e-01
3.287733535625071424e-01
4.414680012916655238e-01
4.663230528950780274e-01
3.311876947982035913e-01
0.000000000000000000e+00
3.329310673384749952e-01
3.853998778372134115e-01
0.000000000000000000e+00
4.222943375948857159e-01
3.225080628682731598e-01
4.104182998774920099e-01
3.409132554580353025e-01
4.580034760700862906e-01
3.293960114427464947e-01
3.615984689085075532e-01
3.811657706598727824e-01
4.403097682706827443e-01
2.683595014438736603e-01
0.000000000000000000e+00
3.493393413391683855e-01
0.000000000000000000e+00
4.356451778725094481e-01
3.024321114880467731e-01
3.756554608645263915e-01
3.132500812637317167e-01
3.085980236287054201e-01
3.108249354776637108e-01
3.409132554580353025e-01
3.036111800709622721e-01
3.946800157237905782e-01
4.586167365204561475e-01
0.000000000000000000e+00
4.107870877925558495e-01
2.442556454315233661e-01
4.999472106332721322e-01
0.000000000000000000e+00
3.318118199492645082e-01
3.797659303530495634e-01
3.712178112012440301e-01
0.000000000000000000e+00
