0.000000000000000000e+00
0.000000000000000000e+00
0.000000000000000000e+00
0.000000000000000000e+00
1.631316762705473167e+01
0.000000000000000000e+00
0.000000000000000000e+00
1.862079940707024406e+01
0.000000000000000000e+00
2.318082400221259931e+01
0.000000000000000000e+00
1.675164725526750686e+01
1.722584492043289828e+01
1.727302192355881871e+01
0.000000000000000000e+00
0.000000000000000000e+00
0.000000000000000000e+00
2.813762434276686619e+01
1.522176242006322333e+01
1.999720194583863986e+01
0.000000000000000000e+00
1.394504523415780284e+01
1.881356490264197490e+01
3.148928899187269792e+01
2.318082400221259931e+01
1.475508879600707779e+01
2.750843882111048089e+01
0.000000000000000000e+00
2.786522826331370695e+01
0.000000000000000000e+00
1.914030990921114395e+01
3.582072983116385956e+01
1.881445560889904201e+01
0.000000000000000000e+00
1.936285633562876285e+01
0.000000000000000000e+00
2.795652628663772532e+01
0.000000000000000000e+00
2.016678373535343027e+01
0.000000000000000000e+00
1.394504523415780284e+01
2.057125658038632920e+01
0.000000000000000000e+00
2.282089225816059397e+01
1.450096652133764330e+01
2.113461104380144207e+01
2.263493276166696688e+01
0.000000000000000000e+00
3.581226706136992988e+01
0.000000000000000000e+00
2.282089225816059397e+01
1.675164725526750686e+01
1.727302192355881871e+01
3.643358574789396442e+01
1.859756238913263715e+01
1.348164859428189644e+01
1.450096652133764330e+01
0.000000000000000000e+00
3.217042455387220912e+01
0.000000000000000000e+00
2.167016504800954380e+01
1.588212218963120392e+01
1.588212218963120392e+01
1.684283108515565530e+01
2.550955510407296245e+01
1.450096652133764330e+01
2.685085617646593903e+01
0.000000000000000000e+00
1.287272478896199956e+01
2.788788019163909482e+01
0.000000000000000000e+00
0.000000000000000000e+00
0.000000000000000000e+00
0.000000000000000000e+00
2.167016504800954380e+01
2.167016504800954380e+01
0.000000000000000000e+00
1.394504523415780284e+01
2.228770347224843817e+01
0.000000000000000000e+00
2.383484949201889691e+01
0.000000000000000000e+00
0.000000000000000000e+00
1.287272478896199956e+01
0.000000000000000000e+00
0.000000000000000000e+00
1.312192472236756480e+01
1.287272478896199956e+01
2.167016504800954380e+01
1.883839940294602400e+01
2.276061543056028214e+01
0.000000000000000000e+00
2.162742679355891795e+01
0.000000000000000000e+00
0.000000000000000000e+00
1.239683531527536076e+01
2.897241221173988990e+01
0.000000000000000000e+00
0.000000000000000000e+00
0.000000000000000000e+00
1.847147904476514313e+01
0.000000000000000000e+00
1.770895113085376948e+01
1.397295796334088536e+01
2.172311254055997765e+01
1.421039364539249128e+01
1.770895113085376948e+01
2.172311254055997765e+01
0.000000000000000000e+00
1.709867956223140695e+01
1.829691199575119498e+01
1.770895113085376948e+01
1.913620640313643051e+01
1.635895012783093350e+01
1.829691199575119498e+01
1.702921696808152063e+01
1.421039364539249128e+01
1.262742934808723305e+01
1.435106974326245854e+01
0.000000000000000000e+00
2.933996028884100227e+01
1.421039364539249128e+01
0.000000000000000000e+00
1.326198847724154994e+01
1.397295796334088536e+01
1.397295796334088536e+01
1.491021453378807671e+01
1.823602575101433487e+01
0.000000000000000000e+00
2.543112579917809768e+01
1.464627931670213989e+01
1.326198847724154994e+01
0.000000000000000000e+00
0.000000000000000000e+00
1.421039364539249128e+01
1.608193728834583425e+01
0.000000000000000000e+00
1.788958292159387042e+01
1.770895113085376948e+01
1.782824701438259751e+01
1.544262812854264766e+01
1.506581986637187853e+01
1.397295796334088536e+01
1.468112471484948500e+01
1.521985690676562442e+01
1.654330483041682243e+01
2.324948965776244236e+01
1.635895012783093350e+01
1.519348910382696616e+01
0.000000000000000000e+00
1.451279145494977740e+01
1.262742934808723305e+01
1.397295796334088536e+01
0.000000000000000000e+00
1.445068885396642244e+01
1.468031159026434374e+01
2.346345725023583739e+01
0.000000000000000000e+00
2.768055711643788541e+01
0.000000000000000000e+00
2.062631605875305496e+01
1.262742934808723305e+01
0.000000000000000000e+00
0.000000000000000000e+00
0.000000000000000000e+00
1.397295796334088536e+01
1.397295796334088536e+01
0.000000000000000000e+00
1.491021453378807671e+01
2.669810664580106163e+01
1.197086767154167219e+01
0.000000000000000000e+00
1.641040550809233167e+01
1.624439092149188113e+01
0.000000000000000000e+00
1.770895113085376948e+01
0.000000000000000000e+00
0.000000000000000000e+00
1.412628556313185513e+01
1.622066696287848941e+01
1.622066696287848941e+01
1.397295796334088536e+01
1.397295796334088536e+01
0.000000000000000000e+00
0.000000000000000000e+00
1.993586869850157584e+01
0.000000000000000000e+00
1.498351891348674592e+01
0.000000000000000000e+00
1.891393493956836380e+01
1.421039364539249128e+01
1.737074605261941684e+01
1.437085592985690852e+01
1.737074605261941684e+01
2.375871402124073839e+01
0.000000000000000000e+00
1.197086767154167219e+01
1.421039364539249128e+01
2.990380451628472258e+01
1.524366177230746189e+01
1.998786513007608434e+01
1.654330483041682243e+01
2.755609013791903905e+01
1.564283050447967049e+01
1.534230092953883684e+01
1.654330483041682243e+01
2.281569354929393612e+01
1.564283050447967049e+01
2.491060124668394238e+01
2.429996147410785667e+01
2.298245561926769298e+01
2.429996147410785667e+01
2.674980468942756673e+01
2.193612662492148857e+01
2.283432235628068341e+01
0.000000000000000000e+00
0.000000000000000000e+00
1.625746390185657475e+01
0.000000000000000000e+00
0.000000000000000000e+00
2.122550898415632759e+01
2.543112579917809768e+01
1.645584190782717471e+01
1.998786513007608434e+01
1.397990074125086757e+01
0.000000000000000000e+00
0.000000000000000000e+00
1.474704930818676196e+01
2.314611337055736584e+01
2.018615388805717714e+01
0.000000000000000000e+00
0.000000000000000000e+00
1.788958292159387042e+01
2.715273360403962855e+01
0.000000000000000000e+00
1.763757504042166246e+01
1.598677782012501325e+01
1.453318709017353960e+01
0.000000000000000000e+00
2.197216332722204868e+01
0.000000000000000000e+00
1.763757504042166246e+01
2.343335904712912310e+01
0.000000000000000000e+00
0.000000000000000000e+00
0.000000000000000000e+00
2.005223439324144508e+01
1.947939487618878118e+01
1.453318709017353960e+01
2.491060124668394238e+01
1.747016973524445405e+01
0.000000000000000000e+00
2.360709993481714974e+01
1.947939487618878118e+01
1.867105470718047044e+01
2.543112579917809768e+01
2.193612662492148857e+01
2.144428801540793827e+01
2.144428801540793827e+01
1.584308295037645919e+01
1.786092954937744892e+01
0.000000000000000000e+00
0.000000000000000000e+00
0.000000000000000000e+00
2.360709993481714974e+01
1.681999495214754248e+01
3.366466977616421019e+01
1.763757504042166246e+01
1.823457341289977052e+01
0.000000000000000000e+00
2.360709993481714974e+01
1.998786513007608434e+01
1.947939487618878118e+01
0.000000000000000000e+00
1.407013388360242523e+01
1.763757504042166246e+01
1.564283050447967049e+01
1.998786513007608434e+01
1.608193728834583425e+01
1.947939487618878118e+01
2.715273360403962855e+01
0.000000000000000000e+00
1.681999495214754248e+01
0.000000000000000000e+00
0.000000000000000000e+00
0.000000000000000000e+00
0.000000000000000000e+00
0.000000000000000000e+00
1.788958292159387042e+01
2.168552344709946311e+01
0.000000000000000000e+00
0.000000000000000000e+00
1.947939487618878118e+01
2.536173045815420224e+01
2.360709993481714974e+01
2.168552344709946311e+01
2.358653499649378915e+01
1.655301070394121865e+01
1.877052178632674639e+01
2.716440014833489514e+01
0.000000000000000000e+00
0.000000000000000000e+00
0.000000000000000000e+00
0.000000000000000000e+00
0.000000000000000000e+00
0.000000000000000000e+00
1.106160603925406782e+01
1.105586229350013561e+01
8.815107501279575430e+00
1.292511977853235905e+01
1.106160603925406782e+01
1.634666373849553977e+01
8.086111496290236289e+00
1.141311113676832001e+01
0.000000000000000000e+00
0.000000000000000000e+00
1.634666373849553977e+01
1.141311113676832001e+01
0.000000000000000000e+00
1.174585789123906387e+01
8.815107501279575430e+00
0.000000000000000000e+00
1.009114448387546581e+01
0.000000000000000000e+00
8.081608541900914489e+00
0.000000000000000000e+00
0.000000000000000000e+00
9.138880224273183472e+00
9.052158454359169326e+00
1.160980170945068757e+01
1.397777878941276875e+01
1.009114448387546581e+01
1.206815019169948577e+01
0.000000000000000000e+00
1.134037206995485469e+01
1.118663454058706463e+01
0.000000000000000000e+00
9.138880224273183472e+00
1.550206007637725847e+01
8.081608541900914489e+00
8.086111496290236289e+00
1.254042437534350185e+01
0.000000000000000000e+00
1.379076236013731283e+01
1.118663454058706463e+01
1.105586229350013561e+01
1.007760609870781110e+01
1.788717516699906440e+01
1.105586229350013561e+01
0.000000000000000000e+00
1.160980170945068757e+01
0.000000000000000000e+00
1.208040484321552377e+01
0.000000000000000000e+00
1.550206007637725847e+01
0.000000000000000000e+00
0.000000000000000000e+00
1.641660623030614374e+01
2.105537249039483072e+01
0.000000000000000000e+00
0.000000000000000000e+00
1.102607227947224544e+01
1.330112884319962951e+01
8.081608541900914489e+00
0.000000000000000000e+00
1.007760609870781110e+01
0.000000000000000000e+00
1.295952936000119315e+01
2.414212829371637525e+01
0.000000000000000000e+00
0.000000000000000000e+00
0.000000000000000000e+00
1.197471705674713327e+01
1.105586229350013561e+01
1.641660623030614374e+01
3.392660837354706160e+01
0.000000000000000000e+00
1.007760609870781110e+01
9.739456896796125918e+00
1.007760609870781110e+01
1.208040484321552377e+01
1.248964403198749729e+01
1.304701842654724864e+01
1.206815019169948577e+01
0.000000000000000000e+00
0.000000000000000000e+00
0.000000000000000000e+00
0.000000000000000000e+00
0.000000000000000000e+00
1.423893489180831828e+01
0.000000000000000000e+00
0.000000000000000000e+00
8.815107501279575430e+00
1.206815019169948577e+01
0.000000000000000000e+00
1.397572310099259063e+01
0.000000000000000000e+00
1.106160603925406782e+01
2.159229489997639817e+01
2.954597577950269027e+01
0.000000000000000000e+00
0.000000000000000000e+00
1.681082307819400512e+01
1.518372134723903955e+01
1.546069255835158529e+01
1.927940913071597251e+01
0.000000000000000000e+00
0.000000000000000000e+00
1.996913579828269647e+01
0.000000000000000000e+00
1.905629769951485031e+01
0.000000000000000000e+00
1.465989511604158579e+01
1.292946562155007229e+01
2.105537249039483072e+01
0.000000000000000000e+00
1.824247697052777184e+01
2.414212829371637525e+01
1.905629769951485031e+01
0.000000000000000000e+00
0.000000000000000000e+00
0.000000000000000000e+00
0.000000000000000000e+00
1.292511977853235905e+01
1.905629769951485031e+01
2.859848102388449931e+01
1.905629769951485031e+01
1.889217328172507848e+01
1.816776824219860842e+01
2.324374267100736802e+01
1.510032599737242975e+01
0.000000000000000000e+00
2.324374267100736802e+01
1.444031791885551463e+01
1.996913579828269647e+01
2.414212829371637525e+01
1.292511977853235905e+01
2.460737707614321934e+01
2.460737707614321934e+01
2.460737707614321934e+01
0.000000000000000000e+00
1.292511977853235905e+01
0.000000000000000000e+00
2.464318790168264783e+01
1.444031791885551463e+01
0.000000000000000000e+00
0.000000000000000000e+00
0.000000000000000000e+00
0.000000000000000000e+00
1.905629769951485031e+01
2.122016102438907126e+01
2.122016102438907126e+01
1.563827954919166707e+01
2.954597577950269027e+01
1.685691913574010670e+01
0.000000000000000000e+00
1.292511977853235905e+01
1.286958683284525762e+01
0.000000000000000000e+00
1.353819479453597729e+01
1.518372134723903955e+01
1.905629769951485031e+01
1.292511977853235905e+01
1.426722460292359607e+01
2.527166175349013599e+01
0.000000000000000000e+00
1.518372134723903955e+01
1.889217328172507848e+01
1.458440789924211245e+01
1.835516754994953459e+01
1.889217328172507848e+01
1.369865315932519678e+01
2.062637795381614225e+01
0.000000000000000000e+00
2.346869950607566579e+01
3.467125415365832453e+01
1.292946562155007229e+01
1.652513691491999026e+01
1.375242254612971493e+01
1.369865315932519678e+01
1.369865315932519678e+01
1.375242254612971493e+01
1.652513691491999026e+01
1.292946562155007229e+01
0.000000000000000000e+00
2.859848102388449931e+01
1.353819479453597729e+01
1.292511977853235905e+01
2.346869950607566579e+01
1.426722460292359607e+01
3.855477643802176857e+01
0.000000000000000000e+00
3.041454262165488132e+01
0.000000000000000000e+00
2.878043381349633023e+01
1.518372134723903955e+01
1.617423643781538090e+01
1.338241931497235448e+01
2.038702279041385168e+01
1.258851536142477379e+01
0.000000000000000000e+00
2.779464239235348799e+01
1.482679395477602391e+01
1.728378285478903109e+01
0.000000000000000000e+00
1.506188135652581650e+01
2.779464239235348799e+01
0.000000000000000000e+00
1.258851536142477379e+01
1.390188919142028823e+01
0.000000000000000000e+00
0.000000000000000000e+00
0.000000000000000000e+00
1.659781552088509216e+01
0.000000000000000000e+00
0.000000000000000000e+00
0.000000000000000000e+00
1.390215610482851361e+01
3.289402295971981971e+01
1.704056924867191114e+01
2.779464239235348799e+01
0.000000000000000000e+00
1.482679395477602391e+01
2.583453650492984721e+01
1.482679395477602391e+01
2.147232149848969129e+01
2.147279664878721306e+01
0.000000000000000000e+00
0.000000000000000000e+00
2.779464239235348799e+01
0.000000000000000000e+00
1.629018732210952436e+01
0.000000000000000000e+00
0.000000000000000000e+00
0.000000000000000000e+00
1.499502564977110275e+01
0.000000000000000000e+00
0.000000000000000000e+00
1.364251996421709379e+01
0.000000000000000000e+00
0.000000000000000000e+00
0.000000000000000000e+00
1.667552907715696620e+01
1.513673109238918535e+01
0.000000000000000000e+00
0.000000000000000000e+00
0.000000000000000000e+00
0.000000000000000000e+00
0.000000000000000000e+00
0.000000000000000000e+00
1.840045174452183829e+01
0.000000000000000000e+00
0.000000000000000000e+00
2.008243267488015249e+01
1.390188919142028823e+01
1.861002812553182650e+01
1.911431606485571777e+01
1.861002812553182650e+01
1.473202270414456549e+01
1.928758546361557791e+01
3.289402295971981971e+01
3.289402295971981971e+01
1.881445560889904201e+01
2.786522826331370695e+01
3.397483839009376538e+01
3.289402295971981971e+01
1.859756238913263715e+01
0.000000000000000000e+00
1.883839940294602400e+01
2.803336179649556215e+01
3.289402295971981971e+01
0.000000000000000000e+00
0.000000000000000000e+00
1.861002812553182650e+01
2.528674681752919895e+01
2.074908123856141628e+01
1.216257716477042372e+01
0.000000000000000000e+00
2.870805963856473397e+01
2.870805963856473397e+01
0.000000000000000000e+00
2.333627072803457736e+01
2.074908123856141628e+01
2.228770347224843817e+01
0.000000000000000000e+00
1.390215610482851361e+01
0.000000000000000000e+00
0.000000000000000000e+00
1.390188919142028823e+01
2.847927099609471568e+01
2.779464239235348799e+01
2.451671676057357985e+01
1.429475666593211969e+01
1.482679395477602391e+01
3.083600472103274726e+01
2.359344754803337096e+01
1.966644095760928579e+01
0.000000000000000000e+00
1.189031983864672704e+01
0.000000000000000000e+00
0.000000000000000000e+00
2.709295617922187205e+01
1.645775585374937577e+01
2.948335859081378985e+01
2.214027814946946648e+01
1.184845302793729083e+01
1.258741216369950067e+01
0.000000000000000000e+00
1.655416431594614224e+01
2.709295617922187205e+01
0.000000000000000000e+00
1.507086114317896630e+01
0.000000000000000000e+00
1.239745390860407070e+01
0.000000000000000000e+00
1.184845302793729083e+01
2.133104478857729447e+01
1.207767114170152745e+01
0.000000000000000000e+00
1.854666136389596076e+01
0.000000000000000000e+00
0.000000000000000000e+00
1.934807363379310630e+01
1.171213496932436371e+01
2.575091036172788250e+01
1.319120499405709701e+01
2.221577168850046391e+01
0.000000000000000000e+00
1.619212313209495235e+01
1.619212313209495235e+01
2.817455199184895775e+01
2.026052036456348304e+01
1.535437736200932513e+01
1.766724449767491834e+01
1.613239866696999414e+01
2.793611963249948005e+01
1.507086114317896630e+01
0.000000000000000000e+00
1.228065889187356774e+01
1.760312083789336413e+01
0.000000000000000000e+00
0.000000000000000000e+00
1.115426444798526617e+01
1.206529479338867894e+01
1.124509486004914294e+01
2.600722532901868433e+01
2.319711455451366433e+01
1.720555052249740413e+01
2.709295617922187205e+01
1.206529479338867894e+01
1.152875343040759759e+01
1.124509486004914294e+01
0.000000000000000000e+00
2.604854497428787141e+01
0.000000000000000000e+00
1.319120499405709701e+01
0.000000000000000000e+00
0.000000000000000000e+00
0.000000000000000000e+00
1.124509486004914294e+01
0.000000000000000000e+00
1.934807363379310630e+01
1.124509486004914294e+01
1.124509486004914294e+01
1.564152623084765992e+01
0.000000000000000000e+00
1.659034531587690964e+01
2.381720347522106351e+01
2.026218952372829207e+01
1.308840430985812908e+01
0.000000000000000000e+00
1.115426444798526617e+01
0.000000000000000000e+00
1.239745390860407070e+01
0.000000000000000000e+00
1.115426444798526617e+01
2.575091036172788250e+01
1.870521290439049977e+01
1.355117816922554574e+01
1.085888676502650085e+01
1.376339609418560528e+01
0.000000000000000000e+00
2.127247527609904765e+01
0.000000000000000000e+00
1.870521290439049977e+01
1.619537452151420354e+01
2.817455199184895775e+01
1.366675775765488154e+01
0.000000000000000000e+00
1.720837280386007606e+01
2.892292876052884765e+01
0.000000000000000000e+00
0.000000000000000000e+00
1.124509486004914294e+01
1.195659107741247595e+01
2.437293022680129440e+01
2.133104478857729447e+01
0.000000000000000000e+00
2.122344931342543362e+01
1.875808216148795182e+01
1.967934715989199645e+01
0.000000000000000000e+00
1.932116839462056390e+01
0.000000000000000000e+00
2.583208850991872296e+01
1.893374826412728851e+01
0.000000000000000000e+00
0.000000000000000000e+00
1.967934715989199645e+01
2.539453071928587491e+01
2.298886832764086563e+01
2.272116835576214200e+01
2.448683582501406164e+01
3.991142957427039306e+01
0.000000000000000000e+00
0.000000000000000000e+00
0.000000000000000000e+00
2.624187796392217464e+01
1.666840926115303034e+01
0.000000000000000000e+00
2.818207455251835114e+01
0.000000000000000000e+00
2.254502545875413944e+01
0.000000000000000000e+00
0.000000000000000000e+00
1.817394191717642471e+01
0.000000000000000000e+00
2.158108533962841946e+01
0.000000000000000000e+00
3.952136715505891118e+01
1.892434309196517006e+01
3.003854988786516955e+01
2.657837107338508531e+01
2.272116835576214200e+01
3.003854988786516955e+01
1.817394191717642471e+01
1.875808216148795182e+01
2.298886832764086563e+01
1.817394191717642471e+01
0.000000000000000000e+00
0.000000000000000000e+00
2.351934938054047564e+01
0.000000000000000000e+00
0.000000000000000000e+00
1.750926117075291444e+01
1.723065930386134070e+01
0.000000000000000000e+00
2.749696657944584999e+01
2.583208850991872296e+01
0.000000000000000000e+00
1.817394191717642471e+01
1.893374826412728851e+01
2.018542712332827804e+01
2.351934938054047564e+01
0.000000000000000000e+00
1.666840926115303034e+01
3.568933890852019175e+01
0.000000000000000000e+00
1.892434309196517006e+01
0.000000000000000000e+00
0.000000000000000000e+00
1.817394191717642471e+01
1.949426469887447766e+01
1.738619367042864994e+01
0.000000000000000000e+00
2.128432171734978695e+01
0.000000000000000000e+00
1.661143007605678790e+01
3.148928899187269792e+01
2.149980586269112237e+01
2.502885882634481263e+01
0.000000000000000000e+00
0.000000000000000000e+00
0.000000000000000000e+00
0.000000000000000000e+00
2.158108533962841946e+01
0.000000000000000000e+00
2.973168126385509780e+01
2.158108533962841946e+01
0.000000000000000000e+00
0.000000000000000000e+00
1.892434309196517006e+01
0.000000000000000000e+00
1.949426469887447766e+01
2.149980586269112237e+01
0.000000000000000000e+00
2.031696012495856252e+01
9.418791369613433773e+00
1.604579853563103242e+01
1.468112471484948500e+01
0.000000000000000000e+00
0.000000000000000000e+00
0.000000000000000000e+00
1.262742934808723305e+01
1.426161377692315213e+01
9.765225716921396071e+00
9.454046965511871292e+00
3.340393416681025229e+01
1.412628556313185513e+01
9.296725851434828769e+00
0.000000000000000000e+00
9.296725851434828769e+00
1.181396723755136335e+01
1.760097234896396046e+01
1.181396723755136335e+01
1.420724734977989989e+01
1.347972242018476408e+01
0.000000000000000000e+00
1.468031159026434374e+01
0.000000000000000000e+00
9.765225716921396071e+00
1.480697558638264688e+01
1.615075798270298080e+01
0.000000000000000000e+00
0.000000000000000000e+00
0.000000000000000000e+00
9.418791369613433773e+00
9.842603649618949291e+00
9.842603649618949291e+00
0.000000000000000000e+00
9.454046965511871292e+00
1.605677661685759361e+01
1.557435663259661141e+01
1.319176601083328393e+01
1.053236537479991064e+01
1.955046159753370461e+01
1.718811195841051642e+01
0.000000000000000000e+00
1.420724734977989989e+01
9.296725851434828769e+00
0.000000000000000000e+00
1.174187186242535041e+01
1.282349339880965822e+01
1.319176601083328393e+01
0.000000000000000000e+00
1.053635779414406137e+01
1.826694523616510324e+01
2.514525796749428466e+01
2.031696012495856252e+01
9.765225716921396071e+00
1.397295796334088536e+01
1.480697558638264688e+01
1.319176601083328393e+01
1.282349339880965822e+01
1.578321326045570494e+01
9.296725851434828769e+00
9.296725851434828769e+00
0.000000000000000000e+00
0.000000000000000000e+00
1.053236537479991064e+01
1.548084561050880836e+01
0.000000000000000000e+00
1.955046159753370461e+01
1.643463624914334531e+01
2.031696012495856252e+01
0.000000000000000000e+00
0.000000000000000000e+00
9.296725851434828769e+00
2.126936156329163552e+01
1.718811195841051642e+01
0.000000000000000000e+00
1.093388160242813711e+01
1.605677661685759361e+01
1.441123822132902532e+01
9.454046965511871292e+00
1.718811195841051642e+01
1.181396723755136335e+01
9.842603649618949291e+00
0.000000000000000000e+00
1.278117967149825773e+01
9.842603649618949291e+00
1.370231200396412952e+01
1.069810190692998475e+01
1.718811195841051642e+01
1.494112719351414675e+01
0.000000000000000000e+00
9.765225716921396071e+00
1.397295796334088536e+01
9.296725851434828769e+00
9.765225716921396071e+00
9.817952804506603570e+00
9.296725851434828769e+00
0.000000000000000000e+00
1.480697558638264688e+01
1.109354606074430905e+01
1.614846707287373206e+01
1.867859298160647441e+01
2.372409952077616424e+01
0.000000000000000000e+00
0.000000000000000000e+00
2.457108146212281952e+01
0.000000000000000000e+00
2.222541157029012737e+01
2.858643964401276349e+01
0.000000000000000000e+00
0.000000000000000000e+00
1.548679889835311307e+01
1.633563497685373989e+01
2.681261441709177973e+01
0.000000000000000000e+00
2.359344754803337096e+01
1.614846707287373206e+01
1.943701866620683560e+01
2.410294015650559984e+01
2.260097080368129241e+01
2.237597098496872761e+01
0.000000000000000000e+00
2.032825774634527960e+01
0.000000000000000000e+00
0.000000000000000000e+00
2.276061543056028214e+01
1.633563497685373989e+01
2.334684153442133336e+01
0.000000000000000000e+00
0.000000000000000000e+00
2.334684153442133336e+01
1.861102242079988756e+01
0.000000000000000000e+00
0.000000000000000000e+00
0.000000000000000000e+00
2.750843882111048089e+01
3.342302851710833522e+01
0.000000000000000000e+00
3.005987615217217979e+01
1.822127099657629756e+01
0.000000000000000000e+00
0.000000000000000000e+00
2.334684153442133336e+01
1.939263079087123387e+01
2.129099399312370622e+01
2.871928285559701166e+01
1.778134028614688589e+01
0.000000000000000000e+00
0.000000000000000000e+00
1.991345640625089075e+01
2.064411312941810905e+01
0.000000000000000000e+00
0.000000000000000000e+00
1.398993541477271307e+01
0.000000000000000000e+00
0.000000000000000000e+00
0.000000000000000000e+00
1.686469401805655011e+01
0.000000000000000000e+00
1.466887596194345811e+01
1.861102242079988756e+01
3.525406716540467755e+01
2.237597098496872761e+01
0.000000000000000000e+00
1.996536332879700026e+01
2.931424928063904645e+01
0.000000000000000000e+00
2.574242275448739647e+01
0.000000000000000000e+00
1.750926117075291444e+01
0.000000000000000000e+00
0.000000000000000000e+00
0.000000000000000000e+00
1.503736219637904092e+01
0.000000000000000000e+00
2.368327626619430148e+01
2.617892975084520657e+01
2.848655612936800097e+01
3.584742563757249911e+01
0.000000000000000000e+00
2.283525710304728662e+01
0.000000000000000000e+00
0.000000000000000000e+00
0.000000000000000000e+00
3.392023628581895167e+01
0.000000000000000000e+00
0.000000000000000000e+00
0.000000000000000000e+00
2.451991305325533332e+01
0.000000000000000000e+00
0.000000000000000000e+00
2.010789348044059111e+01
2.600658101971213298e+01
1.633563497685373989e+01
1.614846707287373206e+01
0.000000000000000000e+00
2.088811440411550890e+01
2.139183131035577290e+01
2.617892975084520657e+01
1.588212218963120392e+01
2.152886593301545304e+01
1.407244426796036763e+01
0.000000000000000000e+00
1.910310077846595078e+01
1.407244426796036763e+01
0.000000000000000000e+00
0.000000000000000000e+00
0.000000000000000000e+00
1.252705988521158709e+01
1.597494551319329759e+01
0.000000000000000000e+00
2.618144474976978486e+01
1.397996435014477790e+01
1.597494551319329759e+01
0.000000000000000000e+00
2.232992593502159906e+01
2.635360044828527748e+01
0.000000000000000000e+00
1.621117558548806414e+01
1.411099299721450606e+01
0.000000000000000000e+00
0.000000000000000000e+00
0.000000000000000000e+00
1.411099299721450606e+01
1.764470549096637342e+01
1.662937714620600005e+01
0.000000000000000000e+00
0.000000000000000000e+00
1.252705988521158709e+01
1.439982771832621999e+01
1.252705988521158709e+01
1.461555795483737086e+01
0.000000000000000000e+00
0.000000000000000000e+00
3.150296956302130624e+01
1.621117558548806414e+01
2.630827396934417095e+01
0.000000000000000000e+00
1.461555795483737086e+01
0.000000000000000000e+00
1.621117558548806414e+01
1.252705988521158709e+01
1.407244426796036763e+01
2.002036956071202667e+01
0.000000000000000000e+00
1.870107522213874063e+01
0.000000000000000000e+00
2.059841887990989662e+01
1.590784739427739680e+01
0.000000000000000000e+00
1.407244426796036763e+01
0.000000000000000000e+00
1.621117558548806414e+01
3.266463944203259473e+01
1.649520366474109423e+01
1.621117558548806414e+01
0.000000000000000000e+00
1.621117558548806414e+01
2.059841887990989662e+01
2.059841887990989662e+01
1.543363408997437602e+01
1.397996435014477790e+01
1.590784739427739680e+01
1.590784739427739680e+01
1.461555795483737086e+01
1.597494551319329759e+01
0.000000000000000000e+00
1.461555795483737086e+01
1.716107788902700193e+01
1.621117558548806414e+01
1.372725232836782361e+01
1.870107522213874063e+01
1.597494551319329759e+01
1.372725232836782361e+01
1.662937714620600005e+01
1.595534887671770186e+01
1.621117558548806414e+01
0.000000000000000000e+00
1.473952231884355513e+01
2.152886593301545304e+01
0.000000000000000000e+00
0.000000000000000000e+00
0.000000000000000000e+00
1.639472230378267525e+01
0.000000000000000000e+00
0.000000000000000000e+00
1.838377406293276195e+01
2.464269842664789678e+01
1.252705988521158709e+01
2.618144474976978486e+01
0.000000000000000000e+00
1.624989623564259489e+01
0.000000000000000000e+00
0.000000000000000000e+00
2.742831322487693413e+01
1.649520366474109423e+01
1.621117558548806414e+01
0.000000000000000000e+00
1.411099299721450606e+01
1.870107522213874063e+01
1.231575243585382751e+01
1.348164859428189644e+01
1.473202270414456549e+01
1.338704833970741781e+01
1.875808216148795182e+01
0.000000000000000000e+00
0.000000000000000000e+00
2.833086909196545022e+01
1.390188919142028823e+01
1.338704833970741781e+01
1.785634418337526697e+01
3.167457750606176958e+01
0.000000000000000000e+00
0.000000000000000000e+00
1.935345762441741257e+01
2.074908123856141628e+01
1.205079005951398052e+01
1.137096283862726409e+01
0.000000000000000000e+00
1.332367981852450001e+01
2.425789708611374351e+01
3.582072983116385956e+01
1.325088230429249769e+01
0.000000000000000000e+00
2.939193921171947110e+01
1.708884789697101780e+01
2.205598788942007715e+01
0.000000000000000000e+00
1.482679395477602391e+01
0.000000000000000000e+00
1.171172712726106546e+01
1.225540992901576764e+01
1.091850372921252266e+01
1.410384861628377706e+01
1.853196441989473087e+01
1.137096283862726409e+01
1.188721872459677620e+01
1.901888202127340932e+01
0.000000000000000000e+00
0.000000000000000000e+00
1.783053178627815782e+01
1.556366978324533434e+01
0.000000000000000000e+00
1.613536842478113442e+01
0.000000000000000000e+00
0.000000000000000000e+00
2.032825774634527960e+01
1.430566487808133935e+01
1.171172712726106546e+01
0.000000000000000000e+00
1.338704833970741781e+01
1.482679395477602391e+01
0.000000000000000000e+00
1.171172712726106546e+01
1.451564429963758585e+01
1.776374141845997556e+01
0.000000000000000000e+00
1.202194299448330028e+01
1.137096283862726409e+01
1.225540992901576764e+01
2.205598788942007715e+01
1.325088230429249769e+01
0.000000000000000000e+00
1.115437838471766696e+01
1.994593541367837020e+01
1.901888202127340932e+01
3.952136715505891118e+01
1.182266544655600349e+01
0.000000000000000000e+00
0.000000000000000000e+00
0.000000000000000000e+00
1.482679395477602391e+01
0.000000000000000000e+00
0.000000000000000000e+00
0.000000000000000000e+00
1.362027291373547833e+01
0.000000000000000000e+00
1.482679395477602391e+01
2.238799740408409988e+01
1.513673109238918535e+01
0.000000000000000000e+00
2.171777507645996153e+01
0.000000000000000000e+00
1.091850372921252266e+01
0.000000000000000000e+00
1.482679395477602391e+01
1.556366978324533434e+01
1.556366978324533434e+01
1.659781552088509216e+01
1.613536842478113442e+01
1.430566487808133935e+01
1.231575243585382751e+01
1.115437838471766696e+01
0.000000000000000000e+00
1.901888202127340932e+01
1.928758546361557791e+01
1.091850372921252266e+01
2.076642551708106055e+01
1.698162555087234793e+01
2.563270271868957551e+01
2.298530763564019708e+01
2.255814360349106096e+01
0.000000000000000000e+00
1.897383467490463360e+01
1.698162555087234793e+01
1.494257735959205036e+01
1.660465359485138848e+01
2.255814360349106096e+01
1.660465359485138848e+01
1.494257735959205036e+01
1.772591690873879244e+01
1.537877541187318009e+01
0.000000000000000000e+00
1.668111765859175222e+01
1.537877541187318009e+01
1.948345383370736883e+01
1.660465359485138848e+01
1.660465359485138848e+01
1.537877541187318009e+01
2.493192993095994581e+01
2.027591841071379974e+01
1.780770448894583069e+01
1.189756072818705235e+01
1.445101905403731024e+01
0.000000000000000000e+00
1.927403619749786046e+01
0.000000000000000000e+00
1.799134280700319266e+01
2.047973669762834348e+01
1.677152066682164389e+01
1.598264739161450088e+01
1.537877541187318009e+01
0.000000000000000000e+00
0.000000000000000000e+00
1.819525386494955654e+01
1.638836399079387363e+01
0.000000000000000000e+00
1.537877541187318009e+01
0.000000000000000000e+00
1.677152066682164389e+01
1.610002393795867803e+01
2.275449973870010112e+01
1.866320369868444473e+01
0.000000000000000000e+00
0.000000000000000000e+00
1.713786587724412058e+01
1.565923219165944502e+01
1.537877541187318009e+01
2.275449973870010112e+01
1.643091277604121814e+01
1.525739348183838295e+01
1.591652760260068611e+01
1.477980384288415117e+01
2.763431678904253985e+01
0.000000000000000000e+00
1.302624114530726374e+01
2.027591841071379974e+01
0.000000000000000000e+00
1.773081756007487186e+01
1.399659795048748556e+01
1.399659795048748556e+01
3.037796538440918326e+01
1.399659795048748556e+01
1.246530903665992085e+01
1.537877541187318009e+01
1.537877541187318009e+01
0.000000000000000000e+00
1.525739348183838295e+01
1.600785966445642927e+01
1.817609324751030186e+01
1.445101905403731024e+01
1.565923219165944502e+01
0.000000000000000000e+00
1.494257735959205036e+01
1.537877541187318009e+01
0.000000000000000000e+00
0.000000000000000000e+00
0.000000000000000000e+00
1.599090306081756374e+01
1.302624114530726374e+01
1.625017039713813816e+01
1.799134280700319266e+01
1.494257735959205036e+01
1.537877541187318009e+01
1.366252611357163538e+01
1.660465359485138848e+01
1.598264739161450088e+01
1.494257735959205036e+01
1.695238737001845308e+01
1.668111765859175222e+01
1.537877541187318009e+01
1.643091277604121814e+01
1.445101905403731024e+01
1.625017039713813816e+01
1.660465359485138848e+01
0.000000000000000000e+00
0.000000000000000000e+00
1.373358264293648467e+01
1.531674864384385337e+01
1.501489023980730053e+01
0.000000000000000000e+00
1.829734985079972631e+01
2.390150320345971480e+01
0.000000000000000000e+00
2.133779182024014176e+01
1.352893312190590791e+01
1.719511664929247985e+01
0.000000000000000000e+00
1.462566610847597026e+01
2.867986005930458049e+01
1.487820141671435437e+01
0.000000000000000000e+00
1.462566610847597026e+01
1.373358264293648467e+01
0.000000000000000000e+00
1.729022628393167338e+01
1.352893312190590791e+01
1.487820141671435437e+01
1.517822048948999125e+01
1.758822150243086213e+01
1.725275631725764214e+01
1.713786587724412058e+01
1.835309058435752405e+01
0.000000000000000000e+00
1.487820141671435437e+01
2.133779182024014176e+01
1.758822150243086213e+01
2.320219815727944379e+01
0.000000000000000000e+00
0.000000000000000000e+00
0.000000000000000000e+00
1.487820141671435437e+01
1.487820141671435437e+01
1.658964498913419661e+01
1.658964498913419661e+01
0.000000000000000000e+00
1.622179428537214108e+01
1.487820141671435437e+01
1.862288331494454496e+01
1.304561641315909881e+01
0.000000000000000000e+00
1.725275631725764214e+01
2.036351263796239763e+01
1.487820141671435437e+01
0.000000000000000000e+00
0.000000000000000000e+00
1.352893312190590791e+01
1.352893312190590791e+01
1.352893312190590791e+01
1.685891553281005528e+01
1.304561641315909881e+01
1.971884362688428993e+01
1.501489023980730053e+01
0.000000000000000000e+00
0.000000000000000000e+00
1.653247074641908299e+01
1.714848583899084034e+01
1.755697295258073964e+01
1.501489023980730053e+01
0.000000000000000000e+00
0.000000000000000000e+00
0.000000000000000000e+00
1.622179428537214108e+01
2.102267995727821770e+01
1.758822150243086213e+01
0.000000000000000000e+00
1.714848583899084034e+01
1.535115680341885991e+01
1.664401006325799770e+01
1.971884362688428993e+01
1.504788693849884851e+01
1.896123576352978901e+01
1.896123576352978901e+01
0.000000000000000000e+00
2.103107155774700487e+01
1.755697295258073964e+01
1.861755802673361870e+01
1.828229062135027760e+01
2.133779182024014176e+01
1.835309058435752405e+01
0.000000000000000000e+00
1.725275631725764214e+01
0.000000000000000000e+00
1.535115680341885991e+01
1.622179428537214108e+01
0.000000000000000000e+00
1.734717924255437893e+01
2.248966678967909516e+01
1.714848583899084034e+01
2.248966678967909516e+01
1.714848583899084034e+01
0.000000000000000000e+00
0.000000000000000000e+00
0.000000000000000000e+00
0.000000000000000000e+00
2.629463928227445280e+01
1.462566610847597026e+01
0.000000000000000000e+00
0.000000000000000000e+00
1.910452779920177235e+01
0.000000000000000000e+00
1.452575652470931722e+01
1.299073801783289106e+01
1.596069743372284044e+01
0.000000000000000000e+00
0.000000000000000000e+00
1.561476725365364970e+01
0.000000000000000000e+00
1.695169030286199074e+01
1.325692060651882542e+01
1.574047767361319750e+01
1.944747246996552903e+01
1.701961174886990236e+01
1.990374090869920920e+01
1.265757506854957981e+01
1.268841040303118817e+01
2.164692718706007923e+01
0.000000000000000000e+00
1.574047767361319750e+01
1.658537484063514000e+01
1.910452779920177235e+01
0.000000000000000000e+00
1.614178393598050221e+01
0.000000000000000000e+00
1.556036779331672015e+01
1.452575652470931722e+01
1.307232309923488955e+01
1.452575652470931722e+01
1.402569223667216747e+01
0.000000000000000000e+00
2.658707775538507789e+01
0.000000000000000000e+00
0.000000000000000000e+00
1.498416822472837318e+01
1.607264703590667665e+01
1.585444647421238784e+01
0.000000000000000000e+00
0.000000000000000000e+00
1.749229518884422063e+01
0.000000000000000000e+00
1.910741787980425954e+01
2.674170328902770777e+01
0.000000000000000000e+00
0.000000000000000000e+00
0.000000000000000000e+00
1.798750001962978118e+01
1.473558744241816143e+01
2.133207711798347006e+01
2.137956343223113365e+01
1.556036779331672015e+01
1.596069743372284044e+01
0.000000000000000000e+00
0.000000000000000000e+00
2.390656193110629957e+01
0.000000000000000000e+00
1.613979207035973928e+01
0.000000000000000000e+00
1.585444647421238784e+01
1.798750001962978118e+01
1.421254352906416329e+01
1.421254352906416329e+01
1.265757506854957981e+01
1.299073801783289106e+01
1.540124236426680149e+01
0.000000000000000000e+00
1.574047767361319750e+01
1.498416822472837318e+01
1.437516461287525971e+01
0.000000000000000000e+00
1.807924875807594844e+01
1.421254352906416329e+01
1.556036779331672015e+01
1.437516461287525971e+01
1.583493618520094159e+01
1.574047767361319750e+01
0.000000000000000000e+00
1.268841040303118817e+01
1.585444647421238784e+01
1.585444647421238784e+01
1.614178393598050221e+01
2.015209890991613761e+01
0.000000000000000000e+00
1.620491220494804097e+01
1.452575652470931722e+01
1.529018560789820391e+01
1.807924875807594844e+01
1.421254352906416329e+01
0.000000000000000000e+00
1.307232309923488955e+01
0.000000000000000000e+00
1.574047767361319750e+01
1.990374090869920920e+01
1.607264703590667665e+01
1.763844905723802015e+01
0.000000000000000000e+00
1.585444647421238784e+01
1.473558744241816143e+01
0.000000000000000000e+00
2.508830450163157977e+01
1.852424314794930282e+01
2.614396873764802720e+01
0.000000000000000000e+00
2.182748467843699203e+01
0.000000000000000000e+00
1.267957612673238899e+01
1.217822379941289945e+01
1.380752023809814233e+01
1.173097882082595511e+01
2.508830450163157977e+01
1.267957612673238899e+01
1.308756107496547649e+01
0.000000000000000000e+00
1.971597602120839099e+01
0.000000000000000000e+00
1.693317182820166522e+01
1.738991732491796682e+01
2.799045318086729495e+01
1.314177853278571817e+01
2.807966109656390685e+01
0.000000000000000000e+00
2.508830450163157977e+01
1.271668060492528873e+01
1.852424314794930282e+01
1.758029855880210235e+01
1.394099649757802872e+01
1.427421226824033162e+01
0.000000000000000000e+00
0.000000000000000000e+00
2.210327367960413625e+01
1.123798661484308603e+01
1.427421226824033162e+01
0.000000000000000000e+00
1.364960745788229701e+01
0.000000000000000000e+00
0.000000000000000000e+00
1.234274070442714688e+01
1.271668060492528873e+01
1.264539685790349566e+01
0.000000000000000000e+00
1.852424314794930282e+01
1.282385494235952095e+01
0.000000000000000000e+00
0.000000000000000000e+00
1.147342693808007219e+01
1.173097882082595511e+01
1.304428305734712801e+01
0.000000000000000000e+00
0.000000000000000000e+00
0.000000000000000000e+00
0.000000000000000000e+00
1.298754298647698313e+01
1.101617122314431718e+01
0.000000000000000000e+00
1.738991732491796682e+01
1.377243749857070476e+01
1.186548737525670560e+01
0.000000000000000000e+00
1.255470067506552923e+01
1.275467404911173297e+01
1.404017842226878621e+01
1.509190560505437340e+01
0.000000000000000000e+00
1.217822379941289945e+01
2.210327367960413625e+01
1.309688069132043609e+01
1.186548737525670560e+01
1.574414914451640257e+01
2.799045318086729495e+01
0.000000000000000000e+00
1.275467404911173297e+01
1.735327831128733678e+01
1.123798661484308603e+01
0.000000000000000000e+00
1.735327831128733678e+01
1.735327831128733678e+01
0.000000000000000000e+00
2.220701649858987281e+01
1.358845470345650419e+01
2.210327367960413625e+01
1.039454804282203426e+01
0.000000000000000000e+00
1.294032164513469318e+01
1.414669685207923955e+01
0.000000000000000000e+00
1.404017842226878621e+01
1.264539685790349566e+01
1.881576708739174109e+01
2.210327367960413625e+01
1.123798661484308603e+01
1.377243749857070476e+01
1.147342693808007219e+01
0.000000000000000000e+00
1.509400592901447880e+01
1.509400592901447880e+01
0.000000000000000000e+00
1.278797615741594562e+01
1.373915149704071759e+01
0.000000000000000000e+00
1.556238147603649935e+01
1.738976072069351275e+01
1.694481646704350197e+01
1.948189771081970889e+01
1.570982679459706866e+01
1.694481646704350197e+01
2.099494052988677950e+01
0.000000000000000000e+00
1.694481646704350197e+01
1.789369324256802685e+01
1.899683233419501960e+01
1.751972563918918269e+01
2.242650968278611856e+01
1.810609548935583391e+01
0.000000000000000000e+00
2.403418114419382334e+01
2.134711711987865712e+01
2.583407897343849768e+01
1.842219775117388636e+01
2.456501064871219953e+01
1.995131889318661678e+01
1.810609548935583391e+01
2.280150426674219588e+01
0.000000000000000000e+00
1.877534927560281020e+01
2.457311650528432878e+01
1.747188308759687914e+01
1.694481646704350197e+01
1.995131889318661678e+01
1.486709571680371411e+01
1.582056493022470889e+01
1.963752407094938590e+01
1.694481646704350197e+01
1.963882005853470503e+01
2.006049624286446331e+01
1.708525492481520658e+01
1.819410497096754042e+01
1.607803809272691353e+01
1.948189771081970889e+01
1.935993490715178922e+01
1.747188308759687914e+01
2.083032342905161727e+01
1.738976072069351275e+01
1.747188308759687914e+01
1.896849719032885062e+01
1.810609548935583391e+01
1.995131889318661678e+01
1.899683233419501960e+01
1.607803809272691353e+01
1.556238147603649935e+01
2.296950063362523053e+01
0.000000000000000000e+00
1.895310570756554824e+01
1.810609548935583391e+01
1.694481646704350197e+01
0.000000000000000000e+00
1.801226692382007144e+01
1.896401095781563129e+01
1.962636314505174084e+01
1.797148796792102843e+01
1.797148796792102843e+01
1.797148796792102843e+01
2.316343419165644590e+01
0.000000000000000000e+00
0.000000000000000000e+00
1.607803809272691353e+01
0.000000000000000000e+00
2.017141989121129342e+01
1.778430737520089977e+01
0.000000000000000000e+00
1.895310570756554824e+01
0.000000000000000000e+00
1.738976072069351275e+01
1.671565372966421847e+01
1.797148796792102843e+01
1.708525492481520658e+01
1.935993490715178922e+01
0.000000000000000000e+00
0.000000000000000000e+00
1.747188308759687914e+01
0.000000000000000000e+00
1.556238147603649935e+01
2.287895921613420569e+01
1.582056493022470889e+01
1.895310570756554824e+01
1.826682779068371332e+01
1.826682779068371332e+01
1.810609548935583391e+01
0.000000000000000000e+00
1.797148796792102843e+01
1.694481646704350197e+01
0.000000000000000000e+00
0.000000000000000000e+00
1.774398719361850851e+01
1.797148796792102843e+01
1.556238147603649935e+01
1.797148796792102843e+01
1.486709571680371411e+01
1.694481646704350197e+01
8.927350156696503447e+00
0.000000000000000000e+00
2.332500496253907585e+01
0.000000000000000000e+00
9.905099830936155314e+00
0.000000000000000000e+00
9.458064542184981605e+00
1.828605593068217772e+01
8.927350156696503447e+00
9.132648343784982359e+00
1.169513842580709806e+01
1.237479610229575933e+01
1.019385757618161215e+01
1.275398058861003747e+01
2.141515887403590668e+01
1.171470075636589847e+01
0.000000000000000000e+00
1.480452353079836136e+01
9.292650879623538529e+00
1.035194978473021976e+01
8.927350156696503447e+00
1.416763334897764715e+01
9.905099830936155314e+00
9.905099830936155314e+00
1.230236290347199279e+01
1.091402315731084904e+01
2.234334242838308882e+01
1.103538556095026024e+01
0.000000000000000000e+00
8.927350156696503447e+00
1.240814056081969063e+01
1.019385757618161215e+01
1.480452353079836136e+01
1.215942623882263973e+01
0.000000000000000000e+00
1.208976563552431926e+01
1.086461591200178312e+01
0.000000000000000000e+00
1.091402315731084904e+01
1.486098888932406226e+01
8.927350156696503447e+00
1.079598582385433936e+01
1.348414583502837161e+01
0.000000000000000000e+00
0.000000000000000000e+00
2.141515887403590668e+01
9.040735647414402720e+00
9.458064542184981605e+00
1.304777308347259890e+01
0.000000000000000000e+00
0.000000000000000000e+00
1.304777308347259890e+01
0.000000000000000000e+00
1.304777308347259890e+01
0.000000000000000000e+00
1.215942623882263973e+01
0.000000000000000000e+00
0.000000000000000000e+00
9.040735647414402720e+00
9.040735647414402720e+00
0.000000000000000000e+00
1.086461591200178312e+01
1.486098888932406226e+01
0.000000000000000000e+00
0.000000000000000000e+00
1.091402315731084904e+01
1.746577862226251199e+01
1.416763334897764715e+01
1.057649965102005396e+01
9.040735647414402720e+00
1.746577862226251199e+01
8.927350156696503447e+00
1.361999031423852990e+01
1.486098888932406226e+01
0.000000000000000000e+00
1.237479610229575933e+01
0.000000000000000000e+00
9.040735647414402720e+00
0.000000000000000000e+00
1.408488319669415390e+01
0.000000000000000000e+00
1.798174160213913098e+01
1.171470075636589847e+01
1.994981296364588985e+01
9.313811508793135019e+00
0.000000000000000000e+00
1.774615035301086508e+01
1.746577862226251199e+01
1.183180742970661647e+01
1.283026060051711781e+01
8.927350156696503447e+00
2.234334242838308882e+01
2.486595467406834814e+01
1.452941299804923503e+01
1.418270049452374160e+01
1.237479610229575933e+01
1.418270049452374160e+01
2.234334242838308882e+01
1.061712827515881230e+01
9.905099830936155314e+00
0.000000000000000000e+00
1.017201413184858794e+01
0.000000000000000000e+00
0.000000000000000000e+00
1.683662980109519225e+01
9.356427759915971976e+00
7.530779189420173658e+00
2.046301378927827130e+01
1.524338336354685808e+01
1.366967491855697503e+01
0.000000000000000000e+00
0.000000000000000000e+00
1.366967491855697503e+01
1.366967491855697503e+01
1.156706884917841194e+01
9.050724442771008071e+00
0.000000000000000000e+00
2.193110004132806168e+01
0.000000000000000000e+00
9.457080332311443627e+00
2.193110004132806168e+01
0.000000000000000000e+00
0.000000000000000000e+00
1.228944379178713397e+01
0.000000000000000000e+00
0.000000000000000000e+00
1.618375539937282781e+01
1.447135224181107382e+01
7.530779189420173658e+00
8.522425725720308876e+00
9.620982708370776848e+00
1.493967468721644920e+01
1.104025499161413748e+01
1.512568672994944485e+01
0.000000000000000000e+00
0.000000000000000000e+00
0.000000000000000000e+00
1.140871130616648443e+01
0.000000000000000000e+00
9.620982708370776848e+00
1.447135224181107382e+01
1.140871130616648443e+01
8.858113096801888631e+00
1.493967468721644920e+01
0.000000000000000000e+00
1.945229740972675714e+01
1.447135224181107382e+01
1.618375539937282781e+01
1.094713059587860471e+01
1.030421159077221738e+01
0.000000000000000000e+00
1.493967468721644920e+01
0.000000000000000000e+00
0.000000000000000000e+00
1.493967468721644920e+01
9.364153193677729803e+00
0.000000000000000000e+00
8.107709779998891975e+00
0.000000000000000000e+00
0.000000000000000000e+00
9.832056671160605887e+00
1.618375539937282781e+01
0.000000000000000000e+00
8.982881377010365043e+00
0.000000000000000000e+00
1.017201413184858794e+01
0.000000000000000000e+00
0.000000000000000000e+00
0.000000000000000000e+00
8.858113096801888631e+00
1.891297555653635953e+01
0.000000000000000000e+00
8.162559343583678739e+00
1.104025499161413748e+01
1.353276737489085058e+01
0.000000000000000000e+00
8.858113096801888631e+00
0.000000000000000000e+00
0.000000000000000000e+00
0.000000000000000000e+00
8.858113096801888631e+00
1.292185779574817062e+01
1.493967468721644920e+01
1.493967468721644920e+01
0.000000000000000000e+00
9.523150346588820980e+00
1.013423007288351663e+01
7.530779189420173658e+00
9.356427759915971976e+00
0.000000000000000000e+00
1.366967491855697503e+01
1.957157415460843808e+01
8.917035919365353891e+00
1.524338336354685808e+01
0.000000000000000000e+00
9.832056671160605887e+00
2.193110004132806168e+01
9.219511884393813972e+00
1.366967491855697503e+01
1.870788329851592025e+01
1.956386514778935748e+01
1.915172973229142173e+01
1.742525804564168013e+01
1.870788329851592025e+01
1.564383883454025970e+01
0.000000000000000000e+00
0.000000000000000000e+00
0.000000000000000000e+00
0.000000000000000000e+00
1.146775320585312841e+01
2.040683748832808320e+01
0.000000000000000000e+00
1.564383883454025970e+01
1.442348171374515964e+01
2.292285642673583723e+01
1.093068346988675543e+01
8.522265458626739232e+00
1.888588677610953326e+01
1.303114885288496616e+01
1.237307918571426235e+01
0.000000000000000000e+00
1.100741980008052145e+01
0.000000000000000000e+00
1.321039657376005216e+01
9.220522507476092144e+00
0.000000000000000000e+00
0.000000000000000000e+00
8.518710310983456324e+00
1.344804693909076398e+01
0.000000000000000000e+00
0.000000000000000000e+00
1.978617031704156304e+01
1.100741980008052145e+01
2.292285642673583723e+01
0.000000000000000000e+00
0.000000000000000000e+00
1.226562075315592715e+01
1.298931201156221249e+01
1.266981718652056799e+01
0.000000000000000000e+00
0.000000000000000000e+00
9.220522507476092144e+00
1.258235349892140853e+01
1.888588677610953326e+01
1.258235349892140853e+01
1.085102426419784472e+01
2.225236570585898832e+01
1.107033771364920227e+01
1.321039657376005216e+01
1.564383883454025970e+01
1.227725310126954561e+01
1.872077786322718396e+01
2.225236570585898832e+01
0.000000000000000000e+00
0.000000000000000000e+00
2.468354149049747193e+01
0.000000000000000000e+00
1.564383883454025970e+01
1.520406570077166286e+01
1.978617031704156304e+01
1.357842581131695781e+01
1.085102426419784472e+01
2.032124788366254364e+01
1.303114885288496616e+01
0.000000000000000000e+00
1.635800905176642672e+01
0.000000000000000000e+00
1.357842581131695781e+01
1.085102426419784472e+01
0.000000000000000000e+00
1.110239480033705384e+01
1.258235349892140853e+01
1.085102426419784472e+01
8.518710310983456324e+00
0.000000000000000000e+00
2.032124788366254364e+01
0.000000000000000000e+00
0.000000000000000000e+00
1.321039657376005216e+01
0.000000000000000000e+00
1.321039657376005216e+01
1.760756369275701871e+01
1.564383883454025970e+01
2.468354149049747193e+01
1.564383883454025970e+01
1.357842581131695781e+01
1.635800905176642672e+01
0.000000000000000000e+00
2.063926863177661986e+01
1.284731543532797993e+01
2.225236570585898832e+01
0.000000000000000000e+00
0.000000000000000000e+00
1.760756369275701871e+01
1.965819659945954356e+01
1.303114885288496616e+01
1.760756369275701871e+01
0.000000000000000000e+00
1.795350000272061308e+01
0.000000000000000000e+00
1.614846707287373206e+01
2.743776767969017882e+01
0.000000000000000000e+00
3.173293493260617026e+01
2.368327626619430148e+01
0.000000000000000000e+00
0.000000000000000000e+00
0.000000000000000000e+00
2.276963322960526526e+01
2.782906860284930772e+01
2.408611384823977986e+01
2.162742679355891795e+01
0.000000000000000000e+00
0.000000000000000000e+00
2.843996494987963786e+01
3.167457750606176958e+01
0.000000000000000000e+00
0.000000000000000000e+00
1.994593541367837020e+01
2.200130240033694662e+01
1.944221093251905685e+01
2.030162708014943362e+01
2.105837952283355108e+01
0.000000000000000000e+00
2.066005108118632805e+01
1.638553085445773760e+01
2.843996494987963786e+01
1.994593541367837020e+01
2.350099604377992790e+01
2.743860926821525581e+01
2.077904395807637883e+01
2.051192254471561327e+01
0.000000000000000000e+00
3.050242041765276468e+01
2.158863978278181861e+01
2.166460312788744957e+01
2.936578759641006187e+01
2.260097080368129241e+01
0.000000000000000000e+00
0.000000000000000000e+00
2.743860926821525581e+01
2.936578759641006187e+01
4.275901625204877377e+01
2.659412500571465188e+01
0.000000000000000000e+00
2.106301836046077725e+01
1.982105028506801148e+01
0.000000000000000000e+00
2.207876832100691544e+01
0.000000000000000000e+00
2.936578759641006187e+01
0.000000000000000000e+00
0.000000000000000000e+00
0.000000000000000000e+00
2.936578759641006187e+01
0.000000000000000000e+00
0.000000000000000000e+00
1.803968731903232836e+01
0.000000000000000000e+00
2.064411312941810905e+01
2.688112319976927367e+01
0.000000000000000000e+00
0.000000000000000000e+00
0.000000000000000000e+00
1.812546656386993149e+01
2.186008784816256778e+01
2.077904395807637883e+01
0.000000000000000000e+00
1.638553085445773760e+01
0.000000000000000000e+00
0.000000000000000000e+00
1.517116656469939429e+01
1.803968731903232836e+01
2.200130240033694662e+01
1.638553085445773760e+01
1.812546656386993149e+01
2.284415944122258324e+01
0.000000000000000000e+00
1.638553085445773760e+01
0.000000000000000000e+00
2.859075745469254315e+01
1.804743805380323352e+01
2.675013678749446200e+01
2.207876832100691544e+01
0.000000000000000000e+00
0.000000000000000000e+00
2.340234761661001883e+01
1.880011078801796387e+01
0.000000000000000000e+00
2.166460312788744957e+01
2.284415944122258324e+01
2.743860926821525581e+01
0.000000000000000000e+00
0.000000000000000000e+00
2.229746704280047709e+01
2.200130240033694662e+01
0.000000000000000000e+00
1.995912161743455115e+01
2.252831668068149895e+01
2.073257886544592310e+01
1.639217230813000015e+01
2.073257886544592310e+01
1.615345631531659265e+01
2.401824746885078454e+01
1.475345601971181964e+01
2.004710783588049594e+01
0.000000000000000000e+00
1.181405726650421784e+01
1.181405726650421784e+01
2.315478529029703125e+01
2.239065240492983122e+01
1.532817151503684272e+01
1.802186406310756794e+01
2.015904781658184675e+01
0.000000000000000000e+00
1.234324828675591057e+01
2.639469517365095896e+01
1.234324828675591057e+01
1.254252644233826075e+01
0.000000000000000000e+00
2.073257886544592310e+01
1.538563316208909981e+01
1.460069336468723833e+01
0.000000000000000000e+00
1.926342222544667138e+01
2.921944367806320386e+01
1.639472230378267525e+01
1.175836244571729772e+01
2.854151594703542472e+01
1.460069336468723833e+01
0.000000000000000000e+00
2.051115900577743645e+01
2.140634140381343897e+01
1.169521975982136652e+01
1.175836244571729772e+01
0.000000000000000000e+00
0.000000000000000000e+00
2.324374267100736802e+01
1.926342222544667138e+01
1.575225233792896340e+01
0.000000000000000000e+00
0.000000000000000000e+00
1.802186406310756794e+01
1.460069336468723833e+01
1.169521975982136652e+01
0.000000000000000000e+00
2.411953350387804562e+01
1.460069336468723833e+01
1.388675910778307454e+01
1.639472230378267525e+01
1.475345601971181964e+01
1.868205835834278972e+01
1.687926165976679016e+01
2.140634140381343897e+01
0.000000000000000000e+00
0.000000000000000000e+00
1.181405726650421784e+01
1.175836244571729772e+01
0.000000000000000000e+00
1.140821752346547058e+01
1.175836244571729772e+01
1.349553361971630849e+01
1.749116122144218366e+01
0.000000000000000000e+00
1.512374216426482043e+01
1.341461568265287241e+01
0.000000000000000000e+00
2.315478529029703125e+01
1.639472230378267525e+01
0.000000000000000000e+00
1.687926165976679016e+01
1.512374216426482043e+01
0.000000000000000000e+00
0.000000000000000000e+00
0.000000000000000000e+00
0.000000000000000000e+00
0.000000000000000000e+00
0.000000000000000000e+00
0.000000000000000000e+00
0.000000000000000000e+00
0.000000000000000000e+00
1.749116122144218366e+01
2.468952879179607152e+01
2.315478529029703125e+01
2.411953350387804562e+01
0.000000000000000000e+00
1.476982829799877628e+01
1.532817151503684272e+01
1.929481697923349870e+01
1.874290505110996108e+01
1.538563316208909981e+01
2.468952879179607152e+01
0.000000000000000000e+00
1.639217230813000015e+01
1.905172562760498778e+01
1.687926165976679016e+01
2.140634140381343897e+01
1.929481697923349870e+01
2.130579302714662049e+01
1.094304333391123407e+01
0.000000000000000000e+00
1.679173214343245490e+01
0.000000000000000000e+00
1.334119153008610503e+01
1.215765711993400444e+01
0.000000000000000000e+00
1.122043663866000074e+01
1.696040602232604044e+01
1.083828710154137909e+01
1.136255907506288487e+01
0.000000000000000000e+00
0.000000000000000000e+00
2.548801693403393642e+01
0.000000000000000000e+00
1.590389334773417929e+01
1.215765711993400444e+01
1.215765711993400444e+01
0.000000000000000000e+00
0.000000000000000000e+00
0.000000000000000000e+00
0.000000000000000000e+00
2.699070526835896899e+01
0.000000000000000000e+00
1.243431050364867474e+01
1.215765711993400444e+01
1.316677170101838890e+01
1.243431050364867474e+01
9.409180883935174933e+00
1.334119153008610503e+01
1.782694061592497548e+01
1.083828710154137909e+01
1.734512761265044389e+01
1.591235427946153003e+01
0.000000000000000000e+00
1.095871138169776238e+01
2.036250245963931960e+01
1.399677183490212684e+01
0.000000000000000000e+00
0.000000000000000000e+00
1.243431050364867474e+01
1.324739732134460191e+01
0.000000000000000000e+00
1.696040602232604044e+01
0.000000000000000000e+00
0.000000000000000000e+00
0.000000000000000000e+00
1.927403619749786046e+01
1.061999264301881496e+01
0.000000000000000000e+00
0.000000000000000000e+00
1.061999264301881496e+01
0.000000000000000000e+00
1.256235571499300718e+01
0.000000000000000000e+00
0.000000000000000000e+00
1.061999264301881496e+01
1.280153929124887568e+01
2.634763186151119285e+01
1.608697724170680843e+01
1.697527197824135570e+01
1.334119153008610503e+01
0.000000000000000000e+00
0.000000000000000000e+00
0.000000000000000000e+00
0.000000000000000000e+00
1.297986048984204466e+01
1.324739732134460191e+01
0.000000000000000000e+00
1.324739732134460191e+01
1.399677183490212684e+01
1.061999264301881496e+01
1.252589988115770758e+01
1.927403619749786046e+01
1.736769206563996448e+01
1.697527197824135570e+01
1.579121761456294770e+01
1.280153929124887568e+01
1.568953349886814586e+01
1.243431050364867474e+01
1.224555975893373194e+01
0.000000000000000000e+00
1.402986940412576189e+01
1.579121761456294770e+01
0.000000000000000000e+00
1.061999264301881496e+01
1.590389334773417929e+01
2.493192993095994581e+01
1.252589988115770758e+01
2.634763186151119285e+01
0.000000000000000000e+00
2.559760133971060370e+01
0.000000000000000000e+00
1.679173214343245490e+01
0.000000000000000000e+00
1.736769206563996448e+01
0.000000000000000000e+00
1.333310605495724666e+01
2.328613722115973061e+01
0.000000000000000000e+00
2.066515101356760198e+01
0.000000000000000000e+00
3.914752457247464434e+01
0.000000000000000000e+00
2.265444493423276029e+01
0.000000000000000000e+00
2.176128332551251887e+01
0.000000000000000000e+00
0.000000000000000000e+00
7.714773310522765826e+00
0.000000000000000000e+00
0.000000000000000000e+00
1.994559656593283137e+01
1.344110813590455678e+01
1.722446124040729742e+01
1.981423098989347409e+01
1.215708404587830316e+01
1.722446124040729742e+01
8.663412180967871024e+00
0.000000000000000000e+00
0.000000000000000000e+00
1.344110813590455678e+01
0.000000000000000000e+00
9.993334837899634948e+00
2.113461104380144207e+01
1.069455431553447156e+01
1.373536392408094464e+01
1.722446124040729742e+01
1.803968731903232836e+01
9.760800464312987756e+00
0.000000000000000000e+00
0.000000000000000000e+00
8.809288225336581846e+00
1.994559656593283137e+01
2.193189842006240653e+01
1.373536392408094464e+01
0.000000000000000000e+00
0.000000000000000000e+00
0.000000000000000000e+00
2.287227460075738605e+01
1.373536392408094464e+01
1.042554991951130283e+01
0.000000000000000000e+00
7.714773310522765826e+00
9.993334837899634948e+00
0.000000000000000000e+00
2.176128332551251887e+01
9.723631769861677654e+00
0.000000000000000000e+00
1.040617031610773680e+01
1.373536392408094464e+01
8.145932285245969240e+00
0.000000000000000000e+00
9.940934537553889783e+00
2.265444493423276029e+01
1.798767209546567258e+01
9.723631769861677654e+00
2.265444493423276029e+01
1.350833565845617912e+01
1.823902257225021728e+01
0.000000000000000000e+00
9.837087448925712962e+00
1.726255868644125258e+01
2.193189842006240653e+01
1.165575823078712148e+01
8.472562213587943702e+00
1.515504804606960398e+01
8.663412180967871024e+00
1.712206359895428065e+01
1.511661771356704698e+01
1.209048657843779750e+01
1.373536392408094464e+01
3.309585437794028451e+01
0.000000000000000000e+00
8.837504708082649429e+00
8.837504708082649429e+00
8.334070430839314980e+00
2.090350498254652578e+01
1.712206359895428065e+01
0.000000000000000000e+00
6.447485617941371316e+00
1.782531402043202107e+01
1.440190968316852604e+01
1.079647178208808889e+01
7.714773310522765826e+00
9.017202588123813811e+00
9.936924417353168337e+00
0.000000000000000000e+00
9.940934537553889783e+00
9.017202588123813811e+00
2.542706008563590103e+01
1.803968731903232836e+01
1.142848678565539799e+01
0.000000000000000000e+00
0.000000000000000000e+00
1.039672748567490324e+01
8.664342123467484669e+00
0.000000000000000000e+00
9.017202588123813811e+00
1.722446124040729742e+01
1.156214980754266008e+01
9.170643080954658188e+00
1.470197662429196050e+01
0.000000000000000000e+00
9.451011728306072612e+00
1.452262808203115263e+01
1.650892574361596488e+01
9.451011728306072612e+00
0.000000000000000000e+00
0.000000000000000000e+00
1.022884617873447866e+01
0.000000000000000000e+00
9.591495445318946267e+00
0.000000000000000000e+00
0.000000000000000000e+00
1.452262808203115263e+01
1.435553921033598357e+01
1.217089208717249882e+01
0.000000000000000000e+00
0.000000000000000000e+00
1.007016515240863797e+01
1.007016515240863797e+01
1.217089208717249882e+01
1.974341672550269777e+01
0.000000000000000000e+00
0.000000000000000000e+00
1.974341672550269777e+01
0.000000000000000000e+00
0.000000000000000000e+00
0.000000000000000000e+00
0.000000000000000000e+00
0.000000000000000000e+00
1.974341672550269777e+01
9.451011728306072612e+00
0.000000000000000000e+00
0.000000000000000000e+00
0.000000000000000000e+00
0.000000000000000000e+00
1.427844498270483165e+01
1.217089208717249882e+01
1.400069773201597201e+01
0.000000000000000000e+00
1.558032765477812731e+01
9.837147209402651526e+00
1.452262808203115263e+01
9.733352118423404420e+00
0.000000000000000000e+00
1.080887577398793731e+01
0.000000000000000000e+00
0.000000000000000000e+00
0.000000000000000000e+00
1.723909430092620099e+01
1.512035264049998773e+01
1.172960364830940527e+01
9.591495445318946267e+00
2.222501408875178441e+01
0.000000000000000000e+00
0.000000000000000000e+00
1.723909430092620099e+01
0.000000000000000000e+00
1.217089208717249882e+01
0.000000000000000000e+00
1.007016515240863797e+01
2.207237576369151810e+01
9.464158204626693660e+00
1.217089208717249882e+01
1.022884617873447866e+01
1.298868520580149344e+01
0.000000000000000000e+00
2.222501408875178441e+01
0.000000000000000000e+00
0.000000000000000000e+00
0.000000000000000000e+00
1.197578113172088621e+01
1.974341672550269777e+01
0.000000000000000000e+00
1.446148492460107882e+01
0.000000000000000000e+00
0.000000000000000000e+00
0.000000000000000000e+00
9.733352118423404420e+00
0.000000000000000000e+00
0.000000000000000000e+00
1.007016515240863797e+01
9.591495445318946267e+00
0.000000000000000000e+00
0.000000000000000000e+00
1.298868520580149344e+01
1.217089208717249882e+01
9.733352118423404420e+00
1.832603761065739434e+01
0.000000000000000000e+00
0.000000000000000000e+00
1.047133291828889590e+01
9.451011728306072612e+00
1.735493242873964093e+01
0.000000000000000000e+00
1.007016515240863797e+01
0.000000000000000000e+00
0.000000000000000000e+00
1.425984400677499231e+01
1.276073077743352613e+01
1.240520185496746031e+01
1.228278680698547731e+01
1.000607092691743816e+01
1.196439095328185687e+01
1.276073077743352613e+01
9.472265005042666886e+00
0.000000000000000000e+00
9.749873276584180459e+00
0.000000000000000000e+00
1.093272020960850455e+01
1.000607092691743816e+01
1.228278680698547731e+01
9.214685117202124687e+00
1.426161377692315213e+01
1.033547053672529259e+01
0.000000000000000000e+00
1.505905843028422453e+01
1.107938047479461474e+01
2.457176062564771613e+01
1.080332428588984861e+01
1.112777618253968193e+01
1.417239419647344434e+01
9.214685117202124687e+00
0.000000000000000000e+00
1.112777618253968193e+01
0.000000000000000000e+00
9.472265005042666886e+00
1.505905843028422453e+01
0.000000000000000000e+00
0.000000000000000000e+00
0.000000000000000000e+00
1.212160133928142436e+01
0.000000000000000000e+00
0.000000000000000000e+00
0.000000000000000000e+00
0.000000000000000000e+00
1.158067046607630424e+01
1.169413304195649239e+01
0.000000000000000000e+00
1.107938047479461474e+01
1.927109723182801915e+01
1.033547053672529259e+01
1.385089668806602958e+01
1.044645143065108606e+01
0.000000000000000000e+00
1.033547053672529259e+01
0.000000000000000000e+00
1.228233659725280624e+01
0.000000000000000000e+00
1.033547053672529259e+01
0.000000000000000000e+00
1.080332428588984861e+01
0.000000000000000000e+00
0.000000000000000000e+00
0.000000000000000000e+00
1.389663699694175669e+01
0.000000000000000000e+00
0.000000000000000000e+00
0.000000000000000000e+00
0.000000000000000000e+00
1.044645143065108606e+01
1.417239419647344434e+01
0.000000000000000000e+00
0.000000000000000000e+00
1.107938047479461474e+01
0.000000000000000000e+00
0.000000000000000000e+00
0.000000000000000000e+00
0.000000000000000000e+00
1.838910466238159813e+01
0.000000000000000000e+00
1.112777618253968193e+01
2.457176062564771613e+01
1.228278680698547731e+01
0.000000000000000000e+00
0.000000000000000000e+00
0.000000000000000000e+00
0.000000000000000000e+00
0.000000000000000000e+00
1.107938047479461474e+01
0.000000000000000000e+00
1.153362816548414571e+01
1.079714804397868377e+01
1.850768652609057696e+01
1.153720928609989649e+01
0.000000000000000000e+00
0.000000000000000000e+00
0.000000000000000000e+00
1.927109723182801915e+01
1.417239419647344434e+01
0.000000000000000000e+00
0.000000000000000000e+00
9.214685117202124687e+00
0.000000000000000000e+00
1.107938047479461474e+01
9.726880843569412960e+00
1.107938047479461474e+01
0.000000000000000000e+00
1.991345640625089075e+01
0.000000000000000000e+00
0.000000000000000000e+00
1.954372142438441529e+01
1.645775585374937577e+01
0.000000000000000000e+00
1.951188406564603994e+01
1.826270963219235810e+01
2.215993365673800142e+01
1.115426444798526617e+01
0.000000000000000000e+00
0.000000000000000000e+00
1.063839710108016945e+01
1.195659107741247595e+01
1.877383258194694804e+01
2.052703597081692166e+01
0.000000000000000000e+00
2.529831263297197808e+01
0.000000000000000000e+00
2.026052036456348304e+01
0.000000000000000000e+00
0.000000000000000000e+00
2.802740466176193124e+01
2.175457736326005076e+01
1.877383258194694804e+01
1.919381501630986264e+01
0.000000000000000000e+00
0.000000000000000000e+00
1.812546656386993149e+01
2.650260945702420656e+01
1.376339609418560528e+01
1.991345640625089075e+01
0.000000000000000000e+00
1.649664130669367523e+01
0.000000000000000000e+00
1.870521290439049977e+01
2.016713319923639958e+01
1.464868465119743846e+01
1.826270963219235810e+01
0.000000000000000000e+00
2.147731646221994239e+01
0.000000000000000000e+00
2.079408191246542970e+01
2.744901876003037344e+01
2.735498456927207300e+01
1.874401871267086861e+01
0.000000000000000000e+00
1.877383258194694804e+01
0.000000000000000000e+00
0.000000000000000000e+00
0.000000000000000000e+00
1.877383258194694804e+01
0.000000000000000000e+00
1.381714731389263306e+01
0.000000000000000000e+00
3.033106908301675730e+01
1.619212313209495235e+01
0.000000000000000000e+00
1.875806216090407474e+01
1.875806216090407474e+01
2.575091036172788250e+01
0.000000000000000000e+00
2.156343807129350054e+01
0.000000000000000000e+00
1.674817253210532542e+01
2.221577168850046391e+01
1.976679156700328832e+01
0.000000000000000000e+00
0.000000000000000000e+00
1.877383258194694804e+01
1.976679156700328832e+01
3.474037570257899432e+01
1.481599122799165258e+01
1.450144187104234739e+01
1.919381501630986264e+01
0.000000000000000000e+00
2.709295617922187205e+01
1.355117816922554574e+01
2.623292430303327194e+01
2.216341055768229396e+01
1.217725808149650035e+01
2.600722532901868433e+01
3.460364528142048357e+01
0.000000000000000000e+00
3.459973861116539950e+01
3.289402295971981971e+01
0.000000000000000000e+00
2.016713319923639958e+01
2.658826193888467060e+01
2.397696778731136291e+01
0.000000000000000000e+00
1.951188406564603994e+01
2.817455199184895775e+01
1.261018568695471842e+01
0.000000000000000000e+00
2.650260945702420656e+01
2.818207455251835114e+01
2.936578759641006187e+01
0.000000000000000000e+00
2.156343807129350054e+01
2.554570472274063420e+01
3.116742971373073345e+01
2.744901876003037344e+01
2.014019310194849410e+01
0.000000000000000000e+00
0.000000000000000000e+00
1.730117886330170407e+01
0.000000000000000000e+00
2.972034257852624606e+01
0.000000000000000000e+00
1.939263079087123387e+01
1.561380427810755478e+01
2.744901876003037344e+01
3.734924430915681626e+01
1.312192472236756480e+01
0.000000000000000000e+00
3.003854988786516955e+01
1.487384602207413664e+01
0.000000000000000000e+00
3.459973861116539950e+01
1.817394191717642471e+01
3.734924430915681626e+01
3.208091782984893570e+01
2.976669468789258488e+01
1.633937944633189687e+01
0.000000000000000000e+00
0.000000000000000000e+00
1.561380427810755478e+01
0.000000000000000000e+00
2.128432171734978695e+01
3.991142957427039306e+01
2.380167337844622821e+01
2.620608332156324138e+01
1.390849513377587954e+01
3.525406716540467755e+01
1.991153852841999594e+01
1.633937944633189687e+01
1.579282960746530229e+01
1.488791894813472361e+01
0.000000000000000000e+00
1.957350990609782215e+01
1.561380427810755478e+01
3.148928899187269792e+01
1.520675639032596749e+01
0.000000000000000000e+00
0.000000000000000000e+00
0.000000000000000000e+00
1.398993541477271307e+01
2.127217431361335898e+01
2.329859514283825916e+01
0.000000000000000000e+00
0.000000000000000000e+00
2.859741435532909648e+01
0.000000000000000000e+00
0.000000000000000000e+00
0.000000000000000000e+00
1.876374378562492851e+01
2.187361105587712373e+01
1.312192472236756480e+01
2.249581595553429025e+01
2.249581595553429025e+01
2.711478793578242019e+01
2.353292488789623960e+01
2.585465444817463165e+01
2.374794444941876392e+01
2.410294015650559984e+01
0.000000000000000000e+00
2.502885882634481263e+01
3.029699602569651162e+01
1.561380427810755478e+01
2.620608332156324138e+01
3.289402295971981971e+01
0.000000000000000000e+00
0.000000000000000000e+00
1.658122151956536428e+01
2.088811440411550890e+01
3.582072983116385956e+01
3.699641923132443111e+01
0.000000000000000000e+00
0.000000000000000000e+00
1.503736219637904092e+01
0.000000000000000000e+00
2.014019310194849410e+01
1.424630717619012721e+01
1.727302192355881871e+01
1.424630717619012721e+01
1.390849513377587954e+01
2.300922229386369011e+01
0.000000000000000000e+00
2.300922229386369011e+01
1.514689118738185947e+01
0.000000000000000000e+00
2.410294015650559984e+01
2.300922229386369011e+01
2.334684153442133336e+01
2.711478793578242019e+01
1.895582077596103687e+01
2.462658337877407533e+01
2.300922229386369011e+01
1.631217104377840954e+01
1.375041965847789704e+01
1.691549407169091879e+01
1.488391530645235150e+01
0.000000000000000000e+00
1.894179915566804340e+01
0.000000000000000000e+00
1.696798256242439251e+01
1.282727116840354853e+01
0.000000000000000000e+00
0.000000000000000000e+00
0.000000000000000000e+00
0.000000000000000000e+00
0.000000000000000000e+00
2.852868997381285610e+01
1.767394447106985211e+01
1.564716595418614276e+01
0.000000000000000000e+00
0.000000000000000000e+00
9.187870173159279119e+00
1.227499245216061219e+01
9.576921274150558716e+00
0.000000000000000000e+00
1.994082072619037405e+01
0.000000000000000000e+00
2.628653776978910983e+01
1.375041965847789704e+01
0.000000000000000000e+00
9.361521694670162930e+00
1.227499245216061219e+01
0.000000000000000000e+00
0.000000000000000000e+00
0.000000000000000000e+00
1.439884673199773957e+01
1.631688315373829212e+01
9.250097978830961409e+00
0.000000000000000000e+00
1.488391530645235150e+01
2.852868997381285610e+01
1.076744349242759569e+01
0.000000000000000000e+00
0.000000000000000000e+00
1.155458874937247948e+01
1.994082072619037405e+01
9.292549209398258014e+00
9.421555460738066046e+00
8.946914558700393982e+00
9.593024767788337570e+00
1.249744817348784842e+01
1.375041965847789704e+01
1.152613821348198897e+01
1.608043124571681659e+01
1.143784575668354719e+01
0.000000000000000000e+00
7.792459252054073637e+00
0.000000000000000000e+00
1.461165564613084378e+01
0.000000000000000000e+00
1.089879501020280017e+01
0.000000000000000000e+00
1.737550471932440033e+01
0.000000000000000000e+00
1.005368856226442453e+01
1.368177375143326024e+01
1.591826434100343057e+01
2.266121076426246361e+01
0.000000000000000000e+00
1.111974467038011483e+01
1.591826434100343057e+01
1.691549407169091879e+01
1.860170189277940977e+01
1.564716595418614276e+01
1.089879501020280017e+01
0.000000000000000000e+00
2.628653776978910983e+01
1.076744349242759569e+01
0.000000000000000000e+00
1.111974467038011483e+01
1.564716595418614276e+01
0.000000000000000000e+00
1.138349397021288745e+01
9.895117265344660851e+00
1.111974467038011483e+01
8.807898797285888648e+00
1.437085592985690852e+01
1.303001601888992411e+01
0.000000000000000000e+00
1.076744349242759569e+01
1.894179915566804340e+01
1.422785769208225837e+01
1.608043124571681659e+01
1.439884673199773957e+01
9.421555460738066046e+00
1.631688315373829212e+01
0.000000000000000000e+00
1.076744349242759569e+01
2.002828261715499281e+01
9.018907406082986355e+00
0.000000000000000000e+00
0.000000000000000000e+00
1.138349397021288745e+01
1.216062643790757569e+01
1.216062643790757569e+01
1.130971858694293353e+01
8.885332996152406793e+00
1.155238879992865719e+01
1.216062643790757569e+01
2.193932669284420456e+01
8.885332996152406793e+00
2.079423417425169163e+01
1.771338058587641484e+01
1.216062643790757569e+01
0.000000000000000000e+00
1.010183522424286906e+01
0.000000000000000000e+00
9.399064755734572785e+00
1.130971858694293353e+01
1.130971858694293353e+01
1.107105796562984601e+01
1.130971858694293353e+01
0.000000000000000000e+00
1.082323057155574375e+01
1.195780481834323794e+01
0.000000000000000000e+00
1.691749023551457043e+01
9.222833075431504213e+00
1.340945193735999652e+01
0.000000000000000000e+00
1.771338058587641484e+01
1.195780481834323794e+01
1.082323057155574375e+01
0.000000000000000000e+00
2.193932669284420456e+01
0.000000000000000000e+00
8.843637808056891814e+00
8.843637808056891814e+00
0.000000000000000000e+00
0.000000000000000000e+00
2.310785352465665099e+01
2.032587295787791248e+01
1.564153402171768192e+01
1.216062643790757569e+01
0.000000000000000000e+00
1.523393845804272217e+01
8.707512602964209592e+00
1.130971858694293353e+01
9.282252933604111078e+00
1.103394438392879451e+01
8.365222265957287462e+00
9.399064755734572785e+00
9.374501120623319750e+00
8.843637808056891814e+00
1.231063622138369062e+01
1.216062643790757569e+01
1.763095846871391714e+01
0.000000000000000000e+00
0.000000000000000000e+00
1.130971858694293353e+01
8.365222265957287462e+00
1.453164314160918202e+01
1.151526286548588196e+01
2.193932669284420456e+01
0.000000000000000000e+00
1.758029855880210235e+01
1.375533211651066701e+01
8.365222265957287462e+00
1.453164314160918202e+01
1.010183522424286906e+01
1.758029855880210235e+01
0.000000000000000000e+00
0.000000000000000000e+00
1.400772352699131318e+01
8.856682477242744156e+00
1.861160369756701627e+01
9.557228431468713481e+00
1.082323057155574375e+01
1.082323057155574375e+01
0.000000000000000000e+00
1.677640986225837594e+01
1.010183522424286906e+01
1.152980314958725749e+01
0.000000000000000000e+00
0.000000000000000000e+00
9.282252933604111078e+00
2.193932669284420456e+01
0.000000000000000000e+00
1.650892574361596488e+01
8.843637808056891814e+00
1.152980314958725749e+01
1.247275481624498106e+01
0.000000000000000000e+00
0.000000000000000000e+00
0.000000000000000000e+00
2.079423417425169163e+01
1.414416677934608835e+01
1.247275481624498106e+01
1.082323057155574375e+01
8.843637808056891814e+00
1.400772352699131318e+01
1.151526286548588196e+01
9.779133365522138632e+00
1.266315323300480244e+01
2.821106809304617613e+01
0.000000000000000000e+00
0.000000000000000000e+00
1.549895055665244392e+01
1.481816018366644450e+01
2.184213244856845293e+01
1.157188079811507109e+01
0.000000000000000000e+00
0.000000000000000000e+00
1.321426251311744338e+01
0.000000000000000000e+00
0.000000000000000000e+00
1.668910996273925562e+01
1.742492145729544717e+01
1.252858846715253627e+01
1.801157942017670877e+01
1.691821484526800035e+01
1.704039184148654229e+01
1.668910996273925562e+01
1.481816018366644450e+01
1.122749364996577626e+01
1.159429186586773852e+01
2.236634407965187066e+01
1.742492145729544717e+01
0.000000000000000000e+00
1.321426251311744338e+01
1.446023675683117204e+01
1.023559436687231283e+01
0.000000000000000000e+00
0.000000000000000000e+00
1.742492145729544717e+01
3.128970306879532970e+01
1.078083260060433268e+01
1.078083260060433268e+01
1.459887996793735709e+01
1.321426251311744338e+01
1.321426251311744338e+01
0.000000000000000000e+00
1.122749364996577626e+01
1.446023675683117204e+01
2.287621259763482939e+01
1.968619200495454891e+01
1.946570052060198819e+01
0.000000000000000000e+00
1.742492145729544717e+01
1.078083260060433268e+01
1.378552506778400399e+01
1.946570052060198819e+01
1.378552506778400399e+01
1.187558298703365978e+01
0.000000000000000000e+00
0.000000000000000000e+00
1.295764275804874721e+01
1.446023675683117204e+01
1.187558298703365978e+01
0.000000000000000000e+00
0.000000000000000000e+00
1.625164674606513060e+01
1.252858846715253627e+01
1.159429186586773852e+01
1.563530020553186262e+01
1.023559436687231283e+01
0.000000000000000000e+00
1.403684421915633074e+01
1.742492145729544717e+01
1.742492145729544717e+01
1.078083260060433268e+01
1.122749364996577626e+01
1.778694551880377617e+01
2.726316548178938248e+01
2.726316548178938248e+01
1.742492145729544717e+01
0.000000000000000000e+00
1.668910996273925562e+01
0.000000000000000000e+00
1.181675631598711895e+01
1.266315323300480244e+01
1.481816018366644450e+01
0.000000000000000000e+00
0.000000000000000000e+00
1.778694551880377617e+01
1.799768578411430653e+01
0.000000000000000000e+00
1.429105254625026156e+01
0.000000000000000000e+00
1.157188079811507109e+01
2.108293103457387474e+01
1.159429186586773852e+01
1.851417369872531182e+01
0.000000000000000000e+00
1.122749364996577626e+01
1.523643965632967046e+01
0.000000000000000000e+00
2.090934024972169425e+01
1.078083260060433268e+01
2.403418114419382334e+01
0.000000000000000000e+00
0.000000000000000000e+00
2.435661046742491465e+01
1.609363755851186895e+01
0.000000000000000000e+00
2.006550438868496755e+01
0.000000000000000000e+00
2.642422795028936378e+01
2.133963715920078386e+01
1.966834842295329011e+01
2.558189015027649305e+01
1.516355779159947659e+01
1.723439703328890005e+01
2.067805703718018151e+01
0.000000000000000000e+00
0.000000000000000000e+00
0.000000000000000000e+00
1.751407198057043857e+01
1.984716474565863464e+01
1.984716474565863464e+01
0.000000000000000000e+00
2.546135580505607976e+01
3.785563374462166308e+01
2.500150235990661329e+01
1.625971326508329184e+01
2.299096239163670674e+01
1.318384552282255129e+01
2.893656168587483535e+01
0.000000000000000000e+00
2.067805703718018151e+01
2.558189015027649305e+01
1.625971326508329184e+01
2.524426093243564395e+01
1.788852483763692902e+01
1.516355779159947659e+01
1.816181819387545460e+01
0.000000000000000000e+00
1.723439703328890005e+01
2.370138731966111223e+01
1.647801300420402981e+01
1.984716474565863464e+01
2.356933463051100119e+01
2.597177844791011481e+01
2.067805703718018151e+01
2.524426093243564395e+01
2.356933463051100119e+01
2.308587153579856377e+01
1.318384552282255129e+01
1.984716474565863464e+01
1.733386113737988055e+01
0.000000000000000000e+00
2.112925556162494800e+01
0.000000000000000000e+00
0.000000000000000000e+00
1.625971326508329184e+01
1.949029105127872796e+01
1.793600341345119631e+01
1.984716474565863464e+01
2.618508055341431628e+01
0.000000000000000000e+00
0.000000000000000000e+00
2.112925556162494800e+01
2.435661046742491465e+01
0.000000000000000000e+00
1.547639384088685688e+01
1.984716474565863464e+01
1.318384552282255129e+01
2.032587295787791248e+01
2.354278978028466440e+01
1.647801300420402981e+01
1.643896001680033692e+01
1.902368419359518725e+01
2.356933463051100119e+01
1.625971326508329184e+01
0.000000000000000000e+00
1.658972266726641465e+01
0.000000000000000000e+00
1.902368419359518725e+01
1.647801300420402981e+01
1.957592445166850226e+01
1.565465697362821018e+01
2.032587295787791248e+01
2.032668833122003349e+01
1.740616235849030957e+01
0.000000000000000000e+00
1.625971326508329184e+01
1.516355779159947659e+01
2.032668833122003349e+01
2.067805703718018151e+01
0.000000000000000000e+00
1.690989341975734206e+01
1.516355779159947659e+01
2.653920912687566513e+01
3.785563374462166308e+01
0.000000000000000000e+00
2.546135580505607976e+01
2.849086057048020493e+01
2.586852946715308121e+01
1.966834842295329011e+01
0.000000000000000000e+00
1.647801300420402981e+01
2.546135580505607976e+01
9.221079011188784591e+00
1.381719622517345414e+01
1.052394270258681885e+01
1.119439464611259183e+01
0.000000000000000000e+00
1.165053756876400826e+01
0.000000000000000000e+00
0.000000000000000000e+00
0.000000000000000000e+00
1.119439464611259183e+01
0.000000000000000000e+00
0.000000000000000000e+00
2.650260945702420656e+01
1.535437736200932513e+01
3.826375248627064707e+01
0.000000000000000000e+00
0.000000000000000000e+00
1.711115302790632597e+01
9.762055099245163348e+00
2.008194610089497090e+01
0.000000000000000000e+00
1.246660037143628941e+01
1.535437736200932513e+01
2.859741435532909648e+01
0.000000000000000000e+00
1.319120499405709701e+01
1.407351507276590041e+01
0.000000000000000000e+00
9.700620103789471926e+00
0.000000000000000000e+00
2.261184935008202501e+01
9.700620103789471926e+00
1.106557919230557019e+01
0.000000000000000000e+00
1.120300931708702130e+01
0.000000000000000000e+00
8.854974346142507002e+00
1.638573993776032722e+01
1.068379392884350132e+01
1.246660037143628941e+01
1.120300931708702130e+01
1.233365167149458586e+01
1.088578091981207585e+01
1.052394270258681885e+01
1.259919400547124901e+01
1.233365167149458586e+01
2.261184935008202501e+01
0.000000000000000000e+00
1.748258945031053457e+01
9.305573237782324370e+00
1.119439464611259183e+01
1.119439464611259183e+01
9.762055099245163348e+00
1.137883794020239669e+01
3.525406716540467755e+01
1.171213496932436371e+01
0.000000000000000000e+00
1.729478804672964998e+01
1.944278693754884202e+01
0.000000000000000000e+00
1.711115302790632597e+01
1.579338467580624084e+01
0.000000000000000000e+00
1.355457374009783678e+01
1.119439464611259183e+01
0.000000000000000000e+00
1.014062328914305766e+01
0.000000000000000000e+00
0.000000000000000000e+00
1.702615314806439883e+01
1.294317933894580364e+01
0.000000000000000000e+00
1.106557919230557019e+01
0.000000000000000000e+00
1.944278693754884202e+01
1.120300931708702130e+01
1.226754391303946434e+01
1.748258945031053457e+01
1.264505348646232008e+01
1.125798288660644353e+01
1.106557919230557019e+01
0.000000000000000000e+00
0.000000000000000000e+00
1.219304741805405357e+01
0.000000000000000000e+00
1.760312083789336413e+01
1.924325247169367614e+01
1.152875343040759759e+01
9.221079011188784591e+00
1.760312083789336413e+01
0.000000000000000000e+00
0.000000000000000000e+00
1.711115302790632597e+01
1.333654482442714517e+01
0.000000000000000000e+00
1.369704396976070804e+01
1.748258945031053457e+01
1.025370949624926276e+01
8.854974346142507002e+00
1.729478804672964998e+01
3.726499098890803907e+01
0.000000000000000000e+00
2.741859390513847217e+01
0.000000000000000000e+00
1.874386576669462912e+01
1.878233258693550312e+01
0.000000000000000000e+00
2.308103540331090286e+01
0.000000000000000000e+00
1.762713342715252907e+01
2.549722698212926275e+01
1.762713342715252907e+01
2.436766260403413042e+01
2.436766260403413042e+01
2.308103540331090286e+01
2.308103540331090286e+01
1.804965572663986251e+01
2.029293646484349978e+01
1.729022907846707824e+01
1.915428559821340215e+01
1.804965572663986251e+01
1.886823025728162051e+01
1.951954888549937195e+01
1.804965572663986251e+01
1.729022907846707824e+01
2.092716070140489748e+01
0.000000000000000000e+00
2.094472479568416290e+01
0.000000000000000000e+00
0.000000000000000000e+00
0.000000000000000000e+00
0.000000000000000000e+00
0.000000000000000000e+00
2.168242259292496144e+01
1.950090044107837528e+01
1.788704887775110919e+01
0.000000000000000000e+00
0.000000000000000000e+00
2.782283853889583725e+01
0.000000000000000000e+00
0.000000000000000000e+00
0.000000000000000000e+00
2.413350998511052126e+01
0.000000000000000000e+00
3.016826293082171873e+01
0.000000000000000000e+00
1.730117886330170407e+01
2.128375483013155645e+01
1.950090044107837528e+01
1.729022907846707824e+01
0.000000000000000000e+00
1.730117886330170407e+01
2.098487489764230318e+01
0.000000000000000000e+00
1.874386576669462912e+01
0.000000000000000000e+00
0.000000000000000000e+00
0.000000000000000000e+00
2.480362314507769739e+01
1.730117886330170407e+01
0.000000000000000000e+00
0.000000000000000000e+00
1.788704887775110919e+01
0.000000000000000000e+00
0.000000000000000000e+00
0.000000000000000000e+00
1.788704887775110919e+01
2.697860066841527171e+01
0.000000000000000000e+00
1.951954888549937195e+01
2.266347118868027621e+01
2.094472479568416290e+01
0.000000000000000000e+00
0.000000000000000000e+00
1.730117886330170407e+01
0.000000000000000000e+00
0.000000000000000000e+00
2.634549549123757828e+01
0.000000000000000000e+00
2.549481562088794107e+01
0.000000000000000000e+00
1.878233258693550312e+01
1.887217215062035081e+01
0.000000000000000000e+00
1.704892688123976185e+01
2.266347118868027621e+01
2.447012491139202339e+01
0.000000000000000000e+00
1.951954888549937195e+01
0.000000000000000000e+00
0.000000000000000000e+00
2.436482592420371773e+01
1.729022907846707824e+01
0.000000000000000000e+00
0.000000000000000000e+00
2.795652628663772532e+01
0.000000000000000000e+00
2.332394180921213334e+01
0.000000000000000000e+00
0.000000000000000000e+00
0.000000000000000000e+00
0.000000000000000000e+00
1.357572860799992043e+01
1.507081105111377184e+01
0.000000000000000000e+00
1.623370650735892795e+01
0.000000000000000000e+00
2.185516364192714889e+01
0.000000000000000000e+00
1.773449113180062398e+01
0.000000000000000000e+00
0.000000000000000000e+00
0.000000000000000000e+00
1.622066696287848941e+01
1.615762505420179451e+01
0.000000000000000000e+00
2.867986005930458049e+01
2.150063043774141391e+01
1.645503816302911559e+01
1.277840678418922593e+01
0.000000000000000000e+00
1.596689048214360618e+01
1.564283050447967049e+01
2.143818125692220988e+01
1.517203016668997684e+01
0.000000000000000000e+00
1.517203016668997684e+01
1.583596922187347467e+01
0.000000000000000000e+00
2.206785093381931162e+01
1.997155146288213601e+01
0.000000000000000000e+00
0.000000000000000000e+00
1.407013388360242523e+01
1.357572860799992043e+01
0.000000000000000000e+00
3.315557297353384314e+01
0.000000000000000000e+00
0.000000000000000000e+00
0.000000000000000000e+00
2.025807374107905190e+01
1.507081105111377184e+01
1.748414810584780454e+01
2.314529849253727178e+01
1.407013388360242523e+01
0.000000000000000000e+00
2.404009758885117876e+01
1.997155146288213601e+01
0.000000000000000000e+00
0.000000000000000000e+00
1.694764472148215262e+01
1.356991456755197767e+01
1.277840678418922593e+01
1.356991456755197767e+01
0.000000000000000000e+00
1.532496722962458335e+01
1.559173988336561401e+01
0.000000000000000000e+00
0.000000000000000000e+00
1.548999504907718006e+01
0.000000000000000000e+00
1.622066696287848941e+01
0.000000000000000000e+00
1.445068885396642244e+01
0.000000000000000000e+00
2.025807374107905190e+01
2.185516364192714889e+01
0.000000000000000000e+00
1.583596922187347467e+01
2.080274583722086490e+01
0.000000000000000000e+00
2.025807374107905190e+01
1.397990074125086757e+01
1.622066696287848941e+01
1.697494185027022695e+01
1.361452221320442391e+01
0.000000000000000000e+00
1.365485495477816613e+01
1.880644045251170837e+01
2.025807374107905190e+01
1.661783097649319529e+01
0.000000000000000000e+00
1.418705098379267859e+01
0.000000000000000000e+00
1.356991456755197767e+01
1.748414810584780454e+01
1.407961644199810891e+01
2.185516364192714889e+01
1.668769479700722158e+01
1.926057913646877751e+01
0.000000000000000000e+00
1.672240232470619148e+01
1.632723114236344131e+01
0.000000000000000000e+00
1.926057913646877751e+01
1.710715308162976456e+01
1.406870069718405958e+01
0.000000000000000000e+00
1.780608669146265299e+01
1.665443297811270895e+01
2.047037293763400356e+01
2.561059180704864957e+01
1.981797670243579290e+01
1.990347312620808040e+01
1.801831960886543627e+01
1.863918011082992265e+01
1.670123056839857512e+01
1.738738996898547740e+01
1.753325668095866163e+01
2.583407897343849768e+01
2.660872449577114196e+01
1.665443297811270895e+01
1.770241797398327321e+01
0.000000000000000000e+00
0.000000000000000000e+00
1.770241797398327321e+01
0.000000000000000000e+00
0.000000000000000000e+00
0.000000000000000000e+00
1.801831960886543627e+01
0.000000000000000000e+00
2.583407897343849768e+01
2.040988572487665209e+01
2.168069488522575838e+01
0.000000000000000000e+00
0.000000000000000000e+00
2.660872449577114196e+01
1.734020925873197783e+01
1.980518783920299697e+01
1.990347312620808040e+01
1.505141445065688188e+01
1.863918011082992265e+01
1.406870069718405958e+01
1.723780266959857954e+01
0.000000000000000000e+00
0.000000000000000000e+00
0.000000000000000000e+00
2.280150426674219588e+01
2.040988572487665209e+01
0.000000000000000000e+00
0.000000000000000000e+00
1.864680241305106634e+01
1.618987353727660405e+01
1.487943891897695003e+01
0.000000000000000000e+00
1.730720548439735751e+01
0.000000000000000000e+00
1.525695549476298041e+01
1.801831960886543627e+01
0.000000000000000000e+00
1.774059326183975926e+01
1.505141445065688188e+01
0.000000000000000000e+00
1.665443297811270895e+01
0.000000000000000000e+00
2.583407897343849768e+01
0.000000000000000000e+00
1.852729159202100107e+01
0.000000000000000000e+00
0.000000000000000000e+00
1.994126842863688509e+01
0.000000000000000000e+00
2.550773932811664579e+01
2.056135321170684804e+01
2.308904045793375204e+01
1.618987353727660405e+01
2.449408020642476203e+01
2.726316548178938248e+01
2.056135321170684804e+01
1.830539515284311847e+01
1.546288950892328096e+01
0.000000000000000000e+00
2.660872449577114196e+01
0.000000000000000000e+00
0.000000000000000000e+00
0.000000000000000000e+00
1.801831960886543627e+01
2.449408020642476203e+01
2.579911836988269513e+01
1.874335718988084665e+01
0.000000000000000000e+00
1.618987353727660405e+01
2.041438641247857433e+01
1.344983684806657465e+01
1.487943891897695003e+01
1.670123056839857512e+01
2.550773932811664579e+01
1.344983684806657465e+01
2.315750490342483303e+01
0.000000000000000000e+00
0.000000000000000000e+00
2.224016483301767266e+01
0.000000000000000000e+00
0.000000000000000000e+00
0.000000000000000000e+00
1.962252208748295246e+01
1.634390751865080915e+01
1.962252208748295246e+01
2.083032342905161727e+01
1.978224242457864790e+01
0.000000000000000000e+00
1.558887181868901273e+01
1.456284196436357448e+01
0.000000000000000000e+00
1.429169682264411634e+01
0.000000000000000000e+00
0.000000000000000000e+00
1.419646420624573757e+01
1.438419012479341852e+01
0.000000000000000000e+00
0.000000000000000000e+00
0.000000000000000000e+00
0.000000000000000000e+00
1.255621135696953949e+01
0.000000000000000000e+00
1.978224242457864790e+01
1.461491613704730064e+01
1.255148790057667796e+01
1.631021279180528083e+01
0.000000000000000000e+00
2.063411915586969414e+01
1.558887181868901273e+01
1.419646420624573757e+01
1.978224242457864790e+01
1.634390751865080915e+01
0.000000000000000000e+00
1.978224242457864790e+01
1.781309730920764167e+01
1.255148790057667796e+01
1.781309730920764167e+01
1.255148790057667796e+01
0.000000000000000000e+00
0.000000000000000000e+00
1.419646420624573757e+01
1.962252208748295246e+01
0.000000000000000000e+00
1.419646420624573757e+01
2.073998224766506127e+01
0.000000000000000000e+00
1.456284196436357448e+01
1.446107458090040510e+01
1.255621135696953949e+01
1.446107458090040510e+01
0.000000000000000000e+00
0.000000000000000000e+00
0.000000000000000000e+00
1.462456959757598973e+01
1.493911549473494382e+01
0.000000000000000000e+00
1.446107458090040510e+01
0.000000000000000000e+00
2.195490388456967779e+01
0.000000000000000000e+00
1.461491613704730064e+01
1.255148790057667796e+01
0.000000000000000000e+00
1.634390751865080915e+01
0.000000000000000000e+00
1.763668429403947258e+01
1.978224242457864790e+01
0.000000000000000000e+00
1.380203613884448011e+01
0.000000000000000000e+00
0.000000000000000000e+00
0.000000000000000000e+00
1.425114689861085537e+01
0.000000000000000000e+00
0.000000000000000000e+00
1.255621135696953949e+01
1.467420175963357742e+01
0.000000000000000000e+00
1.493911549473494382e+01
1.978224242457864790e+01
1.810945394925155938e+01
0.000000000000000000e+00
1.493911549473494382e+01
1.801756121801845723e+01
1.341429186528092465e+01
1.801756121801845723e+01
1.493911549473494382e+01
0.000000000000000000e+00
2.083032342905161727e+01
0.000000000000000000e+00
0.000000000000000000e+00
1.962252208748295246e+01
0.000000000000000000e+00
1.493911549473494382e+01
1.493911549473494382e+01
0.000000000000000000e+00
