9.600000000000000000e+02
3.893000000000000000e+03
8.670000000000000000e+02
4.710000000000000000e+03
4.543000000000000000e+03
1.870000000000000000e+03
2.169000000000000000e+03
2.766000000000000000e+03
2.051000000000000000e+03
2.130000000000000000e+02
3.290000000000000000e+02
3.480000000000000000e+03
2.253000000000000000e+03
3.767000000000000000e+03
2.537000000000000000e+03
2.558000000000000000e+03
2.891000000000000000e+03
2.280000000000000000e+02
3.203000000000000000e+03
1.696000000000000000e+03
4.436000000000000000e+03
2.203000000000000000e+03
4.219000000000000000e+03
3.621000000000000000e+03
1.446000000000000000e+03
2.631000000000000000e+03
9.740000000000000000e+02
6.500000000000000000e+02
4.787000000000000000e+03
2.705000000000000000e+03
2.229000000000000000e+03
9.300000000000000000e+01
3.680000000000000000e+03
3.670000000000000000e+02
8.100000000000000000e+01
4.267000000000000000e+03
4.755000000000000000e+03
4.622000000000000000e+03
3.320000000000000000e+02
7.170000000000000000e+02
2.653000000000000000e+03
2.869000000000000000e+03
5.450000000000000000e+02
2.475000000000000000e+03
3.189000000000000000e+03
2.311000000000000000e+03
3.009000000000000000e+03
9.610000000000000000e+02
1.055000000000000000e+03
1.358000000000000000e+03
4.386000000000000000e+03
4.557000000000000000e+03
1.217000000000000000e+03
3.580000000000000000e+03
1.464000000000000000e+03
2.032000000000000000e+03
4.094000000000000000e+03
3.799000000000000000e+03
3.598000000000000000e+03
1.964000000000000000e+03
4.144000000000000000e+03
1.561000000000000000e+03
4.206000000000000000e+03
3.473000000000000000e+03
3.033000000000000000e+03
4.079000000000000000e+03
2.945000000000000000e+03
3.188000000000000000e+03
2.239000000000000000e+03
3.510000000000000000e+03
2.351000000000000000e+03
2.871000000000000000e+03
3.714000000000000000e+03
1.993000000000000000e+03
3.490000000000000000e+03
4.569000000000000000e+03
2.074000000000000000e+03
7.280000000000000000e+02
2.225000000000000000e+03
3.399000000000000000e+03
7.360000000000000000e+02
7.180000000000000000e+02
4.567000000000000000e+03
4.561000000000000000e+03
3.504000000000000000e+03
2.104000000000000000e+03
6.700000000000000000e+02
3.492000000000000000e+03
3.465000000000000000e+03
6.600000000000000000e+02
4.542000000000000000e+03
2.101000000000000000e+03
3.440000000000000000e+03
2.146000000000000000e+03
4.548000000000000000e+03
4.553000000000000000e+03
6.340000000000000000e+02
6.910000000000000000e+02
4.560000000000000000e+03
3.483000000000000000e+03
7.040000000000000000e+02
4.547000000000000000e+03
2.122000000000000000e+03
2.120000000000000000e+03
5.820000000000000000e+02
3.286000000000000000e+03
4.370000000000000000e+02
4.350000000000000000e+02
2.393000000000000000e+03
4.694000000000000000e+03
2.412000000000000000e+03
4.705000000000000000e+03
2.422000000000000000e+03
3.246000000000000000e+03
3.244000000000000000e+03
2.456000000000000000e+03
4.440000000000000000e+02
3.860000000000000000e+02
2.465000000000000000e+03
2.476000000000000000e+03
4.746000000000000000e+03
3.184000000000000000e+03
4.770000000000000000e+03
3.130000000000000000e+02
4.778000000000000000e+03
3.000000000000000000e+02
2.950000000000000000e+02
2.940000000000000000e+02
3.141000000000000000e+03
4.727000000000000000e+03
5.830000000000000000e+02
2.371000000000000000e+03
2.350000000000000000e+03
3.385000000000000000e+03
3.380000000000000000e+03
3.377000000000000000e+03
3.375000000000000000e+03
3.348000000000000000e+03
5.270000000000000000e+02
3.345000000000000000e+03
5.240000000000000000e+02
2.300000000000000000e+03
3.340000000000000000e+03
4.642000000000000000e+03
4.530000000000000000e+02
5.050000000000000000e+02
2.312000000000000000e+03
4.980000000000000000e+02
4.890000000000000000e+02
4.840000000000000000e+02
4.790000000000000000e+02
2.327000000000000000e+03
4.760000000000000000e+02
3.320000000000000000e+03
2.335000000000000000e+03
4.730000000000000000e+02
4.650000000000000000e+02
5.040000000000000000e+02
4.483000000000000000e+03
8.190000000000000000e+02
3.533000000000000000e+03
1.540000000000000000e+03
1.150000000000000000e+03
1.133000000000000000e+03
1.604000000000000000e+03
3.858000000000000000e+03
1.122000000000000000e+03
3.856000000000000000e+03
1.616000000000000000e+03
1.617000000000000000e+03
4.220000000000000000e+03
1.114000000000000000e+03
1.111000000000000000e+03
3.849000000000000000e+03
1.108000000000000000e+03
3.846000000000000000e+03
1.104000000000000000e+03
1.103000000000000000e+03
1.102000000000000000e+03
1.628000000000000000e+03
3.845000000000000000e+03
1.098000000000000000e+03
1.092000000000000000e+03
1.638000000000000000e+03
4.235000000000000000e+03
3.833000000000000000e+03
3.915000000000000000e+03
3.922000000000000000e+03
1.185000000000000000e+03
3.926000000000000000e+03
1.350000000000000000e+03
1.360000000000000000e+03
1.331000000000000000e+03
4.046000000000000000e+03
4.042000000000000000e+03
1.380000000000000000e+03
4.081000000000000000e+03
1.307000000000000000e+03
1.289000000000000000e+03
4.101000000000000000e+03
1.426000000000000000e+03
3.993000000000000000e+03
3.832000000000000000e+03
1.430000000000000000e+03
1.452000000000000000e+03
1.246000000000000000e+03
1.458000000000000000e+03
1.243000000000000000e+03
1.470000000000000000e+03
4.142000000000000000e+03
3.960000000000000000e+03
4.149000000000000000e+03
1.208000000000000000e+03
1.494000000000000000e+03
1.497000000000000000e+03
3.951000000000000000e+03
3.985000000000000000e+03
4.243000000000000000e+03
1.079000000000000000e+03
1.074000000000000000e+03
8.870000000000000000e+02
1.900000000000000000e+03
4.383000000000000000e+03
4.387000000000000000e+03
1.910000000000000000e+03
4.391000000000000000e+03
3.635000000000000000e+03
3.633000000000000000e+03
3.631000000000000000e+03
3.625000000000000000e+03
4.414000000000000000e+03
4.419000000000000000e+03
1.887000000000000000e+03
3.607000000000000000e+03
8.210000000000000000e+02
4.798000000000000000e+03
1.983000000000000000e+03
7.920000000000000000e+02
4.446000000000000000e+03
7.850000000000000000e+02
3.567000000000000000e+03
4.458000000000000000e+03
7.710000000000000000e+02
2.017000000000000000e+03
4.465000000000000000e+03
4.472000000000000000e+03
8.220000000000000000e+02
2.061000000000000000e+03
4.372000000000000000e+03
9.040000000000000000e+02
1.673000000000000000e+03
1.060000000000000000e+03
1.684000000000000000e+03
4.261000000000000000e+03
3.798000000000000000e+03
1.048000000000000000e+03
1.039000000000000000e+03
4.274000000000000000e+03
3.784000000000000000e+03
1.714000000000000000e+03
1.009000000000000000e+03
3.770000000000000000e+03
3.667000000000000000e+03
1.738000000000000000e+03
9.860000000000000000e+02
1.765000000000000000e+03
9.800000000000000000e+02
3.742000000000000000e+03
4.332000000000000000e+03
3.684000000000000000e+03
4.361000000000000000e+03
1.862000000000000000e+03
4.363000000000000000e+03
9.070000000000000000e+02
1.868000000000000000e+03
9.050000000000000000e+02
9.970000000000000000e+02
2.780000000000000000e+02
1.347000000000000000e+03
4.846000000000000000e+03
2.603000000000000000e+03
3.111000000000000000e+03
9.800000000000000000e+01
2.986000000000000000e+03
2.948000000000000000e+03
2.070000000000000000e+02
2.762000000000000000e+03
2.975000000000000000e+03
3.100000000000000000e+03
4.912000000000000000e+03
2.380000000000000000e+02
1.370000000000000000e+02
2.741000000000000000e+03
2.849000000000000000e+03
2.807000000000000000e+03
3.008000000000000000e+03
3.129000000000000000e+03
2.753000000000000000e+03
2.817000000000000000e+03
8.900000000000000000e+01
2.656000000000000000e+03
2.657000000000000000e+03
4.939000000000000000e+03
1.990000000000000000e+02
2.180000000000000000e+02
4.987000000000000000e+03
2.665000000000000000e+03
1.770000000000000000e+02
2.963000000000000000e+03
2.640000000000000000e+03
1.890000000000000000e+02
8.500000000000000000e+01
7.000000000000000000e+01
3.119000000000000000e+03
4.867000000000000000e+03
3.121000000000000000e+03
4.944000000000000000e+03
4.970000000000000000e+03
8.820000000000000000e+02
3.396000000000000000e+03
3.620000000000000000e+03
1.774000000000000000e+03
4.115000000000000000e+03
3.725000000000000000e+03
3.537000000000000000e+03
3.045000000000000000e+03
3.854000000000000000e+03
4.360000000000000000e+03
3.994000000000000000e+03
3.132000000000000000e+03
1.850000000000000000e+02
3.195000000000000000e+03
3.460000000000000000e+02
1.019000000000000000e+03
1.298000000000000000e+03
3.699000000000000000e+03
4.517000000000000000e+03
2.300000000000000000e+01
4.487000000000000000e+03
8.880000000000000000e+02
4.056000000000000000e+03
6.600000000000000000e+01
3.550000000000000000e+03
4.232000000000000000e+03
2.802000000000000000e+03
4.026000000000000000e+03
2.790000000000000000e+03
8.500000000000000000e+02
9.720000000000000000e+02
2.580000000000000000e+02
4.966000000000000000e+03
1.053000000000000000e+03
1.418000000000000000e+03
3.599000000000000000e+03
3.721000000000000000e+03
2.379000000000000000e+03
4.800000000000000000e+01
3.255000000000000000e+03
4.957000000000000000e+03
6.660000000000000000e+02
1.767000000000000000e+03
2.096000000000000000e+03
1.449000000000000000e+03
1.075000000000000000e+03
8.930000000000000000e+02
1.900000000000000000e+01
2.676000000000000000e+03
3.862000000000000000e+03
2.090000000000000000e+03
4.708000000000000000e+03
4.188000000000000000e+03
4.060000000000000000e+02
2.526000000000000000e+03
2.830000000000000000e+03
4.450000000000000000e+03
1.472000000000000000e+03
4.275000000000000000e+03
3.477000000000000000e+03
1.875000000000000000e+03
3.612000000000000000e+03
2.615000000000000000e+03
1.220000000000000000e+02
3.642000000000000000e+03
6.330000000000000000e+02
4.810000000000000000e+02
4.389000000000000000e+03
3.511000000000000000e+03
4.255000000000000000e+03
4.231000000000000000e+03
3.100000000000000000e+02
1.877000000000000000e+03
9.530000000000000000e+02
2.318000000000000000e+03
3.870000000000000000e+02
1.929000000000000000e+03
1.424000000000000000e+03
1.953000000000000000e+03
4.869000000000000000e+03
1.643000000000000000e+03
4.850000000000000000e+02
3.800000000000000000e+03
6.030000000000000000e+02
1.821000000000000000e+03
1.755000000000000000e+03
2.042000000000000000e+03
3.118000000000000000e+03
2.818000000000000000e+03
3.597000000000000000e+03
2.632000000000000000e+03
9.810000000000000000e+02
2.645000000000000000e+03
1.177000000000000000e+03
1.501000000000000000e+03
4.940000000000000000e+02
3.523000000000000000e+03
8.020000000000000000e+02
3.578000000000000000e+03
3.383000000000000000e+03
5.600000000000000000e+02
2.716000000000000000e+03
2.970000000000000000e+02
1.809000000000000000e+03
1.313000000000000000e+03
4.796000000000000000e+03
2.750000000000000000e+02
4.090000000000000000e+02
3.421000000000000000e+03
2.193000000000000000e+03
2.824000000000000000e+03
3.884000000000000000e+03
7.480000000000000000e+02
7.240000000000000000e+02
3.971000000000000000e+03
1.135000000000000000e+03
4.804000000000000000e+03
4.570000000000000000e+02
4.759000000000000000e+03
4.462000000000000000e+03
4.027000000000000000e+03
8.290000000000000000e+02
4.734000000000000000e+03
2.350000000000000000e+02
1.447000000000000000e+03
3.695000000000000000e+03
4.136000000000000000e+03
1.937000000000000000e+03
3.090000000000000000e+03
2.019000000000000000e+03
2.156000000000000000e+03
3.895000000000000000e+03
2.339000000000000000e+03
2.836000000000000000e+03
2.308000000000000000e+03
3.795000000000000000e+03
3.722000000000000000e+03
3.457000000000000000e+03
1.210000000000000000e+02
4.105000000000000000e+03
3.101000000000000000e+03
4.381000000000000000e+03
5.970000000000000000e+02
2.337000000000000000e+03
2.030000000000000000e+02
3.755000000000000000e+03
3.974000000000000000e+03
2.062000000000000000e+03
3.556000000000000000e+03
2.794000000000000000e+03
5.700000000000000000e+02
4.095000000000000000e+03
1.476000000000000000e+03
1.752000000000000000e+03
4.076000000000000000e+03
1.940000000000000000e+02
2.162000000000000000e+03
4.600000000000000000e+03
6.100000000000000000e+02
6.020000000000000000e+02
1.910000000000000000e+02
2.147000000000000000e+03
4.106000000000000000e+03
1.379000000000000000e+03
4.580000000000000000e+03
1.295000000000000000e+03
2.805000000000000000e+03
4.489000000000000000e+03
3.704000000000000000e+03
1.817000000000000000e+03
1.583000000000000000e+03
1.806000000000000000e+03
1.601000000000000000e+03
1.785000000000000000e+03
4.959000000000000000e+03
4.312000000000000000e+03
1.625000000000000000e+03
1.740000000000000000e+03
2.956000000000000000e+03
1.731000000000000000e+03
4.282000000000000000e+03
1.028000000000000000e+03
4.279000000000000000e+03
2.795000000000000000e+03
1.655000000000000000e+03
1.070000000000000000e+03
1.068000000000000000e+03
1.824000000000000000e+03
1.239000000000000000e+03
9.370000000000000000e+02
1.550000000000000000e+03
7.610000000000000000e+02
7.630000000000000000e+02
7.640000000000000000e+02
7.660000000000000000e+02
4.887000000000000000e+03
3.031000000000000000e+03
4.447000000000000000e+03
8.030000000000000000e+02
3.602000000000000000e+03
2.967000000000000000e+03
3.956000000000000000e+03
4.417000000000000000e+03
4.160000000000000000e+03
1.194000000000000000e+03
8.490000000000000000e+02
4.172000000000000000e+03
1.180000000000000000e+03
3.906000000000000000e+03
1.878000000000000000e+03
1.832000000000000000e+03
3.200000000000000000e+01
2.733000000000000000e+03
2.481000000000000000e+03
4.751000000000000000e+03
4.100000000000000000e+02
4.801000000000000000e+03
4.696000000000000000e+03
2.492000000000000000e+03
3.104000000000000000e+03
3.084000000000000000e+03
2.553000000000000000e+03
2.564000000000000000e+03
3.163000000000000000e+03
4.785000000000000000e+03
4.730000000000000000e+03
3.342000000000000000e+03
2.569000000000000000e+03
4.824000000000000000e+03
3.260000000000000000e+02
1.300000000000000000e+01
3.499000000000000000e+03
3.491000000000000000e+03
2.348000000000000000e+03
9.730000000000000000e+02
5.700000000000000000e+01
3.804000000000000000e+03
4.210000000000000000e+02
4.628000000000000000e+03
2.222000000000000000e+03
4.145000000000000000e+03
1.342000000000000000e+03
2.694000000000000000e+03
3.217000000000000000e+03
4.425000000000000000e+03
2.460000000000000000e+02
3.183000000000000000e+03
1.911000000000000000e+03
2.149000000000000000e+03
5.520000000000000000e+02
5.750000000000000000e+02
2.990000000000000000e+02
4.830000000000000000e+02
6.500000000000000000e+01
2.309000000000000000e+03
1.914000000000000000e+03
4.288000000000000000e+03
1.147000000000000000e+03
4.494000000000000000e+03
2.191000000000000000e+03
3.330000000000000000e+03
3.394000000000000000e+03
8.510000000000000000e+02
4.856000000000000000e+03
4.170000000000000000e+02
1.215000000000000000e+03
4.208000000000000000e+03
4.972000000000000000e+03
3.194000000000000000e+03
4.369000000000000000e+03
2.720000000000000000e+03
3.460000000000000000e+03
4.844000000000000000e+03
2.826000000000000000e+03
3.267000000000000000e+03
4.922000000000000000e+03
3.280000000000000000e+02
9.410000000000000000e+02
2.870000000000000000e+02
3.850000000000000000e+03
3.076000000000000000e+03
4.407000000000000000e+03
1.650000000000000000e+03
3.788000000000000000e+03
4.514000000000000000e+03
3.819000000000000000e+03
1.633000000000000000e+03
2.616000000000000000e+03
1.132000000000000000e+03
1.080000000000000000e+03
4.310000000000000000e+02
8.260000000000000000e+02
3.609000000000000000e+03
3.963000000000000000e+03
4.508000000000000000e+03
4.950000000000000000e+02
1.960000000000000000e+03
1.730000000000000000e+02
4.772000000000000000e+03
4.000000000000000000e+02
4.071000000000000000e+03
3.454000000000000000e+03
3.445000000000000000e+03
5.670000000000000000e+02
1.802000000000000000e+03
3.275000000000000000e+03
4.741000000000000000e+03
4.693000000000000000e+03
3.103000000000000000e+03
4.019000000000000000e+03
1.768000000000000000e+03
2.002000000000000000e+03
1.062000000000000000e+03
1.260000000000000000e+02
3.857000000000000000e+03
1.705000000000000000e+03
3.335000000000000000e+03
1.540000000000000000e+02
4.652000000000000000e+03
2.269000000000000000e+03
1.700000000000000000e+03
2.005000000000000000e+03
1.033000000000000000e+03
2.682000000000000000e+03
3.354000000000000000e+03
5.410000000000000000e+02
1.017000000000000000e+03
1.725000000000000000e+03
1.364000000000000000e+03
2.098000000000000000e+03
1.736000000000000000e+03
6.940000000000000000e+02
2.462000000000000000e+03
9.990000000000000000e+02
3.495000000000000000e+03
4.302000000000000000e+03
2.595000000000000000e+03
2.106000000000000000e+03
4.009000000000000000e+03
3.572000000000000000e+03
3.093000000000000000e+03
1.131000000000000000e+03
4.184000000000000000e+03
1.831000000000000000e+03
2.998000000000000000e+03
1.512000000000000000e+03
2.243000000000000000e+03
2.190000000000000000e+03
3.071000000000000000e+03
3.388000000000000000e+03
2.505000000000000000e+03
3.440000000000000000e+02
2.710000000000000000e+02
4.638000000000000000e+03
2.330000000000000000e+02
4.684000000000000000e+03
2.198000000000000000e+03
2.013000000000000000e+03
3.198000000000000000e+03
4.608000000000000000e+03
4.495000000000000000e+03
6.250000000000000000e+02
3.022000000000000000e+03
3.001000000000000000e+03
3.570000000000000000e+03
3.420000000000000000e+02
1.330000000000000000e+03
3.754000000000000000e+03
4.811000000000000000e+03
4.350000000000000000e+03
3.065000000000000000e+03
2.298000000000000000e+03
4.534000000000000000e+03
2.240000000000000000e+03
1.510000000000000000e+02
2.016000000000000000e+03
1.780000000000000000e+03
3.532000000000000000e+03
1.750000000000000000e+02
3.876000000000000000e+03
4.621000000000000000e+03
9.190000000000000000e+02
3.349000000000000000e+03
1.827000000000000000e+03
3.245000000000000000e+03
4.915000000000000000e+03
7.440000000000000000e+02
3.581000000000000000e+03
1.327000000000000000e+03
1.729000000000000000e+03
1.014000000000000000e+03
3.482000000000000000e+03
3.999000000000000000e+03
3.763000000000000000e+03
3.929000000000000000e+03
2.675000000000000000e+03
1.191000000000000000e+03
1.956000000000000000e+03
1.399000000000000000e+03
4.204000000000000000e+03
4.928000000000000000e+03
3.190000000000000000e+03
3.077000000000000000e+03
1.830000000000000000e+03
3.387000000000000000e+03
3.269000000000000000e+03
3.727000000000000000e+03
1.995000000000000000e+03
2.588000000000000000e+03
4.511000000000000000e+03
2.874000000000000000e+03
5.580000000000000000e+02
4.099000000000000000e+03
3.319000000000000000e+03
3.665000000000000000e+03
2.796000000000000000e+03
1.686000000000000000e+03
3.666000000000000000e+03
7.820000000000000000e+02
1.681000000000000000e+03
4.978000000000000000e+03
4.980000000000000000e+03
1.560000000000000000e+03
3.564000000000000000e+03
4.646000000000000000e+03
4.163000000000000000e+03
1.535000000000000000e+03
2.065000000000000000e+03
4.969000000000000000e+03
9.440000000000000000e+02
4.712000000000000000e+03
1.610000000000000000e+02
8.550000000000000000e+02
3.212000000000000000e+03
2.286000000000000000e+03
2.997000000000000000e+03
1.420000000000000000e+03
1.287000000000000000e+03
7.560000000000000000e+02
3.616000000000000000e+03
3.908000000000000000e+03
4.400000000000000000e+02
8.130000000000000000e+02
4.689000000000000000e+03
2.803000000000000000e+03
2.230000000000000000e+03
3.738000000000000000e+03
2.510000000000000000e+02
4.931000000000000000e+03
2.297000000000000000e+03
4.200000000000000000e+03
2.132000000000000000e+03
2.825000000000000000e+03
1.853000000000000000e+03
3.501000000000000000e+03
8.380000000000000000e+02
4.837000000000000000e+03
4.125000000000000000e+03
9.160000000000000000e+02
3.350000000000000000e+02
2.820000000000000000e+02
2.935000000000000000e+03
4.031000000000000000e+03
1.559000000000000000e+03
3.134000000000000000e+03
4.102000000000000000e+03
1.253000000000000000e+03
1.238000000000000000e+03
6.240000000000000000e+02
1.500000000000000000e+01
1.697000000000000000e+03
3.102000000000000000e+03
4.047000000000000000e+03
2.366000000000000000e+03
2.761000000000000000e+03
3.291000000000000000e+03
4.012000000000000000e+03
3.954000000000000000e+03
5.310000000000000000e+02
4.600000000000000000e+02
2.011000000000000000e+03
2.937000000000000000e+03
2.773000000000000000e+03
1.437000000000000000e+03
4.892000000000000000e+03
4.512000000000000000e+03
4.550000000000000000e+03
6.010000000000000000e+02
1.460000000000000000e+03
1.439000000000000000e+03
2.408000000000000000e+03
3.297000000000000000e+03
4.814000000000000000e+03
4.007000000000000000e+03
2.276000000000000000e+03
4.650000000000000000e+03
4.135000000000000000e+03
4.771000000000000000e+03
1.805000000000000000e+03
4.117000000000000000e+03
4.415000000000000000e+03
1.720000000000000000e+03
9.620000000000000000e+02
1.293000000000000000e+03
4.985000000000000000e+03
1.585000000000000000e+03
1.850000000000000000e+03
4.247000000000000000e+03
2.722000000000000000e+03
3.878000000000000000e+03
1.450000000000000000e+03
1.303000000000000000e+03
4.010000000000000000e+03
3.351000000000000000e+03
1.480000000000000000e+02
1.760000000000000000e+02
5.940000000000000000e+02
1.095000000000000000e+03
2.800000000000000000e+01
1.482000000000000000e+03
1.951000000000000000e+03
2.994000000000000000e+03
3.051000000000000000e+03
4.927000000000000000e+03
7.110000000000000000e+02
3.824000000000000000e+03
3.186000000000000000e+03
5.400000000000000000e+02
1.602000000000000000e+03
2.654000000000000000e+03
5.650000000000000000e+02
3.070000000000000000e+02
4.285000000000000000e+03
4.040000000000000000e+02
3.782000000000000000e+03
2.319000000000000000e+03
3.509000000000000000e+03
3.749000000000000000e+03
9.840000000000000000e+02
3.220000000000000000e+03
2.638000000000000000e+03
6.950000000000000000e+02
2.435000000000000000e+03
9.930000000000000000e+02
4.506000000000000000e+03
4.283000000000000000e+03
2.084000000000000000e+03
2.662000000000000000e+03
4.277000000000000000e+03
3.356000000000000000e+03
3.362000000000000000e+03
2.860000000000000000e+02
3.130000000000000000e+03
2.150000000000000000e+02
2.926000000000000000e+03
2.700000000000000000e+02
1.245000000000000000e+03
2.220000000000000000e+03
1.187000000000000000e+03
6.050000000000000000e+02
4.278000000000000000e+03
4.964000000000000000e+03
3.337000000000000000e+03
4.700000000000000000e+01
2.767000000000000000e+03
2.514000000000000000e+03
4.956000000000000000e+03
4.649000000000000000e+03
3.068000000000000000e+03
3.650000000000000000e+02
3.209000000000000000e+03
4.739000000000000000e+03
4.655000000000000000e+03
1.139000000000000000e+03
1.864000000000000000e+03
9.380000000000000000e+02
4.827000000000000000e+03
1.886000000000000000e+03
2.041000000000000000e+03
4.907000000000000000e+03
8.740000000000000000e+02
3.000000000000000000e+03
1.905000000000000000e+03
1.932000000000000000e+03
4.525000000000000000e+03
1.340000000000000000e+03
3.021000000000000000e+03
1.249000000000000000e+03
8.660000000000000000e+02
4.919000000000000000e+03
2.930000000000000000e+03
1.205000000000000000e+03
3.216000000000000000e+03
1.301000000000000000e+03
1.117000000000000000e+03
8.240000000000000000e+02
3.907000000000000000e+03
3.637000000000000000e+03
4.623000000000000000e+03
2.401000000000000000e+03
7.390000000000000000e+02
7.900000000000000000e+01
2.215000000000000000e+03
2.450000000000000000e+03
3.959000000000000000e+03
3.007000000000000000e+03
2.139000000000000000e+03
4.996000000000000000e+03
1.160000000000000000e+03
4.181000000000000000e+03
2.231000000000000000e+03
3.088000000000000000e+03
8.830000000000000000e+02
4.713000000000000000e+03
2.933000000000000000e+03
3.645000000000000000e+03
5.800000000000000000e+02
9.890000000000000000e+02
3.764000000000000000e+03
5.230000000000000000e+02
2.103000000000000000e+03
3.919000000000000000e+03
2.744000000000000000e+03
4.674000000000000000e+03
8.300000000000000000e+01
2.518000000000000000e+03
9.150000000000000000e+02
2.477000000000000000e+03
3.462000000000000000e+03
7.460000000000000000e+02
1.090000000000000000e+02
4.225000000000000000e+03
4.348000000000000000e+03
3.588000000000000000e+03
4.005000000000000000e+03
2.683000000000000000e+03
3.358000000000000000e+03
2.693000000000000000e+03
4.782000000000000000e+03
2.512000000000000000e+03
3.746000000000000000e+03
5.180000000000000000e+02
2.630000000000000000e+03
4.864000000000000000e+03
4.870000000000000000e+02
8.580000000000000000e+02
4.401000000000000000e+03
1.486000000000000000e+03
4.110000000000000000e+03
2.040000000000000000e+03
3.324000000000000000e+03
1.378000000000000000e+03
2.755000000000000000e+03
2.600000000000000000e+01
2.666000000000000000e+03
2.598000000000000000e+03
7.400000000000000000e+01
3.347000000000000000e+03
2.884000000000000000e+03
7.010000000000000000e+02
2.639000000000000000e+03
7.960000000000000000e+02
2.756000000000000000e+03
6.000000000000000000e+01
4.220000000000000000e+02
1.336000000000000000e+03
4.537000000000000000e+03
3.234000000000000000e+03
2.417000000000000000e+03
3.689000000000000000e+03
3.732000000000000000e+03
2.562000000000000000e+03
3.743000000000000000e+03
2.556000000000000000e+03
1.934000000000000000e+03
2.347000000000000000e+03
2.014000000000000000e+03
2.538000000000000000e+03
3.470000000000000000e+02
1.140000000000000000e+03
4.230000000000000000e+02
4.763000000000000000e+03
4.060000000000000000e+03
1.949000000000000000e+03
1.361000000000000000e+03
3.932000000000000000e+03
3.660000000000000000e+03
1.328000000000000000e+03
2.250000000000000000e+03
2.839000000000000000e+03
2.668000000000000000e+03
1.377000000000000000e+03
4.122000000000000000e+03
4.484000000000000000e+03
6.640000000000000000e+02
2.313000000000000000e+03
3.687000000000000000e+03
3.075000000000000000e+03
2.304000000000000000e+03
1.477000000000000000e+03
1.230000000000000000e+02
4.470000000000000000e+02
3.740000000000000000e+03
1.941000000000000000e+03
1.669000000000000000e+03
3.055000000000000000e+03
3.295000000000000000e+03
4.151000000000000000e+03
4.192000000000000000e+03
4.443000000000000000e+03
4.965000000000000000e+03
2.706000000000000000e+03
1.846000000000000000e+03
3.600000000000000000e+01
2.552000000000000000e+03
3.037000000000000000e+03
1.010000000000000000e+02
2.776000000000000000e+03
4.248000000000000000e+03
3.986000000000000000e+03
1.284000000000000000e+03
5.950000000000000000e+02
1.311000000000000000e+03
3.253000000000000000e+03
2.834000000000000000e+03
1.020000000000000000e+02
2.812000000000000000e+03
3.419000000000000000e+03
4.535000000000000000e+03
8.630000000000000000e+02
1.314000000000000000e+03
7.690000000000000000e+02
1.641000000000000000e+03
3.190000000000000000e+02
8.840000000000000000e+02
2.581000000000000000e+03
1.710000000000000000e+03
1.334000000000000000e+03
2.370000000000000000e+02
3.920000000000000000e+03
6.380000000000000000e+02
3.444000000000000000e+03
1.667000000000000000e+03
2.418000000000000000e+03
4.699000000000000000e+03
1.040000000000000000e+02
4.180000000000000000e+03
1.090000000000000000e+03
4.167000000000000000e+03
2.480000000000000000e+03
7.190000000000000000e+02
4.203000000000000000e+03
1.455000000000000000e+03
2.613000000000000000e+03
2.105000000000000000e+03
6.520000000000000000e+02
1.813000000000000000e+03
4.962000000000000000e+03
2.823000000000000000e+03
3.521000000000000000e+03
6.120000000000000000e+02
4.084000000000000000e+03
4.624000000000000000e+03
3.945000000000000000e+03
2.157000000000000000e+03
2.289000000000000000e+03
2.667000000000000000e+03
3.047000000000000000e+03
1.171000000000000000e+03
5.190000000000000000e+02
3.146000000000000000e+03
3.197000000000000000e+03
2.680000000000000000e+03
1.213000000000000000e+03
1.524000000000000000e+03
2.273000000000000000e+03
7.930000000000000000e+02
1.840000000000000000e+03
5.590000000000000000e+02
1.124000000000000000e+03
3.122000000000000000e+03
3.318000000000000000e+03
1.143000000000000000e+03
3.175000000000000000e+03
3.780000000000000000e+03
3.015000000000000000e+03
4.165000000000000000e+03
2.771000000000000000e+03
1.659000000000000000e+03
1.743000000000000000e+03
1.634000000000000000e+03
1.394000000000000000e+03
3.165000000000000000e+03
3.178000000000000000e+03
1.611000000000000000e+03
1.025000000000000000e+03
2.441000000000000000e+03
3.446000000000000000e+03
4.043000000000000000e+03
1.300000000000000000e+03
4.240000000000000000e+03
3.582000000000000000e+03
1.109000000000000000e+03
4.848000000000000000e+03
5.620000000000000000e+02
2.000000000000000000e+01
9.340000000000000000e+02
9.110000000000000000e+02
2.770000000000000000e+02
6.750000000000000000e+02
4.427000000000000000e+03
1.530000000000000000e+02
1.461000000000000000e+03
1.168000000000000000e+03
3.874000000000000000e+03
3.307000000000000000e+03
1.462000000000000000e+03
4.397000000000000000e+03
3.883000000000000000e+03
1.436000000000000000e+03
1.216000000000000000e+03
2.343000000000000000e+03
3.390000000000000000e+03
2.660000000000000000e+03
3.905000000000000000e+03
4.709000000000000000e+03
1.788000000000000000e+03
3.506000000000000000e+03
2.582000000000000000e+03
3.414000000000000000e+03
9.140000000000000000e+02
2.124000000000000000e+03
9.030000000000000000e+02
3.406000000000000000e+03
4.658000000000000000e+03
7.220000000000000000e+02
2.290000000000000000e+02
4.745000000000000000e+03
3.336000000000000000e+03
2.896000000000000000e+03
3.560000000000000000e+02
2.220000000000000000e+02
4.068000000000000000e+03
1.115000000000000000e+03
3.005000000000000000e+03
3.410000000000000000e+02
4.929000000000000000e+03
4.400000000000000000e+03
4.911000000000000000e+03
2.423000000000000000e+03
1.590000000000000000e+03
1.969000000000000000e+03
3.164000000000000000e+03
1.978000000000000000e+03
4.990000000000000000e+03
1.269000000000000000e+03
2.845000000000000000e+03
4.733000000000000000e+03
5.880000000000000000e+02
4.273000000000000000e+03
3.647000000000000000e+03
2.480000000000000000e+02
3.430000000000000000e+02
2.902000000000000000e+03
1.343000000000000000e+03
3.432000000000000000e+03
4.885000000000000000e+03
4.124000000000000000e+03
2.316000000000000000e+03
3.331000000000000000e+03
3.617000000000000000e+03
1.159000000000000000e+03
4.894000000000000000e+03
2.970000000000000000e+03
4.984000000000000000e+03
4.291000000000000000e+03
4.155000000000000000e+03
1.959000000000000000e+03
3.630000000000000000e+02
2.141000000000000000e+03
6.960000000000000000e+02
3.786000000000000000e+03
5.110000000000000000e+02
4.459000000000000000e+03
3.229000000000000000e+03
2.188000000000000000e+03
2.546000000000000000e+03
7.330000000000000000e+02
2.247000000000000000e+03
1.233000000000000000e+03
8.010000000000000000e+02
1.972000000000000000e+03
1.356000000000000000e+03
1.474000000000000000e+03
2.080000000000000000e+02
3.143000000000000000e+03
2.179000000000000000e+03
1.270000000000000000e+03
2.378000000000000000e+03
2.189000000000000000e+03
2.608000000000000000e+03
4.074000000000000000e+03
3.144000000000000000e+03
2.436000000000000000e+03
1.574000000000000000e+03
1.719000000000000000e+03
4.085000000000000000e+03
4.768000000000000000e+03
1.715000000000000000e+03
3.390000000000000000e+02
2.100000000000000000e+01
4.227000000000000000e+03
1.270000000000000000e+02
3.010000000000000000e+02
2.835000000000000000e+03
3.520000000000000000e+02
3.166000000000000000e+03
9.700000000000000000e+01
1.693000000000000000e+03
1.210000000000000000e+03
2.670000000000000000e+02
3.739000000000000000e+03
4.359000000000000000e+03
1.708000000000000000e+03
3.313000000000000000e+03
4.644000000000000000e+03
3.703000000000000000e+03
2.712000000000000000e+03
5.720000000000000000e+02
1.630000000000000000e+02
1.450000000000000000e+02
9.690000000000000000e+02
5.020000000000000000e+02
2.440000000000000000e+03
1.290000000000000000e+03
8.540000000000000000e+02
1.810000000000000000e+03
2.814000000000000000e+03
2.858000000000000000e+03
4.629000000000000000e+03
2.630000000000000000e+02
4.850000000000000000e+03
3.250000000000000000e+02
3.549000000000000000e+03
6.000000000000000000e+00
2.094000000000000000e+03
4.100000000000000000e+03
8.410000000000000000e+02
7.650000000000000000e+02
1.004000000000000000e+03
4.876000000000000000e+03
4.380000000000000000e+03
1.049000000000000000e+03
1.230000000000000000e+03
4.556000000000000000e+03
1.040000000000000000e+03
4.430000000000000000e+02
4.558000000000000000e+03
2.742000000000000000e+03
4.715000000000000000e+03
4.280000000000000000e+02
2.187000000000000000e+03
1.278000000000000000e+03
1.677000000000000000e+03
2.358000000000000000e+03
2.915000000000000000e+03
7.860000000000000000e+02
1.866000000000000000e+03
2.234000000000000000e+03
1.495000000000000000e+03
4.399000000000000000e+03
1.505000000000000000e+03
2.519000000000000000e+03
4.736000000000000000e+03
3.520000000000000000e+03
1.155000000000000000e+03
1.003000000000000000e+03
3.595000000000000000e+03
3.805000000000000000e+03
2.108000000000000000e+03
3.534000000000000000e+03
2.006000000000000000e+03
4.973000000000000000e+03
4.190000000000000000e+02
8.640000000000000000e+02
4.615000000000000000e+03
5.300000000000000000e+02
2.912000000000000000e+03
3.382000000000000000e+03
3.447000000000000000e+03
1.471000000000000000e+03
1.322000000000000000e+03
1.181000000000000000e+03
7.000000000000000000e+02
4.412000000000000000e+03
3.236000000000000000e+03
2.543000000000000000e+03
2.700000000000000000e+03
4.579000000000000000e+03
1.359000000000000000e+03
3.078000000000000000e+03
3.317000000000000000e+03
4.510000000000000000e+03
3.505000000000000000e+03
5.420000000000000000e+02
7.910000000000000000e+02
4.951000000000000000e+03
2.180000000000000000e+03
1.660000000000000000e+02
3.710000000000000000e+03
4.550000000000000000e+02
1.795000000000000000e+03
4.510000000000000000e+02
6.840000000000000000e+02
3.513000000000000000e+03
1.024000000000000000e+03
2.713000000000000000e+03
3.160000000000000000e+02
4.078000000000000000e+03
1.005000000000000000e+03
3.898000000000000000e+03
2.040000000000000000e+02
3.303000000000000000e+03
2.535000000000000000e+03
3.981000000000000000e+03
4.471000000000000000e+03
2.841000000000000000e+03
6.440000000000000000e+02
4.854000000000000000e+03
4.999000000000000000e+03
2.918000000000000000e+03
1.442000000000000000e+03
8.000000000000000000e+02
3.600000000000000000e+02
2.643000000000000000e+03
1.599000000000000000e+03
3.243000000000000000e+03
2.566000000000000000e+03
4.041000000000000000e+03
3.711000000000000000e+03
4.840000000000000000e+03
4.478000000000000000e+03
4.411000000000000000e+03
3.109000000000000000e+03
1.828000000000000000e+03
2.413000000000000000e+03
3.936000000000000000e+03
6.230000000000000000e+02
1.587000000000000000e+03
3.910000000000000000e+02
2.054000000000000000e+03
1.603000000000000000e+03
1.479000000000000000e+03
2.987000000000000000e+03
5.850000000000000000e+02
1.982000000000000000e+03
6.880000000000000000e+02
