3.804000000000000000e+03
4.043000000000000000e+03
2.838000000000000000e+03
3.655000000000000000e+03
1.185000000000000000e+03
1.633000000000000000e+03
3.752000000000000000e+03
2.182000000000000000e+03
2.127000000000000000e+03
3.637000000000000000e+03
4.506000000000000000e+03
4.140000000000000000e+03
2.200000000000000000e+02
2.091000000000000000e+03
3.083000000000000000e+03
3.421000000000000000e+03
2.869000000000000000e+03
7.420000000000000000e+02
1.248000000000000000e+03
2.682000000000000000e+03
3.762000000000000000e+03
1.291000000000000000e+03
3.523000000000000000e+03
1.876000000000000000e+03
4.523000000000000000e+03
2.798000000000000000e+03
2.353000000000000000e+03
3.598000000000000000e+03
2.027000000000000000e+03
1.315000000000000000e+03
4.650000000000000000e+03
4.660000000000000000e+02
4.205000000000000000e+03
1.684000000000000000e+03
1.602000000000000000e+03
6.000000000000000000e+01
4.788000000000000000e+03
2.874000000000000000e+03
4.940000000000000000e+02
4.857000000000000000e+03
3.867000000000000000e+03
2.092000000000000000e+03
3.354000000000000000e+03
3.482000000000000000e+03
1.303000000000000000e+03
3.784000000000000000e+03
5.090000000000000000e+02
1.402000000000000000e+03
2.960000000000000000e+02
4.255000000000000000e+03
1.921000000000000000e+03
2.600000000000000000e+01
1.940000000000000000e+03
6.430000000000000000e+02
3.750000000000000000e+02
4.745000000000000000e+03
5.600000000000000000e+01
3.231000000000000000e+03
3.086000000000000000e+03
2.153000000000000000e+03
1.035000000000000000e+03
3.300000000000000000e+02
4.512000000000000000e+03
3.981000000000000000e+03
9.010000000000000000e+02
1.844000000000000000e+03
1.058000000000000000e+03
4.801000000000000000e+03
2.643000000000000000e+03
1.692000000000000000e+03
8.580000000000000000e+02
9.260000000000000000e+02
4.028000000000000000e+03
2.100000000000000000e+03
3.115000000000000000e+03
3.557000000000000000e+03
6.740000000000000000e+02
4.416000000000000000e+03
1.515000000000000000e+03
3.768000000000000000e+03
2.289000000000000000e+03
2.090000000000000000e+02
2.132000000000000000e+03
4.626000000000000000e+03
4.425000000000000000e+03
1.614000000000000000e+03
4.112000000000000000e+03
4.730000000000000000e+02
4.873000000000000000e+03
4.335000000000000000e+03
1.965000000000000000e+03
3.903000000000000000e+03
4.285000000000000000e+03
2.205000000000000000e+03
2.865000000000000000e+03
4.913000000000000000e+03
2.656000000000000000e+03
2.969000000000000000e+03
3.945000000000000000e+03
2.263000000000000000e+03
2.426000000000000000e+03
4.300000000000000000e+02
1.180000000000000000e+03
1.388000000000000000e+03
4.022000000000000000e+03
2.940000000000000000e+03
3.094000000000000000e+03
4.690000000000000000e+02
3.047000000000000000e+03
4.989000000000000000e+03
2.462000000000000000e+03
1.822000000000000000e+03
1.091000000000000000e+03
1.134000000000000000e+03
3.540000000000000000e+02
2.475000000000000000e+03
3.851000000000000000e+03
1.498000000000000000e+03
4.969000000000000000e+03
4.116000000000000000e+03
3.938000000000000000e+03
1.926000000000000000e+03
8.600000000000000000e+01
9.940000000000000000e+02
3.787000000000000000e+03
2.592000000000000000e+03
1.758000000000000000e+03
2.665000000000000000e+03
3.966000000000000000e+03
3.564000000000000000e+03
3.019000000000000000e+03
4.129000000000000000e+03
3.499000000000000000e+03
1.311000000000000000e+03
3.389000000000000000e+03
2.444000000000000000e+03
3.199000000000000000e+03
2.500000000000000000e+03
3.192000000000000000e+03
9.880000000000000000e+02
4.326000000000000000e+03
6.900000000000000000e+01
1.690000000000000000e+02
4.709000000000000000e+03
4.576000000000000000e+03
4.947000000000000000e+03
4.035000000000000000e+03
4.231000000000000000e+03
4.921000000000000000e+03
4.555000000000000000e+03
6.350000000000000000e+02
6.120000000000000000e+02
7.800000000000000000e+01
3.425000000000000000e+03
2.907000000000000000e+03
4.932000000000000000e+03
2.098000000000000000e+03
6.250000000000000000e+02
8.170000000000000000e+02
8.080000000000000000e+02
1.696000000000000000e+03
3.080000000000000000e+03
2.242000000000000000e+03
4.149000000000000000e+03
4.194000000000000000e+03
3.571000000000000000e+03
1.206000000000000000e+03
1.908000000000000000e+03
2.524000000000000000e+03
2.521000000000000000e+03
1.904000000000000000e+03
3.445000000000000000e+03
3.888000000000000000e+03
3.972000000000000000e+03
3.767000000000000000e+03
9.730000000000000000e+02
4.815000000000000000e+03
1.152000000000000000e+03
1.391000000000000000e+03
4.403000000000000000e+03
1.146000000000000000e+03
4.628000000000000000e+03
3.590000000000000000e+03
4.581000000000000000e+03
1.761000000000000000e+03
2.664000000000000000e+03
4.053000000000000000e+03
1.829000000000000000e+03
4.948000000000000000e+03
4.433000000000000000e+03
2.440000000000000000e+02
4.166000000000000000e+03
2.582000000000000000e+03
2.581000000000000000e+03
2.233000000000000000e+03
8.330000000000000000e+02
4.689000000000000000e+03
6.370000000000000000e+02
3.210000000000000000e+02
3.310000000000000000e+02
6.600000000000000000e+02
3.980000000000000000e+03
2.180000000000000000e+03
2.460000000000000000e+03
3.135000000000000000e+03
1.056000000000000000e+03
2.456000000000000000e+03
3.423000000000000000e+03
4.920000000000000000e+03
1.634000000000000000e+03
3.139000000000000000e+03
5.840000000000000000e+02
4.096000000000000000e+03
1.650000000000000000e+02
1.543000000000000000e+03
2.410000000000000000e+03
2.017000000000000000e+03
6.960000000000000000e+02
4.914000000000000000e+03
1.541000000000000000e+03
3.960000000000000000e+03
3.806000000000000000e+03
3.656000000000000000e+03
3.621000000000000000e+03
4.294000000000000000e+03
2.418000000000000000e+03
1.970000000000000000e+03
9.870000000000000000e+02
3.699000000000000000e+03
2.487000000000000000e+03
2.848000000000000000e+03
4.299000000000000000e+03
6.150000000000000000e+02
7.500000000000000000e+02
3.925000000000000000e+03
3.579000000000000000e+03
1.585000000000000000e+03
3.991000000000000000e+03
3.553000000000000000e+03
2.839000000000000000e+03
2.775000000000000000e+03
1.079000000000000000e+03
2.269000000000000000e+03
2.329000000000000000e+03
3.435000000000000000e+03
1.770000000000000000e+03
5.990000000000000000e+02
6.060000000000000000e+02
6.700000000000000000e+02
1.157000000000000000e+03
8.540000000000000000e+02
1.143000000000000000e+03
5.660000000000000000e+02
4.968000000000000000e+03
1.257000000000000000e+03
8.240000000000000000e+02
1.263000000000000000e+03
2.131000000000000000e+03
5.220000000000000000e+02
3.758000000000000000e+03
4.995000000000000000e+03
2.762000000000000000e+03
3.254000000000000000e+03
2.520000000000000000e+03
3.454000000000000000e+03
3.428000000000000000e+03
1.815000000000000000e+03
2.285000000000000000e+03
2.535000000000000000e+03
3.722000000000000000e+03
4.172000000000000000e+03
4.229000000000000000e+03
9.890000000000000000e+02
4.400000000000000000e+01
2.903000000000000000e+03
4.263000000000000000e+03
2.500000000000000000e+01
4.312000000000000000e+03
1.009000000000000000e+03
3.877000000000000000e+03
4.177000000000000000e+03
3.068000000000000000e+03
4.919000000000000000e+03
3.860000000000000000e+03
4.890000000000000000e+02
4.464000000000000000e+03
2.709000000000000000e+03
4.206000000000000000e+03
4.782000000000000000e+03
3.045000000000000000e+03
3.504000000000000000e+03
3.221000000000000000e+03
4.790000000000000000e+02
3.296000000000000000e+03
4.656000000000000000e+03
3.000000000000000000e+01
4.869000000000000000e+03
4.808000000000000000e+03
2.319000000000000000e+03
9.900000000000000000e+02
2.748000000000000000e+03
2.084000000000000000e+03
3.704000000000000000e+03
3.143000000000000000e+03
3.770000000000000000e+03
4.887000000000000000e+03
2.785000000000000000e+03
4.584000000000000000e+03
4.742000000000000000e+03
1.040000000000000000e+03
1.027000000000000000e+03
9.330000000000000000e+02
1.563000000000000000e+03
3.882000000000000000e+03
3.355000000000000000e+03
4.427000000000000000e+03
4.401000000000000000e+03
3.529000000000000000e+03
4.571000000000000000e+03
1.137000000000000000e+03
2.189000000000000000e+03
3.050000000000000000e+02
2.573000000000000000e+03
3.396000000000000000e+03
1.326000000000000000e+03
3.072000000000000000e+03
3.245000000000000000e+03
4.916000000000000000e+03
2.335000000000000000e+03
1.662000000000000000e+03
1.133000000000000000e+03
5.680000000000000000e+02
3.326000000000000000e+03
3.329000000000000000e+03
4.398000000000000000e+03
2.715000000000000000e+03
4.880000000000000000e+03
4.297000000000000000e+03
2.372000000000000000e+03
4.822000000000000000e+03
2.495000000000000000e+03
3.801000000000000000e+03
4.799000000000000000e+03
5.760000000000000000e+02
4.478000000000000000e+03
7.740000000000000000e+02
2.344000000000000000e+03
4.443000000000000000e+03
4.250000000000000000e+02
4.811000000000000000e+03
3.807000000000000000e+03
3.811000000000000000e+03
3.943000000000000000e+03
8.780000000000000000e+02
1.738000000000000000e+03
1.074000000000000000e+03
4.621000000000000000e+03
9.100000000000000000e+02
2.061000000000000000e+03
4.974000000000000000e+03
4.077000000000000000e+03
4.213000000000000000e+03
2.941000000000000000e+03
2.560000000000000000e+03
4.726000000000000000e+03
1.837000000000000000e+03
4.787000000000000000e+03
3.507000000000000000e+03
1.387000000000000000e+03
3.378000000000000000e+03
3.570000000000000000e+03
6.610000000000000000e+02
3.010000000000000000e+02
3.332000000000000000e+03
2.063000000000000000e+03
2.984000000000000000e+03
3.855000000000000000e+03
2.796000000000000000e+03
3.247000000000000000e+03
2.774000000000000000e+03
3.536000000000000000e+03
3.284000000000000000e+03
1.745000000000000000e+03
3.545000000000000000e+03
2.970000000000000000e+03
6.760000000000000000e+02
1.571000000000000000e+03
4.090000000000000000e+03
4.388000000000000000e+03
4.979000000000000000e+03
2.380000000000000000e+03
5.200000000000000000e+01
1.747000000000000000e+03
3.216000000000000000e+03
1.484000000000000000e+03
2.138000000000000000e+03
3.500000000000000000e+01
3.400000000000000000e+03
3.366000000000000000e+03
4.059000000000000000e+03
1.528000000000000000e+03
4.103000000000000000e+03
3.733000000000000000e+03
8.110000000000000000e+02
3.430000000000000000e+03
3.095000000000000000e+03
4.600000000000000000e+01
3.270000000000000000e+03
1.787000000000000000e+03
1.250000000000000000e+02
3.093000000000000000e+03
7.170000000000000000e+02
1.349000000000000000e+03
4.218000000000000000e+03
4.222000000000000000e+03
1.980000000000000000e+02
4.430000000000000000e+02
7.470000000000000000e+02
1.882000000000000000e+03
2.606000000000000000e+03
3.282000000000000000e+03
1.317000000000000000e+03
3.573000000000000000e+03
5.570000000000000000e+02
4.779000000000000000e+03
3.349000000000000000e+03
3.880000000000000000e+02
3.363000000000000000e+03
4.898000000000000000e+03
2.207000000000000000e+03
4.552000000000000000e+03
4.629000000000000000e+03
4.818000000000000000e+03
1.755000000000000000e+03
3.754000000000000000e+03
6.380000000000000000e+02
3.004000000000000000e+03
4.353000000000000000e+03
4.910000000000000000e+02
2.259000000000000000e+03
1.372000000000000000e+03
4.633000000000000000e+03
4.160000000000000000e+02
2.783000000000000000e+03
2.174000000000000000e+03
4.500000000000000000e+03
9.350000000000000000e+02
6.400000000000000000e+02
1.383000000000000000e+03
5.880000000000000000e+02
4.161000000000000000e+03
2.297000000000000000e+03
4.570000000000000000e+03
3.099000000000000000e+03
4.850000000000000000e+03
1.017000000000000000e+03
3.910000000000000000e+03
2.660000000000000000e+03
3.449000000000000000e+03
4.776000000000000000e+03
2.042000000000000000e+03
3.739000000000000000e+03
4.349000000000000000e+03
4.636000000000000000e+03
3.792000000000000000e+03
4.168000000000000000e+03
2.314000000000000000e+03
9.080000000000000000e+02
4.703000000000000000e+03
8.590000000000000000e+02
3.645000000000000000e+03
4.018000000000000000e+03
3.150000000000000000e+02
1.491000000000000000e+03
4.807000000000000000e+03
3.547000000000000000e+03
1.268000000000000000e+03
3.962000000000000000e+03
2.085000000000000000e+03
2.216000000000000000e+03
4.860000000000000000e+02
1.436000000000000000e+03
4.038000000000000000e+03
1.848000000000000000e+03
3.772000000000000000e+03
2.580000000000000000e+02
2.602000000000000000e+03
2.578000000000000000e+03
5.110000000000000000e+02
3.270000000000000000e+02
8.600000000000000000e+02
4.386000000000000000e+03
4.775000000000000000e+03
8.480000000000000000e+02
3.487000000000000000e+03
4.079000000000000000e+03
3.082000000000000000e+03
4.001000000000000000e+03
3.990000000000000000e+02
3.460000000000000000e+03
3.633000000000000000e+03
4.092000000000000000e+03
3.673000000000000000e+03
3.993000000000000000e+03
2.799000000000000000e+03
3.206000000000000000e+03
2.930000000000000000e+03
4.296000000000000000e+03
4.966000000000000000e+03
2.974000000000000000e+03
1.980000000000000000e+03
3.597000000000000000e+03
2.021000000000000000e+03
2.917000000000000000e+03
4.459000000000000000e+03
4.537000000000000000e+03
4.289000000000000000e+03
2.853000000000000000e+03
2.830000000000000000e+02
3.876000000000000000e+03
3.464000000000000000e+03
1.712000000000000000e+03
2.995000000000000000e+03
1.856000000000000000e+03
1.620000000000000000e+02
4.973000000000000000e+03
2.000000000000000000e+03
5.970000000000000000e+02
3.041000000000000000e+03
2.520000000000000000e+02
1.230000000000000000e+02
2.559000000000000000e+03
2.697000000000000000e+03
4.536000000000000000e+03
4.153000000000000000e+03
3.546000000000000000e+03
3.880000000000000000e+03
4.829000000000000000e+03
3.268000000000000000e+03
3.461000000000000000e+03
3.679000000000000000e+03
8.700000000000000000e+01
4.720000000000000000e+02
3.893000000000000000e+03
3.011000000000000000e+03
1.087000000000000000e+03
1.052000000000000000e+03
6.190000000000000000e+02
2.065000000000000000e+03
2.554000000000000000e+03
4.525000000000000000e+03
4.939000000000000000e+03
4.199000000000000000e+03
2.116000000000000000e+03
2.298000000000000000e+03
3.171000000000000000e+03
2.295000000000000000e+03
1.592000000000000000e+03
3.297000000000000000e+03
3.434000000000000000e+03
5.000000000000000000e+02
1.010000000000000000e+03
3.491000000000000000e+03
3.030000000000000000e+03
4.490000000000000000e+02
6.600000000000000000e+01
3.373000000000000000e+03
3.436000000000000000e+03
7.590000000000000000e+02
1.934000000000000000e+03
1.695000000000000000e+03
2.681000000000000000e+03
9.050000000000000000e+02
2.980000000000000000e+03
2.570000000000000000e+03
2.677000000000000000e+03
7.560000000000000000e+02
2.070000000000000000e+02
6.160000000000000000e+02
4.674000000000000000e+03
2.480000000000000000e+02
2.152000000000000000e+03
2.490000000000000000e+02
1.644000000000000000e+03
1.584000000000000000e+03
4.441000000000000000e+03
1.642000000000000000e+03
4.878000000000000000e+03
3.163000000000000000e+03
1.865000000000000000e+03
2.868000000000000000e+03
3.104000000000000000e+03
2.876000000000000000e+03
1.495000000000000000e+03
1.236000000000000000e+03
1.150000000000000000e+02
1.488000000000000000e+03
1.094000000000000000e+03
1.872000000000000000e+03
7.600000000000000000e+01
1.458000000000000000e+03
2.439000000000000000e+03
1.806000000000000000e+03
8.100000000000000000e+01
3.385000000000000000e+03
3.218000000000000000e+03
8.000000000000000000e+02
5.780000000000000000e+02
1.568000000000000000e+03
2.276000000000000000e+03
1.025000000000000000e+03
1.386000000000000000e+03
2.455000000000000000e+03
3.149000000000000000e+03
2.858000000000000000e+03
7.990000000000000000e+02
3.842000000000000000e+03
2.649000000000000000e+03
4.415000000000000000e+03
8.670000000000000000e+02
3.116000000000000000e+03
5.690000000000000000e+02
1.777000000000000000e+03
3.788000000000000000e+03
1.870000000000000000e+02
2.223000000000000000e+03
1.788000000000000000e+03
3.323000000000000000e+03
1.834000000000000000e+03
2.356000000000000000e+03
1.605000000000000000e+03
3.169000000000000000e+03
2.026000000000000000e+03
2.558000000000000000e+03
3.382000000000000000e+03
2.423000000000000000e+03
2.184000000000000000e+03
1.710000000000000000e+02
3.971000000000000000e+03
4.735000000000000000e+03
2.699000000000000000e+03
2.442000000000000000e+03
3.398000000000000000e+03
4.499000000000000000e+03
1.063000000000000000e+03
3.266000000000000000e+03
4.927000000000000000e+03
3.816000000000000000e+03
3.223000000000000000e+03
2.620000000000000000e+03
3.614000000000000000e+03
2.134000000000000000e+03
4.760000000000000000e+03
1.879000000000000000e+03
7.730000000000000000e+02
4.354000000000000000e+03
1.410000000000000000e+03
3.350000000000000000e+02
6.390000000000000000e+02
1.689000000000000000e+03
4.961000000000000000e+03
2.862000000000000000e+03
2.727000000000000000e+03
4.328000000000000000e+03
4.800000000000000000e+03
3.721000000000000000e+03
4.371000000000000000e+03
1.070000000000000000e+03
3.541000000000000000e+03
3.556000000000000000e+03
2.172000000000000000e+03
5.450000000000000000e+02
4.200000000000000000e+01
7.800000000000000000e+02
4.460000000000000000e+02
2.478000000000000000e+03
8.980000000000000000e+02
1.958000000000000000e+03
4.201000000000000000e+03
1.810000000000000000e+02
4.986000000000000000e+03
4.519000000000000000e+03
4.097000000000000000e+03
9.280000000000000000e+02
8.650000000000000000e+02
4.622000000000000000e+03
1.301000000000000000e+03
2.283000000000000000e+03
6.480000000000000000e+02
1.028000000000000000e+03
2.222000000000000000e+03
3.961000000000000000e+03
4.900000000000000000e+01
3.909000000000000000e+03
2.721000000000000000e+03
4.083000000000000000e+03
3.062000000000000000e+03
3.852000000000000000e+03
4.203000000000000000e+03
2.493000000000000000e+03
3.920000000000000000e+03
2.006000000000000000e+03
3.038000000000000000e+03
2.863000000000000000e+03
7.090000000000000000e+02
1.907000000000000000e+03
1.128000000000000000e+03
3.646000000000000000e+03
3.148000000000000000e+03
3.837000000000000000e+03
3.908000000000000000e+03
2.324000000000000000e+03
1.800000000000000000e+01
2.355000000000000000e+03
2.741000000000000000e+03
1.139000000000000000e+03
1.100000000000000000e+01
5.820000000000000000e+02
2.330000000000000000e+03
2.156000000000000000e+03
3.660000000000000000e+02
4.567000000000000000e+03
1.424000000000000000e+03
1.524000000000000000e+03
3.691000000000000000e+03
9.600000000000000000e+01
2.341000000000000000e+03
2.023000000000000000e+03
9.190000000000000000e+02
2.224000000000000000e+03
6.850000000000000000e+02
4.693000000000000000e+03
4.734000000000000000e+03
2.728000000000000000e+03
3.260000000000000000e+02
1.694000000000000000e+03
4.756000000000000000e+03
3.825000000000000000e+03
4.586000000000000000e+03
2.812000000000000000e+03
2.723000000000000000e+03
4.680000000000000000e+03
1.282000000000000000e+03
6.280000000000000000e+02
3.515000000000000000e+03
1.055000000000000000e+03
7.100000000000000000e+01
4.080000000000000000e+02
1.727000000000000000e+03
2.274000000000000000e+03
9.400000000000000000e+01
1.499000000000000000e+03
1.225000000000000000e+03
3.640000000000000000e+02
3.209000000000000000e+03
2.835000000000000000e+03
4.590000000000000000e+02
1.450000000000000000e+03
3.453000000000000000e+03
4.764000000000000000e+03
2.942000000000000000e+03
3.432000000000000000e+03
3.932000000000000000e+03
8.960000000000000000e+02
2.603000000000000000e+03
4.614000000000000000e+03
4.909000000000000000e+03
2.299000000000000000e+03
2.719000000000000000e+03
4.110000000000000000e+02
3.401000000000000000e+03
1.590000000000000000e+03
2.120000000000000000e+03
1.411000000000000000e+03
1.871000000000000000e+03
2.646000000000000000e+03
3.664000000000000000e+03
4.595000000000000000e+03
3.974000000000000000e+03
2.934000000000000000e+03
2.436000000000000000e+03
4.868000000000000000e+03
1.103000000000000000e+03
2.640000000000000000e+02
2.814000000000000000e+03
1.938000000000000000e+03
1.510000000000000000e+03
8.280000000000000000e+02
2.638000000000000000e+03
3.948000000000000000e+03
3.314000000000000000e+03
4.612000000000000000e+03
2.004000000000000000e+03
4.934000000000000000e+03
2.470000000000000000e+02
4.758000000000000000e+03
1.151000000000000000e+03
3.521000000000000000e+03
6.680000000000000000e+02
3.174000000000000000e+03
4.280000000000000000e+03
2.994000000000000000e+03
4.418000000000000000e+03
3.033000000000000000e+03
8.470000000000000000e+02
2.568000000000000000e+03
2.111000000000000000e+03
4.559000000000000000e+03
1.805000000000000000e+03
1.274000000000000000e+03
2.280000000000000000e+02
4.949000000000000000e+03
1.127000000000000000e+03
5.370000000000000000e+02
4.504000000000000000e+03
3.012000000000000000e+03
1.390000000000000000e+03
1.209000000000000000e+03
2.055000000000000000e+03
4.618000000000000000e+03
3.905000000000000000e+03
1.911000000000000000e+03
4.673000000000000000e+03
2.148000000000000000e+03
5.500000000000000000e+01
4.094000000000000000e+03
3.335000000000000000e+03
2.758000000000000000e+03
2.763000000000000000e+03
2.016000000000000000e+03
4.345000000000000000e+03
2.214000000000000000e+03
2.014000000000000000e+03
4.134000000000000000e+03
3.298000000000000000e+03
1.720000000000000000e+03
4.333000000000000000e+03
5.620000000000000000e+02
5.800000000000000000e+01
4.209000000000000000e+03
3.641000000000000000e+03
7.230000000000000000e+02
1.586000000000000000e+03
3.246000000000000000e+03
1.020000000000000000e+02
3.746000000000000000e+03
4.330000000000000000e+02
2.105000000000000000e+03
4.381000000000000000e+03
5.200000000000000000e+02
2.955000000000000000e+03
2.637000000000000000e+03
1.359000000000000000e+03
6.110000000000000000e+02
3.918000000000000000e+03
1.448000000000000000e+03
4.460000000000000000e+03
3.304000000000000000e+03
4.034000000000000000e+03
2.128000000000000000e+03
3.120000000000000000e+03
8.630000000000000000e+02
3.759000000000000000e+03
4.307000000000000000e+03
2.029000000000000000e+03
4.827000000000000000e+03
1.646000000000000000e+03
4.420000000000000000e+03
2.851000000000000000e+03
9.930000000000000000e+02
2.607000000000000000e+03
2.729000000000000000e+03
2.610000000000000000e+02
1.868000000000000000e+03
3.512000000000000000e+03
3.875000000000000000e+03
2.211000000000000000e+03
8.880000000000000000e+02
4.998000000000000000e+03
4.256000000000000000e+03
1.767000000000000000e+03
1.736000000000000000e+03
1.099000000000000000e+03
1.393000000000000000e+03
1.086000000000000000e+03
3.109000000000000000e+03
4.568000000000000000e+03
4.593000000000000000e+03
7.000000000000000000e+02
6.530000000000000000e+02
4.573000000000000000e+03
2.821000000000000000e+03
4.107000000000000000e+03
4.239000000000000000e+03
3.885000000000000000e+03
2.382000000000000000e+03
1.700000000000000000e+01
4.314000000000000000e+03
1.479000000000000000e+03
2.271000000000000000e+03
4.658000000000000000e+03
4.724000000000000000e+03
1.600000000000000000e+01
1.339000000000000000e+03
1.971000000000000000e+03
4.426000000000000000e+03
3.155000000000000000e+03
9.360000000000000000e+02
5.000000000000000000e+01
3.182000000000000000e+03
2.574000000000000000e+03
4.480000000000000000e+03
6.620000000000000000e+02
4.813000000000000000e+03
2.726000000000000000e+03
9.560000000000000000e+02
2.936000000000000000e+03
2.641000000000000000e+03
2.892000000000000000e+03
4.985000000000000000e+03
2.657000000000000000e+03
1.174000000000000000e+03
4.461000000000000000e+03
4.544000000000000000e+03
4.719000000000000000e+03
3.698000000000000000e+03
2.990000000000000000e+02
3.953000000000000000e+03
1.289000000000000000e+03
2.248000000000000000e+03
2.175000000000000000e+03
2.547000000000000000e+03
4.699000000000000000e+03
1.627000000000000000e+03
4.943000000000000000e+03
4.274000000000000000e+03
3.674000000000000000e+03
4.609000000000000000e+03
3.222000000000000000e+03
1.773000000000000000e+03
3.350000000000000000e+03
4.260000000000000000e+03
2.058000000000000000e+03
3.537000000000000000e+03
1.987000000000000000e+03
1.598000000000000000e+03
2.100000000000000000e+01
4.767000000000000000e+03
4.355000000000000000e+03
1.536000000000000000e+03
2.902000000000000000e+03
2.924000000000000000e+03
2.112000000000000000e+03
4.732000000000000000e+03
1.862000000000000000e+03
4.174000000000000000e+03
3.400000000000000000e+01
2.094000000000000000e+03
4.640000000000000000e+02
4.743000000000000000e+03
2.900000000000000000e+02
2.958000000000000000e+03
6.020000000000000000e+02
4.605000000000000000e+03
3.878000000000000000e+03
3.267000000000000000e+03
1.556000000000000000e+03
8.890000000000000000e+02
2.717000000000000000e+03
2.879000000000000000e+03
4.993000000000000000e+03
1.961000000000000000e+03
4.540000000000000000e+02
4.122000000000000000e+03
2.294000000000000000e+03
2.793000000000000000e+03
4.067000000000000000e+03
1.863000000000000000e+03
1.561000000000000000e+03
6.980000000000000000e+02
4.055000000000000000e+03
5.610000000000000000e+02
1.381000000000000000e+03
1.560000000000000000e+03
3.308000000000000000e+03
4.139000000000000000e+03
3.478000000000000000e+03
1.890000000000000000e+03
3.747000000000000000e+03
4.882000000000000000e+03
3.840000000000000000e+02
1.960000000000000000e+03
1.459000000000000000e+03
2.244000000000000000e+03
1.798000000000000000e+03
2.225000000000000000e+03
3.150000000000000000e+03
2.968000000000000000e+03
3.375000000000000000e+03
3.944000000000000000e+03
3.651000000000000000e+03
1.714000000000000000e+03
4.352000000000000000e+03
2.279000000000000000e+03
6.100000000000000000e+01
3.035000000000000000e+03
4.119000000000000000e+03
3.020000000000000000e+03
1.786000000000000000e+03
2.435000000000000000e+03
1.726000000000000000e+03
3.248000000000000000e+03
4.497000000000000000e+03
2.920000000000000000e+02
2.230000000000000000e+03
1.200000000000000000e+03
2.943000000000000000e+03
3.251000000000000000e+03
3.021000000000000000e+03
3.810000000000000000e+03
3.931000000000000000e+03
2.155000000000000000e+03
4.513000000000000000e+03
1.380000000000000000e+03
2.181000000000000000e+03
1.886000000000000000e+03
2.792000000000000000e+03
3.778000000000000000e+03
4.843000000000000000e+03
3.440000000000000000e+03
2.040000000000000000e+02
8.840000000000000000e+02
4.602000000000000000e+03
2.658000000000000000e+03
3.580000000000000000e+03
1.036000000000000000e+03
1.573000000000000000e+03
4.601000000000000000e+03
5.920000000000000000e+02
1.661000000000000000e+03
4.526000000000000000e+03
1.316000000000000000e+03
1.884000000000000000e+03
2.773000000000000000e+03
4.006000000000000000e+03
4.984000000000000000e+03
4.858000000000000000e+03
4.040000000000000000e+03
6.860000000000000000e+02
8.150000000000000000e+02
4.950000000000000000e+02
1.242000000000000000e+03
2.671000000000000000e+03
3.516000000000000000e+03
2.402000000000000000e+03
7.240000000000000000e+02
4.104000000000000000e+03
1.122000000000000000e+03
3.648000000000000000e+03
2.343000000000000000e+03
4.889000000000000000e+03
1.772000000000000000e+03
3.001000000000000000e+03
2.370000000000000000e+02
4.507000000000000000e+03
1.420000000000000000e+03
4.982000000000000000e+03
1.600000000000000000e+03
1.024000000000000000e+03
4.176000000000000000e+03
3.676000000000000000e+03
4.780000000000000000e+03
3.303000000000000000e+03
4.000000000000000000e+02
4.564000000000000000e+03
1.241000000000000000e+03
1.512000000000000000e+03
1.686000000000000000e+03
3.320000000000000000e+03
2.019000000000000000e+03
3.950000000000000000e+02
4.700000000000000000e+02
2.967000000000000000e+03
8.210000000000000000e+02
3.065000000000000000e+03
3.058000000000000000e+03
1.660000000000000000e+03
1.252000000000000000e+03
4.247000000000000000e+03
3.665000000000000000e+03
4.020000000000000000e+03
4.438000000000000000e+03
2.977000000000000000e+03
3.311000000000000000e+03
3.678000000000000000e+03
2.513000000000000000e+03
2.422000000000000000e+03
1.813000000000000000e+03
1.888000000000000000e+03
1.451000000000000000e+03
4.188000000000000000e+03
1.708000000000000000e+03
5.510000000000000000e+02
3.728000000000000000e+03
4.632000000000000000e+03
1.973000000000000000e+03
4.014000000000000000e+03
4.883000000000000000e+03
1.550000000000000000e+03
3.369000000000000000e+03
7.490000000000000000e+02
4.965000000000000000e+03
1.500000000000000000e+03
4.852000000000000000e+03
8.260000000000000000e+02
8.120000000000000000e+02
4.211000000000000000e+03
2.569000000000000000e+03
3.653000000000000000e+03
4.542000000000000000e+03
1.460000000000000000e+03
7.000000000000000000e+01
3.055000000000000000e+03
3.839000000000000000e+03
1.555000000000000000e+03
3.416000000000000000e+03
1.110000000000000000e+03
4.164000000000000000e+03
2.494000000000000000e+03
2.349000000000000000e+03
1.599000000000000000e+03
9.060000000000000000e+02
3.902000000000000000e+03
1.392000000000000000e+03
7.460000000000000000e+02
3.659000000000000000e+03
1.170000000000000000e+02
1.734000000000000000e+03
4.510000000000000000e+03
1.312000000000000000e+03
2.142000000000000000e+03
4.871000000000000000e+03
4.400000000000000000e+03
9.310000000000000000e+02
1.650000000000000000e+03
2.761000000000000000e+03
4.485000000000000000e+03
7.410000000000000000e+02
2.431000000000000000e+03
2.623000000000000000e+03
2.425000000000000000e+03
1.430000000000000000e+03
4.640000000000000000e+03
4.498000000000000000e+03
1.110000000000000000e+02
3.942000000000000000e+03
3.078000000000000000e+03
4.362000000000000000e+03
2.115000000000000000e+03
3.330000000000000000e+02
3.208000000000000000e+03
4.070000000000000000e+03
1.984000000000000000e+03
9.950000000000000000e+02
3.007000000000000000e+03
3.830000000000000000e+02
4.964000000000000000e+03
3.708000000000000000e+03
5.170000000000000000e+02
3.054000000000000000e+03
3.200000000000000000e+03
2.999000000000000000e+03
4.204000000000000000e+03
1.918000000000000000e+03
2.380000000000000000e+02
2.241000000000000000e+03
4.793000000000000000e+03
3.427000000000000000e+03
2.987000000000000000e+03
1.198000000000000000e+03
3.833000000000000000e+03
1.072000000000000000e+03
1.628000000000000000e+03
4.539000000000000000e+03
3.458000000000000000e+03
2.318000000000000000e+03
1.404000000000000000e+03
1.733000000000000000e+03
2.384000000000000000e+03
1.049000000000000000e+03
2.190000000000000000e+03
2.240000000000000000e+02
3.984000000000000000e+03
1.771000000000000000e+03
1.490000000000000000e+03
1.640000000000000000e+02
2.359000000000000000e+03
1.501000000000000000e+03
2.002000000000000000e+03
4.275000000000000000e+03
1.003000000000000000e+03
1.981000000000000000e+03
3.403000000000000000e+03
2.784000000000000000e+03
1.890000000000000000e+02
4.597000000000000000e+03
3.480000000000000000e+02
4.988000000000000000e+03
4.452000000000000000e+03
3.593000000000000000e+03
4.446000000000000000e+03
1.334000000000000000e+03
5.860000000000000000e+02
4.847000000000000000e+03
2.338000000000000000e+03
5.380000000000000000e+02
9.860000000000000000e+02
9.800000000000000000e+02
1.658000000000000000e+03
1.920000000000000000e+02
1.413000000000000000e+03
1.832000000000000000e+03
1.947000000000000000e+03
2.543000000000000000e+03
1.792000000000000000e+03
1.461000000000000000e+03
1.545000000000000000e+03
3.229000000000000000e+03
4.436000000000000000e+03
1.762000000000000000e+03
3.027000000000000000e+03
4.603000000000000000e+03
1.595000000000000000e+03
1.663000000000000000e+03
4.100000000000000000e+01
4.469000000000000000e+03
4.000000000000000000e+03
2.636000000000000000e+03
4.147000000000000000e+03
3.776000000000000000e+03
3.561000000000000000e+03
4.999000000000000000e+03
4.604000000000000000e+03
1.720000000000000000e+02
4.677000000000000000e+03
2.171000000000000000e+03
1.026000000000000000e+03
8.440000000000000000e+02
2.396000000000000000e+03
2.983000000000000000e+03
2.398000000000000000e+03
3.342000000000000000e+03
4.304000000000000000e+03
1.914000000000000000e+03
2.497000000000000000e+03
2.160000000000000000e+02
1.202000000000000000e+03
4.244000000000000000e+03
3.983000000000000000e+03
1.898000000000000000e+03
3.088000000000000000e+03
1.217000000000000000e+03
3.724000000000000000e+03
2.617000000000000000e+03
5.670000000000000000e+02
1.956000000000000000e+03
3.049000000000000000e+03
3.854000000000000000e+03
4.495000000000000000e+03
2.737000000000000000e+03
3.686000000000000000e+03
4.802000000000000000e+03
1.596000000000000000e+03
3.830000000000000000e+03
4.863000000000000000e+03
5.640000000000000000e+02
2.236000000000000000e+03
3.856000000000000000e+03
2.480000000000000000e+03
3.603000000000000000e+03
1.608000000000000000e+03
2.437000000000000000e+03
2.698000000000000000e+03
4.226000000000000000e+03
3.140000000000000000e+02
3.077000000000000000e+03
3.414000000000000000e+03
4.895000000000000000e+03
4.141000000000000000e+03
1.930000000000000000e+02
2.594000000000000000e+03
3.130000000000000000e+03
2.187000000000000000e+03
2.204000000000000000e+03
1.081000000000000000e+03
4.941000000000000000e+03
3.883000000000000000e+03
1.148000000000000000e+03
3.819000000000000000e+03
3.994000000000000000e+03
2.549000000000000000e+03
3.576000000000000000e+03
1.625000000000000000e+03
7.340000000000000000e+02
2.704000000000000000e+03
4.816000000000000000e+03
4.010000000000000000e+02
3.761000000000000000e+03
3.675000000000000000e+03
4.015000000000000000e+03
3.790000000000000000e+02
1.638000000000000000e+03
8.390000000000000000e+02
4.616000000000000000e+03
3.495000000000000000e+03
2.542000000000000000e+03
7.300000000000000000e+01
4.753000000000000000e+03
3.390000000000000000e+02
1.106000000000000000e+03
2.103000000000000000e+03
1.982000000000000000e+03
7.660000000000000000e+02
2.586000000000000000e+03
1.415000000000000000e+03
3.465000000000000000e+03
4.865000000000000000e+03
9.840000000000000000e+02
4.717000000000000000e+03
4.928000000000000000e+03
1.374000000000000000e+03
9.670000000000000000e+02
3.542000000000000000e+03
6.650000000000000000e+02
1.141000000000000000e+03
2.130000000000000000e+02
2.433000000000000000e+03
3.070000000000000000e+03
1.470000000000000000e+03
1.795000000000000000e+03
2.563000000000000000e+03
1.976000000000000000e+03
2.164000000000000000e+03
2.030000000000000000e+03
4.135000000000000000e+03
8.320000000000000000e+02
1.870000000000000000e+03
4.455000000000000000e+03
4.410000000000000000e+02
3.020000000000000000e+02
4.990000000000000000e+03
4.509000000000000000e+03
4.291000000000000000e+03
1.155000000000000000e+03
4.991000000000000000e+03
7.620000000000000000e+02
3.669000000000000000e+03
1.270000000000000000e+02
3.998000000000000000e+03
2.333000000000000000e+03
8.860000000000000000e+02
2.875000000000000000e+03
2.154000000000000000e+03
3.534000000000000000e+03
3.259000000000000000e+03
2.268000000000000000e+03
3.680000000000000000e+02
4.066000000000000000e+03
2.082000000000000000e+03
2.450000000000000000e+03
4.929000000000000000e+03
4.848000000000000000e+03
4.701000000000000000e+03
4.089000000000000000e+03
3.805000000000000000e+03
3.760000000000000000e+03
3.344000000000000000e+03
3.452000000000000000e+03
2.519000000000000000e+03
1.838000000000000000e+03
3.133000000000000000e+03
1.653000000000000000e+03
1.506000000000000000e+03
4.556000000000000000e+03
2.179000000000000000e+03
2.199000000000000000e+03
3.162000000000000000e+03
4.323000000000000000e+03
4.492000000000000000e+03
1.682000000000000000e+03
2.820000000000000000e+02
4.944000000000000000e+03
3.619000000000000000e+03
7.870000000000000000e+02
2.074000000000000000e+03
2.825000000000000000e+03
7.500000000000000000e+01
3.102000000000000000e+03
1.960000000000000000e+02
4.348000000000000000e+03
4.118000000000000000e+03
8.850000000000000000e+02
8.910000000000000000e+02
2.787000000000000000e+03
3.800000000000000000e+01
5.750000000000000000e+02
5.530000000000000000e+02
2.910000000000000000e+02
4.842000000000000000e+03
4.854000000000000000e+03
1.910000000000000000e+03
3.404000000000000000e+03
2.959000000000000000e+03
1.005000000000000000e+03
3.337000000000000000e+03
4.803000000000000000e+03
1.936000000000000000e+03
3.927000000000000000e+03
3.949000000000000000e+03
2.946000000000000000e+03
4.696000000000000000e+03
9.500000000000000000e+02
1.828000000000000000e+03
3.520000000000000000e+03
1.363000000000000000e+03
3.896000000000000000e+03
4.171000000000000000e+03
4.491000000000000000e+03
3.029000000000000000e+03
1.740000000000000000e+03
2.086000000000000000e+03
4.901000000000000000e+03
4.729000000000000000e+03
4.980000000000000000e+02
1.088000000000000000e+03
2.828000000000000000e+03
2.316000000000000000e+03
1.170000000000000000e+03
1.446000000000000000e+03
3.696000000000000000e+03
2.072000000000000000e+03
3.031000000000000000e+03
2.490000000000000000e+03
2.511000000000000000e+03
3.975000000000000000e+03
1.190000000000000000e+02
2.031000000000000000e+03
1.751000000000000000e+03
1.582000000000000000e+03
2.339000000000000000e+03
4.084000000000000000e+03
3.671000000000000000e+03
8.220000000000000000e+02
4.197000000000000000e+03
1.368000000000000000e+03
1.534000000000000000e+03
4.877000000000000000e+03
3.034000000000000000e+03
4.599000000000000000e+03
3.315000000000000000e+03
1.986000000000000000e+03
1.967000000000000000e+03
1.013000000000000000e+03
7.750000000000000000e+02
4.892000000000000000e+03
1.199000000000000000e+03
2.688000000000000000e+03
1.471000000000000000e+03
1.007000000000000000e+03
4.958000000000000000e+03
7.880000000000000000e+02
4.690000000000000000e+03
2.150000000000000000e+02
3.663000000000000000e+03
4.740000000000000000e+03
3.201000000000000000e+03
4.798000000000000000e+03
3.244000000000000000e+03
3.348000000000000000e+03
9.620000000000000000e+02
2.970000000000000000e+02
8.370000000000000000e+02
4.516000000000000000e+03
4.665000000000000000e+03
5.040000000000000000e+02
4.150000000000000000e+03
1.385000000000000000e+03
2.066000000000000000e+03
4.580000000000000000e+02
3.577000000000000000e+03
2.208000000000000000e+03
3.238000000000000000e+03
4.130000000000000000e+02
4.338000000000000000e+03
3.249000000000000000e+03
3.652000000000000000e+03
2.252000000000000000e+03
3.680000000000000000e+03
3.843000000000000000e+03
1.150000000000000000e+03
4.279000000000000000e+03
2.000000000000000000e+02
4.230000000000000000e+03
1.913000000000000000e+03
2.843000000000000000e+03
1.191000000000000000e+03
3.582000000000000000e+03
2.947000000000000000e+03
4.439000000000000000e+03
1.820000000000000000e+02
7.070000000000000000e+02
3.620000000000000000e+03
3.745000000000000000e+03
1.104000000000000000e+03
3.438000000000000000e+03
1.062000000000000000e+03
4.855000000000000000e+03
1.903000000000000000e+03
4.920000000000000000e+02
4.183000000000000000e+03
3.650000000000000000e+03
2.168000000000000000e+03
4.447000000000000000e+03
8.820000000000000000e+02
4.691000000000000000e+03
2.275000000000000000e+03
3.127000000000000000e+03
4.669000000000000000e+03
2.806000000000000000e+03
8.100000000000000000e+02
2.589000000000000000e+03
5.770000000000000000e+02
4.269000000000000000e+03
4.045000000000000000e+03
8.750000000000000000e+02
1.270000000000000000e+03
2.760000000000000000e+02
1.246000000000000000e+03
2.880000000000000000e+03
2.730000000000000000e+02
2.920000000000000000e+03
9.370000000000000000e+02
1.763000000000000000e+03
4.120000000000000000e+03
3.690000000000000000e+02
1.000000000000000000e+03
2.724000000000000000e+03
1.616000000000000000e+03
2.489000000000000000e+03
2.560000000000000000e+02
3.286000000000000000e+03
4.922000000000000000e+03
4.746000000000000000e+03
1.612000000000000000e+03
3.606000000000000000e+03
1.238000000000000000e+03
1.330000000000000000e+02
2.169000000000000000e+03
4.864000000000000000e+03
3.018000000000000000e+03
1.071000000000000000e+03
3.176000000000000000e+03
1.039000000000000000e+03
2.701000000000000000e+03
3.600000000000000000e+02
2.257000000000000000e+03
1.097000000000000000e+03
1.566000000000000000e+03
3.740000000000000000e+02
4.547000000000000000e+03
2.227000000000000000e+03
2.472000000000000000e+03
3.605000000000000000e+03
3.859000000000000000e+03
4.930000000000000000e+02
3.184000000000000000e+03
1.547000000000000000e+03
3.280000000000000000e+02
4.579000000000000000e+03
3.570000000000000000e+02
4.926000000000000000e+03
4.741000000000000000e+03
1.667000000000000000e+03
3.305000000000000000e+03
2.476000000000000000e+03
3.200000000000000000e+02
4.190000000000000000e+02
2.925000000000000000e+03
4.434000000000000000e+03
2.337000000000000000e+03
2.346000000000000000e+03
3.443000000000000000e+03
4.987000000000000000e+03
1.757000000000000000e+03
3.318000000000000000e+03
1.803000000000000000e+03
2.361000000000000000e+03
3.814000000000000000e+03
3.324000000000000000e+03
7.140000000000000000e+02
3.219000000000000000e+03
3.710000000000000000e+03
4.142000000000000000e+03
1.983000000000000000e+03
4.422000000000000000e+03
3.890000000000000000e+03
2.808000000000000000e+03
4.582000000000000000e+03
2.662000000000000000e+03
2.555000000000000000e+03
4.063000000000000000e+03
1.994000000000000000e+03
1.544000000000000000e+03
2.305000000000000000e+03
2.200000000000000000e+03
2.757000000000000000e+03
3.124000000000000000e+03
4.339000000000000000e+03
1.450000000000000000e+02
4.860000000000000000e+03
2.193000000000000000e+03
3.832000000000000000e+03
1.992000000000000000e+03
6.300000000000000000e+02
3.177000000000000000e+03
1.031000000000000000e+03
1.790000000000000000e+03
3.131000000000000000e+03
1.389000000000000000e+03
7.310000000000000000e+02
4.408000000000000000e+03
3.850000000000000000e+03
1.796000000000000000e+03
4.000000000000000000e+00
1.656000000000000000e+03
1.023000000000000000e+03
5.630000000000000000e+02
2.954000000000000000e+03
1.841000000000000000e+03
8.380000000000000000e+02
3.089000000000000000e+03
2.823000000000000000e+03
1.639000000000000000e+03
3.926000000000000000e+03
1.293000000000000000e+03
9.550000000000000000e+02
9.130000000000000000e+02
1.575000000000000000e+03
3.207000000000000000e+03
2.097000000000000000e+03
3.227000000000000000e+03
5.600000000000000000e+02
4.047000000000000000e+03
4.837000000000000000e+03
1.944000000000000000e+03
2.803000000000000000e+03
4.111000000000000000e+03
1.718000000000000000e+03
2.768000000000000000e+03
1.272000000000000000e+03
3.823000000000000000e+03
1.709000000000000000e+03
3.407000000000000000e+03
9.140000000000000000e+02
1.800000000000000000e+02
1.989000000000000000e+03
4.630000000000000000e+03
1.977000000000000000e+03
4.923000000000000000e+03
4.755000000000000000e+03
5.180000000000000000e+02
2.461000000000000000e+03
9.800000000000000000e+01
3.357000000000000000e+03
4.750000000000000000e+02
2.756000000000000000e+03
1.623000000000000000e+03
1.670000000000000000e+03
3.492000000000000000e+03
3.448000000000000000e+03
9.820000000000000000e+02
4.938000000000000000e+03
1.957000000000000000e+03
1.601000000000000000e+03
9.000000000000000000e+00
4.402000000000000000e+03
1.645000000000000000e+03
4.098000000000000000e+03
1.732000000000000000e+03
9.300000000000000000e+01
4.960000000000000000e+02
2.837000000000000000e+03
3.352000000000000000e+03
4.503000000000000000e+03
1.144000000000000000e+03
4.032000000000000000e+03
3.741000000000000000e+03
1.158000000000000000e+03
8.350000000000000000e+02
1.953000000000000000e+03
3.120000000000000000e+02
3.059000000000000000e+03
1.970000000000000000e+02
4.655000000000000000e+03
2.878000000000000000e+03
1.439000000000000000e+03
9.200000000000000000e+02
2.190000000000000000e+02
9.240000000000000000e+02
9.710000000000000000e+02
1.700000000000000000e+03
1.166000000000000000e+03
3.812000000000000000e+03
3.283000000000000000e+03
1.859000000000000000e+03
3.052000000000000000e+03
3.381000000000000000e+03
9.120000000000000000e+02
4.078000000000000000e+03
1.853000000000000000e+03
4.766000000000000000e+03
9.500000000000000000e+01
1.782000000000000000e+03
2.922000000000000000e+03
2.506000000000000000e+03
3.370000000000000000e+03
9.460000000000000000e+02
1.310000000000000000e+02
3.144000000000000000e+03
2.557000000000000000e+03
2.296000000000000000e+03
3.383000000000000000e+03
4.828000000000000000e+03
3.462000000000000000e+03
4.825000000000000000e+03
1.129000000000000000e+03
1.474000000000000000e+03
2.253000000000000000e+03
4.029000000000000000e+03
4.821000000000000000e+03
1.033000000000000000e+03
3.608000000000000000e+03
4.945000000000000000e+03
4.137000000000000000e+03
2.710000000000000000e+02
1.435000000000000000e+03
3.154000000000000000e+03
2.579000000000000000e+03
3.613000000000000000e+03
4.462000000000000000e+03
2.818000000000000000e+03
2.123000000000000000e+03
4.933000000000000000e+03
2.718000000000000000e+03
4.290000000000000000e+02
2.393000000000000000e+03
3.415000000000000000e+03
4.406000000000000000e+03
3.252000000000000000e+03
2.110000000000000000e+03
3.025000000000000000e+03
1.298000000000000000e+03
2.822000000000000000e+03
1.589000000000000000e+03
1.350000000000000000e+02
2.797000000000000000e+03
