7.980000000000000000e+02
3.504000000000000000e+03
1.413000000000000000e+03
8.940000000000000000e+02
4.845000000000000000e+03
1.240000000000000000e+03
2.540000000000000000e+02
4.600000000000000000e+01
4.519000000000000000e+03
4.479000000000000000e+03
2.479000000000000000e+03
1.816000000000000000e+03
2.150000000000000000e+02
1.306000000000000000e+03
4.104000000000000000e+03
4.643000000000000000e+03
1.178000000000000000e+03
4.510000000000000000e+02
4.108000000000000000e+03
3.398000000000000000e+03
2.913000000000000000e+03
1.910000000000000000e+02
4.075000000000000000e+03
1.593000000000000000e+03
3.098000000000000000e+03
3.730000000000000000e+02
4.746000000000000000e+03
3.530000000000000000e+02
2.792000000000000000e+03
2.835000000000000000e+03
3.961000000000000000e+03
2.848000000000000000e+03
4.257000000000000000e+03
3.480000000000000000e+03
2.470000000000000000e+03
2.002000000000000000e+03
3.774000000000000000e+03
3.634000000000000000e+03
7.660000000000000000e+02
2.137000000000000000e+03
2.551000000000000000e+03
2.549000000000000000e+03
1.730000000000000000e+03
2.180000000000000000e+03
3.286000000000000000e+03
3.831000000000000000e+03
2.513000000000000000e+03
3.201000000000000000e+03
3.655000000000000000e+03
2.498000000000000000e+03
4.555000000000000000e+03
9.830000000000000000e+02
1.031000000000000000e+03
2.978000000000000000e+03
8.060000000000000000e+02
1.316000000000000000e+03
6.340000000000000000e+02
3.547000000000000000e+03
3.860000000000000000e+03
4.820000000000000000e+03
1.560000000000000000e+03
2.490000000000000000e+02
1.650000000000000000e+03
4.823000000000000000e+03
2.851000000000000000e+03
2.060000000000000000e+02
3.905000000000000000e+03
2.885000000000000000e+03
4.884000000000000000e+03
3.498000000000000000e+03
2.176000000000000000e+03
2.203000000000000000e+03
4.896000000000000000e+03
1.664000000000000000e+03
2.011000000000000000e+03
4.785000000000000000e+03
8.070000000000000000e+02
4.456000000000000000e+03
4.463000000000000000e+03
4.464000000000000000e+03
2.616000000000000000e+03
7.150000000000000000e+02
3.213000000000000000e+03
2.627000000000000000e+03
3.288000000000000000e+03
6.570000000000000000e+02
3.320000000000000000e+03
2.451000000000000000e+03
2.443000000000000000e+03
4.229000000000000000e+03
4.200000000000000000e+03
2.719000000000000000e+03
1.199000000000000000e+03
2.725000000000000000e+03
4.920000000000000000e+02
2.378000000000000000e+03
3.125000000000000000e+03
1.319000000000000000e+03
3.112000000000000000e+03
2.772000000000000000e+03
3.099000000000000000e+03
2.311000000000000000e+03
2.307000000000000000e+03
1.479000000000000000e+03
3.984000000000000000e+03
4.793000000000000000e+03
2.108000000000000000e+03
1.349000000000000000e+03
3.729000000000000000e+03
1.890000000000000000e+03
3.617000000000000000e+03
1.842000000000000000e+03
1.994000000000000000e+03
3.670000000000000000e+03
2.916000000000000000e+03
5.900000000000000000e+01
4.648000000000000000e+03
3.194000000000000000e+03
2.317000000000000000e+03
1.734000000000000000e+03
1.000000000000000000e+01
2.029000000000000000e+03
4.170000000000000000e+02
4.397000000000000000e+03
9.690000000000000000e+02
1.752000000000000000e+03
9.930000000000000000e+02
4.270000000000000000e+02
1.895000000000000000e+03
1.919000000000000000e+03
2.096000000000000000e+03
1.329000000000000000e+03
9.460000000000000000e+02
3.487000000000000000e+03
1.530000000000000000e+02
3.940000000000000000e+02
4.427000000000000000e+03
4.230000000000000000e+02
4.778000000000000000e+03
3.768000000000000000e+03
3.130000000000000000e+03
2.206000000000000000e+03
1.639000000000000000e+03
1.972000000000000000e+03
3.331000000000000000e+03
3.516000000000000000e+03
2.265000000000000000e+03
6.900000000000000000e+02
1.863000000000000000e+03
3.255000000000000000e+03
2.087000000000000000e+03
2.601000000000000000e+03
3.157000000000000000e+03
2.153000000000000000e+03
3.696000000000000000e+03
2.291000000000000000e+03
4.110000000000000000e+03
4.501000000000000000e+03
2.243000000000000000e+03
3.916000000000000000e+03
4.795000000000000000e+03
4.789000000000000000e+03
3.068000000000000000e+03
4.322000000000000000e+03
3.598000000000000000e+03
8.330000000000000000e+02
2.925000000000000000e+03
3.450000000000000000e+02
8.190000000000000000e+02
3.146000000000000000e+03
4.567000000000000000e+03
1.577000000000000000e+03
4.240000000000000000e+02
1.516000000000000000e+03
3.069000000000000000e+03
5.040000000000000000e+02
8.290000000000000000e+02
3.290000000000000000e+03
1.090000000000000000e+02
4.755000000000000000e+03
1.990000000000000000e+02
6.130000000000000000e+02
2.347000000000000000e+03
5.800000000000000000e+01
4.040000000000000000e+02
4.285000000000000000e+03
2.369000000000000000e+03
1.228000000000000000e+03
3.500000000000000000e+03
4.806000000000000000e+03
2.468000000000000000e+03
1.066000000000000000e+03
1.076000000000000000e+03
3.211000000000000000e+03
1.165000000000000000e+03
3.838000000000000000e+03
1.183000000000000000e+03
4.872000000000000000e+03
1.272000000000000000e+03
7.090000000000000000e+02
4.362000000000000000e+03
3.420000000000000000e+03
4.608000000000000000e+03
3.188000000000000000e+03
5.630000000000000000e+02
2.193000000000000000e+03
1.290000000000000000e+03
5.920000000000000000e+02
3.297000000000000000e+03
3.755000000000000000e+03
4.214000000000000000e+03
1.350000000000000000e+02
4.742000000000000000e+03
2.927000000000000000e+03
3.190000000000000000e+02
4.180000000000000000e+03
2.066000000000000000e+03
1.343000000000000000e+03
9.100000000000000000e+02
3.816000000000000000e+03
2.850000000000000000e+02
4.021000000000000000e+03
3.233000000000000000e+03
3.191000000000000000e+03
4.610000000000000000e+02
1.023000000000000000e+03
4.236000000000000000e+03
1.200000000000000000e+01
1.215000000000000000e+03
1.900000000000000000e+03
2.996000000000000000e+03
3.180000000000000000e+02
4.054000000000000000e+03
9.180000000000000000e+02
3.316000000000000000e+03
4.655000000000000000e+03
3.845000000000000000e+03
4.000000000000000000e+03
5.320000000000000000e+02
1.236000000000000000e+03
3.204000000000000000e+03
4.665000000000000000e+03
3.342000000000000000e+03
1.570000000000000000e+03
1.632000000000000000e+03
8.600000000000000000e+01
2.010000000000000000e+03
1.832000000000000000e+03
1.039000000000000000e+03
1.280000000000000000e+03
1.127000000000000000e+03
4.895000000000000000e+03
2.339000000000000000e+03
2.844000000000000000e+03
2.929000000000000000e+03
1.142000000000000000e+03
7.420000000000000000e+02
4.710000000000000000e+02
4.797000000000000000e+03
1.419000000000000000e+03
1.092000000000000000e+03
4.406000000000000000e+03
3.067000000000000000e+03
1.971000000000000000e+03
3.901000000000000000e+03
3.775000000000000000e+03
2.660000000000000000e+03
3.090000000000000000e+03
7.440000000000000000e+02
1.665000000000000000e+03
1.975000000000000000e+03
2.270000000000000000e+02
2.089000000000000000e+03
8.200000000000000000e+01
3.637000000000000000e+03
4.136000000000000000e+03
4.423000000000000000e+03
7.990000000000000000e+02
3.736000000000000000e+03
2.602000000000000000e+03
1.510000000000000000e+02
6.220000000000000000e+02
3.311000000000000000e+03
9.220000000000000000e+02
3.500000000000000000e+01
3.401000000000000000e+03
2.232000000000000000e+03
4.866000000000000000e+03
1.045000000000000000e+03
5.250000000000000000e+02
4.883000000000000000e+03
7.500000000000000000e+01
2.133000000000000000e+03
4.900000000000000000e+03
8.730000000000000000e+02
1.274000000000000000e+03
9.000000000000000000e+02
3.976000000000000000e+03
3.396000000000000000e+03
1.720000000000000000e+03
4.210000000000000000e+03
4.191000000000000000e+03
2.038000000000000000e+03
4.390000000000000000e+03
1.256000000000000000e+03
2.063000000000000000e+03
4.034000000000000000e+03
4.275000000000000000e+03
1.411000000000000000e+03
9.650000000000000000e+02
2.511000000000000000e+03
3.945000000000000000e+03
1.014000000000000000e+03
7.850000000000000000e+02
2.467000000000000000e+03
4.831000000000000000e+03
2.671000000000000000e+03
2.554000000000000000e+03
9.640000000000000000e+02
1.603000000000000000e+03
1.296000000000000000e+03
3.796000000000000000e+03
1.418000000000000000e+03
4.276000000000000000e+03
3.289000000000000000e+03
3.658000000000000000e+03
2.364000000000000000e+03
3.777000000000000000e+03
3.709000000000000000e+03
4.440000000000000000e+02
2.366000000000000000e+03
1.622000000000000000e+03
2.798000000000000000e+03
4.657000000000000000e+03
3.879000000000000000e+03
4.890000000000000000e+02
3.141000000000000000e+03
1.110000000000000000e+03
1.699000000000000000e+03
2.123000000000000000e+03
3.310000000000000000e+03
6.330000000000000000e+02
1.756000000000000000e+03
4.050000000000000000e+03
2.889000000000000000e+03
2.120000000000000000e+03
4.610000000000000000e+03
1.438000000000000000e+03
1.075000000000000000e+03
1.686000000000000000e+03
1.148000000000000000e+03
3.596000000000000000e+03
1.973000000000000000e+03
2.306000000000000000e+03
9.090000000000000000e+02
3.994000000000000000e+03
1.368000000000000000e+03
4.170000000000000000e+03
9.430000000000000000e+02
4.713000000000000000e+03
4.428000000000000000e+03
1.055000000000000000e+03
2.590000000000000000e+03
1.282000000000000000e+03
2.618000000000000000e+03
2.726000000000000000e+03
9.230000000000000000e+02
2.254000000000000000e+03
4.972000000000000000e+03
3.419000000000000000e+03
1.915000000000000000e+03
4.344000000000000000e+03
7.110000000000000000e+02
1.221000000000000000e+03
3.221000000000000000e+03
1.249000000000000000e+03
1.683000000000000000e+03
7.300000000000000000e+01
2.658000000000000000e+03
2.810000000000000000e+02
7.590000000000000000e+02
3.956000000000000000e+03
3.136000000000000000e+03
1.675000000000000000e+03
4.082000000000000000e+03
4.826000000000000000e+03
4.557000000000000000e+03
3.107000000000000000e+03
4.714000000000000000e+03
1.813000000000000000e+03
3.573000000000000000e+03
6.970000000000000000e+02
1.942000000000000000e+03
5.090000000000000000e+02
3.640000000000000000e+03
3.641000000000000000e+03
6.440000000000000000e+02
9.200000000000000000e+01
2.026000000000000000e+03
1.123000000000000000e+03
2.050000000000000000e+03
3.814000000000000000e+03
1.166000000000000000e+03
5.480000000000000000e+02
2.972000000000000000e+03
2.567000000000000000e+03
3.132000000000000000e+03
2.376000000000000000e+03
1.517000000000000000e+03
2.518000000000000000e+03
1.826000000000000000e+03
4.182000000000000000e+03
1.695000000000000000e+03
3.510000000000000000e+02
1.619000000000000000e+03
1.900000000000000000e+01
4.090000000000000000e+02
1.436000000000000000e+03
1.398000000000000000e+03
4.558000000000000000e+03
1.790000000000000000e+02
1.059000000000000000e+03
4.801000000000000000e+03
7.240000000000000000e+02
4.243000000000000000e+03
1.515000000000000000e+03
3.032000000000000000e+03
8.480000000000000000e+02
1.327000000000000000e+03
2.258000000000000000e+03
2.078000000000000000e+03
9.360000000000000000e+02
2.194000000000000000e+03
4.127000000000000000e+03
3.778000000000000000e+03
1.787000000000000000e+03
7.890000000000000000e+02
1.476000000000000000e+03
3.028000000000000000e+03
3.590000000000000000e+02
3.891000000000000000e+03
2.000000000000000000e+02
2.949000000000000000e+03
1.170000000000000000e+03
8.130000000000000000e+02
2.809000000000000000e+03
1.800000000000000000e+02
4.166000000000000000e+03
5.880000000000000000e+02
6.850000000000000000e+02
4.470000000000000000e+03
9.050000000000000000e+02
4.477000000000000000e+03
1.552000000000000000e+03
4.265000000000000000e+03
4.980000000000000000e+02
1.078000000000000000e+03
8.660000000000000000e+02
3.322000000000000000e+03
1.933000000000000000e+03
3.476000000000000000e+03
3.877000000000000000e+03
2.095000000000000000e+03
2.665000000000000000e+03
2.205000000000000000e+03
3.120000000000000000e+02
3.656000000000000000e+03
2.416000000000000000e+03
3.904000000000000000e+03
2.052000000000000000e+03
1.300000000000000000e+03
2.984000000000000000e+03
3.760000000000000000e+03
3.679000000000000000e+03
1.304000000000000000e+03
2.230000000000000000e+02
6.820000000000000000e+02
7.120000000000000000e+02
2.303000000000000000e+03
2.388000000000000000e+03
1.616000000000000000e+03
4.482000000000000000e+03
4.142000000000000000e+03
3.260000000000000000e+02
8.310000000000000000e+02
2.500000000000000000e+01
4.469000000000000000e+03
2.537000000000000000e+03
7.710000000000000000e+02
7.070000000000000000e+02
4.618000000000000000e+03
2.020000000000000000e+02
2.535000000000000000e+03
3.606000000000000000e+03
1.422000000000000000e+03
4.577000000000000000e+03
4.586000000000000000e+03
3.790000000000000000e+02
1.158000000000000000e+03
1.442000000000000000e+03
4.210000000000000000e+02
3.431000000000000000e+03
1.638000000000000000e+03
3.747000000000000000e+03
5.010000000000000000e+02
3.267000000000000000e+03
1.380000000000000000e+02
3.620000000000000000e+02
1.796000000000000000e+03
2.314000000000000000e+03
4.432000000000000000e+03
9.800000000000000000e+01
1.089000000000000000e+03
3.395000000000000000e+03
5.310000000000000000e+02
4.846000000000000000e+03
2.267000000000000000e+03
1.057000000000000000e+03
2.062000000000000000e+03
1.435000000000000000e+03
3.957000000000000000e+03
8.440000000000000000e+02
4.680000000000000000e+02
3.970000000000000000e+02
2.396000000000000000e+03
4.504000000000000000e+03
2.981000000000000000e+03
3.328000000000000000e+03
1.370000000000000000e+02
6.200000000000000000e+02
6.770000000000000000e+02
6.180000000000000000e+02
3.473000000000000000e+03
4.372000000000000000e+03
2.237000000000000000e+03
2.469000000000000000e+03
1.967000000000000000e+03
4.299000000000000000e+03
2.532000000000000000e+03
1.117000000000000000e+03
1.501000000000000000e+03
1.898000000000000000e+03
4.307000000000000000e+03
5.960000000000000000e+02
3.568000000000000000e+03
2.890000000000000000e+02
1.011000000000000000e+03
1.006000000000000000e+03
4.581000000000000000e+03
3.334000000000000000e+03
9.970000000000000000e+02
2.579000000000000000e+03
1.893000000000000000e+03
1.570000000000000000e+02
1.771000000000000000e+03
2.253000000000000000e+03
3.086000000000000000e+03
4.834000000000000000e+03
4.457000000000000000e+03
1.192000000000000000e+03
4.711000000000000000e+03
4.008000000000000000e+03
4.767000000000000000e+03
2.289000000000000000e+03
2.308000000000000000e+03
1.225000000000000000e+03
1.574000000000000000e+03
4.148000000000000000e+03
3.501000000000000000e+03
4.396000000000000000e+03
4.320000000000000000e+02
4.167000000000000000e+03
5.230000000000000000e+02
5.120000000000000000e+02
3.932000000000000000e+03
1.472000000000000000e+03
1.888000000000000000e+03
4.617000000000000000e+03
2.777000000000000000e+03
2.873000000000000000e+03
2.223000000000000000e+03
3.708000000000000000e+03
3.900000000000000000e+02
1.873000000000000000e+03
2.475000000000000000e+03
4.305000000000000000e+03
1.170000000000000000e+02
3.793000000000000000e+03
4.970000000000000000e+03
3.888000000000000000e+03
7.560000000000000000e+02
4.899000000000000000e+03
1.463000000000000000e+03
7.470000000000000000e+02
3.621000000000000000e+03
4.799000000000000000e+03
2.410000000000000000e+03
3.940000000000000000e+03
4.373000000000000000e+03
1.728000000000000000e+03
1.118000000000000000e+03
1.550000000000000000e+02
2.013000000000000000e+03
2.121000000000000000e+03
4.114000000000000000e+03
4.605000000000000000e+03
4.207000000000000000e+03
1.578000000000000000e+03
4.231000000000000000e+03
4.738000000000000000e+03
3.702000000000000000e+03
6.610000000000000000e+02
6.700000000000000000e+02
3.714000000000000000e+03
1.768000000000000000e+03
2.240000000000000000e+02
2.327000000000000000e+03
1.064000000000000000e+03
4.390000000000000000e+02
3.038000000000000000e+03
4.758000000000000000e+03
4.133000000000000000e+03
7.370000000000000000e+02
2.717000000000000000e+03
2.433000000000000000e+03
3.701000000000000000e+03
4.530000000000000000e+03
1.877000000000000000e+03
1.093000000000000000e+03
5.640000000000000000e+02
2.854000000000000000e+03
1.872000000000000000e+03
2.559000000000000000e+03
4.206000000000000000e+03
3.148000000000000000e+03
4.591000000000000000e+03
2.613000000000000000e+03
8.690000000000000000e+02
1.869000000000000000e+03
2.049000000000000000e+03
3.000000000000000000e+02
2.351000000000000000e+03
2.951000000000000000e+03
2.611000000000000000e+03
2.213000000000000000e+03
1.208000000000000000e+03
1.231000000000000000e+03
2.288000000000000000e+03
1.758000000000000000e+03
2.633000000000000000e+03
3.439000000000000000e+03
4.485000000000000000e+03
2.868000000000000000e+03
3.203000000000000000e+03
3.657000000000000000e+03
1.656000000000000000e+03
3.249000000000000000e+03
4.070000000000000000e+03
4.072000000000000000e+03
6.400000000000000000e+01
2.716000000000000000e+03
1.224000000000000000e+03
4.906000000000000000e+03
2.501000000000000000e+03
1.760000000000000000e+03
3.612000000000000000e+03
4.165000000000000000e+03
4.196000000000000000e+03
4.216000000000000000e+03
3.675000000000000000e+03
1.035000000000000000e+03
3.043000000000000000e+03
4.761000000000000000e+03
2.097000000000000000e+03
3.710000000000000000e+02
1.332000000000000000e+03
4.410000000000000000e+02
2.161000000000000000e+03
4.842000000000000000e+03
2.247000000000000000e+03
2.530000000000000000e+03
3.860000000000000000e+02
4.539000000000000000e+03
7.130000000000000000e+02
2.635000000000000000e+03
3.245000000000000000e+03
1.100000000000000000e+03
1.572000000000000000e+03
4.770000000000000000e+02
4.039000000000000000e+03
4.306000000000000000e+03
3.942000000000000000e+03
9.780000000000000000e+02
2.538000000000000000e+03
4.189000000000000000e+03
4.046000000000000000e+03
4.085000000000000000e+03
4.465000000000000000e+03
8.000000000000000000e+02
1.509000000000000000e+03
3.287000000000000000e+03
8.430000000000000000e+02
1.420000000000000000e+03
9.810000000000000000e+02
4.858000000000000000e+03
2.910000000000000000e+03
3.705000000000000000e+03
4.723000000000000000e+03
4.940000000000000000e+02
2.690000000000000000e+02
1.081000000000000000e+03
1.150000000000000000e+03
2.084000000000000000e+03
4.330000000000000000e+02
1.630000000000000000e+02
4.183000000000000000e+03
4.123000000000000000e+03
7.360000000000000000e+02
4.088000000000000000e+03
2.363000000000000000e+03
4.117000000000000000e+03
3.390000000000000000e+03
8.950000000000000000e+02
1.360000000000000000e+03
1.496000000000000000e+03
2.669000000000000000e+03
1.821000000000000000e+03
2.904000000000000000e+03
4.912000000000000000e+03
2.228000000000000000e+03
1.300000000000000000e+02
8.000000000000000000e+01
2.561000000000000000e+03
4.575000000000000000e+03
2.686000000000000000e+03
4.249000000000000000e+03
1.770000000000000000e+02
2.690000000000000000e+03
1.962000000000000000e+03
2.091000000000000000e+03
4.411000000000000000e+03
1.716000000000000000e+03
2.672000000000000000e+03
6.500000000000000000e+01
2.807000000000000000e+03
3.927000000000000000e+03
2.747000000000000000e+03
4.430000000000000000e+03
1.190000000000000000e+03
4.359000000000000000e+03
3.579000000000000000e+03
7.630000000000000000e+02
3.153000000000000000e+03
2.156000000000000000e+03
3.133000000000000000e+03
3.659000000000000000e+03
1.450000000000000000e+03
3.081000000000000000e+03
2.401000000000000000e+03
1.052000000000000000e+03
4.178000000000000000e+03
3.486000000000000000e+03
1.626000000000000000e+03
2.670000000000000000e+02
5.350000000000000000e+02
4.434000000000000000e+03
4.685000000000000000e+03
1.620000000000000000e+03
4.222000000000000000e+03
2.158000000000000000e+03
3.257000000000000000e+03
2.668000000000000000e+03
1.156000000000000000e+03
3.460000000000000000e+03
8.840000000000000000e+02
2.811000000000000000e+03
3.803000000000000000e+03
2.542000000000000000e+03
1.285000000000000000e+03
4.291000000000000000e+03
4.698000000000000000e+03
1.537000000000000000e+03
4.122000000000000000e+03
4.186000000000000000e+03
4.111000000000000000e+03
1.912000000000000000e+03
9.020000000000000000e+02
8.010000000000000000e+02
2.355000000000000000e+03
4.977000000000000000e+03
2.833000000000000000e+03
4.814000000000000000e+03
8.620000000000000000e+02
1.157000000000000000e+03
9.840000000000000000e+02
3.259000000000000000e+03
1.540000000000000000e+03
3.866000000000000000e+03
3.766000000000000000e+03
8.030000000000000000e+02
2.966000000000000000e+03
4.910000000000000000e+02
4.964000000000000000e+03
3.209000000000000000e+03
4.777000000000000000e+03
1.700000000000000000e+02
1.987000000000000000e+03
3.041000000000000000e+03
4.424000000000000000e+03
4.612000000000000000e+03
4.067000000000000000e+03
2.099000000000000000e+03
2.239000000000000000e+03
3.281000000000000000e+03
7.810000000000000000e+02
8.540000000000000000e+02
2.225000000000000000e+03
1.032000000000000000e+03
2.652000000000000000e+03
5.150000000000000000e+02
3.513000000000000000e+03
4.800000000000000000e+03
4.855000000000000000e+03
1.670000000000000000e+02
1.012000000000000000e+03
1.831000000000000000e+03
7.960000000000000000e+02
4.241000000000000000e+03
4.908000000000000000e+03
4.616000000000000000e+03
2.424000000000000000e+03
4.629000000000000000e+03
7.430000000000000000e+02
4.620000000000000000e+02
4.614000000000000000e+03
2.111000000000000000e+03
3.383000000000000000e+03
4.740000000000000000e+03
4.097000000000000000e+03
4.970000000000000000e+02
1.252000000000000000e+03
4.965000000000000000e+03
2.847000000000000000e+03
1.222000000000000000e+03
3.121000000000000000e+03
2.302000000000000000e+03
2.531000000000000000e+03
1.146000000000000000e+03
1.188000000000000000e+03
3.080000000000000000e+02
3.131000000000000000e+03
6.880000000000000000e+02
4.724000000000000000e+03
4.143000000000000000e+03
2.979000000000000000e+03
2.831000000000000000e+03
5.100000000000000000e+02
4.647000000000000000e+03
1.633000000000000000e+03
2.256000000000000000e+03
2.660000000000000000e+02
1.344000000000000000e+03
4.934000000000000000e+03
4.219000000000000000e+03
3.496000000000000000e+03
2.639000000000000000e+03
4.832000000000000000e+03
4.254000000000000000e+03
1.790000000000000000e+03
1.755000000000000000e+03
3.807000000000000000e+03
1.269000000000000000e+03
1.259000000000000000e+03
2.397000000000000000e+03
6.190000000000000000e+02
1.253000000000000000e+03
2.056000000000000000e+03
1.679000000000000000e+03
3.654000000000000000e+03
2.839000000000000000e+03
4.234000000000000000e+03
1.884000000000000000e+03
9.700000000000000000e+02
2.519000000000000000e+03
3.049000000000000000e+03
1.204000000000000000e+03
4.240000000000000000e+03
1.297000000000000000e+03
3.073000000000000000e+03
4.571000000000000000e+03
4.640000000000000000e+03
3.770000000000000000e+02
1.597000000000000000e+03
4.238000000000000000e+03
3.378000000000000000e+03
2.536000000000000000e+03
9.400000000000000000e+01
3.925000000000000000e+03
1.099000000000000000e+03
5.440000000000000000e+02
4.969000000000000000e+03
4.954000000000000000e+03
1.835000000000000000e+03
2.129000000000000000e+03
4.227000000000000000e+03
4.382000000000000000e+03
3.374000000000000000e+03
8.750000000000000000e+02
2.281000000000000000e+03
2.081000000000000000e+03
2.083000000000000000e+03
1.124000000000000000e+03
3.061000000000000000e+03
2.325000000000000000e+03
4.204000000000000000e+03
4.652000000000000000e+03
1.939000000000000000e+03
4.235000000000000000e+03
3.765000000000000000e+03
4.015000000000000000e+03
4.128000000000000000e+03
2.142000000000000000e+03
4.333000000000000000e+03
6.550000000000000000e+02
4.044000000000000000e+03
2.784000000000000000e+03
3.776000000000000000e+03
1.534000000000000000e+03
2.392000000000000000e+03
4.671000000000000000e+03
1.421000000000000000e+03
3.759000000000000000e+03
4.383000000000000000e+03
3.850000000000000000e+03
4.195000000000000000e+03
1.579000000000000000e+03
1.386000000000000000e+03
3.180000000000000000e+03
4.824000000000000000e+03
1.689000000000000000e+03
3.889000000000000000e+03
2.572000000000000000e+03
2.365000000000000000e+03
1.691000000000000000e+03
2.373000000000000000e+03
4.445000000000000000e+03
6.900000000000000000e+01
8.460000000000000000e+02
2.795000000000000000e+03
4.689000000000000000e+03
8.680000000000000000e+02
1.279000000000000000e+03
3.741000000000000000e+03
1.625000000000000000e+03
4.630000000000000000e+03
1.370000000000000000e+03
3.556000000000000000e+03
4.480000000000000000e+02
4.667000000000000000e+03
1.308000000000000000e+03
2.037000000000000000e+03
2.405000000000000000e+03
4.447000000000000000e+03
2.896000000000000000e+03
3.811000000000000000e+03
1.562000000000000000e+03
3.285000000000000000e+03
2.333000000000000000e+03
2.919000000000000000e+03
2.628000000000000000e+03
4.013000000000000000e+03
1.904000000000000000e+03
4.120000000000000000e+02
3.076000000000000000e+03
4.747000000000000000e+03
1.263000000000000000e+03
4.988000000000000000e+03
2.380000000000000000e+03
4.237000000000000000e+03
4.164000000000000000e+03
4.391000000000000000e+03
1.112000000000000000e+03
3.724000000000000000e+03
4.380000000000000000e+03
4.348000000000000000e+03
4.355000000000000000e+03
2.079000000000000000e+03
4.403000000000000000e+03
1.740000000000000000e+03
3.248000000000000000e+03
1.943000000000000000e+03
1.819000000000000000e+03
1.260000000000000000e+02
2.292000000000000000e+03
3.063000000000000000e+03
2.186000000000000000e+03
1.444000000000000000e+03
4.205000000000000000e+03
3.467000000000000000e+03
2.143000000000000000e+03
3.424000000000000000e+03
2.277000000000000000e+03
4.065000000000000000e+03
3.046000000000000000e+03
1.666000000000000000e+03
4.270000000000000000e+03
2.465000000000000000e+03
7.500000000000000000e+02
2.110000000000000000e+02
2.168000000000000000e+03
4.124000000000000000e+03
4.452000000000000000e+03
2.800000000000000000e+01
2.119000000000000000e+03
7.600000000000000000e+01
1.571000000000000000e+03
1.654000000000000000e+03
7.700000000000000000e+01
4.985000000000000000e+03
5.860000000000000000e+02
1.717000000000000000e+03
3.898000000000000000e+03
2.910000000000000000e+02
2.082000000000000000e+03
2.124000000000000000e+03
2.702000000000000000e+03
1.220000000000000000e+03
2.329000000000000000e+03
4.079000000000000000e+03
1.301000000000000000e+03
2.863000000000000000e+03
9.000000000000000000e+01
1.428000000000000000e+03
2.931000000000000000e+03
1.788000000000000000e+03
4.544000000000000000e+03
2.104000000000000000e+03
7.020000000000000000e+02
4.259000000000000000e+03
1.195000000000000000e+03
3.691000000000000000e+03
2.170000000000000000e+03
2.165000000000000000e+03
8.260000000000000000e+02
1.607000000000000000e+03
3.962000000000000000e+03
2.061000000000000000e+03
4.309000000000000000e+03
3.789000000000000000e+03
3.053000000000000000e+03
4.532000000000000000e+03
1.947000000000000000e+03
8.960000000000000000e+02
4.684000000000000000e+03
1.130000000000000000e+03
6.680000000000000000e+02
4.867000000000000000e+03
2.036000000000000000e+03
8.530000000000000000e+02
3.983000000000000000e+03
8.270000000000000000e+02
1.387000000000000000e+03
6.070000000000000000e+02
2.700000000000000000e+03
1.130000000000000000e+02
1.466000000000000000e+03
2.530000000000000000e+02
3.808000000000000000e+03
7.390000000000000000e+02
3.980000000000000000e+03
3.088000000000000000e+03
3.799000000000000000e+03
1.171000000000000000e+03
2.164000000000000000e+03
5.940000000000000000e+02
1.791000000000000000e+03
3.488000000000000000e+03
3.170000000000000000e+03
3.452000000000000000e+03
3.227000000000000000e+03
7.860000000000000000e+02
4.963000000000000000e+03
2.480000000000000000e+02
7.650000000000000000e+02
4.851000000000000000e+03
3.031000000000000000e+03
3.355000000000000000e+03
4.200000000000000000e+02
8.300000000000000000e+01
4.545000000000000000e+03
1.837000000000000000e+03
8.890000000000000000e+02
1.966000000000000000e+03
2.600000000000000000e+02
1.581000000000000000e+03
2.802000000000000000e+03
3.917000000000000000e+03
2.588000000000000000e+03
4.621000000000000000e+03
4.451000000000000000e+03
4.120000000000000000e+03
8.900000000000000000e+02
1.500000000000000000e+01
7.830000000000000000e+02
3.996000000000000000e+03
1.264000000000000000e+03
4.145000000000000000e+03
5.190000000000000000e+02
1.417000000000000000e+03
2.171000000000000000e+03
2.989000000000000000e+03
2.058000000000000000e+03
1.457000000000000000e+03
4.460000000000000000e+03
6.370000000000000000e+02
4.440000000000000000e+03
2.696000000000000000e+03
3.839000000000000000e+03
1.629000000000000000e+03
4.890000000000000000e+03
3.103000000000000000e+03
6.080000000000000000e+02
2.523000000000000000e+03
2.911000000000000000e+03
2.818000000000000000e+03
9.620000000000000000e+02
1.278000000000000000e+03
2.068000000000000000e+03
1.694000000000000000e+03
3.603000000000000000e+03
1.002000000000000000e+03
6.060000000000000000e+02
1.364000000000000000e+03
2.574000000000000000e+03
3.643000000000000000e+03
3.584000000000000000e+03
1.848000000000000000e+03
4.592000000000000000e+03
1.640000000000000000e+03
2.676000000000000000e+03
3.586000000000000000e+03
4.686000000000000000e+03
3.781000000000000000e+03
4.471000000000000000e+03
2.899000000000000000e+03
4.927000000000000000e+03
4.843000000000000000e+03
3.337000000000000000e+03
4.089000000000000000e+03
2.352000000000000000e+03
1.401000000000000000e+03
3.676000000000000000e+03
4.708000000000000000e+03
2.731000000000000000e+03
1.725000000000000000e+03
1.307000000000000000e+03
2.936000000000000000e+03
2.080000000000000000e+02
1.212000000000000000e+03
4.100000000000000000e+02
4.749000000000000000e+03
3.524000000000000000e+03
2.169000000000000000e+03
4.398000000000000000e+03
3.366000000000000000e+03
4.661000000000000000e+03
4.622000000000000000e+03
8.180000000000000000e+02
2.406000000000000000e+03
2.093000000000000000e+03
3.563000000000000000e+03
2.983000000000000000e+03
4.568000000000000000e+03
2.961000000000000000e+03
4.690000000000000000e+03
1.623000000000000000e+03
3.821000000000000000e+03
8.320000000000000000e+02
1.275000000000000000e+03
1.040000000000000000e+03
3.114000000000000000e+03
1.681000000000000000e+03
4.342000000000000000e+03
4.130000000000000000e+02
3.616000000000000000e+03
4.132000000000000000e+03
1.731000000000000000e+03
3.622000000000000000e+03
4.682000000000000000e+03
4.250000000000000000e+03
1.928000000000000000e+03
3.492000000000000000e+03
4.542000000000000000e+03
9.440000000000000000e+02
4.704000000000000000e+03
3.595000000000000000e+03
1.122000000000000000e+03
2.770000000000000000e+02
2.891000000000000000e+03
1.823000000000000000e+03
4.332000000000000000e+03
3.717000000000000000e+03
1.932000000000000000e+03
4.766000000000000000e+03
7.530000000000000000e+02
2.460000000000000000e+03
4.944000000000000000e+03
2.786000000000000000e+03
4.438000000000000000e+03
1.098000000000000000e+03
3.371000000000000000e+03
2.785000000000000000e+03
4.023000000000000000e+03
2.631000000000000000e+03
3.572000000000000000e+03
1.100000000000000000e+02
3.003000000000000000e+03
9.080000000000000000e+02
4.692000000000000000e+03
1.161000000000000000e+03
3.827000000000000000e+03
3.685000000000000000e+03
3.594000000000000000e+03
2.510000000000000000e+02
2.977000000000000000e+03
1.391000000000000000e+03
1.658000000000000000e+03
2.555000000000000000e+03
1.565000000000000000e+03
3.489000000000000000e+03
2.053000000000000000e+03
7.550000000000000000e+02
2.900000000000000000e+02
3.199000000000000000e+03
3.566000000000000000e+03
3.534000000000000000e+03
3.305000000000000000e+03
6.020000000000000000e+02
6.940000000000000000e+02
2.689000000000000000e+03
2.157000000000000000e+03
3.236000000000000000e+03
1.834000000000000000e+03
1.733000000000000000e+03
1.180000000000000000e+03
1.920000000000000000e+03
4.113000000000000000e+03
3.260000000000000000e+03
1.239000000000000000e+03
2.231000000000000000e+03
4.502000000000000000e+03
2.354000000000000000e+03
4.628000000000000000e+03
6.530000000000000000e+02
1.545000000000000000e+03
1.485000000000000000e+03
7.060000000000000000e+02
2.480000000000000000e+03
1.805000000000000000e+03
3.530000000000000000e+03
1.801000000000000000e+03
8.400000000000000000e+02
3.040000000000000000e+02
2.360000000000000000e+02
2.210000000000000000e+03
1.727000000000000000e+03
3.092000000000000000e+03
3.780000000000000000e+03
3.010000000000000000e+03
8.050000000000000000e+02
9.720000000000000000e+02
9.530000000000000000e+02
6.980000000000000000e+02
7.900000000000000000e+01
8.870000000000000000e+02
4.402000000000000000e+03
4.546000000000000000e+03
1.566000000000000000e+03
4.422000000000000000e+03
5.260000000000000000e+02
2.733000000000000000e+03
2.321000000000000000e+03
2.630000000000000000e+02
4.798000000000000000e+03
2.423000000000000000e+03
2.953000000000000000e+03
3.447000000000000000e+03
1.260000000000000000e+03
2.820000000000000000e+02
4.650000000000000000e+03
4.155000000000000000e+03
2.750000000000000000e+02
8.170000000000000000e+02
7.970000000000000000e+02
2.285000000000000000e+03
3.320000000000000000e+02
1.270000000000000000e+02
3.443000000000000000e+03
4.995000000000000000e+03
3.800000000000000000e+02
1.676000000000000000e+03
2.600000000000000000e+03
4.920000000000000000e+03
6.420000000000000000e+02
4.718000000000000000e+03
4.804000000000000000e+03
2.151000000000000000e+03
3.592000000000000000e+03
4.056000000000000000e+03
4.449000000000000000e+03
2.907000000000000000e+03
4.365000000000000000e+03
4.565000000000000000e+03
1.050000000000000000e+03
3.024000000000000000e+03
3.350000000000000000e+02
3.101000000000000000e+03
1.851000000000000000e+03
1.491000000000000000e+03
4.933000000000000000e+03
1.369000000000000000e+03
1.978000000000000000e+03
4.028000000000000000e+03
1.606000000000000000e+03
3.554000000000000000e+03
2.181000000000000000e+03
4.038000000000000000e+03
4.368000000000000000e+03
2.550000000000000000e+03
3.332000000000000000e+03
2.737000000000000000e+03
6.100000000000000000e+02
1.844000000000000000e+03
3.540000000000000000e+03
2.695000000000000000e+03
1.486000000000000000e+03
1.029000000000000000e+03
3.712000000000000000e+03
3.234000000000000000e+03
6.300000000000000000e+01
2.497000000000000000e+03
4.674000000000000000e+03
2.436000000000000000e+03
8.970000000000000000e+02
4.062000000000000000e+03
4.061000000000000000e+03
1.934000000000000000e+03
2.377000000000000000e+03
4.630000000000000000e+02
3.450000000000000000e+03
3.820000000000000000e+03
2.450000000000000000e+02
6.280000000000000000e+02
4.459000000000000000e+03
2.379000000000000000e+03
3.802000000000000000e+03
1.769000000000000000e+03
4.664000000000000000e+03
1.765000000000000000e+03
8.250000000000000000e+02
1.505000000000000000e+03
5.410000000000000000e+02
1.580000000000000000e+03
1.913000000000000000e+03
3.170000000000000000e+02
3.886000000000000000e+03
2.190000000000000000e+02
4.499000000000000000e+03
3.222000000000000000e+03
2.920000000000000000e+03
2.301000000000000000e+03
4.144000000000000000e+03
2.386000000000000000e+03
3.161000000000000000e+03
3.080000000000000000e+03
3.347000000000000000e+03
3.561000000000000000e+03
2.173000000000000000e+03
4.764000000000000000e+03
2.471000000000000000e+03
4.681000000000000000e+03
3.384000000000000000e+03
1.106000000000000000e+03
3.618000000000000000e+03
1.302000000000000000e+03
4.932000000000000000e+03
2.615000000000000000e+03
2.921000000000000000e+03
3.509000000000000000e+03
4.822000000000000000e+03
2.867000000000000000e+03
3.753000000000000000e+03
4.717000000000000000e+03
2.004000000000000000e+03
8.470000000000000000e+02
2.057000000000000000e+03
1.506000000000000000e+03
3.931000000000000000e+03
7.410000000000000000e+02
2.387000000000000000e+03
1.452000000000000000e+03
3.532000000000000000e+03
2.255000000000000000e+03
4.820000000000000000e+02
2.804000000000000000e+03
9.260000000000000000e+02
3.025000000000000000e+03
1.983000000000000000e+03
1.820000000000000000e+02
4.407000000000000000e+03
2.127000000000000000e+03
2.249000000000000000e+03
2.580000000000000000e+03
4.218000000000000000e+03
3.340000000000000000e+03
1.641000000000000000e+03
1.000000000000000000e+03
4.247000000000000000e+03
5.990000000000000000e+02
3.517000000000000000e+03
6.030000000000000000e+02
2.741000000000000000e+03
3.410000000000000000e+03
1.538000000000000000e+03
3.881000000000000000e+03
3.169000000000000000e+03
1.968000000000000000e+03
1.069000000000000000e+03
4.983000000000000000e+03
4.961000000000000000e+03
1.254000000000000000e+03
8.300000000000000000e+02
3.229000000000000000e+03
3.290000000000000000e+02
1.922000000000000000e+03
1.453000000000000000e+03
4.705000000000000000e+03
2.994000000000000000e+03
3.445000000000000000e+03
1.970000000000000000e+03
1.745000000000000000e+03
2.488000000000000000e+03
6.410000000000000000e+02
3.588000000000000000e+03
2.000000000000000000e+03
3.270000000000000000e+03
1.830000000000000000e+02
2.041000000000000000e+03
2.226000000000000000e+03
3.560000000000000000e+03
2.799000000000000000e+03
7.250000000000000000e+02
3.407000000000000000e+03
3.571000000000000000e+03
1.096000000000000000e+03
8.500000000000000000e+01
4.840000000000000000e+02
4.959000000000000000e+03
4.695000000000000000e+03
1.454000000000000000e+03
3.377000000000000000e+03
3.582000000000000000e+03
2.200000000000000000e+02
2.923000000000000000e+03
4.057000000000000000e+03
2.144000000000000000e+03
1.845000000000000000e+03
4.639000000000000000e+03
1.028000000000000000e+03
3.843000000000000000e+03
1.333000000000000000e+03
4.919000000000000000e+03
2.170000000000000000e+02
2.591000000000000000e+03
1.361000000000000000e+03
3.020000000000000000e+02
3.715000000000000000e+03
4.264000000000000000e+03
9.120000000000000000e+02
4.931000000000000000e+03
8.900000000000000000e+01
2.180000000000000000e+02
3.508000000000000000e+03
3.110000000000000000e+03
2.606000000000000000e+03
4.395000000000000000e+03
2.608000000000000000e+03
2.852000000000000000e+03
4.536000000000000000e+03
1.698000000000000000e+03
4.041000000000000000e+03
1.573000000000000000e+03
2.678000000000000000e+03
2.438000000000000000e+03
3.301000000000000000e+03
8.850000000000000000e+02
6.460000000000000000e+02
1.576000000000000000e+03
1.459000000000000000e+03
2.463000000000000000e+03
1.471000000000000000e+03
3.526000000000000000e+03
2.212000000000000000e+03
4.392000000000000000e+03
2.699000000000000000e+03
2.853000000000000000e+03
2.918000000000000000e+03
6.390000000000000000e+02
2.491000000000000000e+03
3.707000000000000000e+03
1.855000000000000000e+03
4.284000000000000000e+03
2.697000000000000000e+03
3.070000000000000000e+02
1.803000000000000000e+03
2.810000000000000000e+03
3.113000000000000000e+03
4.250000000000000000e+02
2.990000000000000000e+02
1.644000000000000000e+03
1.940000000000000000e+02
4.051000000000000000e+03
1.889000000000000000e+03
1.389000000000000000e+03
4.946000000000000000e+03
4.936000000000000000e+03
4.658000000000000000e+03
1.980000000000000000e+02
4.668000000000000000e+03
1.723000000000000000e+03
4.561000000000000000e+03
4.942000000000000000e+03
1.325000000000000000e+03
2.700000000000000000e+02
1.030000000000000000e+02
9.300000000000000000e+01
1.569000000000000000e+03
4.415000000000000000e+03
4.137000000000000000e+03
4.976000000000000000e+03
1.070000000000000000e+03
5.130000000000000000e+02
2.673000000000000000e+03
2.263000000000000000e+03
2.496000000000000000e+03
4.418000000000000000e+03
8.140000000000000000e+02
