2.955000000000000000e+03
3.008000000000000000e+03
2.978000000000000000e+03
2.130000000000000000e+02
4.070000000000000000e+02
1.860000000000000000e+02
3.177000000000000000e+03
3.272000000000000000e+03
2.505000000000000000e+03
1.965000000000000000e+03
2.551000000000000000e+03
4.488000000000000000e+03
4.018000000000000000e+03
1.806000000000000000e+03
3.615000000000000000e+03
4.826000000000000000e+03
1.669000000000000000e+03
3.331000000000000000e+03
4.800000000000000000e+01
6.500000000000000000e+01
6.290000000000000000e+02
1.619000000000000000e+03
3.098000000000000000e+03
1.170000000000000000e+02
1.635000000000000000e+03
1.494000000000000000e+03
2.889000000000000000e+03
2.665000000000000000e+03
3.927000000000000000e+03
1.770000000000000000e+02
8.460000000000000000e+02
1.713000000000000000e+03
2.283000000000000000e+03
2.284000000000000000e+03
1.620000000000000000e+03
4.278000000000000000e+03
7.070000000000000000e+02
1.390000000000000000e+03
1.074000000000000000e+03
4.271000000000000000e+03
2.562000000000000000e+03
3.357000000000000000e+03
1.602000000000000000e+03
3.465000000000000000e+03
4.408000000000000000e+03
3.373000000000000000e+03
3.378000000000000000e+03
1.544000000000000000e+03
3.666000000000000000e+03
1.595000000000000000e+03
3.663000000000000000e+03
1.190000000000000000e+03
4.434000000000000000e+03
2.690000000000000000e+03
3.394000000000000000e+03
3.540000000000000000e+02
6.840000000000000000e+02
2.539000000000000000e+03
7.500000000000000000e+02
4.714000000000000000e+03
3.343000000000000000e+03
7.470000000000000000e+02
2.157000000000000000e+03
3.345000000000000000e+03
3.566000000000000000e+03
2.573000000000000000e+03
3.864000000000000000e+03
4.757000000000000000e+03
3.131000000000000000e+03
3.309000000000000000e+03
3.676000000000000000e+03
4.870000000000000000e+03
2.618000000000000000e+03
3.701000000000000000e+03
3.374000000000000000e+03
3.418000000000000000e+03
2.450000000000000000e+02
4.359000000000000000e+03
8.810000000000000000e+02
2.596000000000000000e+03
3.712000000000000000e+03
2.296000000000000000e+03
2.659000000000000000e+03
4.765000000000000000e+03
2.149000000000000000e+03
1.520000000000000000e+02
2.133000000000000000e+03
4.758000000000000000e+03
3.143000000000000000e+03
4.062000000000000000e+03
4.761000000000000000e+03
4.354000000000000000e+03
2.854000000000000000e+03
1.368000000000000000e+03
2.014000000000000000e+03
2.230000000000000000e+02
2.259000000000000000e+03
4.763000000000000000e+03
2.860000000000000000e+02
1.322000000000000000e+03
1.873000000000000000e+03
3.375000000000000000e+03
8.640000000000000000e+02
3.928000000000000000e+03
3.107000000000000000e+03
3.621000000000000000e+03
3.183000000000000000e+03
1.298000000000000000e+03
3.182000000000000000e+03
4.501000000000000000e+03
1.836000000000000000e+03
9.230000000000000000e+02
4.970000000000000000e+03
2.800000000000000000e+01
4.089000000000000000e+03
3.641000000000000000e+03
2.364000000000000000e+03
3.531000000000000000e+03
4.615000000000000000e+03
1.486000000000000000e+03
4.482000000000000000e+03
2.476000000000000000e+03
4.009000000000000000e+03
2.781000000000000000e+03
1.419000000000000000e+03
3.825000000000000000e+03
3.636000000000000000e+03
3.052000000000000000e+03
2.758000000000000000e+03
4.544000000000000000e+03
3.046000000000000000e+03
1.449000000000000000e+03
3.062000000000000000e+03
5.330000000000000000e+02
2.388000000000000000e+03
4.589000000000000000e+03
5.870000000000000000e+02
3.633000000000000000e+03
1.431000000000000000e+03
9.150000000000000000e+02
2.379000000000000000e+03
4.584000000000000000e+03
4.981000000000000000e+03
1.469000000000000000e+03
2.400000000000000000e+01
3.026000000000000000e+03
5.700000000000000000e+01
4.263000000000000000e+03
2.171000000000000000e+03
6.520000000000000000e+02
4.674000000000000000e+03
9.480000000000000000e+02
4.679000000000000000e+03
6.590000000000000000e+02
4.156000000000000000e+03
4.686000000000000000e+03
4.689000000000000000e+03
1.173000000000000000e+03
3.658000000000000000e+03
6.630000000000000000e+02
2.030000000000000000e+02
2.254000000000000000e+03
2.333000000000000000e+03
1.317000000000000000e+03
3.836000000000000000e+03
1.122000000000000000e+03
4.333000000000000000e+03
4.660000000000000000e+03
2.726000000000000000e+03
1.344000000000000000e+03
4.232000000000000000e+03
3.936000000000000000e+03
4.462000000000000000e+03
6.700000000000000000e+01
1.926000000000000000e+03
4.142000000000000000e+03
3.450000000000000000e+03
1.959000000000000000e+03
7.600000000000000000e+01
4.005000000000000000e+03
2.351000000000000000e+03
3.193000000000000000e+03
5.510000000000000000e+02
3.590000000000000000e+02
1.997000000000000000e+03
2.029000000000000000e+03
8.420000000000000000e+02
4.289000000000000000e+03
2.951000000000000000e+03
1.114000000000000000e+03
4.151000000000000000e+03
2.794000000000000000e+03
4.750000000000000000e+03
3.908000000000000000e+03
3.422000000000000000e+03
2.584000000000000000e+03
1.016000000000000000e+03
9.010000000000000000e+02
9.750000000000000000e+02
4.050000000000000000e+03
4.576000000000000000e+03
8.440000000000000000e+02
1.332000000000000000e+03
1.410000000000000000e+02
1.020000000000000000e+02
1.586000000000000000e+03
3.245000000000000000e+03
1.163000000000000000e+03
5.200000000000000000e+02
1.611000000000000000e+03
3.487000000000000000e+03
3.287000000000000000e+03
5.830000000000000000e+02
1.221000000000000000e+03
1.683000000000000000e+03
1.645000000000000000e+03
3.916000000000000000e+03
4.790000000000000000e+02
1.957000000000000000e+03
1.417000000000000000e+03
2.199000000000000000e+03
2.484000000000000000e+03
4.038000000000000000e+03
3.800000000000000000e+02
9.550000000000000000e+02
1.156000000000000000e+03
2.648000000000000000e+03
3.171000000000000000e+03
3.653000000000000000e+03
3.903000000000000000e+03
3.569000000000000000e+03
1.210000000000000000e+02
4.092000000000000000e+03
1.200000000000000000e+02
1.075000000000000000e+03
1.689000000000000000e+03
1.755000000000000000e+03
4.437000000000000000e+03
2.055000000000000000e+03
2.212000000000000000e+03
1.993000000000000000e+03
4.439000000000000000e+03
2.572000000000000000e+03
2.931000000000000000e+03
2.165000000000000000e+03
4.145000000000000000e+03
3.063000000000000000e+03
1.160000000000000000e+03
3.102000000000000000e+03
3.279000000000000000e+03
1.045000000000000000e+03
1.887000000000000000e+03
4.077000000000000000e+03
3.777000000000000000e+03
1.552000000000000000e+03
3.721000000000000000e+03
4.590000000000000000e+03
8.510000000000000000e+02
1.274000000000000000e+03
1.975000000000000000e+03
4.427000000000000000e+03
9.460000000000000000e+02
3.758000000000000000e+03
1.700000000000000000e+01
1.000000000000000000e+00
9.470000000000000000e+02
8.540000000000000000e+02
4.522000000000000000e+03
1.013000000000000000e+03
3.962000000000000000e+03
2.070000000000000000e+02
3.483000000000000000e+03
3.814000000000000000e+03
4.305000000000000000e+03
2.930000000000000000e+03
4.799000000000000000e+03
4.400000000000000000e+03
4.610000000000000000e+02
9.100000000000000000e+01
3.638000000000000000e+03
2.835000000000000000e+03
3.337000000000000000e+03
1.626000000000000000e+03
4.870000000000000000e+02
1.878000000000000000e+03
1.724000000000000000e+03
4.487000000000000000e+03
4.874000000000000000e+03
3.281000000000000000e+03
1.787000000000000000e+03
7.370000000000000000e+02
1.740000000000000000e+03
2.025000000000000000e+03
3.097000000000000000e+03
4.864000000000000000e+03
1.986000000000000000e+03
9.080000000000000000e+02
4.216000000000000000e+03
3.019000000000000000e+03
8.290000000000000000e+02
4.985000000000000000e+03
2.856000000000000000e+03
3.488000000000000000e+03
3.730000000000000000e+03
1.021000000000000000e+03
1.442000000000000000e+03
4.518000000000000000e+03
3.616000000000000000e+03
1.859000000000000000e+03
2.818000000000000000e+03
1.630000000000000000e+02
3.629000000000000000e+03
2.657000000000000000e+03
4.877000000000000000e+03
4.365000000000000000e+03
3.024000000000000000e+03
1.883000000000000000e+03
2.798000000000000000e+03
2.251000000000000000e+03
2.363000000000000000e+03
3.251000000000000000e+03
1.297000000000000000e+03
4.210000000000000000e+02
1.942000000000000000e+03
3.302000000000000000e+03
4.184000000000000000e+03
5.090000000000000000e+02
4.254000000000000000e+03
2.893000000000000000e+03
7.600000000000000000e+02
3.917000000000000000e+03
2.933000000000000000e+03
5.170000000000000000e+02
3.364000000000000000e+03
4.903000000000000000e+03
7.850000000000000000e+02
2.467000000000000000e+03
2.616000000000000000e+03
3.951000000000000000e+03
4.611000000000000000e+03
1.065000000000000000e+03
2.374000000000000000e+03
4.054000000000000000e+03
4.524000000000000000e+03
4.900000000000000000e+02
4.300000000000000000e+03
4.783000000000000000e+03
4.838000000000000000e+03
3.415000000000000000e+03
3.810000000000000000e+03
8.700000000000000000e+02
3.289000000000000000e+03
4.680000000000000000e+02
8.060000000000000000e+02
3.772000000000000000e+03
4.972000000000000000e+03
2.512000000000000000e+03
3.607000000000000000e+03
2.935000000000000000e+03
7.820000000000000000e+02
1.282000000000000000e+03
4.824000000000000000e+03
3.370000000000000000e+03
1.428000000000000000e+03
3.660000000000000000e+03
1.058000000000000000e+03
3.291000000000000000e+03
4.779000000000000000e+03
1.628000000000000000e+03
1.872000000000000000e+03
2.061000000000000000e+03
4.149000000000000000e+03
2.534000000000000000e+03
2.785000000000000000e+03
3.855000000000000000e+03
2.016000000000000000e+03
8.620000000000000000e+02
2.859000000000000000e+03
4.603000000000000000e+03
4.545000000000000000e+03
2.492000000000000000e+03
2.627000000000000000e+03
1.084000000000000000e+03
8.990000000000000000e+02
2.255000000000000000e+03
8.000000000000000000e+00
1.664000000000000000e+03
2.615000000000000000e+03
2.232000000000000000e+03
4.016000000000000000e+03
5.710000000000000000e+02
2.537000000000000000e+03
2.415000000000000000e+03
3.679000000000000000e+03
1.305000000000000000e+03
2.910000000000000000e+02
4.440000000000000000e+02
1.793000000000000000e+03
1.717000000000000000e+03
3.950000000000000000e+02
7.590000000000000000e+02
3.898000000000000000e+03
2.366000000000000000e+03
4.890000000000000000e+02
1.220000000000000000e+03
1.700000000000000000e+02
2.114000000000000000e+03
3.396000000000000000e+03
3.617000000000000000e+03
2.288000000000000000e+03
1.059000000000000000e+03
2.302000000000000000e+03
4.837000000000000000e+03
1.568000000000000000e+03
9.810000000000000000e+02
4.960000000000000000e+03
3.170000000000000000e+02
2.600000000000000000e+03
2.261000000000000000e+03
1.769000000000000000e+03
4.358000000000000000e+03
4.621000000000000000e+03
7.520000000000000000e+02
3.133000000000000000e+03
3.447000000000000000e+03
3.714000000000000000e+03
1.200000000000000000e+01
1.426000000000000000e+03
2.225000000000000000e+03
4.795000000000000000e+03
4.995000000000000000e+03
3.259000000000000000e+03
4.042000000000000000e+03
4.906000000000000000e+03
2.156000000000000000e+03
1.663000000000000000e+03
3.469000000000000000e+03
2.377000000000000000e+03
1.501000000000000000e+03
3.197000000000000000e+03
4.476000000000000000e+03
1.776000000000000000e+03
1.622000000000000000e+03
4.567000000000000000e+03
4.037000000000000000e+03
3.090000000000000000e+02
1.478000000000000000e+03
2.148000000000000000e+03
2.617000000000000000e+03
3.312000000000000000e+03
2.474000000000000000e+03
4.021000000000000000e+03
2.904000000000000000e+03
2.436000000000000000e+03
4.978000000000000000e+03
2.315000000000000000e+03
1.360000000000000000e+03
4.249000000000000000e+03
4.123000000000000000e+03
1.805000000000000000e+03
3.049000000000000000e+03
8.320000000000000000e+02
3.075000000000000000e+03
2.863000000000000000e+03
1.195000000000000000e+03
3.895000000000000000e+03
1.821000000000000000e+03
2.190000000000000000e+02
2.359000000000000000e+03
1.454000000000000000e+03
2.292000000000000000e+03
4.869000000000000000e+03
3.080000000000000000e+02
4.910000000000000000e+02
2.352000000000000000e+03
2.784000000000000000e+03
1.823000000000000000e+03
6.550000000000000000e+02
2.786000000000000000e+03
1.146000000000000000e+03
4.717000000000000000e+03
2.907000000000000000e+03
3.720000000000000000e+03
3.248000000000000000e+03
3.888000000000000000e+03
4.861000000000000000e+03
2.046000000000000000e+03
7.250000000000000000e+02
4.591000000000000000e+03
1.650000000000000000e+02
2.886000000000000000e+03
1.174000000000000000e+03
4.565000000000000000e+03
4.483000000000000000e+03
5.350000000000000000e+02
4.293000000000000000e+03
3.267000000000000000e+03
1.623000000000000000e+03
3.556000000000000000e+03
3.753000000000000000e+03
3.970000000000000000e+02
1.161000000000000000e+03
1.853000000000000000e+03
4.933000000000000000e+03
3.853000000000000000e+03
4.382000000000000000e+03
1.506000000000000000e+03
4.640000000000000000e+02
4.362000000000000000e+03
2.570000000000000000e+03
9.180000000000000000e+02
4.692000000000000000e+03
3.073000000000000000e+03
2.899000000000000000e+03
1.029000000000000000e+03
3.781000000000000000e+03
3.593000000000000000e+03
8.400000000000000000e+02
5.750000000000000000e+02
2.717000000000000000e+03
4.474000000000000000e+03
1.050000000000000000e+03
3.439000000000000000e+03
1.760000000000000000e+03
2.868000000000000000e+03
3.996000000000000000e+03
2.262000000000000000e+03
2.050000000000000000e+03
1.893000000000000000e+03
2.532000000000000000e+03
2.670000000000000000e+03
1.067000000000000000e+03
2.813000000000000000e+03
4.456000000000000000e+03
1.680000000000000000e+03
1.464000000000000000e+03
9.850000000000000000e+02
2.095000000000000000e+03
2.804000000000000000e+03
2.977000000000000000e+03
4.671000000000000000e+03
6.400000000000000000e+01
4.766000000000000000e+03
1.370000000000000000e+02
4.616000000000000000e+03
4.851000000000000000e+03
3.383000000000000000e+03
3.509000000000000000e+03
2.900000000000000000e+02
6.260000000000000000e+02
4.110000000000000000e+03
3.222000000000000000e+03
5.070000000000000000e+02
2.421000000000000000e+03
4.388000000000000000e+03
1.219000000000000000e+03
2.594000000000000000e+03
2.837000000000000000e+03
2.309000000000000000e+03
4.840000000000000000e+03
1.335000000000000000e+03
1.767000000000000000e+03
2.525000000000000000e+03
3.717000000000000000e+03
4.174000000000000000e+03
6.420000000000000000e+02
4.119000000000000000e+03
3.310000000000000000e+03
1.728000000000000000e+03
1.670000000000000000e+02
4.855000000000000000e+03
2.468000000000000000e+03
4.356000000000000000e+03
2.613000000000000000e+03
4.592000000000000000e+03
4.820000000000000000e+02
1.435000000000000000e+03
2.850000000000000000e+03
1.166000000000000000e+03
3.200000000000000000e+01
1.224000000000000000e+03
4.424000000000000000e+03
6.330000000000000000e+02
2.123000000000000000e+03
5.640000000000000000e+02
4.657000000000000000e+03
2.062000000000000000e+03
2.833000000000000000e+03
3.316000000000000000e+03
6.730000000000000000e+02
2.722000000000000000e+03
8.330000000000000000e+02
1.256000000000000000e+03
3.530000000000000000e+03
2.867000000000000000e+03
6.530000000000000000e+02
1.422000000000000000e+03
2.480000000000000000e+03
8.950000000000000000e+02
4.658000000000000000e+03
2.631000000000000000e+03
1.485000000000000000e+03
4.822000000000000000e+03
3.540000000000000000e+03
4.341000000000000000e+03
1.545000000000000000e+03
2.921000000000000000e+03
1.098000000000000000e+03
1.844000000000000000e+03
4.704000000000000000e+03
8.430000000000000000e+02
4.983000000000000000e+03
2.354000000000000000e+03
3.700000000000000000e+01
3.040000000000000000e+02
2.911000000000000000e+03
3.776000000000000000e+03
3.359000000000000000e+03
3.103000000000000000e+03
1.629000000000000000e+03
2.026000000000000000e+03
2.010000000000000000e+03
3.983000000000000000e+03
4.189000000000000000e+03
4.241000000000000000e+03
1.030000000000000000e+03
2.689000000000000000e+03
4.970000000000000000e+02
1.055000000000000000e+03
1.300000000000000000e+02
1.928000000000000000e+03
3.132000000000000000e+03
3.736000000000000000e+03
3.039000000000000000e+03
4.963000000000000000e+03
4.420000000000000000e+03
2.630000000000000000e+02
1.845000000000000000e+03
3.757000000000000000e+03
2.204000000000000000e+03
3.850000000000000000e+03
4.023000000000000000e+03
3.582000000000000000e+03
2.750000000000000000e+02
4.438000000000000000e+03
3.377000000000000000e+03
4.798000000000000000e+03
1.389000000000000000e+03
2.446000000000000000e+03
3.092000000000000000e+03
4.507000000000000000e+03
1.644000000000000000e+03
1.698000000000000000e+03
3.080000000000000000e+03
1.028000000000000000e+03
8.300000000000000000e+01
4.129000000000000000e+03
2.272000000000000000e+03
1.691000000000000000e+03
4.332000000000000000e+03
3.471000000000000000e+03
1.302000000000000000e+03
3.799000000000000000e+03
4.010000000000000000e+02
3.121000000000000000e+03
2.105000000000000000e+03
4.340000000000000000e+02
4.858000000000000000e+03
4.464000000000000000e+03
9.310000000000000000e+02
8.890000000000000000e+02
2.213000000000000000e+03
4.178000000000000000e+03
1.851000000000000000e+03
2.059000000000000000e+03
3.486000000000000000e+03
4.843000000000000000e+03
4.357000000000000000e+03
4.839000000000000000e+03
2.673000000000000000e+03
7.060000000000000000e+02
2.454000000000000000e+03
2.000000000000000000e+02
2.327000000000000000e+03
4.701000000000000000e+03
2.063000000000000000e+03
2.755000000000000000e+03
2.082000000000000000e+03
2.396000000000000000e+03
1.438000000000000000e+03
1.500000000000000000e+01
3.076000000000000000e+03
3.430000000000000000e+02
4.965000000000000000e+03
2.989000000000000000e+03
2.289000000000000000e+03
4.944000000000000000e+03
1.849000000000000000e+03
3.061000000000000000e+03
8.800000000000000000e+02
1.791000000000000000e+03
5.310000000000000000e+02
7.830000000000000000e+02
1.744000000000000000e+03
4.445000000000000000e+03
2.004000000000000000e+03
4.370000000000000000e+03
3.789000000000000000e+03
4.067000000000000000e+03
3.068000000000000000e+03
3.980000000000000000e+03
1.278000000000000000e+03
4.936000000000000000e+03
4.723000000000000000e+03
4.987000000000000000e+03
1.475000000000000000e+03
2.920000000000000000e+03
3.986000000000000000e+03
4.471000000000000000e+03
8.120000000000000000e+02
2.151000000000000000e+03
1.731000000000000000e+03
1.834000000000000000e+03
7.430000000000000000e+02
4.711000000000000000e+03
5.580000000000000000e+02
3.685000000000000000e+03
4.920000000000000000e+03
2.235000000000000000e+03
4.680000000000000000e+03
8.240000000000000000e+02
2.591000000000000000e+03
3.915000000000000000e+03
3.560000000000000000e+03
1.831000000000000000e+03
4.342000000000000000e+03
8.470000000000000000e+02
3.759000000000000000e+03
2.164000000000000000e+03
1.405000000000000000e+03
4.238000000000000000e+03
4.496000000000000000e+03
2.496000000000000000e+03
2.678000000000000000e+03
2.456000000000000000e+03
1.491000000000000000e+03
6.300000000000000000e+01
2.810000000000000000e+03
2.226000000000000000e+03
3.060000000000000000e+03
5.400000000000000000e+02
4.976000000000000000e+03
1.962000000000000000e+03
2.424000000000000000e+03
2.695000000000000000e+03
4.561000000000000000e+03
3.821000000000000000e+03
3.301000000000000000e+03
1.654000000000000000e+03
3.407000000000000000e+03
4.571000000000000000e+03
4.840000000000000000e+02
4.137000000000000000e+03
1.119000000000000000e+03
4.415000000000000000e+03
3.576000000000000000e+03
4.690000000000000000e+03
2.700000000000000000e+02
2.329000000000000000e+03
4.222000000000000000e+03
4.079000000000000000e+03
4.695000000000000000e+03
2.039000000000000000e+03
1.154000000000000000e+03
4.827000000000000000e+03
1.529000000000000000e+03
2.397000000000000000e+03
7.900000000000000000e+01
7.970000000000000000e+02
3.513000000000000000e+03
4.402000000000000000e+03
3.101000000000000000e+03
2.518000000000000000e+03
2.839000000000000000e+03
2.538000000000000000e+03
3.643000000000000000e+03
3.592000000000000000e+03
1.987000000000000000e+03
4.448000000000000000e+03
1.263000000000000000e+03
4.804000000000000000e+03
3.579000000000000000e+03
2.236000000000000000e+03
2.731000000000000000e+03
1.973000000000000000e+03
1.080000000000000000e+03
4.250000000000000000e+03
1.819000000000000000e+03
2.737000000000000000e+03
1.180000000000000000e+03
3.716000000000000000e+03
3.622000000000000000e+03
4.708000000000000000e+03
1.920000000000000000e+03
1.765000000000000000e+03
1.538000000000000000e+03
1.684000000000000000e+03
2.401000000000000000e+03
2.936000000000000000e+03
3.191000000000000000e+03
4.806000000000000000e+03
4.246000000000000000e+03
4.247000000000000000e+03
4.470000000000000000e+03
4.465000000000000000e+03
1.913000000000000000e+03
2.847000000000000000e+03
4.872000000000000000e+03
4.460000000000000000e+03
4.410000000000000000e+02
4.738000000000000000e+03
9.260000000000000000e+02
3.004000000000000000e+03
6.130000000000000000e+02
3.548000000000000000e+03
4.575000000000000000e+03
3.957000000000000000e+03
1.477000000000000000e+03
1.165000000000000000e+03
7.630000000000000000e+02
5.940000000000000000e+02
3.791000000000000000e+03
3.886000000000000000e+03
2.127000000000000000e+03
3.943000000000000000e+03
2.698000000000000000e+03
1.015000000000000000e+03
2.702000000000000000e+03
2.145000000000000000e+03
2.340000000000000000e+02
4.201000000000000000e+03
7.410000000000000000e+02
3.942000000000000000e+03
4.899000000000000000e+03
1.686000000000000000e+03
3.401000000000000000e+03
4.128000000000000000e+03
4.348000000000000000e+03
3.410000000000000000e+03
1.327000000000000000e+03
4.056000000000000000e+03
3.827000000000000000e+03
1.277000000000000000e+03
3.624000000000000000e+03
1.725000000000000000e+03
1.366000000000000000e+03
4.308000000000000000e+03
4.895000000000000000e+03
1.270000000000000000e+02
3.320000000000000000e+02
2.402000000000000000e+03
3.631000000000000000e+03
1.423000000000000000e+03
4.411000000000000000e+03
3.690000000000000000e+03
3.889000000000000000e+03
3.025000000000000000e+03
3.260000000000000000e+03
2.982000000000000000e+03
2.600000000000000000e+01
1.057000000000000000e+03
4.380000000000000000e+03
4.373000000000000000e+03
2.386000000000000000e+03
1.534000000000000000e+03
1.249000000000000000e+03
3.678000000000000000e+03
2.672000000000000000e+03
4.718000000000000000e+03
2.460000000000000000e+03
1.625000000000000000e+03
4.750000000000000000e+02
2.485000000000000000e+03
1.756000000000000000e+03
2.871000000000000000e+03
1.307000000000000000e+03
1.966000000000000000e+03
1.848000000000000000e+03
7.530000000000000000e+02
8.000000000000000000e+02
4.085000000000000000e+03
4.130000000000000000e+02
3.976000000000000000e+03
1.384000000000000000e+03
5.860000000000000000e+02
1.801000000000000000e+03
3.699000000000000000e+03
3.755000000000000000e+03
2.263000000000000000e+03
3.231000000000000000e+03
1.110000000000000000e+03
9.380000000000000000e+02
4.601000000000000000e+03
3.236000000000000000e+03
2.471000000000000000e+03
4.309000000000000000e+03
1.509000000000000000e+03
4.681000000000000000e+03
4.682000000000000000e+03
3.554000000000000000e+03
2.574000000000000000e+03
2.580000000000000000e+03
1.820000000000000000e+02
2.846000000000000000e+03
3.659000000000000000e+03
1.000000000000000000e+03
3.618000000000000000e+03
4.988000000000000000e+03
1.681000000000000000e+03
1.505000000000000000e+03
4.830000000000000000e+02
3.384000000000000000e+03
3.879000000000000000e+03
2.081000000000000000e+03
4.377000000000000000e+03
3.517000000000000000e+03
8.710000000000000000e+02
6.100000000000000000e+02
4.508000000000000000e+03
2.923000000000000000e+03
4.395000000000000000e+03
1.983000000000000000e+03
4.932000000000000000e+03
4.499000000000000000e+03
2.083000000000000000e+03
4.652000000000000000e+03
1.826000000000000000e+03
6.700000000000000000e+02
7.960000000000000000e+02
3.431000000000000000e+03
1.187000000000000000e+03
1.889000000000000000e+03
3.290000000000000000e+02
2.057000000000000000e+03
4.959000000000000000e+03
4.218000000000000000e+03
1.220000000000000000e+02
2.281000000000000000e+03
4.842000000000000000e+03
1.106000000000000000e+03
3.088000000000000000e+03
8.150000000000000000e+02
3.526000000000000000e+03
5.410000000000000000e+02
4.234000000000000000e+03
4.942000000000000000e+03
4.668000000000000000e+03
1.124000000000000000e+03
3.931000000000000000e+03
2.231000000000000000e+03
2.301000000000000000e+03
1.940000000000000000e+02
4.041000000000000000e+03
1.641000000000000000e+03
2.124000000000000000e+03
1.723000000000000000e+03
4.144000000000000000e+03
1.301000000000000000e+03
1.452000000000000000e+03
4.664000000000000000e+03
2.249000000000000000e+03
2.387000000000000000e+03
4.407000000000000000e+03
8.250000000000000000e+02
3.532000000000000000e+03
2.411000000000000000e+03
4.946000000000000000e+03
1.420000000000000000e+03
1.580000000000000000e+03
1.640000000000000000e+03
1.040000000000000000e+03
1.980000000000000000e+02
2.180000000000000000e+02
