1.750000000000000000e+02
3.831000000000000000e+03
1.710000000000000000e+03
1.456000000000000000e+03
4.041000000000000000e+03
1.171000000000000000e+03
2.009000000000000000e+03
1.318000000000000000e+03
2.075000000000000000e+03
1.794000000000000000e+03
2.686000000000000000e+03
1.715000000000000000e+03
4.672000000000000000e+03
2.000000000000000000e+03
4.833000000000000000e+03
3.421000000000000000e+03
3.100000000000000000e+02
9.640000000000000000e+02
7.520000000000000000e+02
2.940000000000000000e+03
2.864000000000000000e+03
2.884000000000000000e+03
1.277000000000000000e+03
1.273000000000000000e+03
2.800000000000000000e+03
1.336000000000000000e+03
2.760000000000000000e+03
1.262000000000000000e+03
2.696000000000000000e+03
4.144000000000000000e+03
5.160000000000000000e+02
4.590000000000000000e+03
2.420000000000000000e+03
2.661000000000000000e+03
2.667000000000000000e+03
1.535000000000000000e+03
4.114000000000000000e+03
1.390000000000000000e+02
1.523000000000000000e+03
2.454000000000000000e+03
2.495000000000000000e+03
1.740000000000000000e+02
4.796000000000000000e+03
4.832000000000000000e+03
2.326000000000000000e+03
4.686000000000000000e+03
2.585000000000000000e+03
1.426000000000000000e+03
2.942000000000000000e+03
1.417000000000000000e+03
2.647000000000000000e+03
2.654000000000000000e+03
4.773000000000000000e+03
2.304000000000000000e+03
2.802000000000000000e+03
3.053000000000000000e+03
3.022000000000000000e+03
3.367000000000000000e+03
4.189000000000000000e+03
4.389000000000000000e+03
4.382000000000000000e+03
3.424000000000000000e+03
4.351000000000000000e+03
3.536000000000000000e+03
4.330000000000000000e+03
3.548000000000000000e+03
4.287000000000000000e+03
7.250000000000000000e+02
4.264000000000000000e+03
8.250000000000000000e+02
7.960000000000000000e+02
3.802000000000000000e+03
3.793000000000000000e+03
4.250000000000000000e+03
4.570000000000000000e+02
4.650000000000000000e+02
9.960000000000000000e+02
3.341000000000000000e+03
4.850000000000000000e+02
3.281000000000000000e+03
1.188000000000000000e+03
3.048000000000000000e+03
2.258000000000000000e+03
6.760000000000000000e+02
1.133000000000000000e+03
1.131000000000000000e+03
3.111000000000000000e+03
3.117000000000000000e+03
4.481000000000000000e+03
3.009000000000000000e+03
4.470000000000000000e+03
3.138000000000000000e+03
3.157000000000000000e+03
4.179000000000000000e+03
1.095000000000000000e+03
3.380000000000000000e+02
3.261000000000000000e+03
4.445000000000000000e+03
3.460000000000000000e+02
6.930000000000000000e+02
1.107000000000000000e+03
2.256000000000000000e+03
3.790000000000000000e+03
4.911000000000000000e+03
4.978000000000000000e+03
4.907000000000000000e+03
6.400000000000000000e+01
1.755000000000000000e+03
1.662000000000000000e+03
2.095000000000000000e+03
3.988000000000000000e+03
4.917000000000000000e+03
4.101000000000000000e+03
1.688000000000000000e+03
4.086000000000000000e+03
2.100000000000000000e+01
4.935000000000000000e+03
2.049000000000000000e+03
2.234000000000000000e+03
5.900000000000000000e+02
4.090000000000000000e+03
2.011000000000000000e+03
1.698000000000000000e+03
2.239000000000000000e+03
4.870000000000000000e+03
2.038000000000000000e+03
2.451000000000000000e+03
1.020000000000000000e+02
3.641000000000000000e+03
3.051000000000000000e+03
6.960000000000000000e+02
2.106000000000000000e+03
4.320000000000000000e+02
9.870000000000000000e+02
1.904000000000000000e+03
3.437000000000000000e+03
1.829000000000000000e+03
4.805000000000000000e+03
4.298000000000000000e+03
6.410000000000000000e+02
7.040000000000000000e+02
7.950000000000000000e+02
2.900000000000000000e+03
1.357000000000000000e+03
8.700000000000000000e+01
4.720000000000000000e+02
3.873000000000000000e+03
4.898000000000000000e+03
4.464000000000000000e+03
4.501000000000000000e+03
3.833000000000000000e+03
1.429000000000000000e+03
3.849000000000000000e+03
2.144000000000000000e+03
2.113000000000000000e+03
2.450000000000000000e+02
6.430000000000000000e+02
4.297000000000000000e+03
8.530000000000000000e+02
2.480000000000000000e+02
4.897000000000000000e+03
3.834000000000000000e+03
2.817000000000000000e+03
7.410000000000000000e+02
2.910000000000000000e+03
3.353000000000000000e+03
3.272000000000000000e+03
3.269000000000000000e+03
1.054000000000000000e+03
3.211000000000000000e+03
3.886000000000000000e+03
1.089000000000000000e+03
1.096000000000000000e+03
4.966000000000000000e+03
4.478000000000000000e+03
3.160000000000000000e+02
1.775000000000000000e+03
1.774000000000000000e+03
3.060000000000000000e+02
2.960000000000000000e+02
3.064000000000000000e+03
4.364000000000000000e+03
4.512000000000000000e+03
2.068000000000000000e+03
4.159000000000000000e+03
1.201000000000000000e+03
4.154000000000000000e+03
3.489000000000000000e+03
2.630000000000000000e+02
3.851000000000000000e+03
3.919000000000000000e+03
2.077000000000000000e+03
2.902000000000000000e+03
4.221000000000000000e+03
3.334000000000000000e+03
2.443000000000000000e+03
4.550000000000000000e+02
2.345000000000000000e+03
4.778000000000000000e+03
4.126000000000000000e+03
3.969000000000000000e+03
2.334000000000000000e+03
3.645000000000000000e+03
5.290000000000000000e+02
3.638000000000000000e+03
2.323000000000000000e+03
4.255000000000000000e+03
3.639000000000000000e+03
4.685000000000000000e+03
3.985000000000000000e+03
2.444000000000000000e+03
4.820000000000000000e+03
1.607000000000000000e+03
4.370000000000000000e+02
3.677000000000000000e+03
2.272000000000000000e+03
8.010000000000000000e+02
2.509000000000000000e+03
8.050000000000000000e+02
4.727000000000000000e+03
4.747000000000000000e+03
1.917000000000000000e+03
1.580000000000000000e+02
4.198000000000000000e+03
4.332000000000000000e+03
2.018000000000000000e+03
1.641000000000000000e+03
2.340000000000000000e+02
1.070000000000000000e+02
3.628000000000000000e+03
4.636000000000000000e+03
1.181000000000000000e+03
3.420000000000000000e+02
3.800000000000000000e+03
2.265000000000000000e+03
1.768000000000000000e+03
1.331000000000000000e+03
1.827000000000000000e+03
1.793000000000000000e+03
3.406000000000000000e+03
4.815000000000000000e+03
2.242000000000000000e+03
4.788000000000000000e+03
3.897000000000000000e+03
1.126000000000000000e+03
3.914000000000000000e+03
3.958000000000000000e+03
1.548000000000000000e+03
2.066000000000000000e+03
1.761000000000000000e+03
4.785000000000000000e+03
9.480000000000000000e+02
1.979000000000000000e+03
1.759000000000000000e+03
3.991000000000000000e+03
2.719000000000000000e+03
2.110000000000000000e+02
2.695000000000000000e+03
2.524000000000000000e+03
4.643000000000000000e+03
3.996000000000000000e+03
1.275000000000000000e+03
1.704000000000000000e+03
2.521000000000000000e+03
2.601000000000000000e+03
1.700000000000000000e+02
6.470000000000000000e+02
1.485000000000000000e+03
2.651000000000000000e+03
3.903000000000000000e+03
3.929000000000000000e+03
4.432000000000000000e+03
4.454000000000000000e+03
1.701000000000000000e+03
3.003000000000000000e+03
4.580000000000000000e+03
3.658000000000000000e+03
2.240000000000000000e+03
2.964000000000000000e+03
2.857000000000000000e+03
3.906000000000000000e+03
1.995000000000000000e+03
4.733000000000000000e+03
4.667000000000000000e+03
1.940000000000000000e+02
3.329000000000000000e+03
3.332000000000000000e+03
3.354000000000000000e+03
9.490000000000000000e+02
6.900000000000000000e+01
4.096000000000000000e+03
6.070000000000000000e+02
3.759000000000000000e+03
2.308000000000000000e+03
4.282000000000000000e+03
4.390000000000000000e+03
3.806000000000000000e+03
4.420000000000000000e+03
1.610000000000000000e+03
2.012000000000000000e+03
1.942000000000000000e+03
3.720000000000000000e+02
1.401000000000000000e+03
1.805000000000000000e+03
4.576000000000000000e+03
3.043000000000000000e+03
4.625000000000000000e+03
4.515000000000000000e+03
1.965000000000000000e+03
6.570000000000000000e+02
2.877000000000000000e+03
7.130000000000000000e+02
2.111000000000000000e+03
3.499000000000000000e+03
2.990000000000000000e+02
4.555000000000000000e+03
2.487000000000000000e+03
3.012000000000000000e+03
5.500000000000000000e+01
2.750000000000000000e+03
8.730000000000000000e+02
4.307000000000000000e+03
3.262000000000000000e+03
3.299000000000000000e+03
4.880000000000000000e+02
3.963000000000000000e+03
2.974000000000000000e+03
1.808000000000000000e+03
1.873000000000000000e+03
1.288000000000000000e+03
6.710000000000000000e+02
3.784000000000000000e+03
4.930000000000000000e+03
4.484000000000000000e+03
2.598000000000000000e+03
4.799000000000000000e+03
2.715000000000000000e+03
4.125000000000000000e+03
4.398000000000000000e+03
6.290000000000000000e+02
4.812000000000000000e+03
3.860000000000000000e+02
1.861000000000000000e+03
1.926000000000000000e+03
1.635000000000000000e+03
4.121000000000000000e+03
2.809000000000000000e+03
3.938000000000000000e+03
4.819000000000000000e+03
3.689000000000000000e+03
3.167000000000000000e+03
8.880000000000000000e+02
2.081000000000000000e+03
2.213000000000000000e+03
1.894000000000000000e+03
3.358000000000000000e+03
8.680000000000000000e+02
4.156000000000000000e+03
1.042000000000000000e+03
3.640000000000000000e+03
3.231000000000000000e+03
3.768000000000000000e+03
8.190000000000000000e+02
6.230000000000000000e+02
3.912000000000000000e+03
1.690000000000000000e+03
4.844000000000000000e+03
3.333000000000000000e+03
1.850000000000000000e+02
4.951000000000000000e+03
2.146000000000000000e+03
2.340000000000000000e+03
1.483000000000000000e+03
3.453000000000000000e+03
4.629000000000000000e+03
4.860000000000000000e+02
3.451000000000000000e+03
6.000000000000000000e+01
1.141000000000000000e+03
2.427000000000000000e+03
3.264000000000000000e+03
9.670000000000000000e+02
3.680000000000000000e+02
5.950000000000000000e+02
4.638000000000000000e+03
1.836000000000000000e+03
1.685000000000000000e+03
8.550000000000000000e+02
3.891000000000000000e+03
6.890000000000000000e+02
5.760000000000000000e+02
6.700000000000000000e+02
4.270000000000000000e+02
2.470000000000000000e+02
3.189000000000000000e+03
4.409000000000000000e+03
2.953000000000000000e+03
1.530000000000000000e+02
1.868000000000000000e+03
2.549000000000000000e+03
3.526000000000000000e+03
4.749000000000000000e+03
1.058000000000000000e+03
3.400000000000000000e+01
1.844000000000000000e+03
2.403000000000000000e+03
4.320000000000000000e+03
4.880000000000000000e+03
2.644000000000000000e+03
1.950000000000000000e+02
1.313000000000000000e+03
1.510000000000000000e+03
2.173000000000000000e+03
3.118000000000000000e+03
6.660000000000000000e+02
1.303000000000000000e+03
2.935000000000000000e+03
4.857000000000000000e+03
2.319000000000000000e+03
2.900000000000000000e+02
4.514000000000000000e+03
1.520000000000000000e+02
1.161000000000000000e+03
3.450000000000000000e+03
2.514000000000000000e+03
1.177000000000000000e+03
3.595000000000000000e+03
3.900000000000000000e+02
1.912000000000000000e+03
1.581000000000000000e+03
3.721000000000000000e+03
2.353000000000000000e+03
2.798000000000000000e+03
4.936000000000000000e+03
2.781000000000000000e+03
2.380000000000000000e+03
1.591000000000000000e+03
3.670000000000000000e+03
6.280000000000000000e+02
4.605000000000000000e+03
5.480000000000000000e+02
1.039000000000000000e+03
3.496000000000000000e+03
1.460000000000000000e+03
2.873000000000000000e+03
2.047000000000000000e+03
2.338000000000000000e+03
1.823000000000000000e+03
4.802000000000000000e+03
4.468000000000000000e+03
1.506000000000000000e+03
3.955000000000000000e+03
1.957000000000000000e+03
3.566000000000000000e+03
2.738000000000000000e+03
4.682000000000000000e+03
3.663000000000000000e+03
4.060000000000000000e+03
4.923000000000000000e+03
1.099000000000000000e+03
4.399000000000000000e+03
4.417000000000000000e+03
3.290000000000000000e+03
6.350000000000000000e+02
6.340000000000000000e+02
1.882000000000000000e+03
4.693000000000000000e+03
4.700000000000000000e+03
3.274000000000000000e+03
3.277000000000000000e+03
2.555000000000000000e+03
2.918000000000000000e+03
2.148000000000000000e+03
2.410000000000000000e+03
2.085000000000000000e+03
2.076000000000000000e+03
3.030000000000000000e+02
4.637000000000000000e+03
3.080000000000000000e+03
1.541000000000000000e+03
4.299000000000000000e+03
4.295000000000000000e+03
3.621000000000000000e+03
3.626000000000000000e+03
4.280000000000000000e+02
8.330000000000000000e+02
2.775000000000000000e+03
7.720000000000000000e+02
2.754000000000000000e+03
2.329000000000000000e+03
1.030000000000000000e+02
3.013000000000000000e+03
3.754000000000000000e+03
2.556000000000000000e+03
2.571000000000000000e+03
1.421000000000000000e+03
2.677000000000000000e+03
1.458000000000000000e+03
2.486000000000000000e+03
2.219000000000000000e+03
1.525000000000000000e+03
1.615000000000000000e+03
1.676000000000000000e+03
1.681000000000000000e+03
2.165000000000000000e+03
2.152000000000000000e+03
2.112000000000000000e+03
2.026000000000000000e+03
4.021000000000000000e+03
1.806000000000000000e+03
1.830000000000000000e+03
1.939000000000000000e+03
1.885000000000000000e+03
1.517000000000000000e+03
6.450000000000000000e+02
2.913000000000000000e+03
2.780000000000000000e+03
3.795000000000000000e+03
7.810000000000000000e+02
3.601000000000000000e+03
8.660000000000000000e+02
3.591000000000000000e+03
9.050000000000000000e+02
9.300000000000000000e+02
3.469000000000000000e+03
3.463000000000000000e+03
3.441000000000000000e+03
9.680000000000000000e+02
1.010000000000000000e+03
3.223000000000000000e+03
3.181000000000000000e+03
3.939000000000000000e+03
3.163000000000000000e+03
1.116000000000000000e+03
3.904000000000000000e+03
1.155000000000000000e+03
3.075000000000000000e+03
3.071000000000000000e+03
3.050000000000000000e+03
3.030000000000000000e+03
3.004000000000000000e+03
2.993000000000000000e+03
2.988000000000000000e+03
6.670000000000000000e+02
7.560000000000000000e+02
2.866000000000000000e+03
6.590000000000000000e+02
3.122000000000000000e+03
1.210000000000000000e+03
3.458000000000000000e+03
4.630000000000000000e+02
4.759000000000000000e+03
4.550000000000000000e+03
3.630000000000000000e+02
4.853000000000000000e+03
4.160000000000000000e+03
4.518000000000000000e+03
8.100000000000000000e+01
3.240000000000000000e+02
4.952000000000000000e+03
4.340000000000000000e+03
4.473000000000000000e+03
5.100000000000000000e+02
4.739000000000000000e+03
4.740000000000000000e+02
4.600000000000000000e+03
4.496000000000000000e+03
4.331000000000000000e+03
4.615000000000000000e+03
1.119000000000000000e+03
3.016000000000000000e+03
3.693000000000000000e+03
4.593000000000000000e+03
1.858000000000000000e+03
4.091000000000000000e+03
2.048000000000000000e+03
1.224000000000000000e+03
4.800000000000000000e+03
2.033000000000000000e+03
4.220000000000000000e+03
3.363000000000000000e+03
2.766000000000000000e+03
3.675000000000000000e+03
5.790000000000000000e+02
2.714000000000000000e+03
2.728000000000000000e+03
1.050000000000000000e+02
2.200000000000000000e+02
2.079000000000000000e+03
4.623000000000000000e+03
4.734000000000000000e+03
3.631000000000000000e+03
4.240000000000000000e+03
1.053000000000000000e+03
4.726000000000000000e+03
4.252000000000000000e+03
1.491000000000000000e+03
3.005000000000000000e+03
2.920000000000000000e+02
3.112000000000000000e+03
3.928000000000000000e+03
3.964000000000000000e+03
1.156000000000000000e+03
2.062000000000000000e+03
3.547000000000000000e+03
4.077000000000000000e+03
1.268000000000000000e+03
1.852000000000000000e+03
1.283000000000000000e+03
2.748000000000000000e+03
4.018000000000000000e+03
1.392000000000000000e+03
2.941000000000000000e+03
4.391000000000000000e+03
1.240000000000000000e+02
2.656000000000000000e+03
3.880000000000000000e+02
1.632000000000000000e+03
3.428000000000000000e+03
6.060000000000000000e+02
1.785000000000000000e+03
1.311000000000000000e+03
2.535000000000000000e+03
2.958000000000000000e+03
3.629000000000000000e+03
3.350000000000000000e+02
3.206000000000000000e+03
1.505000000000000000e+03
1.560000000000000000e+03
3.514000000000000000e+03
3.292000000000000000e+03
3.864000000000000000e+03
4.528000000000000000e+03
2.979000000000000000e+03
4.527000000000000000e+03
4.049000000000000000e+03
1.414000000000000000e+03
4.340000000000000000e+02
4.731000000000000000e+03
9.570000000000000000e+02
1.349000000000000000e+03
4.450000000000000000e+02
3.095000000000000000e+03
2.132000000000000000e+03
3.047000000000000000e+03
4.530000000000000000e+02
1.928000000000000000e+03
1.719000000000000000e+03
4.306000000000000000e+03
3.598000000000000000e+03
4.250000000000000000e+02
3.522000000000000000e+03
4.764000000000000000e+03
2.859000000000000000e+03
5.350000000000000000e+02
2.372000000000000000e+03
4.232000000000000000e+03
3.423000000000000000e+03
4.585000000000000000e+03
2.700000000000000000e+03
1.026000000000000000e+03
3.627000000000000000e+03
2.221000000000000000e+03
2.602000000000000000e+03
1.237000000000000000e+03
3.668000000000000000e+03
2.456000000000000000e+03
6.990000000000000000e+02
4.319000000000000000e+03
1.922000000000000000e+03
1.260000000000000000e+02
2.311000000000000000e+03
4.916000000000000000e+03
3.808000000000000000e+03
2.722000000000000000e+03
2.044000000000000000e+03
1.250000000000000000e+03
9.270000000000000000e+02
1.857000000000000000e+03
8.960000000000000000e+02
1.870000000000000000e+03
3.798000000000000000e+03
4.918000000000000000e+03
2.030000000000000000e+03
1.955000000000000000e+03
4.404000000000000000e+03
3.894000000000000000e+03
3.085000000000000000e+03
3.757000000000000000e+03
4.455000000000000000e+03
1.210000000000000000e+02
7.980000000000000000e+02
3.984000000000000000e+03
4.716000000000000000e+03
9.610000000000000000e+02
3.765000000000000000e+03
1.424000000000000000e+03
1.440000000000000000e+03
1.657000000000000000e+03
3.079000000000000000e+03
6.010000000000000000e+02
4.874000000000000000e+03
2.634000000000000000e+03
3.708000000000000000e+03
8.000000000000000000e+01
2.633000000000000000e+03
2.375000000000000000e+03
4.470000000000000000e+02
4.200000000000000000e+03
2.043000000000000000e+03
8.590000000000000000e+02
1.683000000000000000e+03
1.094000000000000000e+03
2.420000000000000000e+02
4.261000000000000000e+03
2.774000000000000000e+03
3.340000000000000000e+02
3.200000000000000000e+03
4.459000000000000000e+03
1.125000000000000000e+03
2.435000000000000000e+03
1.493000000000000000e+03
2.630000000000000000e+03
7.420000000000000000e+02
2.021000000000000000e+03
3.487000000000000000e+03
4.829000000000000000e+03
2.597000000000000000e+03
0.000000000000000000e+00
2.090000000000000000e+02
3.944000000000000000e+03
4.425000000000000000e+03
2.842000000000000000e+03
3.722000000000000000e+03
7.090000000000000000e+02
2.955000000000000000e+03
4.965000000000000000e+03
2.214000000000000000e+03
1.556000000000000000e+03
1.022000000000000000e+03
1.315000000000000000e+03
4.671000000000000000e+03
2.603000000000000000e+03
7.530000000000000000e+02
4.251000000000000000e+03
2.823000000000000000e+03
3.120000000000000000e+03
2.878000000000000000e+03
4.236000000000000000e+03
1.230000000000000000e+02
3.007000000000000000e+03
4.027000000000000000e+03
2.689000000000000000e+03
1.044000000000000000e+03
2.401000000000000000e+03
3.440000000000000000e+02
2.869000000000000000e+03
3.349000000000000000e+03
4.345000000000000000e+03
1.663000000000000000e+03
1.959000000000000000e+03
4.461000000000000000e+03
2.063000000000000000e+03
4.919000000000000000e+03
1.614000000000000000e+03
2.636000000000000000e+03
3.301000000000000000e+03
3.132000000000000000e+03
3.953000000000000000e+03
4.006000000000000000e+03
3.314000000000000000e+03
4.233000000000000000e+03
4.083000000000000000e+03
2.658000000000000000e+03
5.670000000000000000e+02
4.656000000000000000e+03
3.521000000000000000e+03
1.408000000000000000e+03
2.046000000000000000e+03
7.700000000000000000e+02
3.546000000000000000e+03
2.103000000000000000e+03
1.888000000000000000e+03
3.931000000000000000e+03
4.511000000000000000e+03
3.395000000000000000e+03
4.753000000000000000e+03
4.790000000000000000e+02
1.109000000000000000e+03
3.850000000000000000e+02
1.879000000000000000e+03
9.010000000000000000e+02
3.266000000000000000e+03
4.052000000000000000e+03
4.396000000000000000e+03
9.210000000000000000e+02
3.981000000000000000e+03
4.415000000000000000e+03
3.202000000000000000e+03
7.400000000000000000e+02
1.578000000000000000e+03
1.404000000000000000e+03
1.402000000000000000e+03
1.052000000000000000e+03
2.249000000000000000e+03
2.352000000000000000e+03
6.520000000000000000e+02
6.380000000000000000e+02
3.676000000000000000e+03
1.338000000000000000e+03
4.338000000000000000e+03
4.067000000000000000e+03
4.036000000000000000e+03
3.072000000000000000e+03
7.440000000000000000e+02
3.571000000000000000e+03
3.375000000000000000e+03
1.684000000000000000e+03
3.513000000000000000e+03
2.693000000000000000e+03
2.995000000000000000e+03
1.617000000000000000e+03
4.000000000000000000e+02
4.591000000000000000e+03
1.347000000000000000e+03
1.940000000000000000e+03
4.986000000000000000e+03
3.557000000000000000e+03
2.810000000000000000e+03
2.600000000000000000e+01
3.979000000000000000e+03
1.448000000000000000e+03
4.430000000000000000e+02
3.086000000000000000e+03
4.780000000000000000e+03
4.760000000000000000e+03
1.733000000000000000e+03
1.725000000000000000e+03
2.274000000000000000e+03
4.816000000000000000e+03
3.750000000000000000e+02
2.087000000000000000e+03
1.063000000000000000e+03
3.419000000000000000e+03
3.107000000000000000e+03
3.218000000000000000e+03
1.727000000000000000e+03
3.479000000000000000e+03
6.940000000000000000e+02
2.008000000000000000e+03
1.306000000000000000e+03
2.765000000000000000e+03
1.620000000000000000e+02
4.400000000000000000e+02
1.028000000000000000e+03
3.893000000000000000e+03
4.903000000000000000e+03
4.248000000000000000e+03
3.478000000000000000e+03
3.021000000000000000e+03
4.962000000000000000e+03
1.381000000000000000e+03
3.567000000000000000e+03
3.582000000000000000e+03
9.060000000000000000e+02
2.462000000000000000e+03
9.790000000000000000e+02
1.572000000000000000e+03
2.996000000000000000e+03
6.640000000000000000e+02
4.095000000000000000e+03
3.861000000000000000e+03
1.670000000000000000e+03
4.061000000000000000e+03
4.186000000000000000e+03
3.673000000000000000e+03
8.000000000000000000e+00
7.260000000000000000e+02
3.848000000000000000e+03
2.642000000000000000e+03
4.535000000000000000e+03
2.050000000000000000e+02
7.700000000000000000e+01
1.773000000000000000e+03
4.147000000000000000e+03
1.035000000000000000e+03
1.451000000000000000e+03
4.745000000000000000e+03
4.182000000000000000e+03
4.271000000000000000e+03
2.854000000000000000e+03
2.830000000000000000e+03
5.000000000000000000e+01
2.769000000000000000e+03
3.410000000000000000e+03
1.352000000000000000e+03
1.453000000000000000e+03
3.510000000000000000e+02
1.108000000000000000e+03
1.226000000000000000e+03
3.640000000000000000e+02
4.262000000000000000e+03
1.380000000000000000e+02
3.543000000000000000e+03
1.518000000000000000e+03
4.369000000000000000e+03
4.541000000000000000e+03
2.610000000000000000e+02
3.109000000000000000e+03
2.759000000000000000e+03
1.219000000000000000e+03
2.058000000000000000e+03
3.766000000000000000e+03
4.513000000000000000e+03
3.512000000000000000e+03
8.100000000000000000e+02
3.961000000000000000e+03
1.736000000000000000e+03
1.393000000000000000e+03
1.090000000000000000e+03
3.193000000000000000e+03
3.730000000000000000e+02
3.233000000000000000e+03
3.319000000000000000e+03
1.149000000000000000e+03
1.294000000000000000e+03
2.919000000000000000e+03
1.228000000000000000e+03
1.652000000000000000e+03
1.691000000000000000e+03
4.016000000000000000e+03
1.482000000000000000e+03
1.356000000000000000e+03
8.570000000000000000e+02
3.510000000000000000e+03
1.321000000000000000e+03
2.448000000000000000e+03
3.950000000000000000e+03
3.858000000000000000e+03
2.515000000000000000e+03
3.974000000000000000e+03
1.267000000000000000e+03
3.326000000000000000e+03
2.527000000000000000e+03
4.448000000000000000e+03
4.100000000000000000e+02
3.129000000000000000e+03
1.847000000000000000e+03
4.806000000000000000e+03
4.976000000000000000e+03
4.811000000000000000e+03
2.351000000000000000e+03
4.316000000000000000e+03
5.050000000000000000e+02
4.606000000000000000e+03
1.468000000000000000e+03
4.019000000000000000e+03
3.573000000000000000e+03
1.863000000000000000e+03
3.480000000000000000e+03
2.844000000000000000e+03
4.343000000000000000e+03
4.822000000000000000e+03
4.953000000000000000e+03
8.930000000000000000e+02
3.027000000000000000e+03
4.542000000000000000e+03
9.100000000000000000e+01
8.420000000000000000e+02
4.403000000000000000e+03
1.880000000000000000e+02
4.668000000000000000e+03
3.620000000000000000e+03
5.830000000000000000e+02
2.749000000000000000e+03
1.558000000000000000e+03
4.075000000000000000e+03
2.224000000000000000e+03
1.711000000000000000e+03
1.580000000000000000e+03
4.342000000000000000e+03
8.230000000000000000e+02
1.343000000000000000e+03
2.886000000000000000e+03
1.531000000000000000e+03
2.893000000000000000e+03
2.727000000000000000e+03
2.900000000000000000e+01
2.405000000000000000e+03
2.777000000000000000e+03
3.024000000000000000e+03
1.176000000000000000e+03
1.420000000000000000e+03
8.830000000000000000e+02
3.915000000000000000e+03
4.982000000000000000e+03
4.540000000000000000e+02
2.065000000000000000e+03
3.878000000000000000e+03
3.284000000000000000e+03
4.948000000000000000e+03
4.970000000000000000e+02
1.308000000000000000e+03
3.993000000000000000e+03
8.600000000000000000e+02
3.377000000000000000e+03
2.200000000000000000e+01
1.594000000000000000e+03
5.940000000000000000e+02
1.295000000000000000e+03
2.787000000000000000e+03
4.848000000000000000e+03
2.115000000000000000e+03
1.489000000000000000e+03
3.657000000000000000e+03
2.102000000000000000e+03
2.145000000000000000e+03
2.796000000000000000e+03
3.747000000000000000e+03
3.399000000000000000e+03
4.005000000000000000e+03
3.935000000000000000e+03
2.721000000000000000e+03
4.054000000000000000e+03
2.717000000000000000e+03
1.907000000000000000e+03
1.924000000000000000e+03
4.930000000000000000e+02
1.743000000000000000e+03
3.456000000000000000e+03
7.270000000000000000e+02
2.023000000000000000e+03
1.593000000000000000e+03
4.980000000000000000e+03
3.495000000000000000e+03
1.550000000000000000e+03
9.700000000000000000e+01
3.877000000000000000e+03
1.818000000000000000e+03
2.198000000000000000e+03
2.970000000000000000e+02
4.076000000000000000e+03
2.605000000000000000e+03
5.840000000000000000e+02
5.860000000000000000e+02
1.801000000000000000e+03
1.499000000000000000e+03
2.664000000000000000e+03
3.952000000000000000e+03
3.500000000000000000e+01
1.822000000000000000e+03
2.494000000000000000e+03
5.420000000000000000e+02
2.971000000000000000e+03
3.867000000000000000e+03
7.500000000000000000e+01
3.440000000000000000e+03
5.400000000000000000e+02
1.399000000000000000e+03
2.442000000000000000e+03
2.440000000000000000e+02
2.184000000000000000e+03
2.580000000000000000e+02
4.861000000000000000e+03
4.884000000000000000e+03
8.470000000000000000e+02
2.699000000000000000e+03
4.572000000000000000e+03
4.843000000000000000e+03
1.710000000000000000e+02
3.398000000000000000e+03
2.558000000000000000e+03
4.968000000000000000e+03
3.323000000000000000e+03
2.206000000000000000e+03
4.648000000000000000e+03
2.036000000000000000e+03
4.506000000000000000e+03
3.907000000000000000e+03
2.470000000000000000e+03
4.836000000000000000e+03
1.971000000000000000e+03
3.776000000000000000e+03
2.284000000000000000e+03
2.994000000000000000e+03
2.830000000000000000e+02
1.781000000000000000e+03
5.720000000000000000e+02
3.538000000000000000e+03
3.267000000000000000e+03
3.515000000000000000e+03
3.923000000000000000e+03
4.633000000000000000e+03
3.746000000000000000e+03
8.070000000000000000e+02
9.170000000000000000e+02
2.637000000000000000e+03
4.561000000000000000e+03
2.547000000000000000e+03
2.912000000000000000e+03
3.656000000000000000e+03
1.101000000000000000e+03
2.100000000000000000e+02
6.550000000000000000e+02
2.178000000000000000e+03
4.628000000000000000e+03
3.774000000000000000e+03
4.106000000000000000e+03
4.621000000000000000e+03
1.292000000000000000e+03
4.296000000000000000e+03
9.070000000000000000e+02
4.847000000000000000e+03
4.020000000000000000e+03
4.245000000000000000e+03
2.137000000000000000e+03
3.599000000000000000e+03
2.778000000000000000e+03
2.320000000000000000e+02
2.303000000000000000e+03
1.588000000000000000e+03
1.748000000000000000e+03
1.200000000000000000e+03
3.610000000000000000e+03
5.080000000000000000e+02
1.886000000000000000e+03
4.488000000000000000e+03
2.480000000000000000e+03
3.011000000000000000e+03
1.700000000000000000e+03
6.370000000000000000e+02
3.778000000000000000e+03
4.308000000000000000e+03
3.382000000000000000e+03
2.307000000000000000e+03
3.141000000000000000e+03
3.174000000000000000e+03
3.282000000000000000e+03
6.620000000000000000e+02
3.839000000000000000e+03
3.222000000000000000e+03
3.519000000000000000e+03
3.932000000000000000e+03
3.150000000000000000e+03
2.357000000000000000e+03
1.209000000000000000e+03
9.280000000000000000e+02
1.596000000000000000e+03
9.100000000000000000e+02
1.853000000000000000e+03
4.838000000000000000e+03
9.200000000000000000e+02
3.786000000000000000e+03
9.300000000000000000e+01
1.203000000000000000e+03
1.700000000000000000e+01
4.570000000000000000e+03
6.100000000000000000e+02
9.550000000000000000e+02
2.255000000000000000e+03
2.920000000000000000e+03
1.190000000000000000e+02
3.352000000000000000e+03
2.837000000000000000e+03
3.830000000000000000e+03
2.296000000000000000e+03
3.612000000000000000e+03
1.238000000000000000e+03
4.211000000000000000e+03
9.800000000000000000e+01
4.618000000000000000e+03
4.132000000000000000e+03
2.560000000000000000e+02
8.700000000000000000e+02
5.610000000000000000e+02
1.953000000000000000e+03
4.244000000000000000e+03
1.645000000000000000e+03
4.827000000000000000e+03
1.330000000000000000e+02
2.339000000000000000e+03
4.582000000000000000e+03
4.547000000000000000e+03
9.240000000000000000e+02
7.310000000000000000e+02
2.803000000000000000e+03
4.560000000000000000e+03
2.818000000000000000e+03
4.988000000000000000e+03
1.898000000000000000e+03
2.511000000000000000e+03
8.350000000000000000e+02
4.998000000000000000e+03
1.413000000000000000e+03
2.190000000000000000e+02
2.128000000000000000e+03
1.802000000000000000e+03
3.480000000000000000e+02
3.219000000000000000e+03
1.970000000000000000e+02
3.741000000000000000e+03
1.796000000000000000e+03
4.500000000000000000e+03
3.890000000000000000e+03
4.771000000000000000e+03
2.072000000000000000e+03
1.127000000000000000e+03
2.607000000000000000e+03
1.124000000000000000e+03
4.256000000000000000e+03
1.418000000000000000e+03
1.419000000000000000e+03
3.120000000000000000e+02
4.655000000000000000e+03
7.760000000000000000e+02
2.662000000000000000e+03
3.127000000000000000e+03
4.084000000000000000e+03
3.240000000000000000e+03
4.458000000000000000e+03
3.943000000000000000e+03
1.746000000000000000e+03
9.370000000000000000e+02
3.530000000000000000e+02
3.710000000000000000e+03
4.161000000000000000e+03
1.983000000000000000e+03
3.031000000000000000e+03
1.369000000000000000e+03
2.589000000000000000e+03
1.077000000000000000e+03
3.037000000000000000e+03
3.620000000000000000e+02
2.591000000000000000e+03
1.772000000000000000e+03
4.503000000000000000e+03
2.055000000000000000e+03
1.158000000000000000e+03
1.530000000000000000e+03
4.504000000000000000e+03
2.594000000000000000e+03
1.353000000000000000e+03
4.883000000000000000e+03
2.093000000000000000e+03
1.738000000000000000e+03
1.256000000000000000e+03
1.387000000000000000e+03
1.074000000000000000e+03
1.816000000000000000e+03
1.980000000000000000e+03
2.476000000000000000e+03
3.792000000000000000e+03
4.072000000000000000e+03
1.139000000000000000e+03
4.014000000000000000e+03
4.507000000000000000e+03
2.002000000000000000e+03
4.583000000000000000e+03
2.042000000000000000e+03
3.678000000000000000e+03
4.100000000000000000e+03
4.280000000000000000e+03
2.383000000000000000e+03
4.000000000000000000e+03
3.364000000000000000e+03
1.834000000000000000e+03
1.825000000000000000e+03
2.431000000000000000e+03
7.280000000000000000e+02
4.055000000000000000e+03
8.460000000000000000e+02
4.451000000000000000e+03
4.266000000000000000e+03
4.164000000000000000e+03
8.340000000000000000e+02
4.367000000000000000e+03
1.638000000000000000e+03
4.536000000000000000e+03
4.355000000000000000e+03
1.890000000000000000e+02
6.680000000000000000e+02
2.160000000000000000e+02
4.012000000000000000e+03
2.370000000000000000e+02
4.910000000000000000e+02
2.784000000000000000e+03
3.080000000000000000e+02
1.010000000000000000e+02
4.153000000000000000e+03
4.767000000000000000e+03
2.497000000000000000e+03
1.536000000000000000e+03
3.980000000000000000e+03
4.855000000000000000e+03
2.105000000000000000e+03
4.437000000000000000e+03
2.747000000000000000e+03
2.040000000000000000e+02
2.625000000000000000e+03
2.536000000000000000e+03
2.356000000000000000e+03
4.166000000000000000e+03
4.149000000000000000e+03
4.329000000000000000e+03
9.530000000000000000e+02
1.215000000000000000e+03
1.634000000000000000e+03
1.079000000000000000e+03
2.906000000000000000e+03
1.145000000000000000e+03
3.321000000000000000e+03
1.991000000000000000e+03
4.002000000000000000e+03
3.699000000000000000e+03
2.158000000000000000e+03
4.954000000000000000e+03
3.294000000000000000e+03
3.210000000000000000e+02
9.770000000000000000e+02
8.840000000000000000e+02
4.995000000000000000e+03
6.300000000000000000e+02
4.738000000000000000e+03
4.043000000000000000e+03
1.672000000000000000e+03
4.876000000000000000e+03
2.619000000000000000e+03
2.363000000000000000e+03
3.426000000000000000e+03
6.320000000000000000e+02
4.377000000000000000e+03
4.804000000000000000e+03
3.743000000000000000e+03
2.241000000000000000e+03
8.260000000000000000e+02
1.554000000000000000e+03
3.523000000000000000e+03
7.490000000000000000e+02
3.468000000000000000e+03
3.728000000000000000e+03
2.578000000000000000e+03
9.400000000000000000e+01
1.745000000000000000e+03
1.490000000000000000e+03
1.263000000000000000e+03
2.962000000000000000e+03
4.227000000000000000e+03
2.518000000000000000e+03
2.271000000000000000e+03
3.680000000000000000e+03
3.201000000000000000e+03
5.920000000000000000e+02
1.832000000000000000e+03
2.733000000000000000e+03
1.876000000000000000e+03
2.660000000000000000e+02
1.660000000000000000e+03
3.229000000000000000e+03
1.479000000000000000e+03
4.533000000000000000e+03
1.585000000000000000e+03
5.270000000000000000e+02
4.065000000000000000e+03
3.674000000000000000e+03
5.200000000000000000e+01
3.166000000000000000e+03
4.775000000000000000e+03
1.088000000000000000e+03
4.740000000000000000e+03
2.138000000000000000e+03
1.405000000000000000e+03
3.454000000000000000e+03
3.029000000000000000e+03
4.525000000000000000e+03
5.570000000000000000e+02
5.230000000000000000e+02
3.350000000000000000e+03
2.283000000000000000e+03
7.600000000000000000e+02
2.954000000000000000e+03
4.413000000000000000e+03
4.192000000000000000e+03
7.880000000000000000e+02
3.001000000000000000e+03
6.020000000000000000e+02
1.471000000000000000e+03
2.207000000000000000e+03
4.426000000000000000e+03
1.341000000000000000e+03
1.144000000000000000e+03
3.854000000000000000e+03
3.188000000000000000e+03
1.447000000000000000e+03
1.856000000000000000e+03
5.450000000000000000e+02
4.674000000000000000e+03
4.347000000000000000e+03
2.570000000000000000e+03
7.990000000000000000e+02
3.303000000000000000e+03
4.443000000000000000e+03
4.973000000000000000e+03
3.545000000000000000e+03
1.744000000000000000e+03
4.452000000000000000e+03
2.876000000000000000e+03
4.568000000000000000e+03
1.561000000000000000e+03
1.403000000000000000e+03
4.537000000000000000e+03
6.110000000000000000e+02
3.948000000000000000e+03
3.098000000000000000e+03
4.651000000000000000e+03
4.888000000000000000e+03
1.650000000000000000e+03
4.080000000000000000e+02
5.600000000000000000e+01
1.532000000000000000e+03
1.097000000000000000e+03
4.289000000000000000e+03
1.223000000000000000e+03
3.347000000000000000e+03
3.465000000000000000e+03
8.890000000000000000e+02
2.478000000000000000e+03
3.507000000000000000e+03
2.185000000000000000e+03
1.507000000000000000e+03
2.949000000000000000e+03
3.541000000000000000e+03
2.825000000000000000e+03
2.343000000000000000e+03
1.174000000000000000e+03
6.090000000000000000e+02
1.100000000000000000e+01
4.573000000000000000e+03
1.000000000000000000e+01
1.241000000000000000e+03
6.530000000000000000e+02
2.236000000000000000e+03
2.814000000000000000e+03
1.461000000000000000e+03
4.116000000000000000e+03
1.252000000000000000e+03
4.928000000000000000e+03
3.534000000000000000e+03
4.203000000000000000e+03
4.080000000000000000e+03
5.120000000000000000e+02
1.018000000000000000e+03
1.994000000000000000e+03
2.100000000000000000e+03
9.950000000000000000e+02
6.500000000000000000e+02
9.260000000000000000e+02
3.461000000000000000e+03
7.170000000000000000e+02
3.719000000000000000e+03
1.608000000000000000e+03
4.103000000000000000e+03
3.093000000000000000e+03
3.400000000000000000e+03
1.185000000000000000e+03
1.380000000000000000e+03
3.216000000000000000e+03
4.553000000000000000e+03
4.168000000000000000e+03
4.580000000000000000e+02
1.509000000000000000e+03
4.610000000000000000e+02
1.282000000000000000e+03
2.232000000000000000e+03
1.730000000000000000e+02
4.460000000000000000e+02
1.771000000000000000e+03
1.975000000000000000e+03
3.563000000000000000e+03
3.100000000000000000e+01
3.918000000000000000e+03
4.281000000000000000e+03
3.397000000000000000e+03
3.408000000000000000e+03
4.587000000000000000e+03
3.148000000000000000e+03
4.450000000000000000e+03
1.359000000000000000e+03
4.509000000000000000e+03
1.454000000000000000e+03
4.374000000000000000e+03
4.487000000000000000e+03
3.090000000000000000e+03
4.502000000000000000e+03
1.072000000000000000e+03
2.270000000000000000e+02
2.965000000000000000e+03
4.134000000000000000e+03
2.629000000000000000e+03
7.320000000000000000e+02
2.833000000000000000e+03
1.194000000000000000e+03
2.335000000000000000e+03
6.980000000000000000e+02
2.050000000000000000e+03
4.694000000000000000e+03
3.246000000000000000e+03
3.310000000000000000e+02
2.280000000000000000e+02
2.396000000000000000e+03
4.834000000000000000e+03
1.410000000000000000e+02
3.401000000000000000e+03
1.390000000000000000e+03
4.614000000000000000e+03
2.758000000000000000e+03
4.254000000000000000e+03
2.120000000000000000e+03
1.206000000000000000e+03
4.920000000000000000e+03
4.863000000000000000e+03
8.370000000000000000e+02
4.150000000000000000e+03
3.033000000000000000e+03
1.195000000000000000e+03
2.275000000000000000e+03
3.653000000000000000e+03
8.500000000000000000e+02
1.780000000000000000e+03
1.521000000000000000e+03
1.093000000000000000e+03
6.490000000000000000e+02
6.220000000000000000e+02
3.666000000000000000e+03
1.666000000000000000e+03
7.240000000000000000e+02
1.604000000000000000e+03
3.280000000000000000e+02
2.212000000000000000e+03
2.230000000000000000e+03
4.378000000000000000e+03
4.901000000000000000e+03
3.690000000000000000e+02
1.930000000000000000e+02
1.274000000000000000e+03
4.873000000000000000e+03
2.245000000000000000e+03
1.648000000000000000e+03
1.106000000000000000e+03
5.520000000000000000e+02
2.917000000000000000e+03
1.626000000000000000e+03
7.800000000000000000e+02
5.870000000000000000e+02
3.840000000000000000e+02
1.459000000000000000e+03
3.682000000000000000e+03
3.091000000000000000e+03
3.650000000000000000e+02
4.081000000000000000e+03
4.961000000000000000e+03
1.797000000000000000e+03
3.248000000000000000e+03
2.141000000000000000e+03
3.088000000000000000e+03
3.983000000000000000e+03
2.200000000000000000e+03
4.958000000000000000e+03
2.936000000000000000e+03
1.972000000000000000e+03
3.525000000000000000e+03
4.997000000000000000e+03
2.968000000000000000e+03
4.260000000000000000e+03
8.980000000000000000e+02
3.066000000000000000e+03
4.438000000000000000e+03
2.567000000000000000e+03
2.171000000000000000e+03
1.257000000000000000e+03
1.914000000000000000e+03
6.480000000000000000e+02
1.067000000000000000e+03
1.960000000000000000e+03
4.980000000000000000e+02
1.884000000000000000e+03
3.761000000000000000e+03
2.501000000000000000e+03
2.114000000000000000e+03
8.820000000000000000e+02
2.089000000000000000e+03
1.016000000000000000e+03
4.699000000000000000e+03
2.596000000000000000e+03
1.465000000000000000e+03
1.716000000000000000e+03
7.740000000000000000e+02
3.842000000000000000e+03
1.512000000000000000e+03
1.445000000000000000e+03
1.653000000000000000e+03
3.020000000000000000e+03
2.294000000000000000e+03
1.665000000000000000e+03
1.992000000000000000e+03
4.215000000000000000e+03
1.726000000000000000e+03
4.520000000000000000e+03
1.707000000000000000e+03
3.099000000000000000e+03
2.159000000000000000e+03
1.122000000000000000e+03
4.985000000000000000e+03
3.698000000000000000e+03
1.187000000000000000e+03
3.659000000000000000e+03
1.204000000000000000e+03
4.592000000000000000e+03
7.210000000000000000e+02
8.480000000000000000e+02
4.119000000000000000e+03
4.311000000000000000e+03
8.540000000000000000e+02
3.910000000000000000e+03
3.032000000000000000e+03
3.667000000000000000e+03
8.240000000000000000e+02
7.750000000000000000e+02
3.370000000000000000e+03
3.427000000000000000e+03
1.859000000000000000e+03
3.052000000000000000e+03
1.199000000000000000e+03
1.137000000000000000e+03
4.616000000000000000e+03
1.563000000000000000e+03
1.661000000000000000e+03
1.944000000000000000e+03
4.732000000000000000e+03
4.970000000000000000e+03
1.040000000000000000e+03
4.599000000000000000e+03
4.887000000000000000e+03
2.843000000000000000e+03
2.756000000000000000e+03
4.828000000000000000e+03
4.960000000000000000e+02
2.922000000000000000e+03
3.315000000000000000e+03
4.559000000000000000e+03
1.986000000000000000e+03
2.785000000000000000e+03
1.310000000000000000e+02
2.393000000000000000e+03
3.355000000000000000e+03
1.623000000000000000e+03
3.078000000000000000e+03
1.933000000000000000e+03
3.608000000000000000e+03
4.362000000000000000e+03
3.704000000000000000e+03
2.925000000000000000e+03
4.323000000000000000e+03
2.980000000000000000e+02
2.870000000000000000e+03
2.279000000000000000e+03
4.446000000000000000e+03
5.370000000000000000e+02
2.983000000000000000e+03
4.597000000000000000e+03
9.620000000000000000e+02
2.080000000000000000e+03
2.546000000000000000e+03
3.651000000000000000e+03
2.172000000000000000e+03
4.756000000000000000e+03
4.078000000000000000e+03
1.958000000000000000e+03
3.065000000000000000e+03
1.110000000000000000e+03
1.071000000000000000e+03
4.878000000000000000e+03
4.490000000000000000e+02
2.384000000000000000e+03
3.077000000000000000e+03
1.872000000000000000e+03
4.681000000000000000e+03
3.385000000000000000e+03
2.631000000000000000e+03
3.360000000000000000e+03
4.703000000000000000e+03
3.414000000000000000e+03
1.430000000000000000e+03
1.642000000000000000e+03
5.690000000000000000e+02
4.441000000000000000e+03
1.360000000000000000e+03
2.211000000000000000e+03
3.788000000000000000e+03
6.610000000000000000e+02
1.584000000000000000e+03
5.700000000000000000e+02
1.675000000000000000e+03
2.512000000000000000e+03
7.590000000000000000e+02
3.116000000000000000e+03
4.724000000000000000e+03
2.575000000000000000e+03
4.066000000000000000e+03
2.870000000000000000e+02
2.119000000000000000e+03
4.943000000000000000e+03
4.213000000000000000e+03
5.640000000000000000e+02
3.210000000000000000e+03
1.366000000000000000e+03
3.744000000000000000e+03
3.745000000000000000e+03
1.235000000000000000e+03
2.402000000000000000e+03
6.860000000000000000e+02
1.579000000000000000e+03
2.901000000000000000e+03
1.722000000000000000e+03
4.622000000000000000e+03
2.562000000000000000e+03
6.300000000000000000e+01
2.617000000000000000e+03
3.089000000000000000e+03
2.316000000000000000e+03
2.812000000000000000e+03
3.843000000000000000e+03
8.220000000000000000e+02
3.176000000000000000e+03
2.229000000000000000e+03
9.850000000000000000e+02
4.680000000000000000e+03
4.274000000000000000e+03
1.864000000000000000e+03
1.081000000000000000e+03
5.510000000000000000e+02
3.593000000000000000e+03
1.000000000000000000e+03
3.308000000000000000e+03
1.982000000000000000e+03
4.933000000000000000e+03
3.606000000000000000e+03
3.671000000000000000e+03
1.803000000000000000e+03
4.922000000000000000e+03
1.792000000000000000e+03
3.390000000000000000e+02
5.630000000000000000e+02
4.447000000000000000e+03
4.929000000000000000e+03
7.970000000000000000e+02
4.089000000000000000e+03
4.278000000000000000e+03
9.580000000000000000e+02
4.269000000000000000e+03
3.652000000000000000e+03
2.513000000000000000e+03
1.170000000000000000e+03
2.361000000000000000e+03
3.613000000000000000e+03
8.440000000000000000e+02
1.575000000000000000e+03
7.140000000000000000e+02
3.054000000000000000e+03
4.010000000000000000e+02
1.616000000000000000e+03
5.330000000000000000e+02
4.852000000000000000e+03
4.640000000000000000e+02
4.556000000000000000e+03
2.730000000000000000e+02
1.217000000000000000e+03
2.169000000000000000e+03
1.460000000000000000e+02
4.098000000000000000e+03
7.300000000000000000e+01
2.082000000000000000e+03
4.139000000000000000e+03
4.719000000000000000e+03
2.542000000000000000e+03
2.450000000000000000e+03
2.548000000000000000e+03
4.701000000000000000e+03
2.489000000000000000e+03
1.732000000000000000e+03
4.483000000000000000e+03
1.500000000000000000e+03
9.360000000000000000e+02
2.162000000000000000e+03
2.024000000000000000e+03
3.055000000000000000e+03
1.070000000000000000e+03
3.357000000000000000e+03
2.762000000000000000e+03
1.720000000000000000e+03
2.453000000000000000e+03
3.110000000000000000e+03
2.187000000000000000e+03
1.248000000000000000e+03
5.680000000000000000e+02
3.800000000000000000e+01
3.857000000000000000e+03
4.141000000000000000e+03
3.779000000000000000e+03
2.290000000000000000e+03
1.083000000000000000e+03
4.895000000000000000e+03
8.150000000000000000e+02
3.404000000000000000e+03
2.216000000000000000e+03
1.502000000000000000e+03
1.373000000000000000e+03
1.146000000000000000e+03
2.763000000000000000e+03
2.359000000000000000e+03
2.227000000000000000e+03
2.094000000000000000e+03
3.679000000000000000e+03
4.242000000000000000e+03
1.936000000000000000e+03
9.000000000000000000e+00
3.320000000000000000e+03
4.107000000000000000e+03
8.850000000000000000e+02
8.390000000000000000e+02
7.730000000000000000e+02
2.149000000000000000e+03
6.870000000000000000e+02
1.714000000000000000e+03
1.015000000000000000e+03
2.225000000000000000e+03
1.804000000000000000e+03
1.450000000000000000e+02
1.586000000000000000e+03
5.750000000000000000e+02
3.760000000000000000e+03
1.633000000000000000e+03
2.793000000000000000e+03
3.739000000000000000e+03
5.110000000000000000e+02
4.653000000000000000e+03
2.649000000000000000e+03
2.433000000000000000e+03
3.104000000000000000e+03
4.677000000000000000e+03
2.960000000000000000e+03
4.991000000000000000e+03
4.428000000000000000e+03
2.053000000000000000e+03
2.054000000000000000e+03
2.553000000000000000e+03
3.199000000000000000e+03
2.298000000000000000e+03
3.715000000000000000e+03
4.381000000000000000e+03
2.423000000000000000e+03
4.964000000000000000e+03
3.549000000000000000e+03
3.228000000000000000e+03
4.865000000000000000e+03
4.604000000000000000e+03
2.875000000000000000e+03
4.871000000000000000e+03
2.282000000000000000e+03
2.894000000000000000e+03
3.297000000000000000e+03
3.561000000000000000e+03
2.276000000000000000e+03
1.934000000000000000e+03
4.405000000000000000e+03
3.887000000000000000e+03
4.135000000000000000e+03
1.976000000000000000e+03
2.164000000000000000e+03
3.403000000000000000e+03
4.717000000000000000e+03
3.609000000000000000e+03
3.042000000000000000e+03
2.295000000000000000e+03
4.999000000000000000e+03
6.650000000000000000e+02
1.644000000000000000e+03
6.600000000000000000e+01
7.390000000000000000e+02
1.100000000000000000e+03
3.200000000000000000e+01
2.070000000000000000e+02
5.470000000000000000e+02
1.592000000000000000e+03
1.587000000000000000e+03
1.865000000000000000e+03
8.670000000000000000e+02
5.980000000000000000e+02
1.817000000000000000e+03
1.568000000000000000e+03
6.160000000000000000e+02
8.000000000000000000e+02
1.031000000000000000e+03
1.800000000000000000e+03
1.720000000000000000e+02
1.695000000000000000e+03
5.780000000000000000e+02
5.070000000000000000e+02
1.560000000000000000e+02
9.840000000000000000e+02
1.004000000000000000e+03
7.680000000000000000e+02
2.490000000000000000e+02
1.025000000000000000e+03
7.620000000000000000e+02
2.821000000000000000e+03
2.905000000000000000e+03
2.768000000000000000e+03
8.750000000000000000e+02
2.168000000000000000e+03
4.890000000000000000e+02
4.022000000000000000e+03
7.870000000000000000e+02
2.646000000000000000e+03
1.555000000000000000e+03
3.180000000000000000e+02
5.200000000000000000e+02
1.225000000000000000e+03
2.943000000000000000e+03
1.103000000000000000e+03
2.252000000000000000e+03
2.371000000000000000e+03
4.564000000000000000e+03
2.318000000000000000e+03
2.572000000000000000e+03
1.686000000000000000e+03
4.348000000000000000e+03
3.443000000000000000e+03
4.987000000000000000e+03
4.051000000000000000e+03
3.552000000000000000e+03
3.896000000000000000e+03
1.043000000000000000e+03
4.729000000000000000e+03
2.999000000000000000e+03
4.492000000000000000e+03
1.767000000000000000e+03
1.280000000000000000e+03
4.070000000000000000e+03
4.175000000000000000e+03
4.357000000000000000e+03
4.665000000000000000e+03
1.629000000000000000e+03
3.249000000000000000e+03
1.918000000000000000e+03
3.603000000000000000e+03
1.455000000000000000e+03
2.940000000000000000e+02
2.328000000000000000e+03
4.858000000000000000e+03
2.014000000000000000e+03
8.210000000000000000e+02
4.239000000000000000e+03
3.062000000000000000e+03
1.640000000000000000e+02
3.909000000000000000e+03
1.534000000000000000e+03
4.462000000000000000e+03
3.059000000000000000e+03
2.097000000000000000e+03
2.822000000000000000e+03
1.350000000000000000e+02
4.197000000000000000e+03
1.368000000000000000e+03
4.408000000000000000e+03
2.790000000000000000e+03
2.797000000000000000e+03
4.063000000000000000e+03
9.460000000000000000e+02
1.342000000000000000e+03
3.331000000000000000e+03
1.547000000000000000e+03
1.055000000000000000e+03
2.181000000000000000e+03
4.993000000000000000e+03
2.704000000000000000e+03
4.034000000000000000e+03
2.461000000000000000e+03
3.791000000000000000e+03
4.821000000000000000e+03
1.439000000000000000e+03
5.180000000000000000e+02
2.579000000000000000e+03
1.751000000000000000e+03
1.977000000000000000e+03
4.230000000000000000e+03
8.380000000000000000e+02
2.724000000000000000e+03
7.000000000000000000e+02
3.381000000000000000e+03
7.770000000000000000e+02
3.542000000000000000e+03
3.516000000000000000e+03
1.740000000000000000e+03
2.820000000000000000e+02
3.619000000000000000e+03
4.984000000000000000e+03
1.911000000000000000e+03
4.673000000000000000e+03
1.800000000000000000e+02
3.140000000000000000e+02
1.477000000000000000e+03
2.779000000000000000e+03
4.310000000000000000e+03
3.531000000000000000e+03
3.298000000000000000e+03
2.657000000000000000e+03
1.068000000000000000e+03
3.207000000000000000e+03
3.162000000000000000e+03
3.268000000000000000e+03
4.944000000000000000e+03
3.860000000000000000e+03
4.860000000000000000e+03
2.163000000000000000e+03
1.598000000000000000e+03
2.222000000000000000e+03
2.506000000000000000e+03
2.757000000000000000e+03
2.337000000000000000e+03
4.691000000000000000e+03
3.131000000000000000e+03
4.979000000000000000e+03
5.040000000000000000e+02
4.793000000000000000e+03
1.544000000000000000e+03
2.204000000000000000e+03
3.130000000000000000e+03
4.097000000000000000e+03
4.209000000000000000e+03
4.579000000000000000e+03
4.735000000000000000e+03
2.167000000000000000e+03
3.337000000000000000e+03
3.971000000000000000e+03
1.800000000000000000e+01
4.439000000000000000e+03
2.701000000000000000e+03
1.545000000000000000e+03
3.438000000000000000e+03
7.070000000000000000e+02
3.646000000000000000e+03
1.062000000000000000e+03
2.240000000000000000e+02
4.602000000000000000e+03
4.174000000000000000e+03
2.862000000000000000e+03
2.850000000000000000e+02
2.150000000000000000e+02
9.120000000000000000e+02
5.170000000000000000e+02
3.686000000000000000e+03
1.487000000000000000e+03
4.517000000000000000e+03
3.393000000000000000e+03
3.177000000000000000e+03
3.962000000000000000e+03
2.004000000000000000e+03
1.246000000000000000e+03
4.842000000000000000e+03
2.193000000000000000e+03
2.702000000000000000e+03
2.244000000000000000e+03
1.639000000000000000e+03
1.947000000000000000e+03
4.609000000000000000e+03
2.534000000000000000e+03
3.124000000000000000e+03
1.326000000000000000e+03
2.248000000000000000e+03
2.946000000000000000e+03
3.471000000000000000e+03
3.318000000000000000e+03
3.344000000000000000e+03
3.151000000000000000e+03
3.580000000000000000e+03
1.828000000000000000e+03
4.183000000000000000e+03
3.830000000000000000e+02
4.130000000000000000e+02
1.334000000000000000e+03
1.033000000000000000e+03
3.159000000000000000e+03
1.682000000000000000e+03
2.086000000000000000e+03
1.913000000000000000e+03
2.000000000000000000e+02
3.154000000000000000e+03
3.789000000000000000e+03
1.778000000000000000e+03
1.905000000000000000e+03
1.589000000000000000e+03
1.718000000000000000e+03
2.819000000000000000e+03
1.728000000000000000e+03
3.950000000000000000e+02
4.204000000000000000e+03
2.574000000000000000e+03
4.304000000000000000e+03
3.342000000000000000e+03
2.263000000000000000e+03
1.601000000000000000e+03
1.612000000000000000e+03
3.520000000000000000e+03
4.137000000000000000e+03
3.927000000000000000e+03
2.437000000000000000e+03
3.324000000000000000e+03
2.582000000000000000e+03
4.755000000000000000e+03
3.902000000000000000e+03
8.910000000000000000e+02
3.452000000000000000e+03
9.500000000000000000e+01
8.120000000000000000e+02
2.828000000000000000e+03
4.578000000000000000e+03
3.133000000000000000e+03
4.882000000000000000e+03
4.226000000000000000e+03
4.120000000000000000e+03
3.942000000000000000e+03
2.737000000000000000e+03
2.074000000000000000e+03
9.820000000000000000e+02
9.130000000000000000e+02
3.605000000000000000e+03
3.416000000000000000e+03
4.176000000000000000e+03
1.820000000000000000e+02
4.094000000000000000e+03
1.435000000000000000e+03
3.812000000000000000e+03
3.949000000000000000e+03
4.554000000000000000e+03
2.710000000000000000e+02
4.766000000000000000e+03
1.080000000000000000e+02
4.050000000000000000e+02
3.494000000000000000e+03
3.102000000000000000e+03
4.741000000000000000e+03
1.003000000000000000e+03
1.960000000000000000e+02
3.832000000000000000e+03
1.117000000000000000e+03
4.803000000000000000e+03
2.190000000000000000e+03
1.049000000000000000e+03
4.267000000000000000e+03
3.562000000000000000e+03
3.600000000000000000e+02
1.170000000000000000e+02
4.539000000000000000e+03
3.576000000000000000e+03
2.519000000000000000e+03
3.126000000000000000e+03
3.614000000000000000e+03
1.673000000000000000e+03
2.934000000000000000e+03
4.990000000000000000e+03
2.436000000000000000e+03
3.305000000000000000e+03
2.118000000000000000e+03
3.669000000000000000e+03
3.418000000000000000e+03
1.470000000000000000e+03
2.807000000000000000e+03
3.446000000000000000e+03
6.820000000000000000e+02
4.291000000000000000e+03
1.202000000000000000e+03
2.179000000000000000e+03
1.961000000000000000e+03
4.801000000000000000e+03
3.650000000000000000e+03
2.640000000000000000e+02
4.920000000000000000e+02
1.132000000000000000e+03
4.290000000000000000e+02
5.380000000000000000e+02
1.656000000000000000e+03
1.316000000000000000e+03
3.875000000000000000e+03
4.522000000000000000e+03
1.128000000000000000e+03
1.037000000000000000e+03
1.667000000000000000e+03
2.874000000000000000e+03
3.856000000000000000e+03
4.603000000000000000e+03
1.984000000000000000e+03
4.339000000000000000e+03
1.293000000000000000e+03
3.577000000000000000e+03
4.495000000000000000e+03
3.570000000000000000e+02
4.837000000000000000e+03
3.850000000000000000e+03
4.690000000000000000e+03
2.698000000000000000e+03
2.121000000000000000e+03
1.838000000000000000e+03
2.220000000000000000e+02
3.144000000000000000e+03
4.000000000000000000e+00
9.500000000000000000e+02
3.252000000000000000e+03
1.625000000000000000e+03
3.283000000000000000e+03
5.600000000000000000e+02
4.279000000000000000e+03
1.790000000000000000e+03
3.724000000000000000e+03
4.630000000000000000e+03
3.227000000000000000e+03
3.648000000000000000e+03
1.005000000000000000e+03
4.045000000000000000e+03
7.000000000000000000e+01
5.770000000000000000e+02
4.810000000000000000e+03
2.253000000000000000e+03
3.448000000000000000e+03
3.025000000000000000e+03
1.566000000000000000e+03
1.104000000000000000e+03
2.718000000000000000e+03
4.436000000000000000e+03
1.989000000000000000e+03
4.171000000000000000e+03
4.526000000000000000e+03
9.140000000000000000e+02
1.573000000000000000e+03
4.510000000000000000e+03
1.910000000000000000e+03
4.047000000000000000e+03
4.406000000000000000e+03
3.664000000000000000e+03
4.516000000000000000e+03
1.166000000000000000e+03
4.418000000000000000e+03
3.238000000000000000e+03
5.530000000000000000e+02
4.864000000000000000e+03
4.122000000000000000e+03
1.023000000000000000e+03
1.129000000000000000e+03
3.859000000000000000e+03
2.305000000000000000e+03
3.184000000000000000e+03
4.945000000000000000e+03
1.474000000000000000e+03
2.110000000000000000e+03
2.959000000000000000e+03
9.710000000000000000e+02
3.244000000000000000e+03
2.123000000000000000e+03
2.910000000000000000e+02
1.298000000000000000e+03
1.422000000000000000e+03
3.415000000000000000e+03
1.272000000000000000e+03
