2.592000000000000000e+03
4.745000000000000000e+03
3.576000000000000000e+03
3.575000000000000000e+03
3.321000000000000000e+03
4.565000000000000000e+03
4.383000000000000000e+03
2.979000000000000000e+03
6.410000000000000000e+02
3.635000000000000000e+03
3.345000000000000000e+03
3.734000000000000000e+03
3.995000000000000000e+03
1.335000000000000000e+03
2.342000000000000000e+03
2.114000000000000000e+03
1.230000000000000000e+03
4.510000000000000000e+02
4.146000000000000000e+03
2.585000000000000000e+03
3.058000000000000000e+03
2.646000000000000000e+03
1.850000000000000000e+02
1.572000000000000000e+03
2.380000000000000000e+02
1.014000000000000000e+03
6.200000000000000000e+01
3.722000000000000000e+03
1.848000000000000000e+03
1.917000000000000000e+03
1.118000000000000000e+03
6.720000000000000000e+02
1.850000000000000000e+03
4.140000000000000000e+02
4.935000000000000000e+03
3.013000000000000000e+03
1.274000000000000000e+03
2.900000000000000000e+03
2.168000000000000000e+03
8.900000000000000000e+02
4.637000000000000000e+03
4.482000000000000000e+03
3.605000000000000000e+03
5.700000000000000000e+01
2.769000000000000000e+03
4.703000000000000000e+03
4.458000000000000000e+03
1.810000000000000000e+02
9.660000000000000000e+02
2.572000000000000000e+03
3.093000000000000000e+03
1.800000000000000000e+02
3.251000000000000000e+03
8.200000000000000000e+01
4.690000000000000000e+03
4.264000000000000000e+03
1.407000000000000000e+03
4.218000000000000000e+03
4.514000000000000000e+03
1.557000000000000000e+03
1.951000000000000000e+03
4.166000000000000000e+03
7.260000000000000000e+02
3.618000000000000000e+03
4.183000000000000000e+03
1.329000000000000000e+03
6.050000000000000000e+02
2.650000000000000000e+02
3.954000000000000000e+03
9.600000000000000000e+02
1.925000000000000000e+03
4.596000000000000000e+03
2.131000000000000000e+03
1.916000000000000000e+03
9.700000000000000000e+01
8.310000000000000000e+02
1.946000000000000000e+03
3.283000000000000000e+03
4.002000000000000000e+03
1.495000000000000000e+03
4.877000000000000000e+03
2.707000000000000000e+03
2.207000000000000000e+03
3.940000000000000000e+02
7.510000000000000000e+02
1.880000000000000000e+03
6.470000000000000000e+02
3.464000000000000000e+03
3.191000000000000000e+03
3.842000000000000000e+03
5.590000000000000000e+02
1.690000000000000000e+03
1.419000000000000000e+03
1.427000000000000000e+03
2.670000000000000000e+03
3.009000000000000000e+03
1.884000000000000000e+03
2.728000000000000000e+03
8.800000000000000000e+01
1.021000000000000000e+03
3.338000000000000000e+03
1.759000000000000000e+03
2.633000000000000000e+03
3.657000000000000000e+03
4.130000000000000000e+02
4.828000000000000000e+03
3.260000000000000000e+02
3.740000000000000000e+03
2.289000000000000000e+03
2.990000000000000000e+03
1.859000000000000000e+03
1.457000000000000000e+03
1.486000000000000000e+03
3.693000000000000000e+03
1.899000000000000000e+03
4.117000000000000000e+03
4.663000000000000000e+03
1.023000000000000000e+03
2.580000000000000000e+02
3.744000000000000000e+03
3.739000000000000000e+03
1.660000000000000000e+03
4.775000000000000000e+03
2.266000000000000000e+03
3.329000000000000000e+03
3.100000000000000000e+02
4.782000000000000000e+03
4.825000000000000000e+03
3.920000000000000000e+03
3.365000000000000000e+03
1.002000000000000000e+03
4.802000000000000000e+03
2.971000000000000000e+03
3.490000000000000000e+03
2.754000000000000000e+03
4.256000000000000000e+03
2.272000000000000000e+03
4.661000000000000000e+03
1.077000000000000000e+03
3.894000000000000000e+03
4.134000000000000000e+03
4.223000000000000000e+03
3.333000000000000000e+03
2.774000000000000000e+03
2.591000000000000000e+03
9.000000000000000000e+01
5.480000000000000000e+02
5.500000000000000000e+02
1.277000000000000000e+03
5.650000000000000000e+02
3.102000000000000000e+03
8.530000000000000000e+02
2.881000000000000000e+03
3.779000000000000000e+03
2.807000000000000000e+03
5.850000000000000000e+02
2.373000000000000000e+03
5.960000000000000000e+02
1.599000000000000000e+03
1.392000000000000000e+03
2.815000000000000000e+03
3.543000000000000000e+03
3.404000000000000000e+03
3.446000000000000000e+03
3.518000000000000000e+03
7.770000000000000000e+02
6.700000000000000000e+02
4.428000000000000000e+03
2.854000000000000000e+03
7.400000000000000000e+02
1.810000000000000000e+03
4.455000000000000000e+03
4.457000000000000000e+03
4.462000000000000000e+03
4.994000000000000000e+03
3.207000000000000000e+03
2.344000000000000000e+03
4.033000000000000000e+03
4.598000000000000000e+03
4.550000000000000000e+02
4.560000000000000000e+02
4.897000000000000000e+03
1.648000000000000000e+03
1.642000000000000000e+03
9.570000000000000000e+02
2.779000000000000000e+03
1.246000000000000000e+03
1.170000000000000000e+02
3.060000000000000000e+03
2.316000000000000000e+03
4.295000000000000000e+03
4.303000000000000000e+03
2.321000000000000000e+03
2.957000000000000000e+03
3.390000000000000000e+03
2.326000000000000000e+03
3.248000000000000000e+03
3.241000000000000000e+03
2.412000000000000000e+03
4.103000000000000000e+03
2.987000000000000000e+03
2.771000000000000000e+03
1.103000000000000000e+03
4.463000000000000000e+03
7.160000000000000000e+02
3.526000000000000000e+03
4.778000000000000000e+03
6.230000000000000000e+02
2.276000000000000000e+03
3.712000000000000000e+03
2.604000000000000000e+03
4.937000000000000000e+03
3.483000000000000000e+03
5.400000000000000000e+01
3.379000000000000000e+03
4.600000000000000000e+01
3.515000000000000000e+03
4.429000000000000000e+03
2.512000000000000000e+03
7.610000000000000000e+02
2.454000000000000000e+03
4.354000000000000000e+03
4.822000000000000000e+03
1.431000000000000000e+03
4.659000000000000000e+03
4.855000000000000000e+03
2.851000000000000000e+03
4.339000000000000000e+03
7.230000000000000000e+02
1.758000000000000000e+03
1.813000000000000000e+03
2.320000000000000000e+02
2.651000000000000000e+03
3.402000000000000000e+03
4.025000000000000000e+03
3.358000000000000000e+03
1.475000000000000000e+03
4.310000000000000000e+02
1.933000000000000000e+03
1.292000000000000000e+03
1.822000000000000000e+03
2.802000000000000000e+03
1.378000000000000000e+03
3.532000000000000000e+03
4.212000000000000000e+03
4.284000000000000000e+03
1.005000000000000000e+03
2.285000000000000000e+03
1.723000000000000000e+03
1.651000000000000000e+03
9.040000000000000000e+02
2.008000000000000000e+03
4.298000000000000000e+03
1.450000000000000000e+03
2.499000000000000000e+03
7.250000000000000000e+02
2.124000000000000000e+03
1.316000000000000000e+03
2.934000000000000000e+03
2.170000000000000000e+03
2.784000000000000000e+03
2.716000000000000000e+03
4.092000000000000000e+03
2.715000000000000000e+03
4.919000000000000000e+03
1.815000000000000000e+03
2.606000000000000000e+03
2.700000000000000000e+02
1.449000000000000000e+03
1.560000000000000000e+02
1.625000000000000000e+03
3.162000000000000000e+03
3.202000000000000000e+03
2.812000000000000000e+03
3.069000000000000000e+03
4.606000000000000000e+03
2.475000000000000000e+03
5.990000000000000000e+02
4.099000000000000000e+03
3.967000000000000000e+03
3.117000000000000000e+03
3.948000000000000000e+03
2.680000000000000000e+02
3.232000000000000000e+03
3.917000000000000000e+03
4.199000000000000000e+03
1.990000000000000000e+02
1.263000000000000000e+03
2.635000000000000000e+03
1.998000000000000000e+03
3.072000000000000000e+03
3.785000000000000000e+03
2.359000000000000000e+03
2.982000000000000000e+03
4.241000000000000000e+03
2.961000000000000000e+03
4.992000000000000000e+03
3.188000000000000000e+03
2.737000000000000000e+03
4.763000000000000000e+03
1.579000000000000000e+03
1.854000000000000000e+03
2.256000000000000000e+03
1.912000000000000000e+03
2.262000000000000000e+03
4.743000000000000000e+03
3.923000000000000000e+03
2.560000000000000000e+03
2.816000000000000000e+03
4.528000000000000000e+03
3.938000000000000000e+03
1.473000000000000000e+03
2.487000000000000000e+03
3.882000000000000000e+03
3.192000000000000000e+03
1.321000000000000000e+03
2.898000000000000000e+03
2.480000000000000000e+02
2.902000000000000000e+03
3.753000000000000000e+03
7.330000000000000000e+02
2.783000000000000000e+03
1.209000000000000000e+03
1.500000000000000000e+01
4.277000000000000000e+03
6.810000000000000000e+02
2.350000000000000000e+02
2.189000000000000000e+03
3.998000000000000000e+03
4.834000000000000000e+03
3.637000000000000000e+03
7.900000000000000000e+02
3.765000000000000000e+03
3.614000000000000000e+03
4.588000000000000000e+03
2.515000000000000000e+03
1.845000000000000000e+03
1.150000000000000000e+03
1.771000000000000000e+03
9.950000000000000000e+02
1.417000000000000000e+03
4.912000000000000000e+03
1.658000000000000000e+03
3.474000000000000000e+03
1.042000000000000000e+03
3.617000000000000000e+03
2.340000000000000000e+03
2.953000000000000000e+03
3.189000000000000000e+03
4.997000000000000000e+03
3.860000000000000000e+02
8.490000000000000000e+02
4.095000000000000000e+03
4.003000000000000000e+03
3.664000000000000000e+03
2.130000000000000000e+02
1.693000000000000000e+03
2.244000000000000000e+03
6.340000000000000000e+02
4.359000000000000000e+03
3.147000000000000000e+03
3.281000000000000000e+03
2.300000000000000000e+02
2.322000000000000000e+03
3.081000000000000000e+03
3.484000000000000000e+03
1.841000000000000000e+03
9.840000000000000000e+02
1.542000000000000000e+03
4.348000000000000000e+03
3.577000000000000000e+03
3.111000000000000000e+03
4.484000000000000000e+03
2.220000000000000000e+02
1.174000000000000000e+03
4.580000000000000000e+03
9.270000000000000000e+02
4.501000000000000000e+03
4.452000000000000000e+03
2.833000000000000000e+03
8.610000000000000000e+02
2.299000000000000000e+03
2.907000000000000000e+03
1.737000000000000000e+03
3.045000000000000000e+03
4.878000000000000000e+03
1.672000000000000000e+03
1.732000000000000000e+03
3.570000000000000000e+03
4.699000000000000000e+03
6.670000000000000000e+02
1.390000000000000000e+02
4.120000000000000000e+03
4.050000000000000000e+02
3.087000000000000000e+03
2.790000000000000000e+02
4.307000000000000000e+03
3.825000000000000000e+03
2.402000000000000000e+03
3.370000000000000000e+02
4.632000000000000000e+03
2.394000000000000000e+03
1.565000000000000000e+03
3.494000000000000000e+03
4.570000000000000000e+03
1.967000000000000000e+03
1.879000000000000000e+03
1.122000000000000000e+03
4.229000000000000000e+03
9.210000000000000000e+02
4.054000000000000000e+03
4.159000000000000000e+03
3.816000000000000000e+03
1.418000000000000000e+03
1.248000000000000000e+03
4.057000000000000000e+03
9.260000000000000000e+02
3.555000000000000000e+03
5.320000000000000000e+02
1.909000000000000000e+03
9.020000000000000000e+02
4.624000000000000000e+03
3.554000000000000000e+03
2.550000000000000000e+03
9.180000000000000000e+02
4.336000000000000000e+03
4.928000000000000000e+03
4.951000000000000000e+03
8.840000000000000000e+02
1.583000000000000000e+03
3.194000000000000000e+03
3.519000000000000000e+03
1.577000000000000000e+03
2.476000000000000000e+03
4.413000000000000000e+03
2.461000000000000000e+03
6.760000000000000000e+02
2.000000000000000000e+01
2.865000000000000000e+03
4.434000000000000000e+03
6.920000000000000000e+02
4.479000000000000000e+03
2.432000000000000000e+03
1.340000000000000000e+03
2.434000000000000000e+03
3.160000000000000000e+03
7.000000000000000000e+00
2.070000000000000000e+03
3.169000000000000000e+03
7.540000000000000000e+02
8.090000000000000000e+02
8.170000000000000000e+02
4.010000000000000000e+03
2.353000000000000000e+03
3.846000000000000000e+03
2.120000000000000000e+03
3.511000000000000000e+03
3.219000000000000000e+03
4.573000000000000000e+03
3.099000000000000000e+03
3.399000000000000000e+03
4.566000000000000000e+03
4.366000000000000000e+03
4.563000000000000000e+03
1.607000000000000000e+03
3.400000000000000000e+03
3.215000000000000000e+03
8.450000000000000000e+02
5.920000000000000000e+02
3.514000000000000000e+03
2.113000000000000000e+03
4.538000000000000000e+03
8.200000000000000000e+02
2.495000000000000000e+03
4.592000000000000000e+03
2.309000000000000000e+03
4.150000000000000000e+03
3.297000000000000000e+03
2.180000000000000000e+03
3.299000000000000000e+03
3.597000000000000000e+03
2.933000000000000000e+03
3.540000000000000000e+02
3.720000000000000000e+03
2.644000000000000000e+03
2.640000000000000000e+03
3.462000000000000000e+03
1.880000000000000000e+02
1.673000000000000000e+03
1.749000000000000000e+03
1.842000000000000000e+03
1.680000000000000000e+02
4.090000000000000000e+03
1.755000000000000000e+03
3.273000000000000000e+03
2.996000000000000000e+03
4.086000000000000000e+03
3.478000000000000000e+03
1.696000000000000000e+03
2.714000000000000000e+03
2.410000000000000000e+02
4.798000000000000000e+03
4.795000000000000000e+03
1.114000000000000000e+03
2.217000000000000000e+03
2.880000000000000000e+02
2.890000000000000000e+02
4.785000000000000000e+03
4.779000000000000000e+03
1.425000000000000000e+03
2.191000000000000000e+03
3.909000000000000000e+03
4.180000000000000000e+03
1.444000000000000000e+03
2.023000000000000000e+03
2.185000000000000000e+03
1.694000000000000000e+03
3.874000000000000000e+03
1.090000000000000000e+02
3.933000000000000000e+03
3.051000000000000000e+03
4.666000000000000000e+03
2.908000000000000000e+03
1.902000000000000000e+03
4.590000000000000000e+02
3.382000000000000000e+03
4.460000000000000000e+02
4.895000000000000000e+03
9.760000000000000000e+02
1.901000000000000000e+03
1.837000000000000000e+03
4.654000000000000000e+03
4.530000000000000000e+02
1.347000000000000000e+03
2.897000000000000000e+03
1.037000000000000000e+03
3.640000000000000000e+02
1.326000000000000000e+03
3.370000000000000000e+03
3.000000000000000000e+01
4.142000000000000000e+03
6.260000000000000000e+02
3.669000000000000000e+03
4.858000000000000000e+03
2.150000000000000000e+02
1.428000000000000000e+03
2.002000000000000000e+03
3.200000000000000000e+03
4.792000000000000000e+03
8.240000000000000000e+02
3.463000000000000000e+03
2.123000000000000000e+03
2.786000000000000000e+03
1.910000000000000000e+03
3.074000000000000000e+03
4.165000000000000000e+03
2.590000000000000000e+03
2.075000000000000000e+03
4.990000000000000000e+03
3.996000000000000000e+03
4.609000000000000000e+03
1.489000000000000000e+03
2.555000000000000000e+03
3.656000000000000000e+03
9.870000000000000000e+02
2.158000000000000000e+03
3.904000000000000000e+03
2.369000000000000000e+03
4.546000000000000000e+03
2.407000000000000000e+03
4.923000000000000000e+03
4.443000000000000000e+03
2.352000000000000000e+03
2.545000000000000000e+03
3.145000000000000000e+03
2.135000000000000000e+03
3.815000000000000000e+03
3.740000000000000000e+02
2.710000000000000000e+02
4.263000000000000000e+03
1.300000000000000000e+03
7.820000000000000000e+02
2.687000000000000000e+03
4.112000000000000000e+03
8.300000000000000000e+02
3.717000000000000000e+03
7.930000000000000000e+02
3.123000000000000000e+03
1.110000000000000000e+03
3.649000000000000000e+03
4.664000000000000000e+03
1.739000000000000000e+03
3.327000000000000000e+03
3.556000000000000000e+03
4.719000000000000000e+03
6.180000000000000000e+02
3.211000000000000000e+03
4.783000000000000000e+03
1.830000000000000000e+02
1.087000000000000000e+03
4.601000000000000000e+03
3.791000000000000000e+03
7.030000000000000000e+02
2.111000000000000000e+03
5.410000000000000000e+02
3.864000000000000000e+03
3.479000000000000000e+03
4.966000000000000000e+03
1.096000000000000000e+03
2.860000000000000000e+02
3.926000000000000000e+03
2.211000000000000000e+03
4.093000000000000000e+03
3.134000000000000000e+03
4.899000000000000000e+03
6.830000000000000000e+02
1.740000000000000000e+03
2.435000000000000000e+03
3.199000000000000000e+03
1.217000000000000000e+03
4.362000000000000000e+03
7.850000000000000000e+02
4.045000000000000000e+03
4.444000000000000000e+03
1.177000000000000000e+03
1.398000000000000000e+03
4.220000000000000000e+02
2.610000000000000000e+03
9.360000000000000000e+02
1.798000000000000000e+03
1.119000000000000000e+03
3.632000000000000000e+03
1.285000000000000000e+03
4.872000000000000000e+03
2.477000000000000000e+03
1.104000000000000000e+03
4.742000000000000000e+03
1.066000000000000000e+03
2.337000000000000000e+03
2.888000000000000000e+03
4.061000000000000000e+03
4.510000000000000000e+03
2.809000000000000000e+03
3.600000000000000000e+01
9.560000000000000000e+02
2.028000000000000000e+03
2.090000000000000000e+03
4.650000000000000000e+02
2.463000000000000000e+03
4.424000000000000000e+03
1.957000000000000000e+03
7.840000000000000000e+02
4.437000000000000000e+03
6.940000000000000000e+02
1.426000000000000000e+03
7.470000000000000000e+02
3.660000000000000000e+03
1.350000000000000000e+02
6.090000000000000000e+02
2.618000000000000000e+03
9.000000000000000000e+02
1.770000000000000000e+03
9.970000000000000000e+02
4.586000000000000000e+03
3.277000000000000000e+03
8.430000000000000000e+02
1.463000000000000000e+03
4.547000000000000000e+03
4.397000000000000000e+03
2.311000000000000000e+03
7.350000000000000000e+02
2.187000000000000000e+03
2.542000000000000000e+03
4.402000000000000000e+03
4.179000000000000000e+03
1.784000000000000000e+03
2.205000000000000000e+03
2.800000000000000000e+02
2.750000000000000000e+03
4.315000000000000000e+03
1.778000000000000000e+03
1.480000000000000000e+03
1.095000000000000000e+03
4.917000000000000000e+03
2.176000000000000000e+03
3.930000000000000000e+03
4.074000000000000000e+03
3.747000000000000000e+03
2.200000000000000000e+02
9.010000000000000000e+02
8.050000000000000000e+02
2.803000000000000000e+03
3.907000000000000000e+03
3.430000000000000000e+03
4.235000000000000000e+03
3.771000000000000000e+03
4.687000000000000000e+03
2.061000000000000000e+03
4.250000000000000000e+03
9.800000000000000000e+01
1.997000000000000000e+03
2.157000000000000000e+03
3.932000000000000000e+03
1.210000000000000000e+02
2.400000000000000000e+02
2.532000000000000000e+03
2.089000000000000000e+03
1.870000000000000000e+02
3.551000000000000000e+03
4.670000000000000000e+03
2.740000000000000000e+02
3.334000000000000000e+03
4.607000000000000000e+03
3.751000000000000000e+03
1.128000000000000000e+03
3.410000000000000000e+03
1.510000000000000000e+02
4.036000000000000000e+03
3.812000000000000000e+03
1.876000000000000000e+03
2.622000000000000000e+03
3.598000000000000000e+03
4.602000000000000000e+03
4.203000000000000000e+03
7.730000000000000000e+02
2.430000000000000000e+03
3.435000000000000000e+03
4.807000000000000000e+03
4.301000000000000000e+03
7.800000000000000000e+01
1.040000000000000000e+02
1.015000000000000000e+03
2.399000000000000000e+03
4.145000000000000000e+03
3.572000000000000000e+03
3.818000000000000000e+03
1.757000000000000000e+03
8.560000000000000000e+02
2.931000000000000000e+03
3.378000000000000000e+03
4.886000000000000000e+03
2.870000000000000000e+03
3.017000000000000000e+03
3.706000000000000000e+03
1.894000000000000000e+03
4.615000000000000000e+03
7.680000000000000000e+02
1.563000000000000000e+03
3.210000000000000000e+03
4.407000000000000000e+03
1.017000000000000000e+03
3.783000000000000000e+03
1.447000000000000000e+03
2.227000000000000000e+03
2.467000000000000000e+03
6.930000000000000000e+02
3.821000000000000000e+03
2.390000000000000000e+02
2.182000000000000000e+03
2.398000000000000000e+03
4.210000000000000000e+02
2.320000000000000000e+03
4.137000000000000000e+03
3.350000000000000000e+02
2.152000000000000000e+03
6.020000000000000000e+02
4.707000000000000000e+03
1.214000000000000000e+03
2.212000000000000000e+03
4.204000000000000000e+03
3.146000000000000000e+03
5.000000000000000000e+02
4.843000000000000000e+03
2.850000000000000000e+03
3.163000000000000000e+03
7.780000000000000000e+02
1.300000000000000000e+01
3.700000000000000000e+02
3.449000000000000000e+03
3.891000000000000000e+03
8.630000000000000000e+02
3.217000000000000000e+03
2.725000000000000000e+03
1.956000000000000000e+03
1.713000000000000000e+03
1.986000000000000000e+03
1.496000000000000000e+03
4.991000000000000000e+03
2.062000000000000000e+03
1.948000000000000000e+03
1.992000000000000000e+03
3.630000000000000000e+02
1.574000000000000000e+03
4.105000000000000000e+03
1.620000000000000000e+03
1.795000000000000000e+03
2.312000000000000000e+03
4.469000000000000000e+03
4.729000000000000000e+03
4.144000000000000000e+03
3.063000000000000000e+03
3.858000000000000000e+03
1.695000000000000000e+03
1.352000000000000000e+03
1.280000000000000000e+03
6.910000000000000000e+02
3.959000000000000000e+03
2.377000000000000000e+03
2.946000000000000000e+03
1.972000000000000000e+03
8.550000000000000000e+02
4.200000000000000000e+03
8.320000000000000000e+02
4.228000000000000000e+03
3.318000000000000000e+03
3.688000000000000000e+03
1.990000000000000000e+03
4.691000000000000000e+03
3.951000000000000000e+03
1.541000000000000000e+03
1.895000000000000000e+03
9.400000000000000000e+02
2.055000000000000000e+03
4.790000000000000000e+02
6.000000000000000000e+00
4.052000000000000000e+03
3.508000000000000000e+03
3.636000000000000000e+03
1.094000000000000000e+03
2.680000000000000000e+03
2.338000000000000000e+03
4.490000000000000000e+02
3.257000000000000000e+03
8.950000000000000000e+02
3.268000000000000000e+03
4.582000000000000000e+03
1.661000000000000000e+03
2.065000000000000000e+03
3.355000000000000000e+03
6.970000000000000000e+02
2.063000000000000000e+03
6.900000000000000000e+02
3.809000000000000000e+03
2.196000000000000000e+03
4.476000000000000000e+03
2.179000000000000000e+03
3.755000000000000000e+03
2.625000000000000000e+03
3.042000000000000000e+03
3.697000000000000000e+03
4.713000000000000000e+03
1.529000000000000000e+03
2.240000000000000000e+03
4.121000000000000000e+03
4.811000000000000000e+03
4.055000000000000000e+03
4.317000000000000000e+03
4.432000000000000000e+03
3.524000000000000000e+03
8.700000000000000000e+02
1.942000000000000000e+03
1.024000000000000000e+03
4.040000000000000000e+02
3.443000000000000000e+03
3.696000000000000000e+03
3.403000000000000000e+03
4.870000000000000000e+02
3.470000000000000000e+02
4.690000000000000000e+02
9.780000000000000000e+02
3.242000000000000000e+03
3.660000000000000000e+02
1.860000000000000000e+03
2.209000000000000000e+03
4.393000000000000000e+03
3.513000000000000000e+03
1.191000000000000000e+03
2.038000000000000000e+03
1.223000000000000000e+03
3.940000000000000000e+03
3.150000000000000000e+02
3.155000000000000000e+03
1.078000000000000000e+03
7.550000000000000000e+02
2.837000000000000000e+03
2.160000000000000000e+02
2.814000000000000000e+03
1.720000000000000000e+03
2.424000000000000000e+03
2.662000000000000000e+03
3.711000000000000000e+03
2.752000000000000000e+03
2.821000000000000000e+03
9.240000000000000000e+02
3.985000000000000000e+03
4.297000000000000000e+03
2.139000000000000000e+03
6.110000000000000000e+02
4.831000000000000000e+03
3.665000000000000000e+03
2.482000000000000000e+03
3.770000000000000000e+03
2.682000000000000000e+03
4.420000000000000000e+03
1.618000000000000000e+03
5.790000000000000000e+02
2.761000000000000000e+03
2.701000000000000000e+03
4.449000000000000000e+03
3.905000000000000000e+03
3.561000000000000000e+03
1.270000000000000000e+03
7.700000000000000000e+01
3.837000000000000000e+03
4.871000000000000000e+03
4.630000000000000000e+02
2.652000000000000000e+03
6.270000000000000000e+02
1.892000000000000000e+03
1.229000000000000000e+03
2.793000000000000000e+03
2.070000000000000000e+02
1.727000000000000000e+03
3.306000000000000000e+03
2.300000000000000000e+03
3.588000000000000000e+03
4.974000000000000000e+03
3.220000000000000000e+03
4.995000000000000000e+03
2.458000000000000000e+03
7.140000000000000000e+02
4.170000000000000000e+02
3.991000000000000000e+03
4.010000000000000000e+02
2.406000000000000000e+03
1.446000000000000000e+03
1.669000000000000000e+03
5.030000000000000000e+02
3.062000000000000000e+03
4.531000000000000000e+03
2.080000000000000000e+02
2.290000000000000000e+03
3.426000000000000000e+03
2.186000000000000000e+03
1.130000000000000000e+02
1.918000000000000000e+03
2.842000000000000000e+03
2.081000000000000000e+03
1.512000000000000000e+03
1.747000000000000000e+03
3.528000000000000000e+03
4.073000000000000000e+03
3.040000000000000000e+03
3.398000000000000000e+03
2.164000000000000000e+03
1.587000000000000000e+03
2.456000000000000000e+03
1.281000000000000000e+03
4.230000000000000000e+03
2.410000000000000000e+03
3.003000000000000000e+03
4.674000000000000000e+03
2.138000000000000000e+03
2.990000000000000000e+02
4.419000000000000000e+03
4.883000000000000000e+03
5.400000000000000000e+02
3.161000000000000000e+03
1.947000000000000000e+03
3.539000000000000000e+03
4.000000000000000000e+03
1.053000000000000000e+03
1.276000000000000000e+03
2.689000000000000000e+03
1.079000000000000000e+03
1.433000000000000000e+03
2.429000000000000000e+03
1.716000000000000000e+03
1.700000000000000000e+01
1.646000000000000000e+03
4.900000000000000000e+02
4.723000000000000000e+03
6.490000000000000000e+02
1.561000000000000000e+03
4.977000000000000000e+03
1.852000000000000000e+03
3.772000000000000000e+03
3.501000000000000000e+03
1.527000000000000000e+03
4.821000000000000000e+03
1.907000000000000000e+03
3.340000000000000000e+03
3.964000000000000000e+03
1.700000000000000000e+03
2.333000000000000000e+03
1.800000000000000000e+01
2.765000000000000000e+03
8.810000000000000000e+02
2.457000000000000000e+03
5.190000000000000000e+02
1.613000000000000000e+03
3.603000000000000000e+03
1.847000000000000000e+03
2.298000000000000000e+03
4.820000000000000000e+02
2.103000000000000000e+03
2.453000000000000000e+03
2.325000000000000000e+03
4.647000000000000000e+03
1.926000000000000000e+03
4.520000000000000000e+02
7.380000000000000000e+02
4.299000000000000000e+03
2.966000000000000000e+03
3.844000000000000000e+03
1.112000000000000000e+03
2.797000000000000000e+03
3.226000000000000000e+03
4.470000000000000000e+03
9.300000000000000000e+02
2.869000000000000000e+03
3.421000000000000000e+03
3.266000000000000000e+03
3.371000000000000000e+03
2.363000000000000000e+03
3.361000000000000000e+03
4.227000000000000000e+03
4.012000000000000000e+03
3.372000000000000000e+03
5.000000000000000000e+01
2.641000000000000000e+03
3.620000000000000000e+03
4.750000000000000000e+03
4.032000000000000000e+03
1.914000000000000000e+03
3.794000000000000000e+03
3.096000000000000000e+03
9.410000000000000000e+02
4.046000000000000000e+03
1.634000000000000000e+03
1.060000000000000000e+02
3.520000000000000000e+03
1.608000000000000000e+03
1.552000000000000000e+03
4.475000000000000000e+03
4.973000000000000000e+03
9.280000000000000000e+02
8.670000000000000000e+02
4.640000000000000000e+02
2.088000000000000000e+03
2.932000000000000000e+03
1.458000000000000000e+03
7.270000000000000000e+02
1.124000000000000000e+03
3.203000000000000000e+03
2.040000000000000000e+02
2.119000000000000000e+03
4.533000000000000000e+03
2.911000000000000000e+03
4.386000000000000000e+03
1.294000000000000000e+03
1.835000000000000000e+03
5.770000000000000000e+02
9.890000000000000000e+02
8.740000000000000000e+02
1.570000000000000000e+02
1.147000000000000000e+03
1.138000000000000000e+03
1.500000000000000000e+02
4.801000000000000000e+03
1.159000000000000000e+03
4.416000000000000000e+03
1.709000000000000000e+03
5.280000000000000000e+02
3.360000000000000000e+02
4.497000000000000000e+03
4.050000000000000000e+03
3.054000000000000000e+03
1.996000000000000000e+03
1.362000000000000000e+03
4.605000000000000000e+03
4.903000000000000000e+03
2.404000000000000000e+03
2.411000000000000000e+03
4.885000000000000000e+03
1.219000000000000000e+03
1.275000000000000000e+03
7.600000000000000000e+01
1.950000000000000000e+03
1.821000000000000000e+03
1.900000000000000000e+01
2.310000000000000000e+02
3.208000000000000000e+03
4.392000000000000000e+03
2.110000000000000000e+03
3.562000000000000000e+03
3.180000000000000000e+02
3.308000000000000000e+03
1.641000000000000000e+03
1.025000000000000000e+03
1.250000000000000000e+03
1.233000000000000000e+03
3.928000000000000000e+03
1.198000000000000000e+03
5.940000000000000000e+02
2.000000000000000000e+03
4.949000000000000000e+03
5.370000000000000000e+02
4.766000000000000000e+03
1.610000000000000000e+02
9.100000000000000000e+01
3.085000000000000000e+03
4.961000000000000000e+03
4.823000000000000000e+03
6.370000000000000000e+02
4.300000000000000000e+03
9.090000000000000000e+02
2.382000000000000000e+03
5.860000000000000000e+02
3.707000000000000000e+03
1.387000000000000000e+03
3.591000000000000000e+03
3.244000000000000000e+03
4.893000000000000000e+03
2.046000000000000000e+03
5.680000000000000000e+02
4.985000000000000000e+03
4.480000000000000000e+02
2.596000000000000000e+03
3.970000000000000000e+02
1.332000000000000000e+03
2.351000000000000000e+03
1.215000000000000000e+03
4.930000000000000000e+02
7.120000000000000000e+02
3.152000000000000000e+03
1.007000000000000000e+03
4.465000000000000000e+03
1.535000000000000000e+03
2.992000000000000000e+03
2.302000000000000000e+03
1.075000000000000000e+03
1.141000000000000000e+03
1.915000000000000000e+03
2.740000000000000000e+03
1.190000000000000000e+03
2.310000000000000000e+03
4.236000000000000000e+03
3.018000000000000000e+03
1.125000000000000000e+03
2.780000000000000000e+03
5.360000000000000000e+02
3.774000000000000000e+03
4.120000000000000000e+02
3.865000000000000000e+03
1.868000000000000000e+03
2.030000000000000000e+03
2.450000000000000000e+03
8.100000000000000000e+02
1.211000000000000000e+03
1.984000000000000000e+03
4.513000000000000000e+03
3.678000000000000000e+03
1.000000000000000000e+01
3.568000000000000000e+03
1.708000000000000000e+03
4.940000000000000000e+02
2.980000000000000000e+03
5.390000000000000000e+02
4.015000000000000000e+03
2.190000000000000000e+03
4.932000000000000000e+03
3.897000000000000000e+03
3.350000000000000000e+03
2.552000000000000000e+03
4.679000000000000000e+03
3.141000000000000000e+03
1.687000000000000000e+03
1.525000000000000000e+03
4.176000000000000000e+03
1.730000000000000000e+02
6.990000000000000000e+02
4.017000000000000000e+03
4.613000000000000000e+03
2.336000000000000000e+03
4.151000000000000000e+03
2.116000000000000000e+03
4.244000000000000000e+03
1.670000000000000000e+02
1.588000000000000000e+03
3.362000000000000000e+03
2.561000000000000000e+03
3.997000000000000000e+03
2.201000000000000000e+03
3.314000000000000000e+03
1.660000000000000000e+02
4.827000000000000000e+03
3.980000000000000000e+02
4.950000000000000000e+02
5.510000000000000000e+02
2.668000000000000000e+03
5.170000000000000000e+02
4.356000000000000000e+03
3.810000000000000000e+02
5.600000000000000000e+01
4.220000000000000000e+03
4.901000000000000000e+03
4.685000000000000000e+03
4.423000000000000000e+03
1.566000000000000000e+03
4.440000000000000000e+03
1.790000000000000000e+03
8.370000000000000000e+02
1.421000000000000000e+03
4.270000000000000000e+03
2.012000000000000000e+03
2.148000000000000000e+03
4.773000000000000000e+03
3.078000000000000000e+03
1.249000000000000000e+03
1.570000000000000000e+03
