8.420000000000000000e+02
2.070000000000000000e+02
1.709000000000000000e+03
1.248000000000000000e+03
2.232000000000000000e+03
1.423000000000000000e+03
4.193000000000000000e+03
3.339000000000000000e+03
1.881000000000000000e+03
2.077000000000000000e+03
2.934000000000000000e+03
1.226000000000000000e+03
2.150000000000000000e+02
3.209000000000000000e+03
1.858000000000000000e+03
3.370000000000000000e+02
1.114000000000000000e+03
4.043000000000000000e+03
4.615000000000000000e+03
1.964000000000000000e+03
1.462000000000000000e+03
3.200000000000000000e+03
2.579000000000000000e+03
1.660000000000000000e+02
1.941000000000000000e+03
4.926000000000000000e+03
4.680000000000000000e+03
3.212000000000000000e+03
1.345000000000000000e+03
3.518000000000000000e+03
4.364000000000000000e+03
4.212000000000000000e+03
6.820000000000000000e+02
2.421000000000000000e+03
1.887000000000000000e+03
6.370000000000000000e+02
6.600000000000000000e+02
1.146000000000000000e+03
2.189000000000000000e+03
3.164000000000000000e+03
2.985000000000000000e+03
4.820000000000000000e+02
3.204000000000000000e+03
1.636000000000000000e+03
7.510000000000000000e+02
3.802000000000000000e+03
3.570000000000000000e+03
3.540000000000000000e+03
5.710000000000000000e+02
2.689000000000000000e+03
3.201000000000000000e+03
4.901000000000000000e+03
4.800000000000000000e+01
3.305000000000000000e+03
2.476000000000000000e+03
1.896000000000000000e+03
1.800000000000000000e+03
2.824000000000000000e+03
1.197000000000000000e+03
3.005000000000000000e+03
5.000000000000000000e+00
9.270000000000000000e+02
3.426000000000000000e+03
4.216000000000000000e+03
3.671000000000000000e+03
4.719000000000000000e+03
3.746000000000000000e+03
3.955000000000000000e+03
3.509000000000000000e+03
3.722000000000000000e+03
4.391000000000000000e+03
2.528000000000000000e+03
3.928000000000000000e+03
4.773000000000000000e+03
3.872000000000000000e+03
1.412000000000000000e+03
1.375000000000000000e+03
4.986000000000000000e+03
1.830000000000000000e+03
5.570000000000000000e+02
2.710000000000000000e+02
4.390000000000000000e+03
1.484000000000000000e+03
3.791000000000000000e+03
2.314000000000000000e+03
3.000000000000000000e+00
2.196000000000000000e+03
8.170000000000000000e+02
4.661000000000000000e+03
3.818000000000000000e+03
1.010000000000000000e+02
2.489000000000000000e+03
4.249000000000000000e+03
2.509000000000000000e+03
2.570000000000000000e+02
3.584000000000000000e+03
1.079000000000000000e+03
3.680000000000000000e+03
2.242000000000000000e+03
4.450000000000000000e+02
2.659000000000000000e+03
2.131000000000000000e+03
1.089000000000000000e+03
1.302000000000000000e+03
6.240000000000000000e+02
1.621000000000000000e+03
1.799000000000000000e+03
2.973000000000000000e+03
2.815000000000000000e+03
3.034000000000000000e+03
2.610000000000000000e+03
3.582000000000000000e+03
3.609000000000000000e+03
2.553000000000000000e+03
4.063000000000000000e+03
1.674000000000000000e+03
3.720000000000000000e+02
1.913000000000000000e+03
1.283000000000000000e+03
3.003000000000000000e+03
1.120000000000000000e+03
3.324000000000000000e+03
6.660000000000000000e+02
3.693000000000000000e+03
4.970000000000000000e+02
2.806000000000000000e+03
8.650000000000000000e+02
3.920000000000000000e+03
1.036000000000000000e+03
3.674000000000000000e+03
4.410000000000000000e+03
3.542000000000000000e+03
4.090000000000000000e+03
2.241000000000000000e+03
8.750000000000000000e+02
2.215000000000000000e+03
2.226000000000000000e+03
3.408000000000000000e+03
3.411000000000000000e+03
3.830000000000000000e+02
2.334000000000000000e+03
4.384000000000000000e+03
3.490000000000000000e+03
3.992000000000000000e+03
4.724000000000000000e+03
4.701000000000000000e+03
3.991000000000000000e+03
1.075000000000000000e+03
3.465000000000000000e+03
4.340000000000000000e+02
1.438000000000000000e+03
1.529000000000000000e+03
4.738000000000000000e+03
3.392000000000000000e+03
1.220000000000000000e+03
1.311000000000000000e+03
1.314000000000000000e+03
2.527000000000000000e+03
1.328000000000000000e+03
4.341000000000000000e+03
1.350000000000000000e+03
1.008000000000000000e+03
1.363000000000000000e+03
1.208000000000000000e+03
3.070000000000000000e+02
4.779000000000000000e+03
4.087000000000000000e+03
3.230000000000000000e+02
4.082000000000000000e+03
1.084000000000000000e+03
2.433000000000000000e+03
4.071000000000000000e+03
9.500000000000000000e+02
3.361000000000000000e+03
4.273000000000000000e+03
2.390000000000000000e+03
9.450000000000000000e+02
3.385000000000000000e+03
1.072000000000000000e+03
3.393000000000000000e+03
2.360000000000000000e+03
3.404000000000000000e+03
9.360000000000000000e+02
4.620000000000000000e+02
4.555000000000000000e+03
4.422000000000000000e+03
7.640000000000000000e+02
7.500000000000000000e+02
3.799000000000000000e+03
3.614000000000000000e+03
3.795000000000000000e+03
5.830000000000000000e+02
4.514000000000000000e+03
1.776000000000000000e+03
3.652000000000000000e+03
1.975000000000000000e+03
1.972000000000000000e+03
4.517000000000000000e+03
4.521000000000000000e+03
1.791000000000000000e+03
4.144000000000000000e+03
4.588000000000000000e+03
2.529000000000000000e+03
6.260000000000000000e+02
4.587000000000000000e+03
1.948000000000000000e+03
1.945000000000000000e+03
4.299000000000000000e+03
4.578000000000000000e+03
1.920000000000000000e+03
7.110000000000000000e+02
1.266000000000000000e+03
1.811000000000000000e+03
4.233000000000000000e+03
4.625000000000000000e+03
2.064000000000000000e+03
3.593000000000000000e+03
3.516000000000000000e+03
1.018000000000000000e+03
1.287000000000000000e+03
3.913000000000000000e+03
4.559000000000000000e+03
2.181000000000000000e+03
4.890000000000000000e+02
1.282000000000000000e+03
1.279000000000000000e+03
4.664000000000000000e+03
4.466000000000000000e+03
3.866000000000000000e+03
4.470000000000000000e+03
8.710000000000000000e+02
4.990000000000000000e+02
5.100000000000000000e+02
8.010000000000000000e+02
2.125000000000000000e+03
5.180000000000000000e+02
5.260000000000000000e+02
2.113000000000000000e+03
4.477000000000000000e+03
2.098000000000000000e+03
3.858000000000000000e+03
4.637000000000000000e+03
3.857000000000000000e+03
1.707000000000000000e+03
4.491000000000000000e+03
1.305000000000000000e+03
2.540000000000000000e+03
0.000000000000000000e+00
2.632000000000000000e+03
7.900000000000000000e+01
2.948000000000000000e+03
2.836000000000000000e+03
4.259000000000000000e+03
2.712000000000000000e+03
2.596000000000000000e+03
3.000000000000000000e+01
3.119000000000000000e+03
4.850000000000000000e+03
2.703000000000000000e+03
2.793000000000000000e+03
2.592000000000000000e+03
3.241000000000000000e+03
2.580000000000000000e+03
2.620000000000000000e+03
4.254000000000000000e+03
2.888000000000000000e+03
2.911000000000000000e+03
3.100000000000000000e+03
2.829000000000000000e+03
4.223000000000000000e+03
2.320000000000000000e+02
1.760000000000000000e+02
3.195000000000000000e+03
4.241000000000000000e+03
4.984000000000000000e+03
2.120000000000000000e+02
3.190000000000000000e+03
2.581000000000000000e+03
1.157000000000000000e+03
2.726000000000000000e+03
2.858000000000000000e+03
1.187000000000000000e+03
4.953000000000000000e+03
3.149000000000000000e+03
2.430000000000000000e+02
2.971000000000000000e+03
5.600000000000000000e+01
4.862000000000000000e+03
1.205000000000000000e+03
2.871000000000000000e+03
3.272000000000000000e+03
3.140000000000000000e+03
2.845000000000000000e+03
2.993000000000000000e+03
2.998000000000000000e+03
3.203000000000000000e+03
4.985000000000000000e+03
2.766000000000000000e+03
3.146000000000000000e+03
1.183000000000000000e+03
3.488000000000000000e+03
1.789000000000000000e+03
1.550000000000000000e+02
8.300000000000000000e+01
2.088000000000000000e+03
1.276000000000000000e+03
4.885000000000000000e+03
3.630000000000000000e+02
3.560000000000000000e+03
4.647000000000000000e+03
2.799000000000000000e+03
4.843000000000000000e+03
3.162000000000000000e+03
4.703000000000000000e+03
1.052000000000000000e+03
1.978000000000000000e+03
1.955000000000000000e+03
2.257000000000000000e+03
1.230000000000000000e+02
4.230000000000000000e+02
3.136000000000000000e+03
4.915000000000000000e+03
4.713000000000000000e+03
3.638000000000000000e+03
1.908000000000000000e+03
2.772000000000000000e+03
1.888000000000000000e+03
2.298000000000000000e+03
2.784000000000000000e+03
4.922000000000000000e+03
2.042000000000000000e+03
3.920000000000000000e+02
1.843000000000000000e+03
4.895000000000000000e+03
2.068000000000000000e+03
4.734000000000000000e+03
3.774000000000000000e+03
2.346000000000000000e+03
3.864000000000000000e+03
2.662000000000000000e+03
3.360000000000000000e+02
2.465000000000000000e+03
8.810000000000000000e+02
4.875000000000000000e+03
3.019000000000000000e+03
4.023000000000000000e+03
2.860000000000000000e+02
4.379000000000000000e+03
2.370000000000000000e+02
4.053000000000000000e+03
4.058000000000000000e+03
1.405000000000000000e+03
4.060000000000000000e+03
2.720000000000000000e+02
2.100000000000000000e+01
4.673000000000000000e+03
1.225000000000000000e+03
4.807000000000000000e+03
4.112000000000000000e+03
1.319000000000000000e+03
1.135000000000000000e+03
4.186000000000000000e+03
1.300000000000000000e+03
3.278000000000000000e+03
3.046000000000000000e+03
2.184000000000000000e+03
1.681000000000000000e+03
3.060000000000000000e+03
2.430000000000000000e+03
4.774000000000000000e+03
4.654000000000000000e+03
3.340000000000000000e+03
5.170000000000000000e+02
2.676000000000000000e+03
1.598000000000000000e+03
3.258000000000000000e+03
1.758000000000000000e+03
4.446000000000000000e+03
2.021000000000000000e+03
4.146000000000000000e+03
2.740000000000000000e+02
6.450000000000000000e+02
1.741000000000000000e+03
2.023000000000000000e+03
2.946000000000000000e+03
7.580000000000000000e+02
1.947000000000000000e+03
4.350000000000000000e+03
9.740000000000000000e+02
4.102000000000000000e+03
4.105000000000000000e+03
7.200000000000000000e+01
4.593000000000000000e+03
3.296000000000000000e+03
2.944000000000000000e+03
2.151000000000000000e+03
3.761000000000000000e+03
2.312000000000000000e+03
4.646000000000000000e+03
4.927000000000000000e+03
2.606000000000000000e+03
3.953000000000000000e+03
4.552000000000000000e+03
3.200000000000000000e+02
2.473000000000000000e+03
2.630000000000000000e+03
7.170000000000000000e+02
3.972000000000000000e+03
9.180000000000000000e+02
2.978000000000000000e+03
3.208000000000000000e+03
2.133000000000000000e+03
4.568000000000000000e+03
8.190000000000000000e+02
4.428000000000000000e+03
1.356000000000000000e+03
2.619000000000000000e+03
1.678000000000000000e+03
8.560000000000000000e+02
7.770000000000000000e+02
3.033000000000000000e+03
3.783000000000000000e+03
4.756000000000000000e+03
1.234000000000000000e+03
1.760000000000000000e+03
3.835000000000000000e+03
2.862000000000000000e+03
5.930000000000000000e+02
3.979000000000000000e+03
1.066000000000000000e+03
2.273000000000000000e+03
4.423000000000000000e+03
4.520000000000000000e+02
1.673000000000000000e+03
4.230000000000000000e+03
6.970000000000000000e+02
2.557000000000000000e+03
3.397000000000000000e+03
3.697000000000000000e+03
3.066000000000000000e+03
1.641000000000000000e+03
3.889000000000000000e+03
4.451000000000000000e+03
1.590000000000000000e+02
1.626000000000000000e+03
3.927000000000000000e+03
1.020000000000000000e+03
4.427000000000000000e+03
1.570000000000000000e+03
2.905000000000000000e+03
4.413000000000000000e+03
4.878000000000000000e+03
3.199000000000000000e+03
4.412000000000000000e+03
3.995000000000000000e+03
2.153000000000000000e+03
4.064000000000000000e+03
4.353000000000000000e+03
1.200000000000000000e+01
4.108000000000000000e+03
7.880000000000000000e+02
1.740000000000000000e+03
7.700000000000000000e+01
2.843000000000000000e+03
6.460000000000000000e+02
1.350000000000000000e+02
1.250000000000000000e+03
1.120000000000000000e+02
1.048000000000000000e+03
4.295000000000000000e+03
6.730000000000000000e+02
1.871000000000000000e+03
3.739000000000000000e+03
4.545000000000000000e+03
1.961000000000000000e+03
4.542000000000000000e+03
1.822000000000000000e+03
1.803000000000000000e+03
4.525000000000000000e+03
5.450000000000000000e+02
1.106000000000000000e+03
2.089000000000000000e+03
4.142000000000000000e+03
2.099000000000000000e+03
2.684000000000000000e+03
3.789000000000000000e+03
5.600000000000000000e+02
2.480000000000000000e+02
2.146000000000000000e+03
4.420000000000000000e+02
2.562000000000000000e+03
2.639000000000000000e+03
4.400000000000000000e+02
2.573000000000000000e+03
3.368000000000000000e+03
4.682000000000000000e+03
3.020000000000000000e+02
2.980000000000000000e+02
4.550000000000000000e+02
3.440000000000000000e+02
2.586000000000000000e+03
4.540000000000000000e+02
2.385000000000000000e+03
3.150000000000000000e+02
2.381000000000000000e+03
2.378000000000000000e+03
2.628000000000000000e+03
3.448000000000000000e+03
4.850000000000000000e+02
4.810000000000000000e+02
2.530000000000000000e+03
3.429000000000000000e+03
3.290000000000000000e+03
2.615000000000000000e+03
3.710000000000000000e+02
3.394000000000000000e+03
1.224000000000000000e+03
1.111000000000000000e+03
3.500000000000000000e+02
4.000000000000000000e+02
2.374000000000000000e+03
4.956000000000000000e+03
1.024000000000000000e+03
3.571000000000000000e+03
3.120000000000000000e+02
4.816000000000000000e+03
1.142000000000000000e+03
2.534000000000000000e+03
3.294000000000000000e+03
1.461000000000000000e+03
4.135000000000000000e+03
2.122000000000000000e+03
3.337000000000000000e+03
4.307000000000000000e+03
4.671000000000000000e+03
4.153000000000000000e+03
3.441000000000000000e+03
2.367000000000000000e+03
7.750000000000000000e+02
4.959000000000000000e+03
4.934000000000000000e+03
4.137000000000000000e+03
1.445000000000000000e+03
4.380000000000000000e+02
1.659000000000000000e+03
4.076000000000000000e+03
2.079000000000000000e+03
4.182000000000000000e+03
3.747000000000000000e+03
2.760000000000000000e+02
1.653000000000000000e+03
9.400000000000000000e+01
1.192000000000000000e+03
2.148000000000000000e+03
7.320000000000000000e+02
3.794000000000000000e+03
4.047000000000000000e+03
1.459000000000000000e+03
1.556000000000000000e+03
6.800000000000000000e+01
3.280000000000000000e+02
2.740000000000000000e+03
4.086000000000000000e+03
3.567000000000000000e+03
4.591000000000000000e+03
1.270000000000000000e+03
4.710000000000000000e+02
1.930000000000000000e+03
4.613000000000000000e+03
1.098000000000000000e+03
4.829000000000000000e+03
4.485000000000000000e+03
2.498000000000000000e+03
2.478000000000000000e+03
2.263000000000000000e+03
3.304000000000000000e+03
2.747000000000000000e+03
3.548000000000000000e+03
4.635000000000000000e+03
2.090000000000000000e+03
1.293000000000000000e+03
9.300000000000000000e+02
3.930000000000000000e+02
5.420000000000000000e+02
4.167000000000000000e+03
1.465000000000000000e+03
4.187000000000000000e+03
4.136000000000000000e+03
3.944000000000000000e+03
8.050000000000000000e+02
2.505000000000000000e+03
2.280000000000000000e+03
4.459000000000000000e+03
6.400000000000000000e+01
5.360000000000000000e+02
2.328000000000000000e+03
1.932000000000000000e+03
4.547000000000000000e+03
3.042000000000000000e+03
2.220000000000000000e+03
1.700000000000000000e+03
4.262000000000000000e+03
3.565000000000000000e+03
1.478000000000000000e+03
4.194000000000000000e+03
1.022000000000000000e+03
3.834000000000000000e+03
1.921000000000000000e+03
4.038000000000000000e+03
1.392000000000000000e+03
6.070000000000000000e+02
3.741000000000000000e+03
3.831000000000000000e+03
4.709000000000000000e+03
2.423000000000000000e+03
2.631000000000000000e+03
3.874000000000000000e+03
4.860000000000000000e+03
2.387000000000000000e+03
2.466000000000000000e+03
3.413000000000000000e+03
1.706000000000000000e+03
1.531000000000000000e+03
3.863000000000000000e+03
4.285000000000000000e+03
3.910000000000000000e+03
4.797000000000000000e+03
2.700000000000000000e+03
4.220000000000000000e+03
3.250000000000000000e+02
3.333000000000000000e+03
1.685000000000000000e+03
1.873000000000000000e+03
1.851000000000000000e+03
2.600000000000000000e+03
6.200000000000000000e+02
4.092000000000000000e+03
1.642000000000000000e+03
1.696000000000000000e+03
2.822000000000000000e+03
3.260000000000000000e+02
3.270000000000000000e+02
3.750000000000000000e+02
1.647000000000000000e+03
2.638000000000000000e+03
3.088000000000000000e+03
2.085000000000000000e+03
6.840000000000000000e+02
2.395000000000000000e+03
2.329000000000000000e+03
2.566000000000000000e+03
4.535000000000000000e+03
4.905000000000000000e+03
1.455000000000000000e+03
2.633000000000000000e+03
1.320000000000000000e+02
2.508000000000000000e+03
2.667000000000000000e+03
1.542000000000000000e+03
5.670000000000000000e+02
2.300000000000000000e+02
3.288000000000000000e+03
2.239000000000000000e+03
3.636000000000000000e+03
2.452000000000000000e+03
3.338000000000000000e+03
2.716000000000000000e+03
2.152000000000000000e+03
8.430000000000000000e+02
4.260000000000000000e+03
1.073000000000000000e+03
2.197000000000000000e+03
4.916000000000000000e+03
1.130000000000000000e+03
2.207000000000000000e+03
3.779000000000000000e+03
1.315000000000000000e+03
3.653000000000000000e+03
1.710000000000000000e+03
2.602000000000000000e+03
3.705000000000000000e+03
8.290000000000000000e+02
3.551000000000000000e+03
1.467000000000000000e+03
6.640000000000000000e+02
2.213000000000000000e+03
3.326000000000000000e+03
1.055000000000000000e+03
4.808000000000000000e+03
3.061000000000000000e+03
3.521000000000000000e+03
3.341000000000000000e+03
1.536000000000000000e+03
4.650000000000000000e+03
1.123000000000000000e+03
1.500000000000000000e+01
5.590000000000000000e+02
9.280000000000000000e+02
2.643000000000000000e+03
1.938000000000000000e+03
1.286000000000000000e+03
3.308000000000000000e+03
1.025000000000000000e+03
4.624000000000000000e+03
4.795000000000000000e+03
4.059000000000000000e+03
2.637000000000000000e+03
4.533000000000000000e+03
4.979000000000000000e+03
2.286000000000000000e+03
3.489000000000000000e+03
4.406000000000000000e+03
3.180000000000000000e+03
4.960000000000000000e+03
2.448000000000000000e+03
3.694000000000000000e+03
4.810000000000000000e+03
4.006000000000000000e+03
1.826000000000000000e+03
1.806000000000000000e+03
4.720000000000000000e+02
2.875000000000000000e+03
1.664000000000000000e+03
1.516000000000000000e+03
2.795000000000000000e+03
4.599000000000000000e+03
2.121000000000000000e+03
1.030000000000000000e+03
6.100000000000000000e+02
4.564000000000000000e+03
1.385000000000000000e+03
1.880000000000000000e+02
7.220000000000000000e+02
1.212000000000000000e+03
1.829000000000000000e+03
2.303000000000000000e+03
1.015000000000000000e+03
1.221000000000000000e+03
4.040000000000000000e+03
1.351000000000000000e+03
7.740000000000000000e+02
4.374000000000000000e+03
4.066000000000000000e+03
2.501000000000000000e+03
5.440000000000000000e+02
9.020000000000000000e+02
2.864000000000000000e+03
5.410000000000000000e+02
2.230000000000000000e+03
4.510000000000000000e+02
4.326000000000000000e+03
4.572000000000000000e+03
1.875000000000000000e+03
4.690000000000000000e+03
1.415000000000000000e+03
4.657000000000000000e+03
3.868000000000000000e+03
3.504000000000000000e+03
1.852000000000000000e+03
4.938000000000000000e+03
1.530000000000000000e+03
9.920000000000000000e+02
8.500000000000000000e+01
4.113000000000000000e+03
2.768000000000000000e+03
6.700000000000000000e+02
4.338000000000000000e+03
4.081000000000000000e+03
6.080000000000000000e+02
4.659000000000000000e+03
4.184000000000000000e+03
4.362000000000000000e+03
2.866000000000000000e+03
2.061000000000000000e+03
7.040000000000000000e+02
2.940000000000000000e+02
3.285000000000000000e+03
4.541000000000000000e+03
3.300000000000000000e+03
3.635000000000000000e+03
1.275000000000000000e+03
3.886000000000000000e+03
3.964000000000000000e+03
3.581000000000000000e+03
2.327000000000000000e+03
2.282000000000000000e+03
1.080000000000000000e+02
2.437000000000000000e+03
3.502000000000000000e+03
8.680000000000000000e+02
1.595000000000000000e+03
2.577000000000000000e+03
2.389000000000000000e+03
4.540000000000000000e+03
1.037000000000000000e+03
3.860000000000000000e+03
5.620000000000000000e+02
4.972000000000000000e+03
2.472000000000000000e+03
7.590000000000000000e+02
1.703000000000000000e+03
1.923000000000000000e+03
4.750000000000000000e+03
4.725000000000000000e+03
2.870000000000000000e+02
4.804000000000000000e+03
3.455000000000000000e+03
2.403000000000000000e+03
1.683000000000000000e+03
3.720000000000000000e+03
4.583000000000000000e+03
1.365000000000000000e+03
2.039000000000000000e+03
4.172000000000000000e+03
7.910000000000000000e+02
3.664000000000000000e+03
3.827000000000000000e+03
2.854000000000000000e+03
3.101000000000000000e+03
1.380000000000000000e+03
5.150000000000000000e+02
3.822000000000000000e+03
3.379000000000000000e+03
3.309000000000000000e+03
1.430000000000000000e+02
1.091000000000000000e+03
1.284000000000000000e+03
4.020000000000000000e+02
2.561000000000000000e+03
4.171000000000000000e+03
3.662000000000000000e+03
2.172000000000000000e+03
8.730000000000000000e+02
3.867000000000000000e+03
4.242000000000000000e+03
3.793000000000000000e+03
1.196000000000000000e+03
3.817000000000000000e+03
3.895000000000000000e+03
3.724000000000000000e+03
4.121000000000000000e+03
5.110000000000000000e+02
4.354000000000000000e+03
3.608000000000000000e+03
1.099000000000000000e+03
4.791000000000000000e+03
3.458000000000000000e+03
1.787000000000000000e+03
2.075000000000000000e+03
4.592000000000000000e+03
3.950000000000000000e+02
3.898000000000000000e+03
3.274000000000000000e+03
1.333000000000000000e+03
3.973000000000000000e+03
3.880000000000000000e+03
1.983000000000000000e+03
1.567000000000000000e+03
4.297000000000000000e+03
2.455000000000000000e+03
7.290000000000000000e+02
1.602000000000000000e+03
6.430000000000000000e+02
1.623000000000000000e+03
7.330000000000000000e+02
4.889000000000000000e+03
1.368000000000000000e+03
3.610000000000000000e+03
2.670000000000000000e+03
4.560000000000000000e+02
4.024000000000000000e+03
2.158000000000000000e+03
1.353000000000000000e+03
4.095000000000000000e+03
1.145000000000000000e+03
3.002000000000000000e+03
1.349000000000000000e+03
1.740000000000000000e+02
4.051000000000000000e+03
3.645000000000000000e+03
4.893000000000000000e+03
4.098000000000000000e+03
4.995000000000000000e+03
1.451000000000000000e+03
4.705000000000000000e+03
3.607000000000000000e+03
2.552000000000000000e+03
3.159000000000000000e+03
2.246000000000000000e+03
3.600000000000000000e+01
4.131000000000000000e+03
4.339000000000000000e+03
4.609000000000000000e+03
3.525000000000000000e+03
3.673000000000000000e+03
5.860000000000000000e+02
2.920000000000000000e+03
1.168000000000000000e+03
2.999000000000000000e+03
6.180000000000000000e+02
4.266000000000000000e+03
3.414000000000000000e+03
4.272000000000000000e+03
1.702000000000000000e+03
4.206000000000000000e+03
3.434000000000000000e+03
4.306000000000000000e+03
3.437000000000000000e+03
4.479000000000000000e+03
3.848000000000000000e+03
4.946000000000000000e+03
3.359000000000000000e+03
2.789000000000000000e+03
4.950000000000000000e+03
1.232000000000000000e+03
4.276000000000000000e+03
2.287000000000000000e+03
1.011000000000000000e+03
1.901000000000000000e+03
2.311000000000000000e+03
3.845000000000000000e+03
3.790000000000000000e+02
4.846000000000000000e+03
2.020000000000000000e+02
2.802000000000000000e+03
1.269000000000000000e+03
2.839000000000000000e+03
4.221000000000000000e+03
4.511000000000000000e+03
3.749000000000000000e+03
3.810000000000000000e+03
7.600000000000000000e+01
4.503000000000000000e+03
1.235000000000000000e+03
1.034000000000000000e+03
3.534000000000000000e+03
1.637000000000000000e+03
1.762000000000000000e+03
4.964000000000000000e+03
1.118000000000000000e+03
1.162000000000000000e+03
3.931000000000000000e+03
5.210000000000000000e+02
2.456000000000000000e+03
3.682000000000000000e+03
4.277000000000000000e+03
6.250000000000000000e+02
3.698000000000000000e+03
1.548000000000000000e+03
4.139000000000000000e+03
3.897000000000000000e+03
4.250000000000000000e+02
4.270000000000000000e+02
8.880000000000000000e+02
6.230000000000000000e+02
3.675000000000000000e+03
2.493000000000000000e+03
3.223000000000000000e+03
2.352000000000000000e+03
3.375000000000000000e+03
3.454000000000000000e+03
4.181000000000000000e+03
2.987000000000000000e+03
2.990000000000000000e+03
1.670000000000000000e+03
5.500000000000000000e+02
4.123000000000000000e+03
3.235000000000000000e+03
4.716000000000000000e+03
3.984000000000000000e+03
8.460000000000000000e+02
2.622000000000000000e+03
2.004000000000000000e+03
4.528000000000000000e+03
2.000000000000000000e+02
4.818000000000000000e+03
1.895000000000000000e+03
1.261000000000000000e+03
9.290000000000000000e+02
3.128000000000000000e+03
1.892000000000000000e+03
4.458000000000000000e+03
4.690000000000000000e+02
2.143000000000000000e+03
4.888000000000000000e+03
4.890000000000000000e+03
3.188000000000000000e+03
2.178000000000000000e+03
2.461000000000000000e+03
3.515000000000000000e+03
1.717000000000000000e+03
4.305000000000000000e+03
1.384000000000000000e+03
4.943000000000000000e+03
6.350000000000000000e+02
1.687000000000000000e+03
2.986000000000000000e+03
2.124000000000000000e+03
3.644000000000000000e+03
2.278000000000000000e+03
4.337000000000000000e+03
4.961000000000000000e+03
2.420000000000000000e+02
4.077000000000000000e+03
1.297000000000000000e+03
4.236000000000000000e+03
2.663000000000000000e+03
1.797000000000000000e+03
7.860000000000000000e+02
7.300000000000000000e+02
1.550000000000000000e+03
3.090000000000000000e+03
1.677000000000000000e+03
3.037000000000000000e+03
3.939000000000000000e+03
3.251000000000000000e+03
3.522000000000000000e+03
2.285000000000000000e+03
2.730000000000000000e+03
1.836000000000000000e+03
5.980000000000000000e+02
6.680000000000000000e+02
1.236000000000000000e+03
1.922000000000000000e+03
3.919000000000000000e+03
3.023000000000000000e+03
4.429000000000000000e+03
2.290000000000000000e+02
4.840000000000000000e+02
4.315000000000000000e+03
2.645000000000000000e+03
4.989000000000000000e+03
8.700000000000000000e+02
2.065000000000000000e+03
4.780000000000000000e+03
2.702000000000000000e+03
1.568000000000000000e+03
7.390000000000000000e+02
8.120000000000000000e+02
4.165000000000000000e+03
2.048000000000000000e+03
3.891000000000000000e+03
4.448000000000000000e+03
4.806000000000000000e+03
3.632000000000000000e+03
1.812000000000000000e+03
3.069000000000000000e+03
1.107000000000000000e+03
3.545000000000000000e+03
3.266000000000000000e+03
2.543000000000000000e+03
2.416000000000000000e+03
9.370000000000000000e+02
3.275000000000000000e+03
4.168000000000000000e+03
4.828000000000000000e+03
1.692000000000000000e+03
2.542000000000000000e+03
8.490000000000000000e+02
3.719000000000000000e+03
1.046000000000000000e+03
4.177000000000000000e+03
7.240000000000000000e+02
2.909000000000000000e+03
2.200000000000000000e+01
4.008000000000000000e+03
4.228000000000000000e+03
3.447000000000000000e+03
2.516000000000000000e+03
5.530000000000000000e+02
9.770000000000000000e+02
1.096000000000000000e+03
2.049000000000000000e+03
5.050000000000000000e+02
2.786000000000000000e+03
3.985000000000000000e+03
1.840000000000000000e+02
3.329000000000000000e+03
3.589000000000000000e+03
1.278000000000000000e+03
4.882000000000000000e+03
2.691000000000000000e+03
2.692000000000000000e+03
2.400000000000000000e+02
2.706000000000000000e+03
2.855000000000000000e+03
2.937000000000000000e+03
2.974000000000000000e+03
2.190000000000000000e+03
6.710000000000000000e+02
3.637000000000000000e+03
4.780000000000000000e+02
1.783000000000000000e+03
3.839000000000000000e+03
3.881000000000000000e+03
1.005000000000000000e+03
3.930000000000000000e+03
2.198000000000000000e+03
4.314000000000000000e+03
2.345000000000000000e+03
4.772000000000000000e+03
4.160000000000000000e+02
1.801000000000000000e+03
3.154000000000000000e+03
4.753000000000000000e+03
4.996000000000000000e+03
2.404000000000000000e+03
2.757000000000000000e+03
4.991000000000000000e+03
4.910000000000000000e+03
3.312000000000000000e+03
3.370000000000000000e+03
3.222000000000000000e+03
1.309000000000000000e+03
8.620000000000000000e+02
1.733000000000000000e+03
3.820000000000000000e+02
4.440000000000000000e+02
2.094000000000000000e+03
2.147000000000000000e+03
1.973000000000000000e+03
8.800000000000000000e+02
1.603000000000000000e+03
4.229000000000000000e+03
1.267000000000000000e+03
3.236000000000000000e+03
2.623000000000000000e+03
2.990000000000000000e+02
2.696000000000000000e+03
3.210000000000000000e+02
7.670000000000000000e+02
3.875000000000000000e+03
2.782000000000000000e+03
2.664000000000000000e+03
3.655000000000000000e+03
3.750000000000000000e+03
1.341000000000000000e+03
2.860000000000000000e+03
2.981000000000000000e+03
4.608000000000000000e+03
4.980000000000000000e+02
4.320000000000000000e+03
4.325000000000000000e+03
1.100000000000000000e+03
3.269000000000000000e+03
3.585000000000000000e+03
3.498000000000000000e+03
2.420000000000000000e+03
4.695000000000000000e+03
5.080000000000000000e+02
6.000000000000000000e+02
3.735000000000000000e+03
1.387000000000000000e+03
1.645000000000000000e+03
3.109000000000000000e+03
4.617000000000000000e+03
9.980000000000000000e+02
1.068000000000000000e+03
5.950000000000000000e+02
5.000000000000000000e+02
1.735000000000000000e+03
7.310000000000000000e+02
3.960000000000000000e+02
6.500000000000000000e+02
5.610000000000000000e+02
6.870000000000000000e+02
3.940000000000000000e+02
4.003000000000000000e+03
4.401000000000000000e+03
4.837000000000000000e+03
4.704000000000000000e+03
2.734000000000000000e+03
2.707000000000000000e+03
4.080000000000000000e+02
1.800000000000000000e+01
1.509000000000000000e+03
4.589000000000000000e+03
7.020000000000000000e+02
2.773000000000000000e+03
2.891000000000000000e+03
2.439000000000000000e+03
4.476000000000000000e+03
8.980000000000000000e+02
2.141000000000000000e+03
1.411000000000000000e+03
1.795000000000000000e+03
3.245000000000000000e+03
3.946000000000000000e+03
1.272000000000000000e+03
4.735000000000000000e+03
3.466000000000000000e+03
1.398000000000000000e+03
4.174000000000000000e+03
3.242000000000000000e+03
1.949000000000000000e+03
4.833000000000000000e+03
2.620000000000000000e+02
7.560000000000000000e+02
8.900000000000000000e+02
4.471000000000000000e+03
3.111000000000000000e+03
1.265000000000000000e+03
2.776000000000000000e+03
7.190000000000000000e+02
2.490000000000000000e+02
1.916000000000000000e+03
4.607000000000000000e+03
1.780000000000000000e+03
4.782000000000000000e+03
3.492000000000000000e+03
6.410000000000000000e+02
3.150000000000000000e+03
2.310000000000000000e+03
2.597000000000000000e+03
4.577000000000000000e+03
2.763000000000000000e+03
1.517000000000000000e+03
7.360000000000000000e+02
7.840000000000000000e+02
4.494000000000000000e+03
1.635000000000000000e+03
2.418000000000000000e+03
4.118000000000000000e+03
4.453000000000000000e+03
3.837000000000000000e+03
2.750000000000000000e+02
2.504000000000000000e+03
3.418000000000000000e+03
3.378000000000000000e+03
3.257000000000000000e+03
8.210000000000000000e+02
3.830000000000000000e+03
1.497000000000000000e+03
9.410000000000000000e+02
3.198000000000000000e+03
3.395000000000000000e+03
4.280000000000000000e+02
9.170000000000000000e+02
2.920000000000000000e+02
2.441000000000000000e+03
1.849000000000000000e+03
1.418000000000000000e+03
2.930000000000000000e+02
2.425000000000000000e+03
3.430000000000000000e+03
3.997000000000000000e+03
3.213000000000000000e+03
1.850000000000000000e+03
3.893000000000000000e+03
4.209000000000000000e+03
4.848000000000000000e+03
3.670000000000000000e+03
4.035000000000000000e+03
3.428000000000000000e+03
4.397000000000000000e+03
2.034000000000000000e+03
4.114000000000000000e+03
3.420000000000000000e+02
2.708000000000000000e+03
4.722000000000000000e+03
4.133000000000000000e+03
2.997000000000000000e+03
3.130000000000000000e+02
4.766000000000000000e+03
1.003000000000000000e+03
1.804000000000000000e+03
4.691000000000000000e+03
1.200000000000000000e+03
3.350000000000000000e+03
8.800000000000000000e+01
8.300000000000000000e+02
3.184000000000000000e+03
8.840000000000000000e+02
4.921000000000000000e+03
5.700000000000000000e+02
1.325000000000000000e+03
4.681000000000000000e+03
1.251000000000000000e+03
4.134000000000000000e+03
6.030000000000000000e+02
1.547000000000000000e+03
2.166000000000000000e+03
4.250000000000000000e+03
2.351000000000000000e+03
4.697000000000000000e+03
3.701000000000000000e+03
4.296000000000000000e+03
3.232000000000000000e+03
1.824000000000000000e+03
4.240000000000000000e+02
4.603000000000000000e+03
4.376000000000000000e+03
1.394000000000000000e+03
1.942000000000000000e+03
2.787000000000000000e+03
4.390000000000000000e+02
2.951000000000000000e+03
6.760000000000000000e+02
1.974000000000000000e+03
2.490000000000000000e+03
3.591000000000000000e+03
1.094000000000000000e+03
3.189000000000000000e+03
2.083000000000000000e+03
4.074000000000000000e+03
4.930000000000000000e+03
9.940000000000000000e+02
3.107000000000000000e+03
2.640000000000000000e+03
3.221000000000000000e+03
4.257000000000000000e+03
1.510000000000000000e+02
2.407000000000000000e+03
3.568000000000000000e+03
4.321000000000000000e+03
2.132000000000000000e+03
3.178000000000000000e+03
4.311000000000000000e+03
1.057000000000000000e+03
1.860000000000000000e+02
2.014000000000000000e+03
1.369000000000000000e+03
3.640000000000000000e+03
3.737000000000000000e+03
3.160000000000000000e+02
6.570000000000000000e+02
1.400000000000000000e+01
3.580000000000000000e+03
3.999000000000000000e+03
2.353000000000000000e+03
2.634000000000000000e+03
4.049000000000000000e+03
3.520000000000000000e+03
1.506000000000000000e+03
3.738000000000000000e+03
2.942000000000000000e+03
3.640000000000000000e+02
5.470000000000000000e+02
3.323000000000000000e+03
4.880000000000000000e+03
1.828000000000000000e+03
1.609000000000000000e+03
3.078000000000000000e+03
4.173000000000000000e+03
1.060000000000000000e+02
4.275000000000000000e+03
2.714000000000000000e+03
1.131000000000000000e+03
1.452000000000000000e+03
3.844000000000000000e+03
2.881000000000000000e+03
2.200000000000000000e+03
3.654000000000000000e+03
1.615000000000000000e+03
3.087000000000000000e+03
3.335000000000000000e+03
2.343000000000000000e+03
3.596000000000000000e+03
4.246000000000000000e+03
2.255000000000000000e+03
4.180000000000000000e+03
3.483000000000000000e+03
4.040000000000000000e+02
5.760000000000000000e+02
4.512000000000000000e+03
4.132000000000000000e+03
2.413000000000000000e+03
1.088000000000000000e+03
4.870000000000000000e+03
1.848000000000000000e+03
1.600000000000000000e+02
6.440000000000000000e+02
1.249000000000000000e+03
4.107000000000000000e+03
3.021000000000000000e+03
2.769000000000000000e+03
4.501000000000000000e+03
2.701000000000000000e+03
4.571000000000000000e+03
2.545000000000000000e+03
3.929000000000000000e+03
4.763000000000000000e+03
1.242000000000000000e+03
4.210000000000000000e+02
4.626000000000000000e+03
2.217000000000000000e+03
4.534000000000000000e+03
3.803000000000000000e+03
2.887000000000000000e+03
5.800000000000000000e+02
1.069000000000000000e+03
2.283000000000000000e+03
3.160000000000000000e+03
1.569000000000000000e+03
3.060000000000000000e+02
3.040000000000000000e+03
1.934000000000000000e+03
1.147000000000000000e+03
1.689000000000000000e+03
4.200000000000000000e+02
2.725000000000000000e+03
3.220000000000000000e+03
2.897000000000000000e+03
6.920000000000000000e+02
4.198000000000000000e+03
2.513000000000000000e+03
7.980000000000000000e+02
4.267000000000000000e+03
6.740000000000000000e+02
3.660000000000000000e+02
2.811000000000000000e+03
9.540000000000000000e+02
9.200000000000000000e+02
3.495000000000000000e+03
1.724000000000000000e+03
2.111000000000000000e+03
4.456000000000000000e+03
2.069000000000000000e+03
2.496000000000000000e+03
2.240000000000000000e+02
4.769000000000000000e+03
4.073000000000000000e+03
4.619000000000000000e+03
1.281000000000000000e+03
2.067000000000000000e+03
4.781000000000000000e+03
1.475000000000000000e+03
3.063000000000000000e+03
4.492000000000000000e+03
4.670000000000000000e+02
4.787000000000000000e+03
1.407000000000000000e+03
2.112000000000000000e+03
3.829000000000000000e+03
1.108000000000000000e+03
3.100000000000000000e+02
1.524000000000000000e+03
1.640000000000000000e+02
5.660000000000000000e+02
3.907000000000000000e+03
1.180000000000000000e+02
4.478000000000000000e+03
4.163000000000000000e+03
1.897000000000000000e+03
3.291000000000000000e+03
4.794000000000000000e+03
4.616000000000000000e+03
1.549000000000000000e+03
3.764000000000000000e+03
1.354000000000000000e+03
1.726000000000000000e+03
9.690000000000000000e+02
2.690000000000000000e+02
4.710000000000000000e+03
3.461000000000000000e+03
7.000000000000000000e+01
3.532000000000000000e+03
2.752000000000000000e+03
2.732000000000000000e+03
3.549000000000000000e+03
2.910000000000000000e+03
4.819000000000000000e+03
2.460000000000000000e+03
1.450000000000000000e+02
2.105000000000000000e+03
3.450000000000000000e+03
3.590000000000000000e+03
9.580000000000000000e+02
1.917000000000000000e+03
5.720000000000000000e+02
2.463000000000000000e+03
2.618000000000000000e+03
2.964000000000000000e+03
2.962000000000000000e+03
3.743000000000000000e+03
1.555000000000000000e+03
3.279000000000000000e+03
3.029000000000000000e+03
3.935000000000000000e+03
1.512000000000000000e+03
3.436000000000000000e+03
2.486000000000000000e+03
9.810000000000000000e+02
2.519000000000000000e+03
4.110000000000000000e+02
4.887000000000000000e+03
1.845000000000000000e+03
6.160000000000000000e+02
4.033000000000000000e+03
4.068000000000000000e+03
2.096000000000000000e+03
4.693000000000000000e+03
4.383000000000000000e+03
6.270000000000000000e+02
4.906000000000000000e+03
1.890000000000000000e+03
1.766000000000000000e+03
2.090000000000000000e+02
2.280000000000000000e+02
2.330000000000000000e+02
4.676000000000000000e+03
7.990000000000000000e+02
1.130000000000000000e+02
3.220000000000000000e+02
2.243000000000000000e+03
1.303000000000000000e+03
6.470000000000000000e+02
3.932000000000000000e+03
9.680000000000000000e+02
4.667000000000000000e+03
1.546000000000000000e+03
4.185000000000000000e+03
1.936000000000000000e+03
4.220000000000000000e+02
1.166000000000000000e+03
4.274000000000000000e+03
3.443000000000000000e+03
3.475000000000000000e+03
4.544000000000000000e+03
3.310000000000000000e+02
1.528000000000000000e+03
4.244000000000000000e+03
4.052000000000000000e+03
4.610000000000000000e+03
3.476000000000000000e+03
1.841000000000000000e+03
1.139000000000000000e+03
3.211000000000000000e+03
4.854000000000000000e+03
4.402000000000000000e+03
4.196000000000000000e+03
2.342000000000000000e+03
2.254000000000000000e+03
2.265000000000000000e+03
2.015000000000000000e+03
4.270000000000000000e+03
7.810000000000000000e+02
4.900000000000000000e+02
9.590000000000000000e+02
2.454000000000000000e+03
5.040000000000000000e+02
4.516000000000000000e+03
3.740000000000000000e+03
3.095000000000000000e+03
4.283000000000000000e+03
8.770000000000000000e+02
5.580000000000000000e+02
2.102000000000000000e+03
3.192000000000000000e+03
2.850000000000000000e+02
2.193000000000000000e+03
1.001000000000000000e+03
2.626000000000000000e+03
2.446000000000000000e+03
3.254000000000000000e+03
3.449000000000000000e+03
2.510000000000000000e+03
8.200000000000000000e+01
4.079000000000000000e+03
3.167000000000000000e+03
3.348000000000000000e+03
4.162000000000000000e+03
1.920000000000000000e+02
3.345000000000000000e+03
4.351000000000000000e+03
1.377000000000000000e+03
2.591000000000000000e+03
1.958000000000000000e+03
2.115000000000000000e+03
4.055000000000000000e+03
4.060000000000000000e+02
2.551000000000000000e+03
7.400000000000000000e+01
1.854000000000000000e+03
1.883000000000000000e+03
3.297000000000000000e+03
1.590000000000000000e+03
3.205000000000000000e+03
2.222000000000000000e+03
1.357000000000000000e+03
3.801000000000000000e+03
4.349000000000000000e+03
3.604000000000000000e+03
2.731000000000000000e+03
2.218000000000000000e+03
2.830000000000000000e+03
4.048000000000000000e+03
5.000000000000000000e+01
1.243000000000000000e+03
1.676000000000000000e+03
5.120000000000000000e+02
1.532000000000000000e+03
4.029000000000000000e+03
2.467000000000000000e+03
3.237000000000000000e+03
1.414000000000000000e+03
8.270000000000000000e+02
3.321000000000000000e+03
2.819000000000000000e+03
2.212000000000000000e+03
1.767000000000000000e+03
2.114000000000000000e+03
2.800000000000000000e+03
4.065000000000000000e+03
2.458000000000000000e+03
3.011000000000000000e+03
3.975000000000000000e+03
7.790000000000000000e+02
7.100000000000000000e+02
2.674000000000000000e+03
2.814000000000000000e+03
4.786000000000000000e+03
4.726000000000000000e+03
1.220000000000000000e+02
1.274000000000000000e+03
2.590000000000000000e+03
3.040000000000000000e+02
1.185000000000000000e+03
1.258000000000000000e+03
1.573000000000000000e+03
4.335000000000000000e+03
2.760000000000000000e+03
4.897000000000000000e+03
2.052000000000000000e+03
1.880000000000000000e+03
2.136000000000000000e+03
2.180000000000000000e+02
1.584000000000000000e+03
1.231000000000000000e+03
6.000000000000000000e+00
8.530000000000000000e+02
3.314000000000000000e+03
4.974000000000000000e+03
5.770000000000000000e+02
1.691000000000000000e+03
3.851000000000000000e+03
4.975000000000000000e+03
1.566000000000000000e+03
1.534000000000000000e+03
1.296000000000000000e+03
1.481000000000000000e+03
2.741000000000000000e+03
6.300000000000000000e+02
3.696000000000000000e+03
1.560000000000000000e+03
4.301000000000000000e+03
