4.285000000000000000e+03
2.507000000000000000e+03
2.775000000000000000e+03
1.392000000000000000e+03
4.574000000000000000e+03
4.369000000000000000e+03
4.796000000000000000e+03
4.543000000000000000e+03
3.987000000000000000e+03
3.039000000000000000e+03
1.318000000000000000e+03
4.955000000000000000e+03
4.144000000000000000e+03
1.096000000000000000e+03
4.829000000000000000e+03
1.163000000000000000e+03
1.567000000000000000e+03
3.307000000000000000e+03
2.193000000000000000e+03
3.965000000000000000e+03
2.399000000000000000e+03
1.190000000000000000e+03
1.859000000000000000e+03
1.149000000000000000e+03
4.274000000000000000e+03
2.185000000000000000e+03
3.710000000000000000e+02
2.872000000000000000e+03
4.137000000000000000e+03
3.320000000000000000e+03
2.875000000000000000e+03
3.686000000000000000e+03
5.610000000000000000e+02
3.160000000000000000e+03
4.905000000000000000e+03
7.720000000000000000e+02
3.930000000000000000e+03
2.473000000000000000e+03
4.637000000000000000e+03
4.682000000000000000e+03
2.216000000000000000e+03
4.523000000000000000e+03
7.910000000000000000e+02
1.037000000000000000e+03
9.780000000000000000e+02
1.631000000000000000e+03
2.923000000000000000e+03
4.410000000000000000e+03
3.066000000000000000e+03
4.221000000000000000e+03
4.919000000000000000e+03
8.550000000000000000e+02
2.486000000000000000e+03
3.210000000000000000e+02
3.798000000000000000e+03
3.070000000000000000e+02
2.871000000000000000e+03
2.853000000000000000e+03
1.446000000000000000e+03
1.993000000000000000e+03
4.012000000000000000e+03
4.494000000000000000e+03
1.233000000000000000e+03
3.500000000000000000e+03
4.278000000000000000e+03
6.670000000000000000e+02
4.397000000000000000e+03
3.642000000000000000e+03
2.290000000000000000e+02
1.622000000000000000e+03
1.952000000000000000e+03
4.196000000000000000e+03
3.793000000000000000e+03
2.986000000000000000e+03
9.420000000000000000e+02
3.759000000000000000e+03
3.265000000000000000e+03
4.825000000000000000e+03
1.549000000000000000e+03
3.574000000000000000e+03
3.013000000000000000e+03
3.792000000000000000e+03
1.374000000000000000e+03
4.652000000000000000e+03
7.440000000000000000e+02
4.730000000000000000e+03
2.760000000000000000e+02
4.961000000000000000e+03
4.778000000000000000e+03
2.669000000000000000e+03
4.328000000000000000e+03
3.151000000000000000e+03
2.339000000000000000e+03
3.200000000000000000e+01
4.960000000000000000e+02
2.558000000000000000e+03
3.380000000000000000e+02
1.232000000000000000e+03
3.387000000000000000e+03
3.024000000000000000e+03
3.449000000000000000e+03
3.445000000000000000e+03
1.796000000000000000e+03
4.490000000000000000e+02
3.840000000000000000e+02
5.240000000000000000e+02
4.108000000000000000e+03
3.885000000000000000e+03
2.242000000000000000e+03
1.514000000000000000e+03
2.535000000000000000e+03
2.947000000000000000e+03
2.510000000000000000e+02
5.290000000000000000e+02
6.800000000000000000e+01
4.806000000000000000e+03
3.586000000000000000e+03
9.030000000000000000e+02
5.130000000000000000e+02
2.353000000000000000e+03
8.490000000000000000e+02
2.912000000000000000e+03
2.652000000000000000e+03
3.432000000000000000e+03
1.745000000000000000e+03
9.400000000000000000e+01
3.897000000000000000e+03
1.748000000000000000e+03
4.267000000000000000e+03
9.650000000000000000e+02
1.108000000000000000e+03
1.322000000000000000e+03
2.417000000000000000e+03
2.639000000000000000e+03
1.370000000000000000e+02
1.820000000000000000e+02
3.831000000000000000e+03
3.821000000000000000e+03
3.580000000000000000e+03
1.513000000000000000e+03
2.715000000000000000e+03
1.478000000000000000e+03
4.020000000000000000e+02
3.942000000000000000e+03
1.401000000000000000e+03
7.620000000000000000e+02
4.158000000000000000e+03
3.739000000000000000e+03
1.520000000000000000e+02
1.840000000000000000e+02
2.731000000000000000e+03
2.040000000000000000e+02
3.720000000000000000e+03
2.027000000000000000e+03
1.195000000000000000e+03
2.794000000000000000e+03
4.619000000000000000e+03
1.920000000000000000e+02
8.290000000000000000e+02
2.606000000000000000e+03
1.610000000000000000e+02
2.077000000000000000e+03
1.730000000000000000e+03
4.981000000000000000e+03
3.138000000000000000e+03
1.733000000000000000e+03
1.960000000000000000e+02
1.750000000000000000e+03
3.300000000000000000e+02
3.268000000000000000e+03
4.672000000000000000e+03
1.074000000000000000e+03
1.634000000000000000e+03
2.851000000000000000e+03
3.373000000000000000e+03
4.805000000000000000e+03
4.670000000000000000e+02
2.827000000000000000e+03
3.288000000000000000e+03
4.566000000000000000e+03
3.828000000000000000e+03
3.578000000000000000e+03
2.634000000000000000e+03
2.965000000000000000e+03
5.210000000000000000e+02
7.510000000000000000e+02
4.769000000000000000e+03
2.165000000000000000e+03
4.831000000000000000e+03
4.118000000000000000e+03
2.041000000000000000e+03
4.283000000000000000e+03
7.490000000000000000e+02
1.861000000000000000e+03
8.660000000000000000e+02
3.572000000000000000e+03
4.966000000000000000e+03
6.700000000000000000e+01
3.815000000000000000e+03
3.819000000000000000e+03
4.721000000000000000e+03
7.320000000000000000e+02
3.329000000000000000e+03
2.307000000000000000e+03
2.730000000000000000e+02
3.289000000000000000e+03
1.924000000000000000e+03
3.955000000000000000e+03
3.901000000000000000e+03
4.370000000000000000e+03
3.784000000000000000e+03
1.917000000000000000e+03
3.383000000000000000e+03
3.101000000000000000e+03
3.617000000000000000e+03
1.990000000000000000e+02
2.592000000000000000e+03
4.506000000000000000e+03
1.375000000000000000e+03
1.804000000000000000e+03
4.659000000000000000e+03
4.852000000000000000e+03
4.630000000000000000e+03
2.358000000000000000e+03
3.980000000000000000e+03
3.252000000000000000e+03
4.155000000000000000e+03
4.970000000000000000e+03
1.520000000000000000e+03
1.555000000000000000e+03
4.520000000000000000e+02
2.255000000000000000e+03
4.040000000000000000e+02
1.670000000000000000e+03
2.421000000000000000e+03
1.082000000000000000e+03
1.315000000000000000e+03
2.495000000000000000e+03
4.900000000000000000e+01
4.181000000000000000e+03
4.488000000000000000e+03
1.639000000000000000e+03
2.615000000000000000e+03
5.370000000000000000e+02
3.178000000000000000e+03
2.174000000000000000e+03
2.271000000000000000e+03
9.070000000000000000e+02
2.783000000000000000e+03
2.480000000000000000e+03
5.090000000000000000e+02
7.100000000000000000e+02
3.078000000000000000e+03
3.695000000000000000e+03
3.007000000000000000e+03
1.011000000000000000e+03
3.567000000000000000e+03
1.757000000000000000e+03
1.841000000000000000e+03
7.090000000000000000e+02
3.834000000000000000e+03
1.895000000000000000e+03
4.554000000000000000e+03
3.192000000000000000e+03
2.337000000000000000e+03
4.296000000000000000e+03
3.041000000000000000e+03
4.860000000000000000e+02
4.413000000000000000e+03
3.898000000000000000e+03
1.867000000000000000e+03
3.179000000000000000e+03
3.983000000000000000e+03
1.019000000000000000e+03
9.200000000000000000e+01
3.530000000000000000e+02
6.770000000000000000e+02
2.196000000000000000e+03
1.346000000000000000e+03
7.480000000000000000e+02
3.874000000000000000e+03
4.453000000000000000e+03
2.005000000000000000e+03
2.272000000000000000e+03
4.525000000000000000e+03
3.120000000000000000e+03
4.375000000000000000e+03
4.712000000000000000e+03
2.252000000000000000e+03
4.191000000000000000e+03
1.045000000000000000e+03
3.448000000000000000e+03
2.828000000000000000e+03
1.615000000000000000e+03
4.197000000000000000e+03
1.902000000000000000e+03
2.080000000000000000e+02
1.320000000000000000e+03
1.214000000000000000e+03
3.349000000000000000e+03
1.720000000000000000e+03
2.670000000000000000e+03
4.127000000000000000e+03
2.043000000000000000e+03
3.343000000000000000e+03
3.226000000000000000e+03
9.430000000000000000e+02
7.120000000000000000e+02
2.379000000000000000e+03
2.002000000000000000e+03
4.310000000000000000e+03
4.083000000000000000e+03
3.876000000000000000e+03
1.331000000000000000e+03
4.569000000000000000e+03
1.127000000000000000e+03
2.710000000000000000e+03
4.539000000000000000e+03
3.413000000000000000e+03
9.670000000000000000e+02
3.190000000000000000e+02
3.430000000000000000e+02
4.544000000000000000e+03
2.312000000000000000e+03
3.412000000000000000e+03
2.078000000000000000e+03
3.408000000000000000e+03
4.003000000000000000e+03
4.060000000000000000e+02
3.416000000000000000e+03
4.430000000000000000e+02
1.281000000000000000e+03
4.120000000000000000e+02
6.050000000000000000e+02
1.259000000000000000e+03
2.452000000000000000e+03
1.007000000000000000e+03
3.269000000000000000e+03
4.235000000000000000e+03
2.434000000000000000e+03
2.423000000000000000e+03
4.276000000000000000e+03
7.290000000000000000e+02
9.260000000000000000e+02
9.010000000000000000e+02
2.316000000000000000e+03
7.610000000000000000e+02
8.860000000000000000e+02
2.322000000000000000e+03
8.640000000000000000e+02
8.510000000000000000e+02
2.347000000000000000e+03
3.195000000000000000e+03
2.377000000000000000e+03
8.030000000000000000e+02
3.182000000000000000e+03
4.376000000000000000e+03
4.361000000000000000e+03
3.272000000000000000e+03
2.091000000000000000e+03
3.277000000000000000e+03
2.238000000000000000e+03
4.033000000000000000e+03
2.112000000000000000e+03
4.058000000000000000e+03
3.364000000000000000e+03
4.850000000000000000e+02
1.192000000000000000e+03
4.598000000000000000e+03
4.110000000000000000e+03
3.332000000000000000e+03
5.570000000000000000e+02
1.122000000000000000e+03
2.188000000000000000e+03
2.501000000000000000e+03
4.540000000000000000e+03
5.990000000000000000e+02
3.302000000000000000e+03
3.093000000000000000e+03
2.210000000000000000e+03
3.097000000000000000e+03
1.057000000000000000e+03
6.280000000000000000e+02
2.478000000000000000e+03
6.330000000000000000e+02
4.208000000000000000e+03
3.870000000000000000e+02
2.360000000000000000e+03
2.614000000000000000e+03
3.300000000000000000e+01
1.559000000000000000e+03
1.826000000000000000e+03
3.648000000000000000e+03
2.895000000000000000e+03
2.014000000000000000e+03
3.911000000000000000e+03
1.830000000000000000e+03
3.704000000000000000e+03
1.777000000000000000e+03
2.420000000000000000e+02
4.808000000000000000e+03
4.801000000000000000e+03
1.965000000000000000e+03
1.846000000000000000e+03
3.476000000000000000e+03
2.777000000000000000e+03
2.736000000000000000e+03
3.868000000000000000e+03
2.958000000000000000e+03
4.954000000000000000e+03
1.642000000000000000e+03
3.691000000000000000e+03
1.470000000000000000e+02
2.735000000000000000e+03
1.348000000000000000e+03
3.750000000000000000e+02
4.881000000000000000e+03
1.783000000000000000e+03
2.915000000000000000e+03
2.182000000000000000e+03
1.842000000000000000e+03
3.020000000000000000e+03
2.635000000000000000e+03
2.173000000000000000e+03
5.590000000000000000e+02
3.673000000000000000e+03
3.537000000000000000e+03
4.650000000000000000e+03
6.230000000000000000e+02
1.170000000000000000e+02
1.889000000000000000e+03
2.100000000000000000e+01
1.602000000000000000e+03
3.941000000000000000e+03
3.790000000000000000e+03
4.729000000000000000e+03
1.194000000000000000e+03
3.305000000000000000e+03
7.230000000000000000e+02
5.060000000000000000e+02
1.710000000000000000e+03
2.080000000000000000e+03
2.239000000000000000e+03
3.756000000000000000e+03
1.761000000000000000e+03
2.599000000000000000e+03
3.824000000000000000e+03
4.692000000000000000e+03
1.178000000000000000e+03
4.587000000000000000e+03
1.557000000000000000e+03
4.695000000000000000e+03
1.805000000000000000e+03
1.980000000000000000e+03
1.763000000000000000e+03
5.860000000000000000e+02
4.119000000000000000e+03
2.267000000000000000e+03
1.072000000000000000e+03
3.550000000000000000e+03
4.000000000000000000e+03
2.906000000000000000e+03
1.980000000000000000e+02
2.273000000000000000e+03
2.003000000000000000e+03
6.790000000000000000e+02
3.935000000000000000e+03
8.780000000000000000e+02
3.359000000000000000e+03
1.285000000000000000e+03
4.770000000000000000e+03
1.435000000000000000e+03
1.197000000000000000e+03
1.081000000000000000e+03
4.800000000000000000e+03
8.870000000000000000e+02
9.380000000000000000e+02
3.728000000000000000e+03
1.474000000000000000e+03
4.921000000000000000e+03
4.643000000000000000e+03
1.946000000000000000e+03
2.139000000000000000e+03
2.749000000000000000e+03
3.490000000000000000e+02
3.193000000000000000e+03
3.600000000000000000e+01
4.988000000000000000e+03
1.916000000000000000e+03
1.896000000000000000e+03
4.528000000000000000e+03
2.489000000000000000e+03
1.542000000000000000e+03
7.300000000000000000e+01
1.674000000000000000e+03
4.471000000000000000e+03
2.392000000000000000e+03
4.150000000000000000e+02
4.527000000000000000e+03
1.798000000000000000e+03
3.571000000000000000e+03
3.638000000000000000e+03
2.497000000000000000e+03
4.157000000000000000e+03
2.125000000000000000e+03
1.424000000000000000e+03
4.367000000000000000e+03
2.546000000000000000e+03
1.422000000000000000e+03
4.080000000000000000e+03
3.422000000000000000e+03
4.113000000000000000e+03
3.723000000000000000e+03
2.921000000000000000e+03
1.120000000000000000e+03
2.261000000000000000e+03
1.948000000000000000e+03
2.676000000000000000e+03
2.447000000000000000e+03
3.071000000000000000e+03
2.010000000000000000e+02
1.864000000000000000e+03
2.887000000000000000e+03
1.616000000000000000e+03
3.171000000000000000e+03
2.602000000000000000e+03
1.731000000000000000e+03
3.672000000000000000e+03
3.540000000000000000e+02
3.627000000000000000e+03
2.870000000000000000e+02
3.930000000000000000e+02
3.391000000000000000e+03
3.597000000000000000e+03
3.596000000000000000e+03
1.774000000000000000e+03
1.433000000000000000e+03
2.850000000000000000e+02
2.758000000000000000e+03
8.600000000000000000e+01
4.707000000000000000e+03
1.246000000000000000e+03
9.440000000000000000e+02
1.782000000000000000e+03
1.242000000000000000e+03
2.526000000000000000e+03
1.138000000000000000e+03
2.683000000000000000e+03
1.856000000000000000e+03
4.530000000000000000e+02
2.590000000000000000e+03
1.652000000000000000e+03
1.263000000000000000e+03
3.010000000000000000e+02
4.827000000000000000e+03
1.389000000000000000e+03
4.343000000000000000e+03
1.735000000000000000e+03
1.042000000000000000e+03
3.569000000000000000e+03
1.141000000000000000e+03
3.694000000000000000e+03
2.901000000000000000e+03
2.919000000000000000e+03
4.421000000000000000e+03
1.568000000000000000e+03
2.254000000000000000e+03
2.660000000000000000e+03
4.368000000000000000e+03
1.623000000000000000e+03
2.076000000000000000e+03
4.070000000000000000e+02
2.732000000000000000e+03
8.410000000000000000e+02
2.025000000000000000e+03
2.363000000000000000e+03
6.490000000000000000e+02
4.199000000000000000e+03
1.612000000000000000e+03
4.848000000000000000e+03
3.632000000000000000e+03
3.518000000000000000e+03
4.030000000000000000e+02
4.531000000000000000e+03
3.299000000000000000e+03
3.113000000000000000e+03
2.457000000000000000e+03
4.379000000000000000e+03
1.816000000000000000e+03
1.006000000000000000e+03
4.217000000000000000e+03
4.890000000000000000e+03
1.369000000000000000e+03
2.368000000000000000e+03
2.063000000000000000e+03
8.340000000000000000e+02
4.100000000000000000e+03
3.920000000000000000e+03
4.800000000000000000e+01
4.910000000000000000e+03
2.480000000000000000e+02
2.490000000000000000e+02
3.158000000000000000e+03
2.524000000000000000e+03
1.723000000000000000e+03
2.405000000000000000e+03
4.775000000000000000e+03
2.532000000000000000e+03
1.148000000000000000e+03
4.592000000000000000e+03
4.442000000000000000e+03
2.536000000000000000e+03
1.702000000000000000e+03
1.460000000000000000e+03
5.180000000000000000e+02
4.271000000000000000e+03
5.950000000000000000e+02
1.228000000000000000e+03
4.096000000000000000e+03
4.636000000000000000e+03
3.926000000000000000e+03
6.860000000000000000e+02
3.802000000000000000e+03
2.156000000000000000e+03
5.810000000000000000e+02
2.573000000000000000e+03
4.600000000000000000e+01
4.644000000000000000e+03
3.388000000000000000e+03
3.915000000000000000e+03
4.037000000000000000e+03
3.453000000000000000e+03
2.861000000000000000e+03
3.722000000000000000e+03
2.276000000000000000e+03
3.908000000000000000e+03
4.964000000000000000e+03
2.979000000000000000e+03
5.430000000000000000e+02
2.372000000000000000e+03
3.420000000000000000e+03
3.795000000000000000e+03
3.154000000000000000e+03
3.909000000000000000e+03
1.425000000000000000e+03
1.198000000000000000e+03
1.614000000000000000e+03
2.023000000000000000e+03
2.695000000000000000e+03
3.090000000000000000e+03
2.472000000000000000e+03
3.667000000000000000e+03
1.289000000000000000e+03
3.510000000000000000e+03
9.960000000000000000e+02
2.746000000000000000e+03
3.584000000000000000e+03
1.309000000000000000e+03
1.574000000000000000e+03
3.882000000000000000e+03
4.680000000000000000e+02
4.236000000000000000e+03
2.466000000000000000e+03
3.125000000000000000e+03
3.159000000000000000e+03
1.290000000000000000e+02
8.310000000000000000e+02
3.096000000000000000e+03
2.053000000000000000e+03
4.723000000000000000e+03
2.044000000000000000e+03
3.338000000000000000e+03
1.814000000000000000e+03
4.590000000000000000e+02
1.770000000000000000e+02
1.400000000000000000e+02
1.444000000000000000e+03
3.189000000000000000e+03
3.223000000000000000e+03
4.750000000000000000e+02
1.736000000000000000e+03
3.775000000000000000e+03
4.567000000000000000e+03
4.128000000000000000e+03
2.946000000000000000e+03
2.991000000000000000e+03
4.273000000000000000e+03
2.910000000000000000e+03
4.362000000000000000e+03
3.771000000000000000e+03
2.462000000000000000e+03
4.621000000000000000e+03
4.982000000000000000e+03
1.001000000000000000e+03
4.761000000000000000e+03
9.400000000000000000e+02
2.198000000000000000e+03
4.738000000000000000e+03
1.376000000000000000e+03
9.190000000000000000e+02
4.502000000000000000e+03
3.976000000000000000e+03
6.420000000000000000e+02
2.743000000000000000e+03
3.149000000000000000e+03
5.930000000000000000e+02
2.630000000000000000e+03
3.535000000000000000e+03
1.339000000000000000e+03
2.937000000000000000e+03
3.148000000000000000e+03
4.865000000000000000e+03
3.217000000000000000e+03
2.969000000000000000e+03
3.342000000000000000e+03
4.862000000000000000e+03
4.022000000000000000e+03
3.651000000000000000e+03
2.727000000000000000e+03
3.418000000000000000e+03
4.645000000000000000e+03
3.214000000000000000e+03
3.886000000000000000e+03
2.234000000000000000e+03
4.009000000000000000e+03
1.908000000000000000e+03
6.500000000000000000e+02
2.129000000000000000e+03
1.341000000000000000e+03
1.692000000000000000e+03
2.518000000000000000e+03
4.363000000000000000e+03
4.265000000000000000e+03
2.045000000000000000e+03
3.512000000000000000e+03
4.521000000000000000e+03
2.714000000000000000e+03
3.503000000000000000e+03
4.834000000000000000e+03
4.708000000000000000e+03
1.118000000000000000e+03
2.494000000000000000e+03
2.301000000000000000e+03
3.872000000000000000e+03
3.606000000000000000e+03
2.281000000000000000e+03
1.075000000000000000e+03
1.648000000000000000e+03
2.706000000000000000e+03
2.381000000000000000e+03
3.991000000000000000e+03
1.456000000000000000e+03
3.929000000000000000e+03
3.135000000000000000e+03
3.753000000000000000e+03
4.395000000000000000e+03
2.860000000000000000e+02
3.637000000000000000e+03
1.981000000000000000e+03
4.951000000000000000e+03
4.781000000000000000e+03
1.800000000000000000e+01
5.520000000000000000e+02
4.745000000000000000e+03
2.331000000000000000e+03
3.703000000000000000e+03
4.813000000000000000e+03
4.360000000000000000e+03
3.639000000000000000e+03
3.396000000000000000e+03
3.551000000000000000e+03
1.419000000000000000e+03
3.361000000000000000e+03
2.705000000000000000e+03
4.175000000000000000e+03
4.300000000000000000e+03
3.757000000000000000e+03
1.650000000000000000e+02
1.210000000000000000e+03
4.356000000000000000e+03
2.787000000000000000e+03
2.453000000000000000e+03
7.060000000000000000e+02
3.817000000000000000e+03
3.892000000000000000e+03
4.949000000000000000e+03
3.042000000000000000e+03
1.720000000000000000e+02
3.510000000000000000e+02
6.220000000000000000e+02
4.347000000000000000e+03
1.295000000000000000e+03
1.792000000000000000e+03
1.022000000000000000e+03
2.143000000000000000e+03
7.190000000000000000e+02
3.169000000000000000e+03
1.949000000000000000e+03
3.864000000000000000e+03
3.479000000000000000e+03
2.559000000000000000e+03
3.108000000000000000e+03
2.352000000000000000e+03
1.893000000000000000e+03
1.463000000000000000e+03
3.309000000000000000e+03
2.240000000000000000e+03
3.222000000000000000e+03
3.669000000000000000e+03
3.261000000000000000e+03
1.850000000000000000e+03
3.382000000000000000e+03
2.134000000000000000e+03
4.102000000000000000e+03
1.184000000000000000e+03
1.708000000000000000e+03
3.392000000000000000e+03
1.863000000000000000e+03
4.025000000000000000e+03
3.833000000000000000e+03
1.282000000000000000e+03
3.442000000000000000e+03
3.400000000000000000e+03
3.928000000000000000e+03
2.319000000000000000e+03
1.932000000000000000e+03
3.225000000000000000e+03
2.757000000000000000e+03
2.767000000000000000e+03
3.123000000000000000e+03
3.360000000000000000e+02
4.617000000000000000e+03
2.847000000000000000e+03
4.626000000000000000e+03
4.851000000000000000e+03
2.564000000000000000e+03
6.150000000000000000e+02
3.640000000000000000e+02
4.412000000000000000e+03
7.350000000000000000e+02
2.603000000000000000e+03
4.701000000000000000e+03
4.454000000000000000e+03
1.070000000000000000e+02
3.520000000000000000e+02
1.620000000000000000e+02
1.800000000000000000e+02
2.648000000000000000e+03
2.826000000000000000e+03
2.830000000000000000e+03
1.200000000000000000e+02
2.520000000000000000e+03
4.833000000000000000e+03
8.500000000000000000e+01
3.034000000000000000e+03
8.140000000000000000e+02
4.802000000000000000e+03
2.517000000000000000e+03
3.370000000000000000e+02
3.660000000000000000e+03
2.926000000000000000e+03
4.555000000000000000e+03
1.000000000000000000e+03
3.884000000000000000e+03
3.860000000000000000e+03
4.720000000000000000e+02
2.700000000000000000e+01
3.707000000000000000e+03
1.355000000000000000e+03
2.050000000000000000e+03
1.470000000000000000e+03
8.230000000000000000e+02
1.531000000000000000e+03
4.439000000000000000e+03
2.172000000000000000e+03
4.320000000000000000e+02
1.770000000000000000e+03
4.830000000000000000e+03
2.468000000000000000e+03
7.500000000000000000e+02
4.841000000000000000e+03
2.993000000000000000e+03
3.523000000000000000e+03
5.360000000000000000e+02
4.610000000000000000e+02
4.586000000000000000e+03
9.810000000000000000e+02
3.658000000000000000e+03
9.610000000000000000e+02
2.949000000000000000e+03
2.036000000000000000e+03
4.614000000000000000e+03
3.404000000000000000e+03
2.213000000000000000e+03
2.740000000000000000e+02
1.350000000000000000e+03
3.961000000000000000e+03
3.513000000000000000e+03
2.300000000000000000e+02
8.680000000000000000e+02
1.929000000000000000e+03
3.251000000000000000e+03
3.429000000000000000e+03
3.896000000000000000e+03
4.710000000000000000e+02
3.603000000000000000e+03
3.747000000000000000e+03
2.752000000000000000e+03
3.740000000000000000e+02
2.662000000000000000e+03
1.267000000000000000e+03
1.760000000000000000e+03
3.451000000000000000e+03
2.576000000000000000e+03
1.151000000000000000e+03
2.720000000000000000e+03
2.656000000000000000e+03
4.728000000000000000e+03
5.110000000000000000e+02
4.383000000000000000e+03
4.250000000000000000e+03
1.540000000000000000e+03
3.280000000000000000e+03
3.599000000000000000e+03
1.820000000000000000e+03
3.436000000000000000e+03
4.496000000000000000e+03
4.821000000000000000e+03
1.278000000000000000e+03
2.779000000000000000e+03
2.890000000000000000e+03
1.150000000000000000e+02
4.920000000000000000e+03
3.152000000000000000e+03
2.952000000000000000e+03
2.657000000000000000e+03
4.734000000000000000e+03
3.964000000000000000e+03
3.543000000000000000e+03
4.700000000000000000e+03
4.537000000000000000e+03
7.880000000000000000e+02
6.030000000000000000e+02
3.782000000000000000e+03
2.680000000000000000e+03
1.018000000000000000e+03
4.764000000000000000e+03
1.583000000000000000e+03
3.230000000000000000e+02
1.364000000000000000e+03
1.488000000000000000e+03
4.380000000000000000e+03
1.468000000000000000e+03
4.835000000000000000e+03
2.964000000000000000e+03
1.102000000000000000e+03
9.800000000000000000e+02
4.482000000000000000e+03
8.750000000000000000e+02
4.884000000000000000e+03
2.132000000000000000e+03
3.969000000000000000e+03
4.907000000000000000e+03
1.200000000000000000e+01
3.040000000000000000e+02
4.140000000000000000e+03
2.068000000000000000e+03
4.254000000000000000e+03
3.219000000000000000e+03
7.270000000000000000e+02
1.276000000000000000e+03
2.903000000000000000e+03
3.822000000000000000e+03
3.900000000000000000e+03
9.460000000000000000e+02
2.047000000000000000e+03
3.335000000000000000e+03
2.058000000000000000e+03
3.117000000000000000e+03
1.293000000000000000e+03
4.424000000000000000e+03
6.390000000000000000e+02
1.087000000000000000e+03
2.640000000000000000e+03
4.976000000000000000e+03
1.432000000000000000e+03
2.161000000000000000e+03
2.455000000000000000e+03
4.557000000000000000e+03
3.054000000000000000e+03
5.220000000000000000e+02
3.903000000000000000e+03
4.863000000000000000e+03
3.623000000000000000e+03
1.594000000000000000e+03
2.961000000000000000e+03
3.290000000000000000e+03
3.883000000000000000e+03
2.048000000000000000e+03
1.527000000000000000e+03
1.485000000000000000e+03
2.406000000000000000e+03
1.533000000000000000e+03
2.020000000000000000e+02
3.004000000000000000e+03
2.929000000000000000e+03
3.684000000000000000e+03
9.770000000000000000e+02
4.411000000000000000e+03
4.970000000000000000e+02
6.950000000000000000e+02
5.600000000000000000e+01
3.107000000000000000e+03
6.780000000000000000e+02
4.599000000000000000e+03
9.710000000000000000e+02
1.251000000000000000e+03
2.959000000000000000e+03
4.418000000000000000e+03
1.269000000000000000e+03
7.670000000000000000e+02
1.940000000000000000e+02
1.080000000000000000e+02
1.553000000000000000e+03
2.587000000000000000e+03
3.774000000000000000e+03
1.855000000000000000e+03
4.226000000000000000e+03
2.426000000000000000e+03
3.808000000000000000e+03
1.079000000000000000e+03
1.541000000000000000e+03
1.700000000000000000e+03
1.204000000000000000e+03
4.786000000000000000e+03
4.877000000000000000e+03
2.620000000000000000e+03
2.810000000000000000e+02
1.961000000000000000e+03
4.085000000000000000e+03
1.619000000000000000e+03
2.768000000000000000e+03
3.318000000000000000e+03
9.250000000000000000e+02
1.250000000000000000e+03
2.327000000000000000e+03
2.703000000000000000e+03
3.945000000000000000e+03
3.918000000000000000e+03
3.493000000000000000e+03
1.659000000000000000e+03
1.503000000000000000e+03
4.420000000000000000e+03
9.230000000000000000e+02
3.170000000000000000e+03
1.947000000000000000e+03
2.463000000000000000e+03
1.066000000000000000e+03
2.105000000000000000e+03
4.591000000000000000e+03
2.195000000000000000e+03
4.658000000000000000e+03
3.110000000000000000e+03
3.573000000000000000e+03
1.211000000000000000e+03
2.867000000000000000e+03
4.952000000000000000e+03
4.604000000000000000e+03
1.196000000000000000e+03
1.637000000000000000e+03
1.690000000000000000e+02
9.200000000000000000e+02
3.951000000000000000e+03
3.580000000000000000e+02
9.450000000000000000e+02
4.773000000000000000e+03
6.560000000000000000e+02
4.815000000000000000e+03
4.696000000000000000e+03
1.319000000000000000e+03
2.485000000000000000e+03
2.236000000000000000e+03
2.623000000000000000e+03
2.304000000000000000e+03
3.727000000000000000e+03
1.092000000000000000e+03
1.174000000000000000e+03
5.140000000000000000e+02
4.676000000000000000e+03
3.680000000000000000e+03
2.367000000000000000e+03
3.957000000000000000e+03
3.411000000000000000e+03
4.015000000000000000e+03
2.217000000000000000e+03
4.720000000000000000e+03
1.180000000000000000e+03
6.870000000000000000e+02
1.563000000000000000e+03
4.038000000000000000e+03
3.943000000000000000e+03
7.460000000000000000e+02
1.813000000000000000e+03
8.810000000000000000e+02
7.430000000000000000e+02
4.532000000000000000e+03
1.516000000000000000e+03
9.700000000000000000e+02
3.801000000000000000e+03
1.140000000000000000e+02
2.232000000000000000e+03
2.240000000000000000e+02
3.129000000000000000e+03
2.026000000000000000e+03
4.628000000000000000e+03
5.070000000000000000e+02
4.499000000000000000e+03
2.810000000000000000e+03
2.241000000000000000e+03
9.700000000000000000e+01
4.613000000000000000e+03
4.092000000000000000e+03
1.862000000000000000e+03
1.193000000000000000e+03
4.233000000000000000e+03
1.933000000000000000e+03
7.690000000000000000e+02
4.908000000000000000e+03
4.301000000000000000e+03
4.915000000000000000e+03
2.798000000000000000e+03
2.902000000000000000e+03
4.904000000000000000e+03
3.228000000000000000e+03
3.315000000000000000e+03
3.443000000000000000e+03
1.899000000000000000e+03
3.721000000000000000e+03
4.620000000000000000e+02
1.316000000000000000e+03
2.601000000000000000e+03
4.538000000000000000e+03
2.908000000000000000e+03
4.703000000000000000e+03
2.654000000000000000e+03
3.174000000000000000e+03
3.715000000000000000e+03
4.953000000000000000e+03
3.487000000000000000e+03
4.194000000000000000e+03
2.109000000000000000e+03
6.040000000000000000e+02
2.668000000000000000e+03
2.280000000000000000e+03
3.650000000000000000e+02
4.402000000000000000e+03
2.679000000000000000e+03
1.180000000000000000e+02
1.927000000000000000e+03
3.008000000000000000e+03
2.842000000000000000e+03
4.023000000000000000e+03
2.249000000000000000e+03
2.277000000000000000e+03
1.157000000000000000e+03
2.838000000000000000e+03
4.094000000000000000e+03
2.583000000000000000e+03
1.249000000000000000e+03
3.907000000000000000e+03
3.105000000000000000e+03
1.094000000000000000e+03
4.709000000000000000e+03
3.260000000000000000e+03
3.038000000000000000e+03
1.343000000000000000e+03
2.780000000000000000e+02
3.963000000000000000e+03
3.128000000000000000e+03
1.420000000000000000e+02
1.411000000000000000e+03
1.920000000000000000e+03
3.769000000000000000e+03
3.633000000000000000e+03
2.951000000000000000e+03
1.530000000000000000e+03
4.162000000000000000e+03
2.029000000000000000e+03
4.957000000000000000e+03
3.243000000000000000e+03
4.044000000000000000e+03
4.444000000000000000e+03
2.994000000000000000e+03
3.871000000000000000e+03
3.587000000000000000e+03
4.304000000000000000e+03
3.879000000000000000e+03
4.654000000000000000e+03
1.328000000000000000e+03
1.324000000000000000e+03
4.789000000000000000e+03
3.904000000000000000e+03
3.851000000000000000e+03
2.681000000000000000e+03
1.330000000000000000e+02
2.698000000000000000e+03
4.075000000000000000e+03
4.475000000000000000e+03
1.660000000000000000e+03
1.012000000000000000e+03
1.693000000000000000e+03
3.800000000000000000e+03
1.303000000000000000e+03
2.491000000000000000e+03
1.647000000000000000e+03
2.403000000000000000e+03
4.100000000000000000e+02
1.035000000000000000e+03
3.562000000000000000e+03
4.355000000000000000e+03
2.882000000000000000e+03
9.360000000000000000e+02
