6.360000000000000000e+02
2.922000000000000000e+03
7.200000000000000000e+02
1.080000000000000000e+03
3.317000000000000000e+03
1.331000000000000000e+03
4.596000000000000000e+03
1.800000000000000000e+02
9.610000000000000000e+02
9.890000000000000000e+02
2.694000000000000000e+03
6.040000000000000000e+02
5.240000000000000000e+02
3.181000000000000000e+03
2.544000000000000000e+03
3.513000000000000000e+03
4.864000000000000000e+03
8.420000000000000000e+02
8.950000000000000000e+02
3.304000000000000000e+03
3.074000000000000000e+03
1.864000000000000000e+03
7.520000000000000000e+02
1.901000000000000000e+03
3.390000000000000000e+02
3.100000000000000000e+01
3.884000000000000000e+03
2.591000000000000000e+03
3.093000000000000000e+03
4.192000000000000000e+03
3.064000000000000000e+03
1.175000000000000000e+03
1.449000000000000000e+03
2.619000000000000000e+03
4.649000000000000000e+03
3.546000000000000000e+03
9.970000000000000000e+02
2.930000000000000000e+02
1.894000000000000000e+03
3.469000000000000000e+03
3.606000000000000000e+03
2.090000000000000000e+02
1.493000000000000000e+03
2.962000000000000000e+03
2.216000000000000000e+03
4.425000000000000000e+03
5.220000000000000000e+02
8.310000000000000000e+02
1.241000000000000000e+03
1.897000000000000000e+03
3.479000000000000000e+03
3.184000000000000000e+03
2.930000000000000000e+03
2.940000000000000000e+03
1.841000000000000000e+03
2.675000000000000000e+03
1.530000000000000000e+02
4.865000000000000000e+03
1.999000000000000000e+03
1.749000000000000000e+03
2.845000000000000000e+03
2.130000000000000000e+03
1.636000000000000000e+03
4.464000000000000000e+03
5.460000000000000000e+02
7.360000000000000000e+02
2.343000000000000000e+03
3.983000000000000000e+03
4.235000000000000000e+03
2.730000000000000000e+03
4.344000000000000000e+03
5.080000000000000000e+02
4.470000000000000000e+03
1.570000000000000000e+02
3.255000000000000000e+03
2.320000000000000000e+03
4.067000000000000000e+03
4.493000000000000000e+03
3.639000000000000000e+03
3.209000000000000000e+03
2.431000000000000000e+03
1.200000000000000000e+01
2.367000000000000000e+03
3.764000000000000000e+03
1.444000000000000000e+03
2.443000000000000000e+03
3.559000000000000000e+03
9.820000000000000000e+02
7.000000000000000000e+00
1.007000000000000000e+03
1.497000000000000000e+03
2.491000000000000000e+03
9.300000000000000000e+01
2.261000000000000000e+03
4.099000000000000000e+03
1.427000000000000000e+03
1.716000000000000000e+03
2.647000000000000000e+03
1.790000000000000000e+03
4.219000000000000000e+03
2.450000000000000000e+03
3.592000000000000000e+03
3.830000000000000000e+02
1.466000000000000000e+03
2.363000000000000000e+03
1.432000000000000000e+03
6.800000000000000000e+01
3.564000000000000000e+03
1.339000000000000000e+03
2.536000000000000000e+03
3.792000000000000000e+03
4.242000000000000000e+03
1.653000000000000000e+03
4.910000000000000000e+03
1.758000000000000000e+03
3.000000000000000000e+03
2.298000000000000000e+03
9.160000000000000000e+02
2.232000000000000000e+03
1.091000000000000000e+03
2.720000000000000000e+03
3.709000000000000000e+03
2.035000000000000000e+03
2.927000000000000000e+03
1.483000000000000000e+03
2.700000000000000000e+03
4.821000000000000000e+03
1.976000000000000000e+03
1.421000000000000000e+03
2.094000000000000000e+03
1.286000000000000000e+03
3.579000000000000000e+03
4.663000000000000000e+03
1.060000000000000000e+03
3.091000000000000000e+03
4.857000000000000000e+03
7.410000000000000000e+02
4.402000000000000000e+03
3.604000000000000000e+03
2.846000000000000000e+03
4.982000000000000000e+03
3.856000000000000000e+03
1.029000000000000000e+03
3.073000000000000000e+03
3.149000000000000000e+03
4.446000000000000000e+03
3.903000000000000000e+03
2.036000000000000000e+03
9.770000000000000000e+02
4.172000000000000000e+03
1.705000000000000000e+03
6.960000000000000000e+02
2.702000000000000000e+03
3.086000000000000000e+03
2.082000000000000000e+03
2.747000000000000000e+03
4.802000000000000000e+03
5.570000000000000000e+02
1.087000000000000000e+03
2.487000000000000000e+03
3.222000000000000000e+03
4.226000000000000000e+03
3.989000000000000000e+03
2.575000000000000000e+03
3.150000000000000000e+02
4.057000000000000000e+03
2.928000000000000000e+03
4.138000000000000000e+03
5.000000000000000000e+00
2.601000000000000000e+03
4.723000000000000000e+03
4.870000000000000000e+02
1.895000000000000000e+03
4.135000000000000000e+03
6.220000000000000000e+02
1.159000000000000000e+03
1.890000000000000000e+03
8.700000000000000000e+02
4.937000000000000000e+03
3.277000000000000000e+03
2.896000000000000000e+03
1.866000000000000000e+03
4.496000000000000000e+03
4.595000000000000000e+03
3.100000000000000000e+02
1.067000000000000000e+03
1.263000000000000000e+03
1.664000000000000000e+03
2.701000000000000000e+03
5.120000000000000000e+02
2.983000000000000000e+03
2.517000000000000000e+03
1.420000000000000000e+02
1.390000000000000000e+02
2.990000000000000000e+02
1.340000000000000000e+02
1.246000000000000000e+03
3.351000000000000000e+03
3.437000000000000000e+03
2.940000000000000000e+02
4.484000000000000000e+03
2.123000000000000000e+03
2.710000000000000000e+02
2.141000000000000000e+03
2.125000000000000000e+03
1.629000000000000000e+03
3.050000000000000000e+02
4.695000000000000000e+03
3.180000000000000000e+03
6.410000000000000000e+02
3.701000000000000000e+03
3.834000000000000000e+03
3.313000000000000000e+03
6.100000000000000000e+02
3.174000000000000000e+03
1.613000000000000000e+03
3.302000000000000000e+03
2.300000000000000000e+03
4.483000000000000000e+03
4.803000000000000000e+03
2.242000000000000000e+03
2.880000000000000000e+02
1.608000000000000000e+03
3.143000000000000000e+03
3.160000000000000000e+02
2.073000000000000000e+03
4.719000000000000000e+03
6.530000000000000000e+02
3.380000000000000000e+02
3.554000000000000000e+03
7.830000000000000000e+02
2.938000000000000000e+03
4.640000000000000000e+03
4.905000000000000000e+03
4.603000000000000000e+03
1.799000000000000000e+03
4.630000000000000000e+02
8.600000000000000000e+01
2.859000000000000000e+03
4.676000000000000000e+03
3.002000000000000000e+03
1.344000000000000000e+03
1.262000000000000000e+03
3.914000000000000000e+03
4.361000000000000000e+03
1.892000000000000000e+03
1.152000000000000000e+03
4.408000000000000000e+03
1.737000000000000000e+03
2.672000000000000000e+03
1.812000000000000000e+03
3.878000000000000000e+03
4.902000000000000000e+03
3.961000000000000000e+03
1.125000000000000000e+03
4.401000000000000000e+03
2.528000000000000000e+03
4.345000000000000000e+03
1.200000000000000000e+03
2.237000000000000000e+03
4.006000000000000000e+03
1.264000000000000000e+03
2.676000000000000000e+03
1.077000000000000000e+03
1.634000000000000000e+03
2.907000000000000000e+03
2.950000000000000000e+02
1.258000000000000000e+03
1.556000000000000000e+03
8.440000000000000000e+02
2.390000000000000000e+03
4.564000000000000000e+03
2.327000000000000000e+03
2.400000000000000000e+03
3.373000000000000000e+03
3.840000000000000000e+03
3.399000000000000000e+03
8.300000000000000000e+01
3.680000000000000000e+03
1.502000000000000000e+03
3.812000000000000000e+03
4.878000000000000000e+03
1.197000000000000000e+03
3.207000000000000000e+03
3.240000000000000000e+02
3.769000000000000000e+03
4.424000000000000000e+03
9.100000000000000000e+02
1.540000000000000000e+03
2.260000000000000000e+03
3.200000000000000000e+02
3.365000000000000000e+03
4.921000000000000000e+03
1.960000000000000000e+03
4.287000000000000000e+03
3.738000000000000000e+03
2.629000000000000000e+03
2.218000000000000000e+03
4.562000000000000000e+03
1.320000000000000000e+02
1.253000000000000000e+03
3.582000000000000000e+03
1.470000000000000000e+03
3.660000000000000000e+03
6.800000000000000000e+02
2.925000000000000000e+03
3.827000000000000000e+03
2.871000000000000000e+03
3.684000000000000000e+03
3.901000000000000000e+03
3.397000000000000000e+03
4.055000000000000000e+03
5.890000000000000000e+02
4.468000000000000000e+03
3.498000000000000000e+03
9.550000000000000000e+02
3.303000000000000000e+03
2.441000000000000000e+03
1.059000000000000000e+03
4.938000000000000000e+03
7.460000000000000000e+02
1.473000000000000000e+03
2.353000000000000000e+03
4.539000000000000000e+03
1.273000000000000000e+03
3.640000000000000000e+03
2.874000000000000000e+03
3.935000000000000000e+03
3.083000000000000000e+03
3.997000000000000000e+03
1.270000000000000000e+02
4.727000000000000000e+03
2.793000000000000000e+03
6.010000000000000000e+02
2.001000000000000000e+03
2.267000000000000000e+03
4.918000000000000000e+03
4.962000000000000000e+03
4.371000000000000000e+03
1.192000000000000000e+03
3.877000000000000000e+03
7.810000000000000000e+02
2.194000000000000000e+03
4.633000000000000000e+03
3.504000000000000000e+03
3.043000000000000000e+03
3.623000000000000000e+03
2.105000000000000000e+03
1.567000000000000000e+03
3.620000000000000000e+02
2.193000000000000000e+03
1.167000000000000000e+03
1.169000000000000000e+03
2.926000000000000000e+03
2.610000000000000000e+03
2.000000000000000000e+00
4.581000000000000000e+03
3.665000000000000000e+03
3.441000000000000000e+03
3.652000000000000000e+03
2.761000000000000000e+03
3.565000000000000000e+03
2.557000000000000000e+03
3.686000000000000000e+03
2.598000000000000000e+03
3.147000000000000000e+03
4.212000000000000000e+03
3.681000000000000000e+03
1.896000000000000000e+03
2.025000000000000000e+03
4.680000000000000000e+02
3.244000000000000000e+03
3.584000000000000000e+03
1.768000000000000000e+03
4.194000000000000000e+03
5.720000000000000000e+02
4.113000000000000000e+03
3.945000000000000000e+03
5.330000000000000000e+02
4.782000000000000000e+03
9.910000000000000000e+02
4.013000000000000000e+03
1.931000000000000000e+03
1.156000000000000000e+03
1.641000000000000000e+03
2.703000000000000000e+03
1.406000000000000000e+03
1.019000000000000000e+03
1.899000000000000000e+03
4.713000000000000000e+03
1.196000000000000000e+03
7.630000000000000000e+02
2.541000000000000000e+03
2.250000000000000000e+02
3.013000000000000000e+03
3.345000000000000000e+03
2.809000000000000000e+03
1.249000000000000000e+03
3.484000000000000000e+03
3.223000000000000000e+03
4.980000000000000000e+03
3.994000000000000000e+03
1.437000000000000000e+03
3.153000000000000000e+03
1.551000000000000000e+03
3.360000000000000000e+02
1.723000000000000000e+03
1.380000000000000000e+03
2.301000000000000000e+03
5.110000000000000000e+02
4.388000000000000000e+03
3.645000000000000000e+03
5.840000000000000000e+02
4.329000000000000000e+03
4.223000000000000000e+03
4.279000000000000000e+03
1.523000000000000000e+03
3.676000000000000000e+03
3.837000000000000000e+03
3.481000000000000000e+03
2.596000000000000000e+03
2.109000000000000000e+03
2.790000000000000000e+02
4.983000000000000000e+03
1.847000000000000000e+03
2.602000000000000000e+03
2.227000000000000000e+03
9.520000000000000000e+02
4.728000000000000000e+03
3.290000000000000000e+03
1.095000000000000000e+03
2.255000000000000000e+03
1.580000000000000000e+02
3.200000000000000000e+01
3.097000000000000000e+03
4.850000000000000000e+03
2.421000000000000000e+03
7.710000000000000000e+02
4.800000000000000000e+01
1.022000000000000000e+03
3.394000000000000000e+03
3.392000000000000000e+03
4.672000000000000000e+03
2.815000000000000000e+03
1.998000000000000000e+03
8.020000000000000000e+02
1.316000000000000000e+03
1.984000000000000000e+03
1.446000000000000000e+03
1.424000000000000000e+03
3.630000000000000000e+03
2.753000000000000000e+03
4.372000000000000000e+03
4.661000000000000000e+03
3.419000000000000000e+03
1.839000000000000000e+03
4.249000000000000000e+03
3.860000000000000000e+03
1.648000000000000000e+03
3.706000000000000000e+03
1.652000000000000000e+03
4.489000000000000000e+03
4.487000000000000000e+03
4.241000000000000000e+03
3.871000000000000000e+03
7.820000000000000000e+02
1.221000000000000000e+03
5.520000000000000000e+02
3.795000000000000000e+03
1.407000000000000000e+03
4.253000000000000000e+03
4.523000000000000000e+03
3.573000000000000000e+03
3.671000000000000000e+03
1.772000000000000000e+03
1.800000000000000000e+03
3.502000000000000000e+03
4.711000000000000000e+03
4.954000000000000000e+03
4.600000000000000000e+01
2.412000000000000000e+03
2.635000000000000000e+03
2.398000000000000000e+03
4.653000000000000000e+03
3.175000000000000000e+03
2.732000000000000000e+03
3.420000000000000000e+02
3.170000000000000000e+03
3.480000000000000000e+02
4.701000000000000000e+03
1.888000000000000000e+03
2.470000000000000000e+02
3.155000000000000000e+03
2.320000000000000000e+02
2.370000000000000000e+03
7.960000000000000000e+02
2.307000000000000000e+03
1.910000000000000000e+02
4.349000000000000000e+03
2.483000000000000000e+03
1.456000000000000000e+03
4.137000000000000000e+03
4.959000000000000000e+03
5.740000000000000000e+02
3.172000000000000000e+03
8.140000000000000000e+02
1.712000000000000000e+03
7.570000000000000000e+02
4.040000000000000000e+02
4.265000000000000000e+03
2.465000000000000000e+03
3.772000000000000000e+03
1.596000000000000000e+03
4.491000000000000000e+03
3.644000000000000000e+03
2.699000000000000000e+03
3.430000000000000000e+02
5.780000000000000000e+02
2.772000000000000000e+03
6.310000000000000000e+02
3.027000000000000000e+03
7.900000000000000000e+02
1.282000000000000000e+03
1.296000000000000000e+03
3.233000000000000000e+03
3.708000000000000000e+03
2.961000000000000000e+03
3.727000000000000000e+03
1.287000000000000000e+03
7.910000000000000000e+02
3.309000000000000000e+03
1.540000000000000000e+02
2.525000000000000000e+03
1.657000000000000000e+03
2.974000000000000000e+03
3.440000000000000000e+02
1.650000000000000000e+03
1.370000000000000000e+02
3.292000000000000000e+03
4.502000000000000000e+03
6.160000000000000000e+02
1.245000000000000000e+03
2.518000000000000000e+03
8.100000000000000000e+02
8.080000000000000000e+02
2.172000000000000000e+03
1.247000000000000000e+03
2.493000000000000000e+03
3.280000000000000000e+03
1.659000000000000000e+03
3.891000000000000000e+03
1.670000000000000000e+02
2.120000000000000000e+02
3.100000000000000000e+03
1.515000000000000000e+03
2.356000000000000000e+03
1.411000000000000000e+03
4.787000000000000000e+03
4.454000000000000000e+03
2.277000000000000000e+03
3.115000000000000000e+03
2.378000000000000000e+03
3.817000000000000000e+03
3.869000000000000000e+03
7.270000000000000000e+02
3.120000000000000000e+03
3.830000000000000000e+03
4.417000000000000000e+03
2.270000000000000000e+02
3.851000000000000000e+03
2.315000000000000000e+03
2.440000000000000000e+02
1.486000000000000000e+03
4.868000000000000000e+03
2.380000000000000000e+03
2.266000000000000000e+03
3.957000000000000000e+03
2.463000000000000000e+03
3.737000000000000000e+03
3.029000000000000000e+03
2.446000000000000000e+03
1.239000000000000000e+03
7.720000000000000000e+02
3.062000000000000000e+03
1.358000000000000000e+03
6.700000000000000000e+02
2.413000000000000000e+03
1.560000000000000000e+03
7.560000000000000000e+02
1.980000000000000000e+02
7.500000000000000000e+02
4.772000000000000000e+03
3.896000000000000000e+03
2.397000000000000000e+03
3.784000000000000000e+03
4.465000000000000000e+03
4.478000000000000000e+03
2.432000000000000000e+03
1.677000000000000000e+03
4.023000000000000000e+03
3.551000000000000000e+03
4.975000000000000000e+03
1.000000000000000000e+03
4.410000000000000000e+02
1.957000000000000000e+03
1.001000000000000000e+03
2.705000000000000000e+03
1.016000000000000000e+03
1.964000000000000000e+03
3.430000000000000000e+03
9.960000000000000000e+02
3.568000000000000000e+03
4.582000000000000000e+03
2.848000000000000000e+03
1.972000000000000000e+03
4.965000000000000000e+03
1.977000000000000000e+03
9.210000000000000000e+02
1.782000000000000000e+03
3.417000000000000000e+03
4.184000000000000000e+03
1.986000000000000000e+03
3.428000000000000000e+03
4.177000000000000000e+03
3.451000000000000000e+03
1.939000000000000000e+03
4.750000000000000000e+02
3.507000000000000000e+03
1.868000000000000000e+03
4.820000000000000000e+02
4.720000000000000000e+02
4.997000000000000000e+03
1.863000000000000000e+03
4.660000000000000000e+02
9.690000000000000000e+02
1.860000000000000000e+03
2.900000000000000000e+01
9.500000000000000000e+02
1.854000000000000000e+03
1.853000000000000000e+03
1.850000000000000000e+03
3.524000000000000000e+03
9.730000000000000000e+02
4.560000000000000000e+02
2.728000000000000000e+03
2.718000000000000000e+03
2.835000000000000000e+03
3.542000000000000000e+03
3.517000000000000000e+03
8.320000000000000000e+02
1.458000000000000000e+03
3.405000000000000000e+03
7.900000000000000000e+01
1.151000000000000000e+03
4.079000000000000000e+03
4.075000000000000000e+03
3.333000000000000000e+03
8.600000000000000000e+02
4.313000000000000000e+03
4.316000000000000000e+03
2.608000000000000000e+03
3.647000000000000000e+03
4.692000000000000000e+03
4.321000000000000000e+03
3.657000000000000000e+03
2.566000000000000000e+03
2.564000000000000000e+03
3.663000000000000000e+03
4.041000000000000000e+03
3.145000000000000000e+03
2.560000000000000000e+03
1.209000000000000000e+03
5.930000000000000000e+02
2.956000000000000000e+03
4.908000000000000000e+03
5.340000000000000000e+02
1.129000000000000000e+03
5.620000000000000000e+02
3.589000000000000000e+03
2.684000000000000000e+03
1.046000000000000000e+03
4.165000000000000000e+03
1.764000000000000000e+03
4.273000000000000000e+03
1.753000000000000000e+03
4.952000000000000000e+03
9.020000000000000000e+02
4.143000000000000000e+03
4.284000000000000000e+03
1.116000000000000000e+03
2.657000000000000000e+03
3.615000000000000000e+03
3.619000000000000000e+03
1.098000000000000000e+03
8.830000000000000000e+02
4.117000000000000000e+03
8.780000000000000000e+02
4.111000000000000000e+03
2.887000000000000000e+03
3.341000000000000000e+03
1.409000000000000000e+03
9.270000000000000000e+02
1.321000000000000000e+03
2.894000000000000000e+03
4.383000000000000000e+03
2.339000000000000000e+03
4.783000000000000000e+03
4.610000000000000000e+02
4.160000000000000000e+02
4.945000000000000000e+03
4.656000000000000000e+03
3.622000000000000000e+03
2.006000000000000000e+03
1.467000000000000000e+03
1.266000000000000000e+03
3.638000000000000000e+03
4.768000000000000000e+03
5.130000000000000000e+02
3.625000000000000000e+03
2.879000000000000000e+03
4.110000000000000000e+02
3.556000000000000000e+03
3.250000000000000000e+03
3.621000000000000000e+03
4.128000000000000000e+03
4.400000000000000000e+03
3.070000000000000000e+03
1.697000000000000000e+03
4.705000000000000000e+03
1.685000000000000000e+03
1.671000000000000000e+03
4.432000000000000000e+03
3.315000000000000000e+03
4.019000000000000000e+03
1.565000000000000000e+03
3.607000000000000000e+03
6.490000000000000000e+02
4.743000000000000000e+03
2.342000000000000000e+03
1.289000000000000000e+03
3.178000000000000000e+03
1.052000000000000000e+03
2.292000000000000000e+03
2.723000000000000000e+03
3.434000000000000000e+03
3.547000000000000000e+03
2.229000000000000000e+03
4.697000000000000000e+03
3.976000000000000000e+03
2.860000000000000000e+02
2.496000000000000000e+03
3.880000000000000000e+02
4.893000000000000000e+03
4.654000000000000000e+03
2.561000000000000000e+03
3.312000000000000000e+03
3.127000000000000000e+03
4.000000000000000000e+00
4.599000000000000000e+03
4.010000000000000000e+02
2.248000000000000000e+03
1.145000000000000000e+03
3.297000000000000000e+03
4.794000000000000000e+03
2.033000000000000000e+03
3.831000000000000000e+03
8.770000000000000000e+02
8.550000000000000000e+02
1.383000000000000000e+03
4.060000000000000000e+02
4.720000000000000000e+03
4.498000000000000000e+03
3.060000000000000000e+02
2.551000000000000000e+03
3.364000000000000000e+03
1.600000000000000000e+03
2.391000000000000000e+03
2.270000000000000000e+03
4.070000000000000000e+02
5.310000000000000000e+02
3.900000000000000000e+01
2.744000000000000000e+03
3.930000000000000000e+03
1.305000000000000000e+03
4.700000000000000000e+03
3.791000000000000000e+03
4.763000000000000000e+03
2.800000000000000000e+01
2.089000000000000000e+03
1.463000000000000000e+03
1.389000000000000000e+03
1.419000000000000000e+03
2.177000000000000000e+03
1.075000000000000000e+03
7.770000000000000000e+02
1.761000000000000000e+03
4.100000000000000000e+02
1.256000000000000000e+03
4.358000000000000000e+03
2.858000000000000000e+03
3.942000000000000000e+03
4.292000000000000000e+03
3.527000000000000000e+03
3.885000000000000000e+03
2.501000000000000000e+03
3.186000000000000000e+03
4.285000000000000000e+03
2.249000000000000000e+03
3.037000000000000000e+03
2.152000000000000000e+03
3.787000000000000000e+03
2.103000000000000000e+03
1.380000000000000000e+02
4.343000000000000000e+03
3.102000000000000000e+03
4.570000000000000000e+03
3.193000000000000000e+03
9.180000000000000000e+02
1.700000000000000000e+03
1.170000000000000000e+03
3.882000000000000000e+03
8.710000000000000000e+02
8.720000000000000000e+02
4.230000000000000000e+03
3.660000000000000000e+02
3.139000000000000000e+03
4.077000000000000000e+03
3.202000000000000000e+03
4.691000000000000000e+03
1.590000000000000000e+02
3.376000000000000000e+03
3.678000000000000000e+03
1.878000000000000000e+03
2.888000000000000000e+03
1.971000000000000000e+03
4.378000000000000000e+03
1.205000000000000000e+03
4.578000000000000000e+03
1.925000000000000000e+03
2.905000000000000000e+03
1.721000000000000000e+03
9.800000000000000000e+02
2.587000000000000000e+03
2.991000000000000000e+03
3.624000000000000000e+03
1.130000000000000000e+02
2.044000000000000000e+03
1.877000000000000000e+03
3.687000000000000000e+03
8.330000000000000000e+02
2.942000000000000000e+03
2.530000000000000000e+02
3.368000000000000000e+03
2.524000000000000000e+03
4.211000000000000000e+03
3.247000000000000000e+03
6.900000000000000000e+02
2.235000000000000000e+03
4.780000000000000000e+03
2.325000000000000000e+03
4.260000000000000000e+02
4.744000000000000000e+03
4.707000000000000000e+03
2.904000000000000000e+03
2.092000000000000000e+03
2.688000000000000000e+03
6.330000000000000000e+02
2.360000000000000000e+02
2.943000000000000000e+03
4.995000000000000000e+03
1.357000000000000000e+03
4.243000000000000000e+03
2.548000000000000000e+03
3.489000000000000000e+03
8.590000000000000000e+02
1.345000000000000000e+03
2.226000000000000000e+03
1.792000000000000000e+03
2.620000000000000000e+03
3.703000000000000000e+03
4.439000000000000000e+03
8.370000000000000000e+02
5.990000000000000000e+02
4.799000000000000000e+03
2.427000000000000000e+03
4.813000000000000000e+03
2.625000000000000000e+03
1.900000000000000000e+02
1.398000000000000000e+03
3.683000000000000000e+03
1.073000000000000000e+03
4.120000000000000000e+02
4.646000000000000000e+03
1.418000000000000000e+03
1.422000000000000000e+03
3.065000000000000000e+03
1.743000000000000000e+03
3.807000000000000000e+03
2.468000000000000000e+03
1.285000000000000000e+03
3.445000000000000000e+03
4.258000000000000000e+03
4.450000000000000000e+03
1.927000000000000000e+03
2.173000000000000000e+03
3.492000000000000000e+03
1.650000000000000000e+02
4.710000000000000000e+03
3.806000000000000000e+03
2.594000000000000000e+03
2.810000000000000000e+02
6.900000000000000000e+01
4.942000000000000000e+03
3.514000000000000000e+03
4.121000000000000000e+03
2.774000000000000000e+03
1.566000000000000000e+03
3.744000000000000000e+03
8.920000000000000000e+02
4.679000000000000000e+03
3.133000000000000000e+03
2.150000000000000000e+03
1.950000000000000000e+02
9.040000000000000000e+02
2.436000000000000000e+03
3.230000000000000000e+02
6.100000000000000000e+01
7.670000000000000000e+02
3.227000000000000000e+03
2.764000000000000000e+03
3.047000000000000000e+03
3.915000000000000000e+03
6.470000000000000000e+02
3.327000000000000000e+03
2.137000000000000000e+03
1.588000000000000000e+03
1.378000000000000000e+03
7.470000000000000000e+02
1.600000000000000000e+02
2.642000000000000000e+03
1.054000000000000000e+03
2.402000000000000000e+03
1.941000000000000000e+03
4.414000000000000000e+03
5.810000000000000000e+02
1.173000000000000000e+03
2.612000000000000000e+03
4.017000000000000000e+03
1.111000000000000000e+03
2.682000000000000000e+03
7.220000000000000000e+02
8.200000000000000000e+01
2.096000000000000000e+03
1.842000000000000000e+03
1.539000000000000000e+03
3.129000000000000000e+03
3.783000000000000000e+03
1.635000000000000000e+03
2.780000000000000000e+03
3.342000000000000000e+03
4.753000000000000000e+03
2.875000000000000000e+03
7.350000000000000000e+02
4.796000000000000000e+03
3.509000000000000000e+03
2.068000000000000000e+03
2.806000000000000000e+03
3.730000000000000000e+02
4.348000000000000000e+03
3.814000000000000000e+03
1.803000000000000000e+03
4.070000000000000000e+03
4.429000000000000000e+03
1.514000000000000000e+03
3.020000000000000000e+03
1.312000000000000000e+03
4.640000000000000000e+02
4.419000000000000000e+03
1.830000000000000000e+02
2.643000000000000000e+03
1.544000000000000000e+03
4.286000000000000000e+03
3.540000000000000000e+03
1.607000000000000000e+03
3.670000000000000000e+02
4.703000000000000000e+03
4.156000000000000000e+03
2.637000000000000000e+03
3.705000000000000000e+03
2.306000000000000000e+03
4.597000000000000000e+03
9.220000000000000000e+02
2.071000000000000000e+03
3.300000000000000000e+01
1.558000000000000000e+03
9.330000000000000000e+02
4.043000000000000000e+03
3.596000000000000000e+03
1.367000000000000000e+03
8.740000000000000000e+02
