3.555000000000000000e+03
2.178000000000000000e+03
3.700000000000000000e+03
2.848000000000000000e+03
2.664000000000000000e+03
4.563000000000000000e+03
2.440000000000000000e+02
2.662000000000000000e+03
2.410000000000000000e+02
2.313000000000000000e+03
4.048000000000000000e+03
3.037000000000000000e+03
1.860000000000000000e+03
4.550000000000000000e+03
2.649000000000000000e+03
1.704000000000000000e+03
2.643000000000000000e+03
1.949000000000000000e+03
6.250000000000000000e+02
6.240000000000000000e+02
4.569000000000000000e+03
3.041000000000000000e+03
4.590000000000000000e+03
3.949000000000000000e+03
3.432000000000000000e+03
5.930000000000000000e+02
2.066000000000000000e+03
3.151000000000000000e+03
3.433000000000000000e+03
4.814000000000000000e+03
2.640000000000000000e+03
3.640000000000000000e+03
6.080000000000000000e+02
4.579000000000000000e+03
3.832000000000000000e+03
6.110000000000000000e+02
2.024000000000000000e+03
1.373000000000000000e+03
3.157000000000000000e+03
3.942000000000000000e+03
4.583000000000000000e+03
4.593000000000000000e+03
2.634000000000000000e+03
4.518000000000000000e+03
3.542000000000000000e+03
2.773000000000000000e+03
1.910000000000000000e+02
7.800000000000000000e+02
1.306000000000000000e+03
4.868000000000000000e+03
4.870000000000000000e+03
2.878000000000000000e+03
7.910000000000000000e+02
3.369000000000000000e+03
2.579000000000000000e+03
2.166000000000000000e+03
2.881000000000000000e+03
8.030000000000000000e+02
4.876000000000000000e+03
4.877000000000000000e+03
2.350000000000000000e+03
3.543000000000000000e+03
7.670000000000000000e+02
2.335000000000000000e+03
4.083000000000000000e+03
3.185000000000000000e+03
4.515000000000000000e+03
7.000000000000000000e+02
4.512000000000000000e+03
7.140000000000000000e+02
1.953000000000000000e+03
3.381000000000000000e+03
2.147000000000000000e+03
2.320000000000000000e+03
3.808000000000000000e+03
7.310000000000000000e+02
4.075000000000000000e+03
3.724000000000000000e+03
1.955000000000000000e+03
2.330000000000000000e+03
2.331000000000000000e+03
2.010000000000000000e+02
1.709000000000000000e+03
3.722000000000000000e+03
3.831000000000000000e+03
2.029000000000000000e+03
3.830000000000000000e+03
4.390000000000000000e+02
3.822000000000000000e+03
1.442000000000000000e+03
4.510000000000000000e+02
1.437000000000000000e+03
2.742000000000000000e+03
4.760000000000000000e+03
4.590000000000000000e+02
1.433000000000000000e+03
3.974000000000000000e+03
4.681000000000000000e+03
4.679000000000000000e+03
2.739000000000000000e+03
3.071000000000000000e+03
3.380000000000000000e+02
4.800000000000000000e+02
3.820000000000000000e+03
4.698000000000000000e+03
1.444000000000000000e+03
2.754000000000000000e+03
4.300000000000000000e+02
4.735000000000000000e+03
2.266000000000000000e+03
3.910000000000000000e+02
1.466000000000000000e+03
3.920000000000000000e+02
4.020000000000000000e+02
4.719000000000000000e+03
1.458000000000000000e+03
4.010000000000000000e+03
4.060000000000000000e+02
3.990000000000000000e+03
3.099000000000000000e+03
2.759000000000000000e+03
3.680000000000000000e+02
2.787000000000000000e+03
2.756000000000000000e+03
4.707000000000000000e+03
3.620000000000000000e+02
2.764000000000000000e+03
1.414000000000000000e+03
1.411000000000000000e+03
2.153000000000000000e+03
3.135000000000000000e+03
3.010000000000000000e+02
5.530000000000000000e+02
5.540000000000000000e+02
3.055000000000000000e+03
2.823000000000000000e+03
5.590000000000000000e+02
4.609000000000000000e+03
3.397000000000000000e+03
3.558000000000000000e+03
4.799000000000000000e+03
5.700000000000000000e+02
1.746000000000000000e+03
2.890000000000000000e+02
1.387000000000000000e+03
5.760000000000000000e+02
2.305000000000000000e+03
2.827000000000000000e+03
5.680000000000000000e+02
8.090000000000000000e+02
5.460000000000000000e+02
5.390000000000000000e+02
4.651000000000000000e+03
4.019000000000000000e+03
2.720000000000000000e+03
5.110000000000000000e+02
2.718000000000000000e+03
2.295000000000000000e+03
3.966000000000000000e+03
1.488000000000000000e+03
4.030000000000000000e+03
4.637000000000000000e+03
1.489000000000000000e+03
4.632000000000000000e+03
4.630000000000000000e+03
2.818000000000000000e+03
1.933000000000000000e+03
1.490000000000000000e+03
1.400000000000000000e+03
3.682000000000000000e+03
3.160000000000000000e+02
3.223000000000000000e+03
2.089000000000000000e+03
4.104000000000000000e+03
4.317000000000000000e+03
2.009000000000000000e+03
4.315000000000000000e+03
7.100000000000000000e+01
2.392000000000000000e+03
3.338000000000000000e+03
1.006000000000000000e+03
1.014000000000000000e+03
4.949000000000000000e+03
3.284000000000000000e+03
4.953000000000000000e+03
1.041000000000000000e+03
1.047000000000000000e+03
2.115000000000000000e+03
3.873000000000000000e+03
1.052000000000000000e+03
3.480000000000000000e+03
1.606000000000000000e+03
1.614000000000000000e+03
2.925000000000000000e+03
1.780000000000000000e+03
1.593000000000000000e+03
2.383000000000000000e+03
2.917000000000000000e+03
9.800000000000000000e+01
9.610000000000000000e+02
2.513000000000000000e+03
9.660000000000000000e+02
9.200000000000000000e+01
2.110000000000000000e+03
3.884000000000000000e+03
4.334000000000000000e+03
3.365000000000000000e+03
1.209000000000000000e+03
4.326000000000000000e+03
1.978000000000000000e+03
4.938000000000000000e+03
8.200000000000000000e+01
1.778000000000000000e+03
1.977000000000000000e+03
2.190000000000000000e+03
1.767000000000000000e+03
2.200000000000000000e+01
1.112000000000000000e+03
1.639000000000000000e+03
4.984000000000000000e+03
2.442000000000000000e+03
2.966000000000000000e+03
3.779000000000000000e+03
4.198000000000000000e+03
3.515000000000000000e+03
2.964000000000000000e+03
3.858000000000000000e+03
3.602000000000000000e+03
1.158000000000000000e+03
3.322000000000000000e+03
3.000000000000000000e+00
1.140000000000000000e+03
3.784000000000000000e+03
2.300000000000000000e+01
4.900000000000000000e+01
4.196000000000000000e+03
3.605000000000000000e+03
1.064000000000000000e+03
4.965000000000000000e+03
2.404000000000000000e+03
4.262000000000000000e+03
2.002000000000000000e+03
4.260000000000000000e+03
4.187000000000000000e+03
3.330000000000000000e+03
2.455000000000000000e+03
1.087000000000000000e+03
2.453000000000000000e+03
1.991000000000000000e+03
4.975000000000000000e+03
2.452000000000000000e+03
3.300000000000000000e+03
4.245000000000000000e+03
4.242000000000000000e+03
2.946000000000000000e+03
4.924000000000000000e+03
2.775000000000000000e+03
1.300000000000000000e+02
4.912000000000000000e+03
4.429000000000000000e+03
1.587000000000000000e+03
3.743000000000000000e+03
2.363000000000000000e+03
4.911000000000000000e+03
1.240000000000000000e+02
2.211000000000000000e+03
2.096000000000000000e+03
3.243000000000000000e+03
2.545000000000000000e+03
2.568000000000000000e+03
2.546000000000000000e+03
4.391000000000000000e+03
4.126000000000000000e+03
2.901000000000000000e+03
8.530000000000000000e+02
2.550000000000000000e+03
1.370000000000000000e+02
4.149000000000000000e+03
4.423000000000000000e+03
8.690000000000000000e+02
1.380000000000000000e+02
8.770000000000000000e+02
2.566000000000000000e+03
1.242000000000000000e+03
4.136000000000000000e+03
2.551000000000000000e+03
3.528000000000000000e+03
1.690000000000000000e+02
3.358000000000000000e+03
3.230000000000000000e+03
9.320000000000000000e+02
3.476000000000000000e+03
1.480000000000000000e+02
4.891000000000000000e+03
2.523000000000000000e+03
1.130000000000000000e+02
4.108000000000000000e+03
2.524000000000000000e+03
1.270000000000000000e+03
9.170000000000000000e+02
9.390000000000000000e+02
1.500000000000000000e+02
3.255000000000000000e+03
4.921000000000000000e+03
4.360000000000000000e+03
1.159000000000000000e+03
8.060000000000000000e+02
3.008000000000000000e+03
2.400000000000000000e+03
3.857000000000000000e+03
3.283000000000000000e+03
1.830000000000000000e+03
2.284000000000000000e+03
6.170000000000000000e+02
3.593000000000000000e+03
2.955000000000000000e+03
4.151000000000000000e+03
2.557000000000000000e+03
2.444000000000000000e+03
3.623000000000000000e+03
2.470000000000000000e+02
4.233000000000000000e+03
3.406000000000000000e+03
3.896000000000000000e+03
2.978000000000000000e+03
3.763000000000000000e+03
2.498000000000000000e+03
1.720000000000000000e+03
2.753000000000000000e+03
3.009000000000000000e+03
3.194000000000000000e+03
3.061000000000000000e+03
1.719000000000000000e+03
3.738000000000000000e+03
4.560000000000000000e+03
8.800000000000000000e+01
3.556000000000000000e+03
4.534000000000000000e+03
4.990000000000000000e+03
2.470000000000000000e+03
2.602000000000000000e+03
4.190000000000000000e+02
2.844000000000000000e+03
2.341000000000000000e+03
2.396000000000000000e+03
3.267000000000000000e+03
1.702000000000000000e+03
2.734000000000000000e+03
2.076000000000000000e+03
4.714000000000000000e+03
1.813000000000000000e+03
3.370000000000000000e+03
3.102000000000000000e+03
3.825000000000000000e+03
2.296000000000000000e+03
3.357000000000000000e+03
4.351000000000000000e+03
3.345000000000000000e+03
4.156000000000000000e+03
1.380000000000000000e+03
3.159000000000000000e+03
4.589000000000000000e+03
3.394000000000000000e+03
9.150000000000000000e+02
3.395000000000000000e+03
6.520000000000000000e+02
6.590000000000000000e+02
2.364000000000000000e+03
3.244000000000000000e+03
2.476000000000000000e+03
7.070000000000000000e+02
8.810000000000000000e+02
2.054000000000000000e+03
1.190000000000000000e+03
3.193000000000000000e+03
5.090000000000000000e+02
4.271000000000000000e+03
1.074000000000000000e+03
4.660000000000000000e+03
7.470000000000000000e+02
2.562000000000000000e+03
1.317000000000000000e+03
4.686000000000000000e+03
3.107000000000000000e+03
4.333000000000000000e+03
3.143000000000000000e+03
3.621000000000000000e+03
4.750000000000000000e+03
6.700000000000000000e+01
3.540000000000000000e+02
3.465000000000000000e+03
4.757000000000000000e+03
3.422000000000000000e+03
1.595000000000000000e+03
2.893000000000000000e+03
2.890000000000000000e+03
5.700000000000000000e+01
3.641000000000000000e+03
3.027000000000000000e+03
1.917000000000000000e+03
2.259000000000000000e+03
1.016000000000000000e+03
2.431000000000000000e+03
1.718000000000000000e+03
7.130000000000000000e+02
1.013000000000000000e+03
4.618000000000000000e+03
1.677000000000000000e+03
2.199000000000000000e+03
7.810000000000000000e+02
4.362000000000000000e+03
2.376000000000000000e+03
3.938000000000000000e+03
1.806000000000000000e+03
1.418000000000000000e+03
3.168000000000000000e+03
4.405000000000000000e+03
3.186000000000000000e+03
2.842000000000000000e+03
1.500000000000000000e+03
3.870000000000000000e+02
3.686000000000000000e+03
3.565000000000000000e+03
2.443000000000000000e+03
9.700000000000000000e+01
4.285000000000000000e+03
3.951000000000000000e+03
2.767000000000000000e+03
4.837000000000000000e+03
4.899000000000000000e+03
3.327000000000000000e+03
2.549000000000000000e+03
4.905000000000000000e+03
2.531000000000000000e+03
2.067000000000000000e+03
2.000000000000000000e+01
1.682000000000000000e+03
4.191000000000000000e+03
3.655000000000000000e+03
2.996000000000000000e+03
1.730000000000000000e+03
2.870000000000000000e+02
3.363000000000000000e+03
4.875000000000000000e+03
4.021000000000000000e+03
6.970000000000000000e+02
2.930000000000000000e+02
3.385000000000000000e+03
4.035000000000000000e+03
2.290000000000000000e+02
3.643000000000000000e+03
4.537000000000000000e+03
3.080000000000000000e+02
4.054000000000000000e+03
1.713000000000000000e+03
2.316000000000000000e+03
3.153000000000000000e+03
4.446000000000000000e+03
3.368000000000000000e+03
3.967000000000000000e+03
1.657000000000000000e+03
4.002000000000000000e+03
4.731000000000000000e+03
3.104000000000000000e+03
9.980000000000000000e+02
3.774000000000000000e+03
3.977000000000000000e+03
1.375000000000000000e+03
2.943000000000000000e+03
3.278000000000000000e+03
1.031000000000000000e+03
4.935000000000000000e+03
4.186000000000000000e+03
3.573000000000000000e+03
9.670000000000000000e+02
3.286000000000000000e+03
3.478000000000000000e+03
9.710000000000000000e+02
3.203000000000000000e+03
2.868000000000000000e+03
1.000000000000000000e+00
4.616000000000000000e+03
2.276000000000000000e+03
3.814000000000000000e+03
2.790000000000000000e+03
3.124000000000000000e+03
4.356000000000000000e+03
2.270000000000000000e+02
1.200000000000000000e+03
2.981000000000000000e+03
4.344000000000000000e+03
1.648000000000000000e+03
2.049000000000000000e+03
3.435000000000000000e+03
4.450000000000000000e+02
2.026000000000000000e+03
1.092000000000000000e+03
8.480000000000000000e+02
1.123000000000000000e+03
2.870000000000000000e+03
2.213000000000000000e+03
4.993000000000000000e+03
1.055000000000000000e+03
3.810000000000000000e+03
9.090000000000000000e+02
2.222000000000000000e+03
3.248000000000000000e+03
2.070000000000000000e+02
3.940000000000000000e+03
1.834000000000000000e+03
4.056000000000000000e+03
3.709000000000000000e+03
4.471000000000000000e+03
3.079000000000000000e+03
2.847000000000000000e+03
1.733000000000000000e+03
3.962000000000000000e+03
4.861000000000000000e+03
3.710000000000000000e+02
4.826000000000000000e+03
6.900000000000000000e+01
3.615000000000000000e+03
6.550000000000000000e+02
4.428000000000000000e+03
3.702000000000000000e+03
1.920000000000000000e+03
4.014000000000000000e+03
1.045000000000000000e+03
1.619000000000000000e+03
3.038000000000000000e+03
1.796000000000000000e+03
1.494000000000000000e+03
4.286000000000000000e+03
1.784000000000000000e+03
2.489000000000000000e+03
1.674000000000000000e+03
3.908000000000000000e+03
1.265000000000000000e+03
2.502000000000000000e+03
2.219000000000000000e+03
2.142000000000000000e+03
4.090000000000000000e+02
4.498000000000000000e+03
7.650000000000000000e+02
3.331000000000000000e+03
3.015000000000000000e+03
1.661000000000000000e+03
1.620000000000000000e+02
6.630000000000000000e+02
1.478000000000000000e+03
8.290000000000000000e+02
2.990000000000000000e+03
3.678000000000000000e+03
5.250000000000000000e+02
1.292000000000000000e+03
1.065000000000000000e+03
4.490000000000000000e+03
2.141000000000000000e+03
3.028000000000000000e+03
1.997000000000000000e+03
3.320000000000000000e+03
2.716000000000000000e+03
2.202000000000000000e+03
3.396000000000000000e+03
4.831000000000000000e+03
2.193000000000000000e+03
4.793000000000000000e+03
1.264000000000000000e+03
4.586000000000000000e+03
1.830000000000000000e+02
1.329000000000000000e+03
3.657000000000000000e+03
5.350000000000000000e+02
1.421000000000000000e+03
1.530000000000000000e+02
1.150000000000000000e+03
1.540000000000000000e+03
4.039000000000000000e+03
2.804000000000000000e+03
4.957000000000000000e+03
7.380000000000000000e+02
3.000000000000000000e+02
4.000000000000000000e+00
3.328000000000000000e+03
4.540000000000000000e+02
3.321000000000000000e+03
1.694000000000000000e+03
1.400000000000000000e+02
1.170000000000000000e+02
2.327000000000000000e+03
4.310000000000000000e+02
2.061000000000000000e+03
2.784000000000000000e+03
3.039000000000000000e+03
4.162000000000000000e+03
4.441000000000000000e+03
1.523000000000000000e+03
1.932000000000000000e+03
3.539000000000000000e+03
4.477000000000000000e+03
4.476000000000000000e+03
4.470000000000000000e+03
1.356000000000000000e+03
4.671000000000000000e+03
1.810000000000000000e+02
3.505000000000000000e+03
2.642000000000000000e+03
2.333000000000000000e+03
4.544000000000000000e+03
4.864000000000000000e+03
6.710000000000000000e+02
3.019000000000000000e+03
8.640000000000000000e+02
4.119000000000000000e+03
4.887000000000000000e+03
3.658000000000000000e+03
2.571000000000000000e+03
2.596000000000000000e+03
3.740000000000000000e+02
1.469000000000000000e+03
3.572000000000000000e+03
2.900000000000000000e+02
4.013000000000000000e+03
2.794000000000000000e+03
1.640000000000000000e+03
3.401000000000000000e+03
3.242000000000000000e+03
2.148000000000000000e+03
1.613000000000000000e+03
8.730000000000000000e+02
1.740000000000000000e+03
2.735000000000000000e+03
1.436000000000000000e+03
3.675000000000000000e+03
3.208000000000000000e+03
2.525000000000000000e+03
4.234000000000000000e+03
8.460000000000000000e+02
7.370000000000000000e+02
3.068000000000000000e+03
2.835000000000000000e+03
2.045000000000000000e+03
2.281000000000000000e+03
1.554000000000000000e+03
2.232000000000000000e+03
3.754000000000000000e+03
3.003000000000000000e+03
1.659000000000000000e+03
3.717000000000000000e+03
2.930000000000000000e+03
3.356000000000000000e+03
2.454000000000000000e+03
3.064000000000000000e+03
4.216000000000000000e+03
2.411000000000000000e+03
4.025000000000000000e+03
1.533000000000000000e+03
1.035000000000000000e+03
3.097000000000000000e+03
2.798000000000000000e+03
1.252000000000000000e+03
3.598000000000000000e+03
1.856000000000000000e+03
3.617000000000000000e+03
2.486000000000000000e+03
8.450000000000000000e+02
4.610000000000000000e+02
2.111000000000000000e+03
7.430000000000000000e+02
1.389000000000000000e+03
4.403000000000000000e+03
3.685000000000000000e+03
3.447000000000000000e+03
1.644000000000000000e+03
1.029000000000000000e+03
1.028000000000000000e+03
4.355000000000000000e+03
3.092000000000000000e+03
3.080000000000000000e+03
4.834000000000000000e+03
4.307000000000000000e+03
3.915000000000000000e+03
4.051000000000000000e+03
4.372000000000000000e+03
2.899000000000000000e+03
2.375000000000000000e+03
3.560000000000000000e+03
7.710000000000000000e+02
4.450000000000000000e+03
1.194000000000000000e+03
2.859000000000000000e+03
3.054000000000000000e+03
3.765000000000000000e+03
3.664000000000000000e+03
6.470000000000000000e+02
4.654000000000000000e+03
1.756000000000000000e+03
2.982000000000000000e+03
9.620000000000000000e+02
3.400000000000000000e+02
2.640000000000000000e+02
2.374000000000000000e+03
2.672000000000000000e+03
3.481000000000000000e+03
4.113000000000000000e+03
1.560000000000000000e+03
1.578000000000000000e+03
2.813000000000000000e+03
2.731000000000000000e+03
4.400000000000000000e+03
1.695000000000000000e+03
3.690000000000000000e+02
1.320000000000000000e+03
4.273000000000000000e+03
1.481000000000000000e+03
1.789000000000000000e+03
3.789000000000000000e+03
2.250000000000000000e+03
3.389000000000000000e+03
2.772000000000000000e+03
6.070000000000000000e+02
6.370000000000000000e+02
2.850000000000000000e+03
4.720000000000000000e+02
3.720000000000000000e+03
1.628000000000000000e+03
1.180000000000000000e+02
4.803000000000000000e+03
4.329000000000000000e+03
2.746000000000000000e+03
4.738000000000000000e+03
2.132000000000000000e+03
3.500000000000000000e+01
4.772000000000000000e+03
4.065000000000000000e+03
9.480000000000000000e+02
3.636000000000000000e+03
2.621000000000000000e+03
4.434000000000000000e+03
3.281000000000000000e+03
2.573000000000000000e+03
1.792000000000000000e+03
7.600000000000000000e+01
1.942000000000000000e+03
5.870000000000000000e+02
2.800000000000000000e+01
1.836000000000000000e+03
2.465000000000000000e+03
4.009000000000000000e+03
1.620000000000000000e+03
1.173000000000000000e+03
1.251000000000000000e+03
3.633000000000000000e+03
1.975000000000000000e+03
4.235000000000000000e+03
4.680000000000000000e+02
2.283000000000000000e+03
3.676000000000000000e+03
4.089000000000000000e+03
2.156000000000000000e+03
2.171000000000000000e+03
1.755000000000000000e+03
4.487000000000000000e+03
4.437000000000000000e+03
3.701000000000000000e+03
3.052000000000000000e+03
6.060000000000000000e+02
4.408000000000000000e+03
4.675000000000000000e+03
4.249000000000000000e+03
9.310000000000000000e+02
4.779000000000000000e+03
3.364000000000000000e+03
7.060000000000000000e+02
4.758000000000000000e+03
1.993000000000000000e+03
2.233000000000000000e+03
2.190000000000000000e+02
3.455000000000000000e+03
2.480000000000000000e+03
2.904000000000000000e+03
3.075000000000000000e+03
1.316000000000000000e+03
3.990000000000000000e+02
3.207000000000000000e+03
2.490000000000000000e+03
3.768000000000000000e+03
1.686000000000000000e+03
1.388000000000000000e+03
4.500000000000000000e+03
2.539000000000000000e+03
4.210000000000000000e+02
4.910000000000000000e+02
3.423000000000000000e+03
1.650000000000000000e+02
1.369000000000000000e+03
4.995000000000000000e+03
2.949000000000000000e+03
3.721000000000000000e+03
4.164000000000000000e+03
2.680000000000000000e+02
4.269000000000000000e+03
6.040000000000000000e+02
1.872000000000000000e+03
2.380000000000000000e+03
2.000000000000000000e+02
4.406000000000000000e+03
4.684000000000000000e+03
3.067000000000000000e+03
9.510000000000000000e+02
9.470000000000000000e+02
4.120000000000000000e+02
4.661000000000000000e+03
2.361000000000000000e+03
4.568000000000000000e+03
1.154000000000000000e+03
4.787000000000000000e+03
7.970000000000000000e+02
4.422000000000000000e+03
2.690000000000000000e+03
2.683000000000000000e+03
4.120000000000000000e+03
1.119000000000000000e+03
8.800000000000000000e+02
1.919000000000000000e+03
2.012000000000000000e+03
5.630000000000000000e+02
1.386000000000000000e+03
1.256000000000000000e+03
9.970000000000000000e+02
3.699000000000000000e+03
2.871000000000000000e+03
2.511000000000000000e+03
1.884000000000000000e+03
4.305000000000000000e+03
2.063000000000000000e+03
1.187000000000000000e+03
3.334000000000000000e+03
5.800000000000000000e+01
2.755000000000000000e+03
3.430000000000000000e+02
2.114000000000000000e+03
4.555000000000000000e+03
4.701000000000000000e+03
5.310000000000000000e+02
4.157000000000000000e+03
2.757000000000000000e+03
9.590000000000000000e+02
7.820000000000000000e+02
3.759000000000000000e+03
6.610000000000000000e+02
7.560000000000000000e+02
1.760000000000000000e+03
1.920000000000000000e+02
1.180000000000000000e+03
4.970000000000000000e+03
2.726000000000000000e+03
4.627000000000000000e+03
2.181000000000000000e+03
1.012000000000000000e+03
1.622000000000000000e+03
1.249000000000000000e+03
2.235000000000000000e+03
1.793000000000000000e+03
2.082000000000000000e+03
7.750000000000000000e+02
3.929000000000000000e+03
3.312000000000000000e+03
4.485000000000000000e+03
4.178000000000000000e+03
4.440000000000000000e+02
3.310000000000000000e+03
1.699000000000000000e+03
1.534000000000000000e+03
1.805000000000000000e+03
8.710000000000000000e+02
4.972000000000000000e+03
4.111000000000000000e+03
3.864000000000000000e+03
2.717000000000000000e+03
4.050000000000000000e+03
8.820000000000000000e+02
1.396000000000000000e+03
3.984000000000000000e+03
1.849000000000000000e+03
4.750000000000000000e+02
6.600000000000000000e+02
3.498000000000000000e+03
4.460000000000000000e+03
2.135000000000000000e+03
4.447000000000000000e+03
2.811000000000000000e+03
2.962000000000000000e+03
1.731000000000000000e+03
2.833000000000000000e+03
4.640000000000000000e+02
4.325000000000000000e+03
2.446000000000000000e+03
4.184000000000000000e+03
1.961000000000000000e+03
2.891000000000000000e+03
2.050000000000000000e+03
3.415000000000000000e+03
2.164000000000000000e+03
1.735000000000000000e+03
2.839000000000000000e+03
2.084000000000000000e+03
2.325000000000000000e+03
3.236000000000000000e+03
3.383000000000000000e+03
3.222000000000000000e+03
1.015000000000000000e+03
2.588000000000000000e+03
2.236000000000000000e+03
3.700000000000000000e+01
2.340000000000000000e+02
3.766000000000000000e+03
1.165000000000000000e+03
4.246000000000000000e+03
3.957000000000000000e+03
4.098000000000000000e+03
4.591000000000000000e+03
3.004000000000000000e+03
1.681000000000000000e+03
5.180000000000000000e+02
2.262000000000000000e+03
4.340000000000000000e+03
2.158000000000000000e+03
3.571000000000000000e+03
3.800000000000000000e+02
8.500000000000000000e+01
9.890000000000000000e+02
4.977000000000000000e+03
2.500000000000000000e+03
3.461000000000000000e+03
4.247000000000000000e+03
4.309000000000000000e+03
4.202000000000000000e+03
3.887000000000000000e+03
1.036000000000000000e+03
4.308000000000000000e+03
1.051000000000000000e+03
3.301000000000000000e+03
4.944000000000000000e+03
2.424000000000000000e+03
1.364000000000000000e+03
2.652000000000000000e+03
3.488000000000000000e+03
1.243000000000000000e+03
1.470000000000000000e+02
6.490000000000000000e+02
2.737000000000000000e+03
4.839000000000000000e+03
3.178000000000000000e+03
3.180000000000000000e+03
2.373000000000000000e+03
1.160000000000000000e+02
1.630000000000000000e+02
3.554000000000000000e+03
1.250000000000000000e+03
3.024000000000000000e+03
2.059000000000000000e+03
3.839000000000000000e+03
2.329000000000000000e+03
3.486000000000000000e+03
4.027000000000000000e+03
2.081000000000000000e+03
1.791000000000000000e+03
4.085000000000000000e+03
4.601000000000000000e+03
1.769000000000000000e+03
1.410000000000000000e+02
1.580000000000000000e+03
7.630000000000000000e+02
4.592000000000000000e+03
1.000000000000000000e+03
1.353000000000000000e+03
1.302000000000000000e+03
3.245000000000000000e+03
2.021000000000000000e+03
4.746000000000000000e+03
4.680000000000000000e+03
1.106000000000000000e+03
4.201000000000000000e+03
3.976000000000000000e+03
9.780000000000000000e+02
4.932000000000000000e+03
1.435000000000000000e+03
9.380000000000000000e+02
2.920000000000000000e+03
3.983000000000000000e+03
1.954000000000000000e+03
2.518000000000000000e+03
6.700000000000000000e+02
1.438000000000000000e+03
4.200000000000000000e+02
1.500000000000000000e+01
3.592000000000000000e+03
1.819000000000000000e+03
1.263000000000000000e+03
3.921000000000000000e+03
2.464000000000000000e+03
4.500000000000000000e+01
2.699000000000000000e+03
2.608000000000000000e+03
4.562000000000000000e+03
2.460000000000000000e+02
5.620000000000000000e+02
2.405000000000000000e+03
5.560000000000000000e+02
3.169000000000000000e+03
2.041000000000000000e+03
1.376000000000000000e+03
3.816000000000000000e+03
3.833000000000000000e+03
3.771000000000000000e+03
4.570000000000000000e+03
4.700000000000000000e+01
1.056000000000000000e+03
4.045000000000000000e+03
4.821000000000000000e+03
2.599000000000000000e+03
1.062000000000000000e+03
7.080000000000000000e+02
2.950000000000000000e+02
1.855000000000000000e+03
1.113000000000000000e+03
1.854000000000000000e+03
6.720000000000000000e+02
2.441000000000000000e+03
4.538000000000000000e+03
1.108000000000000000e+03
3.512000000000000000e+03
3.060000000000000000e+02
3.552000000000000000e+03
2.852000000000000000e+03
4.594000000000000000e+03
5.650000000000000000e+02
1.679000000000000000e+03
1.346000000000000000e+03
3.859000000000000000e+03
2.858000000000000000e+03
3.661000000000000000e+03
4.224000000000000000e+03
4.066000000000000000e+03
2.627000000000000000e+03
3.715000000000000000e+03
2.246000000000000000e+03
1.367000000000000000e+03
1.875000000000000000e+03
1.624000000000000000e+03
2.238000000000000000e+03
2.472000000000000000e+03
2.336000000000000000e+03
7.680000000000000000e+02
4.769000000000000000e+03
1.360000000000000000e+02
8.620000000000000000e+02
3.671000000000000000e+03
4.696000000000000000e+03
1.576000000000000000e+03
1.330000000000000000e+02
3.802000000000000000e+03
3.077000000000000000e+03
4.948000000000000000e+03
3.764000000000000000e+03
4.889000000000000000e+03
2.491000000000000000e+03
1.471000000000000000e+03
1.921000000000000000e+03
3.280000000000000000e+02
8.850000000000000000e+02
4.768000000000000000e+03
4.764000000000000000e+03
4.923000000000000000e+03
4.154000000000000000e+03
3.756000000000000000e+03
3.890000000000000000e+03
1.212000000000000000e+03
3.898000000000000000e+03
9.250000000000000000e+02
4.931000000000000000e+03
9.120000000000000000e+02
2.287000000000000000e+03
3.351000000000000000e+03
3.748000000000000000e+03
3.355000000000000000e+03
9.190000000000000000e+02
1.482000000000000000e+03
4.420000000000000000e+03
4.290000000000000000e+02
5.160000000000000000e+02
4.645000000000000000e+03
5.130000000000000000e+02
4.250000000000000000e+02
1.569000000000000000e+03
2.342000000000000000e+03
1.037000000000000000e+03
3.020000000000000000e+03
2.816000000000000000e+03
1.680000000000000000e+02
4.435000000000000000e+03
4.296000000000000000e+03
8.260000000000000000e+02
4.954000000000000000e+03
1.312000000000000000e+03
1.573000000000000000e+03
3.681000000000000000e+03
2.203000000000000000e+03
2.589000000000000000e+03
1.019000000000000000e+03
4.301000000000000000e+03
1.493000000000000000e+03
2.713000000000000000e+03
4.361000000000000000e+03
2.675000000000000000e+03
1.370000000000000000e+03
3.881000000000000000e+03
2.068000000000000000e+03
2.127000000000000000e+03
3.001000000000000000e+03
3.156000000000000000e+03
1.656000000000000000e+03
2.289000000000000000e+03
4.130000000000000000e+02
4.072000000000000000e+03
3.690000000000000000e+03
3.891000000000000000e+03
2.194000000000000000e+03
1.344000000000000000e+03
1.279000000000000000e+03
2.385000000000000000e+03
3.968000000000000000e+03
3.952000000000000000e+03
1.428000000000000000e+03
1.253000000000000000e+03
1.201000000000000000e+03
1.169000000000000000e+03
1.195000000000000000e+03
2.286000000000000000e+03
2.170000000000000000e+03
1.160000000000000000e+03
1.286000000000000000e+03
4.183000000000000000e+03
2.228000000000000000e+03
1.476000000000000000e+03
2.397000000000000000e+03
2.493000000000000000e+03
3.540000000000000000e+03
4.254000000000000000e+03
8.000000000000000000e+01
9.330000000000000000e+02
7.500000000000000000e+02
2.686000000000000000e+03
1.962000000000000000e+03
1.787000000000000000e+03
4.345000000000000000e+03
2.463000000000000000e+03
9.300000000000000000e+01
3.063000000000000000e+03
2.800000000000000000e+02
3.760000000000000000e+03
3.070000000000000000e+02
3.000000000000000000e+01
3.277000000000000000e+03
1.005000000000000000e+03
1.017000000000000000e+03
8.900000000000000000e+01
4.936000000000000000e+03
4.622000000000000000e+03
8.140000000000000000e+02
2.586000000000000000e+03
2.660000000000000000e+02
3.302000000000000000e+03
2.864000000000000000e+03
3.110000000000000000e+03
1.976000000000000000e+03
3.239000000000000000e+03
1.904000000000000000e+03
4.219000000000000000e+03
2.732000000000000000e+03
2.565000000000000000e+03
4.350000000000000000e+02
1.131000000000000000e+03
2.721000000000000000e+03
3.595000000000000000e+03
6.940000000000000000e+02
2.078000000000000000e+03
4.832000000000000000e+03
4.990000000000000000e+02
2.918000000000000000e+03
7.170000000000000000e+02
6.190000000000000000e+02
2.091000000000000000e+03
8.270000000000000000e+02
2.004000000000000000e+03
4.718000000000000000e+03
4.980000000000000000e+02
3.410000000000000000e+03
3.112000000000000000e+03
1.665000000000000000e+03
4.527000000000000000e+03
2.239000000000000000e+03
3.025000000000000000e+03
1.552000000000000000e+03
1.710000000000000000e+03
2.830000000000000000e+03
1.744000000000000000e+03
1.826000000000000000e+03
2.083000000000000000e+03
3.132000000000000000e+03
3.431000000000000000e+03
3.040000000000000000e+02
4.895000000000000000e+03
8.540000000000000000e+02
1.297000000000000000e+03
1.405000000000000000e+03
4.900000000000000000e+02
2.016000000000000000e+03
8.040000000000000000e+02
7.600000000000000000e+02
1.908000000000000000e+03
1.678000000000000000e+03
3.060000000000000000e+03
2.456000000000000000e+03
2.615000000000000000e+03
3.970000000000000000e+02
3.753000000000000000e+03
2.785000000000000000e+03
3.509000000000000000e+03
4.869000000000000000e+03
1.084000000000000000e+03
2.921000000000000000e+03
8.990000000000000000e+02
3.471000000000000000e+03
4.704000000000000000e+03
4.411000000000000000e+03
8.470000000000000000e+02
4.342000000000000000e+03
1.301000000000000000e+03
3.622000000000000000e+03
4.445000000000000000e+03
4.110000000000000000e+03
4.057000000000000000e+03
2.591000000000000000e+03
3.229000000000000000e+03
1.361000000000000000e+03
2.983000000000000000e+03
3.561000000000000000e+03
6.460000000000000000e+02
3.113000000000000000e+03
2.628000000000000000e+03
2.210000000000000000e+03
8.170000000000000000e+02
2.169000000000000000e+03
1.308000000000000000e+03
4.438000000000000000e+03
2.093000000000000000e+03
3.366000000000000000e+03
4.639000000000000000e+03
2.597000000000000000e+03
2.728000000000000000e+03
8.210000000000000000e+02
8.180000000000000000e+02
4.155000000000000000e+03
1.566000000000000000e+03
4.749000000000000000e+03
2.953000000000000000e+03
3.576000000000000000e+03
2.417000000000000000e+03
2.391000000000000000e+03
3.020000000000000000e+02
2.961000000000000000e+03
2.272000000000000000e+03
4.100000000000000000e+02
4.961000000000000000e+03
3.851000000000000000e+03
4.798000000000000000e+03
2.170000000000000000e+02
2.200000000000000000e+02
2.320000000000000000e+02
3.508000000000000000e+03
4.264000000000000000e+03
2.750000000000000000e+02
2.406000000000000000e+03
3.586000000000000000e+03
2.630000000000000000e+02
2.184000000000000000e+03
3.770000000000000000e+02
4.238000000000000000e+03
2.989000000000000000e+03
4.571000000000000000e+03
4.496000000000000000e+03
1.654000000000000000e+03
3.524000000000000000e+03
1.498000000000000000e+03
4.561000000000000000e+03
4.919000000000000000e+03
4.542000000000000000e+03
2.676000000000000000e+03
2.635000000000000000e+03
1.716000000000000000e+03
5.990000000000000000e+02
1.270000000000000000e+02
3.517000000000000000e+03
1.366000000000000000e+03
2.574000000000000000e+03
1.307000000000000000e+03
2.696000000000000000e+03
2.460000000000000000e+03
3.103000000000000000e+03
4.502000000000000000e+03
4.890000000000000000e+03
2.700000000000000000e+02
2.853000000000000000e+03
6.280000000000000000e+02
2.673000000000000000e+03
4.575000000000000000e+03
2.450000000000000000e+02
2.480000000000000000e+02
3.936000000000000000e+03
6.420000000000000000e+02
6.410000000000000000e+02
6.390000000000000000e+02
3.707000000000000000e+03
4.822000000000000000e+03
3.566000000000000000e+03
2.770000000000000000e+02
2.212000000000000000e+03
4.690000000000000000e+03
4.740000000000000000e+02
1.570000000000000000e+02
4.008000000000000000e+03
4.705000000000000000e+03
3.101000000000000000e+03
1.453000000000000000e+03
4.885000000000000000e+03
3.096000000000000000e+03
2.292000000000000000e+03
3.450000000000000000e+03
3.810000000000000000e+02
3.445000000000000000e+03
2.039000000000000000e+03
4.763000000000000000e+03
4.767000000000000000e+03
5.230000000000000000e+02
1.485000000000000000e+03
1.820000000000000000e+02
4.629000000000000000e+03
1.934000000000000000e+03
3.965000000000000000e+03
2.990000000000000000e+02
4.630000000000000000e+02
1.676000000000000000e+03
1.501000000000000000e+03
1.745000000000000000e+03
4.906000000000000000e+03
2.315000000000000000e+03
4.061000000000000000e+03
2.994000000000000000e+03
4.327000000000000000e+03
3.270000000000000000e+03
4.341000000000000000e+03
1.623000000000000000e+03
2.377000000000000000e+03
4.137000000000000000e+03
2.372000000000000000e+03
6.670000000000000000e+02
8.970000000000000000e+02
8.950000000000000000e+02
1.254000000000000000e+03
4.123000000000000000e+03
4.415000000000000000e+03
1.269000000000000000e+03
4.418000000000000000e+03
2.497000000000000000e+03
4.976000000000000000e+03
2.496000000000000000e+03
1.002000000000000000e+03
3.313000000000000000e+03
2.419000000000000000e+03
4.222000000000000000e+03
2.436000000000000000e+03
1.117000000000000000e+03
3.603000000000000000e+03
1.098000000000000000e+03
8.300000000000000000e+02
4.259000000000000000e+03
2.000000000000000000e+03
1.070000000000000000e+03
1.069000000000000000e+03
4.981000000000000000e+03
2.475000000000000000e+03
4.284000000000000000e+03
2.485000000000000000e+03
2.458000000000000000e+03
4.107000000000000000e+03
2.867000000000000000e+03
3.199000000000000000e+03
1.322000000000000000e+03
4.536000000000000000e+03
4.059000000000000000e+03
1.325000000000000000e+03
4.062000000000000000e+03
1.030000000000000000e+02
1.845000000000000000e+03
7.360000000000000000e+02
4.332000000000000000e+03
4.840000000000000000e+02
3.996000000000000000e+03
3.324000000000000000e+03
2.080000000000000000e+02
4.365000000000000000e+03
4.996000000000000000e+03
8.960000000000000000e+02
2.036000000000000000e+03
2.722000000000000000e+03
3.886000000000000000e+03
4.449000000000000000e+03
2.285000000000000000e+03
5.410000000000000000e+02
1.505000000000000000e+03
2.919000000000000000e+03
9.430000000000000000e+02
1.157000000000000000e+03
8.890000000000000000e+02
3.821000000000000000e+03
1.922000000000000000e+03
1.343000000000000000e+03
3.384000000000000000e+03
4.565000000000000000e+03
9.220000000000000000e+02
3.526000000000000000e+03
1.928000000000000000e+03
1.966000000000000000e+03
3.031000000000000000e+03
3.088000000000000000e+03
4.963000000000000000e+03
4.851000000000000000e+03
3.978000000000000000e+03
1.283000000000000000e+03
2.810000000000000000e+03
8.050000000000000000e+02
2.144000000000000000e+03
3.955000000000000000e+03
4.480000000000000000e+02
2.697000000000000000e+03
1.889000000000000000e+03
9.450000000000000000e+02
3.913000000000000000e+03
4.667000000000000000e+03
6.020000000000000000e+02
2.180000000000000000e+02
4.041000000000000000e+03
1.803000000000000000e+03
4.804000000000000000e+03
2.600000000000000000e+02
4.370000000000000000e+03
5.750000000000000000e+02
4.079000000000000000e+03
2.600000000000000000e+03
3.530000000000000000e+03
4.122000000000000000e+03
4.016000000000000000e+03
3.827000000000000000e+03
1.529000000000000000e+03
3.011000000000000000e+03
1.417000000000000000e+03
2.471000000000000000e+03
4.858000000000000000e+03
1.848000000000000000e+03
1.128000000000000000e+03
2.387000000000000000e+03
4.668000000000000000e+03
1.935000000000000000e+03
1.220000000000000000e+02
4.218000000000000000e+03
1.765000000000000000e+03
8.000000000000000000e+02
2.352000000000000000e+03
3.479000000000000000e+03
1.274000000000000000e+03
7.960000000000000000e+02
2.977000000000000000e+03
4.499000000000000000e+03
1.050000000000000000e+03
2.538000000000000000e+03
2.226000000000000000e+03
1.506000000000000000e+03
1.275000000000000000e+03
4.395000000000000000e+03
3.448000000000000000e+03
4.392000000000000000e+03
9.260000000000000000e+02
1.983000000000000000e+03
6.100000000000000000e+02
1.725000000000000000e+03
3.234000000000000000e+03
1.538000000000000000e+03
3.510000000000000000e+02
1.491000000000000000e+03
2.678000000000000000e+03
2.923000000000000000e+03
2.695000000000000000e+03
4.382000000000000000e+03
2.301000000000000000e+03
2.062000000000000000e+03
2.910000000000000000e+02
4.348000000000000000e+03
4.205000000000000000e+03
1.893000000000000000e+03
4.988000000000000000e+03
8.150000000000000000e+02
4.459000000000000000e+03
4.456000000000000000e+03
4.695000000000000000e+03
7.410000000000000000e+02
1.641000000000000000e+03
4.682000000000000000e+03
4.407000000000000000e+03
1.040000000000000000e+03
4.942000000000000000e+03
4.652000000000000000e+03
4.250000000000000000e+03
3.260000000000000000e+03
8.250000000000000000e+02
1.452000000000000000e+03
5.860000000000000000e+02
3.618000000000000000e+03
4.144000000000000000e+03
3.532000000000000000e+03
4.983000000000000000e+03
4.959000000000000000e+03
2.231000000000000000e+03
2.124000000000000000e+03
2.580000000000000000e+03
2.249000000000000000e+03
3.931000000000000000e+03
1.509000000000000000e+03
1.831000000000000000e+03
1.420000000000000000e+03
1.980000000000000000e+02
4.664000000000000000e+03
1.940000000000000000e+02
3.290000000000000000e+02
4.946000000000000000e+03
2.057000000000000000e+03
6.300000000000000000e+01
1.970000000000000000e+03
2.702000000000000000e+03
4.658000000000000000e+03
2.263000000000000000e+03
2.255000000000000000e+03
7.250000000000000000e+02
2.386000000000000000e+03
1.723000000000000000e+03
