3.000000000000000000e+02
4.248000000000000000e+03
2.190000000000000000e+03
2.147000000000000000e+03
9.700000000000000000e+01
2.285000000000000000e+03
1.362000000000000000e+03
4.200000000000000000e+01
2.330000000000000000e+03
1.862000000000000000e+03
6.440000000000000000e+02
9.390000000000000000e+02
1.089000000000000000e+03
2.370000000000000000e+03
3.634000000000000000e+03
3.255000000000000000e+03
4.673000000000000000e+03
2.901000000000000000e+03
3.650000000000000000e+02
3.050000000000000000e+03
1.846000000000000000e+03
3.684000000000000000e+03
1.232000000000000000e+03
4.671000000000000000e+03
1.505000000000000000e+03
3.783000000000000000e+03
4.967000000000000000e+03
4.383000000000000000e+03
3.888000000000000000e+03
2.665000000000000000e+03
8.290000000000000000e+02
4.340000000000000000e+02
4.286000000000000000e+03
3.870000000000000000e+02
5.410000000000000000e+02
5.390000000000000000e+02
1.635000000000000000e+03
3.565000000000000000e+03
3.179000000000000000e+03
1.619000000000000000e+03
3.615000000000000000e+03
4.826000000000000000e+03
2.205000000000000000e+03
2.482000000000000000e+03
1.418000000000000000e+03
2.114000000000000000e+03
2.276000000000000000e+03
1.500000000000000000e+02
3.157000000000000000e+03
3.480000000000000000e+03
3.961000000000000000e+03
1.796000000000000000e+03
4.190000000000000000e+02
3.220000000000000000e+02
1.738000000000000000e+03
2.941000000000000000e+03
3.015000000000000000e+03
2.718000000000000000e+03
3.722000000000000000e+03
4.707000000000000000e+03
3.680000000000000000e+02
1.709000000000000000e+03
3.104000000000000000e+03
1.387000000000000000e+03
4.423000000000000000e+03
4.555000000000000000e+03
4.450000000000000000e+02
2.012000000000000000e+03
2.110000000000000000e+03
2.066000000000000000e+03
3.330000000000000000e+03
5.500000000000000000e+01
2.927000000000000000e+03
2.868000000000000000e+03
2.343000000000000000e+03
4.534000000000000000e+03
2.734000000000000000e+03
2.074000000000000000e+03
1.260000000000000000e+02
2.171000000000000000e+03
3.566000000000000000e+03
2.292000000000000000e+03
1.620000000000000000e+03
4.900000000000000000e+02
2.653000000000000000e+03
2.212000000000000000e+03
3.447000000000000000e+03
2.539000000000000000e+03
4.690000000000000000e+03
4.177000000000000000e+03
2.551000000000000000e+03
2.929000000000000000e+03
4.186000000000000000e+03
2.392000000000000000e+03
1.124000000000000000e+03
2.784000000000000000e+03
3.900000000000000000e+02
4.293000000000000000e+03
1.088000000000000000e+03
7.170000000000000000e+02
4.384000000000000000e+03
1.037000000000000000e+03
4.986000000000000000e+03
9.330000000000000000e+02
3.355000000000000000e+03
4.461000000000000000e+03
2.732000000000000000e+03
8.300000000000000000e+01
4.923000000000000000e+03
1.111000000000000000e+03
2.460000000000000000e+02
3.090000000000000000e+02
1.367000000000000000e+03
4.478000000000000000e+03
1.870000000000000000e+02
7.560000000000000000e+02
2.415000000000000000e+03
1.664000000000000000e+03
3.772000000000000000e+03
4.035000000000000000e+03
4.679000000000000000e+03
4.021000000000000000e+03
6.970000000000000000e+02
2.767000000000000000e+03
2.610000000000000000e+03
4.935000000000000000e+03
1.364000000000000000e+03
4.275000000000000000e+03
1.020000000000000000e+02
2.172000000000000000e+03
3.977000000000000000e+03
1.282000000000000000e+03
2.538000000000000000e+03
3.643000000000000000e+03
4.899000000000000000e+03
4.905000000000000000e+03
2.009000000000000000e+03
3.573000000000000000e+03
3.752000000000000000e+03
4.191000000000000000e+03
9.180000000000000000e+02
2.951000000000000000e+03
5.920000000000000000e+02
3.297000000000000000e+03
4.922000000000000000e+03
3.068000000000000000e+03
3.316000000000000000e+03
4.591000000000000000e+03
4.344000000000000000e+03
4.516000000000000000e+03
4.009000000000000000e+03
2.860000000000000000e+02
1.853000000000000000e+03
3.853000000000000000e+03
6.750000000000000000e+02
1.780000000000000000e+02
2.052000000000000000e+03
4.864000000000000000e+03
2.562000000000000000e+03
3.970000000000000000e+02
2.388000000000000000e+03
9.990000000000000000e+02
4.142000000000000000e+03
3.980000000000000000e+02
2.596000000000000000e+03
3.658000000000000000e+03
3.531000000000000000e+03
2.520000000000000000e+03
3.374000000000000000e+03
4.757000000000000000e+03
9.470000000000000000e+02
1.544000000000000000e+03
6.470000000000000000e+02
1.837000000000000000e+03
1.568000000000000000e+03
2.200000000000000000e+01
4.772000000000000000e+03
3.501000000000000000e+03
4.136000000000000000e+03
1.130000000000000000e+03
3.366000000000000000e+03
2.984000000000000000e+03
3.371000000000000000e+03
3.760000000000000000e+03
1.526000000000000000e+03
1.169000000000000000e+03
3.821000000000000000e+03
4.705000000000000000e+03
2.441000000000000000e+03
1.787000000000000000e+03
2.429000000000000000e+03
1.449000000000000000e+03
2.537000000000000000e+03
4.061000000000000000e+03
2.534000000000000000e+03
4.060000000000000000e+02
2.555000000000000000e+03
3.813000000000000000e+03
3.812000000000000000e+03
2.492000000000000000e+03
4.695000000000000000e+03
1.122000000000000000e+03
3.351000000000000000e+03
1.496000000000000000e+03
3.020000000000000000e+03
2.466000000000000000e+03
4.627000000000000000e+03
2.016000000000000000e+03
4.027000000000000000e+03
4.740000000000000000e+02
3.807000000000000000e+03
1.537000000000000000e+03
4.603000000000000000e+03
2.456000000000000000e+03
1.767000000000000000e+03
4.200000000000000000e+02
3.753000000000000000e+03
3.855000000000000000e+03
3.833000000000000000e+03
2.226000000000000000e+03
8.310000000000000000e+02
1.908000000000000000e+03
3.921000000000000000e+03
4.341000000000000000e+03
8.040000000000000000e+02
1.346000000000000000e+03
1.921000000000000000e+03
3.182000000000000000e+03
4.354000000000000000e+03
7.680000000000000000e+02
3.170000000000000000e+03
3.169000000000000000e+03
1.891000000000000000e+03
3.904000000000000000e+03
3.298000000000000000e+03
7.860000000000000000e+02
1.036000000000000000e+03
4.296000000000000000e+03
4.284000000000000000e+03
4.239000000000000000e+03
1.948000000000000000e+03
3.269000000000000000e+03
1.269000000000000000e+03
4.259000000000000000e+03
9.190000000000000000e+02
1.934000000000000000e+03
3.450000000000000000e+03
3.277000000000000000e+03
3.952000000000000000e+03
1.300000000000000000e+03
8.990000000000000000e+02
8.970000000000000000e+02
3.229000000000000000e+03
1.304000000000000000e+03
9.900000000000000000e+02
9.890000000000000000e+02
2.286000000000000000e+03
1.968000000000000000e+03
1.243000000000000000e+03
6.390000000000000000e+02
1.276000000000000000e+03
1.084000000000000000e+03
2.372000000000000000e+03
6.180000000000000000e+02
1.422000000000000000e+03
3.093000000000000000e+03
3.324000000000000000e+03
3.509000000000000000e+03
2.380000000000000000e+03
4.529000000000000000e+03
5.710000000000000000e+02
2.405000000000000000e+03
4.543000000000000000e+03
4.545000000000000000e+03
1.098000000000000000e+03
2.379000000000000000e+03
4.469000000000000000e+03
3.113000000000000000e+03
1.408000000000000000e+03
4.391000000000000000e+03
2.303000000000000000e+03
1.881000000000000000e+03
3.070000000000000000e+02
4.149000000000000000e+03
3.313000000000000000e+03
7.120000000000000000e+02
4.430000000000000000e+03
4.434000000000000000e+03
3.317000000000000000e+03
6.880000000000000000e+02
3.494000000000000000e+03
6.820000000000000000e+02
6.720000000000000000e+02
3.503000000000000000e+03
6.630000000000000000e+02
4.462000000000000000e+03
5.450000000000000000e+02
1.376000000000000000e+03
1.428000000000000000e+03
2.933000000000000000e+03
2.611000000000000000e+03
2.638000000000000000e+03
4.763000000000000000e+03
2.686000000000000000e+03
2.230000000000000000e+02
1.520000000000000000e+02
4.921000000000000000e+03
4.869000000000000000e+03
1.726000000000000000e+03
4.870000000000000000e+03
3.682000000000000000e+03
1.569000000000000000e+03
2.803000000000000000e+03
2.875000000000000000e+03
4.768000000000000000e+03
8.000000000000000000e+01
4.885000000000000000e+03
4.978000000000000000e+03
2.627000000000000000e+03
4.880000000000000000e+03
1.711000000000000000e+03
2.770000000000000000e+03
2.785000000000000000e+03
4.948000000000000000e+03
2.250000000000000000e+02
4.814000000000000000e+03
1.745000000000000000e+03
4.934000000000000000e+03
3.679000000000000000e+03
1.624000000000000000e+03
1.721000000000000000e+03
2.713000000000000000e+03
1.625000000000000000e+03
4.952000000000000000e+03
4.981000000000000000e+03
2.853000000000000000e+03
3.081000000000000000e+03
3.009000000000000000e+03
2.856000000000000000e+03
4.701000000000000000e+03
5.630000000000000000e+02
2.757000000000000000e+03
1.012000000000000000e+03
3.401000000000000000e+03
2.859000000000000000e+03
1.919000000000000000e+03
2.511000000000000000e+03
2.353000000000000000e+03
1.006000000000000000e+03
1.343000000000000000e+03
1.417000000000000000e+03
3.923000000000000000e+03
2.870000000000000000e+03
4.050000000000000000e+03
4.846000000000000000e+03
8.430000000000000000e+02
3.796000000000000000e+03
3.799000000000000000e+03
2.317000000000000000e+03
4.133000000000000000e+03
3.513000000000000000e+03
7.970000000000000000e+02
2.799000000000000000e+03
4.437000000000000000e+03
1.597000000000000000e+03
9.850000000000000000e+02
3.102000000000000000e+03
4.742000000000000000e+03
8.320000000000000000e+02
1.325000000000000000e+03
8.360000000000000000e+02
4.903000000000000000e+03
1.100000000000000000e+02
8.260000000000000000e+02
4.301000000000000000e+03
1.924000000000000000e+03
3.003000000000000000e+03
8.400000000000000000e+02
1.498000000000000000e+03
4.330000000000000000e+02
1.750000000000000000e+02
2.863000000000000000e+03
1.680000000000000000e+02
1.859000000000000000e+03
2.676000000000000000e+03
4.483000000000000000e+03
3.811000000000000000e+03
1.630000000000000000e+02
3.534000000000000000e+03
3.496000000000000000e+03
2.463000000000000000e+03
4.607000000000000000e+03
4.418000000000000000e+03
4.415000000000000000e+03
2.320000000000000000e+02
2.467000000000000000e+03
3.890000000000000000e+03
4.873000000000000000e+03
6.280000000000000000e+02
1.883000000000000000e+03
3.704000000000000000e+03
2.480000000000000000e+03
2.628000000000000000e+03
7.850000000000000000e+02
1.140000000000000000e+02
2.256000000000000000e+03
1.802000000000000000e+03
4.350000000000000000e+02
8.140000000000000000e+02
2.251000000000000000e+03
1.030000000000000000e+02
9.300000000000000000e+01
1.005000000000000000e+03
1.755000000000000000e+03
4.145000000000000000e+03
1.533000000000000000e+03
3.315000000000000000e+03
2.104000000000000000e+03
3.073000000000000000e+03
1.072000000000000000e+03
2.921000000000000000e+03
1.019000000000000000e+03
1.253000000000000000e+03
1.017000000000000000e+03
4.183000000000000000e+03
3.051000000000000000e+03
3.075000000000000000e+03
1.962000000000000000e+03
1.659000000000000000e+03
2.561000000000000000e+03
2.565000000000000000e+03
2.015000000000000000e+03
1.679000000000000000e+03
3.524000000000000000e+03
2.006000000000000000e+03
1.160000000000000000e+03
3.063000000000000000e+03
1.157000000000000000e+03
1.195000000000000000e+03
3.638000000000000000e+03
1.201000000000000000e+03
1.131000000000000000e+03
4.539000000000000000e+03
1.986000000000000000e+03
1.108000000000000000e+03
1.217000000000000000e+03
4.697000000000000000e+03
6.300000000000000000e+01
2.363000000000000000e+03
4.216000000000000000e+03
3.552000000000000000e+03
3.239000000000000000e+03
4.249000000000000000e+03
3.968000000000000000e+03
1.704000000000000000e+03
2.170000000000000000e+03
9.080000000000000000e+02
1.267000000000000000e+03
2.165000000000000000e+03
4.503000000000000000e+03
1.286000000000000000e+03
2.434000000000000000e+03
8.950000000000000000e+02
9.620000000000000000e+02
4.571000000000000000e+03
5.130000000000000000e+02
2.904000000000000000e+03
3.224000000000000000e+03
1.936000000000000000e+03
4.222000000000000000e+03
3.267000000000000000e+03
3.770000000000000000e+02
1.278000000000000000e+03
2.716000000000000000e+03
8.030000000000000000e+02
3.803000000000000000e+03
4.747000000000000000e+03
1.581000000000000000e+03
1.438000000000000000e+03
3.516000000000000000e+03
8.120000000000000000e+02
7.520000000000000000e+02
3.768000000000000000e+03
3.311000000000000000e+03
1.932000000000000000e+03
2.786000000000000000e+03
5.190000000000000000e+02
2.804000000000000000e+03
4.717000000000000000e+03
2.912000000000000000e+03
1.823000000000000000e+03
7.380000000000000000e+02
3.222000000000000000e+03
1.170000000000000000e+02
2.143000000000000000e+03
9.310000000000000000e+02
5.350000000000000000e+02
3.839000000000000000e+03
4.502000000000000000e+03
2.442000000000000000e+03
6.080000000000000000e+02
4.877000000000000000e+03
4.440000000000000000e+03
3.040000000000000000e+02
1.158000000000000000e+03
1.121000000000000000e+03
4.015000000000000000e+03
3.332000000000000000e+03
4.718000000000000000e+03
2.741000000000000000e+03
3.983000000000000000e+03
1.000000000000000000e+03
4.198000000000000000e+03
3.620000000000000000e+02
2.818000000000000000e+03
1.949000000000000000e+03
2.911000000000000000e+03
2.523000000000000000e+03
3.554000000000000000e+03
3.178000000000000000e+03
4.432000000000000000e+03
1.373000000000000000e+03
1.300000000000000000e+02
4.890000000000000000e+03
2.696000000000000000e+03
4.630000000000000000e+03
2.181000000000000000e+03
2.640000000000000000e+03
1.629000000000000000e+03
1.307000000000000000e+03
1.791000000000000000e+03
4.316000000000000000e+03
2.070000000000000000e+02
2.635000000000000000e+03
1.928000000000000000e+03
3.448000000000000000e+03
4.916000000000000000e+03
3.576000000000000000e+03
1.297000000000000000e+03
7.710000000000000000e+02
3.729000000000000000e+03
3.814000000000000000e+03
1.694000000000000000e+03
1.002000000000000000e+03
1.370000000000000000e+03
3.076000000000000000e+03
3.001000000000000000e+03
4.906000000000000000e+03
4.072000000000000000e+03
1.874000000000000000e+03
1.220000000000000000e+03
3.431000000000000000e+03
7.960000000000000000e+02
1.256000000000000000e+03
9.220000000000000000e+02
3.860000000000000000e+03
3.320000000000000000e+03
2.068000000000000000e+03
3.765000000000000000e+03
1.933000000000000000e+03
4.189000000000000000e+03
5.990000000000000000e+02
3.340000000000000000e+03
4.910000000000000000e+02
4.681000000000000000e+03
3.891000000000000000e+03
2.823000000000000000e+03
2.977000000000000000e+03
1.868000000000000000e+03
2.061000000000000000e+03
1.872000000000000000e+03
2.327000000000000000e+03
4.113000000000000000e+03
3.510000000000000000e+02
3.562000000000000000e+03
1.695000000000000000e+03
4.160000000000000000e+03
4.970000000000000000e+02
3.260000000000000000e+03
1.665000000000000000e+03
2.881000000000000000e+03
1.789000000000000000e+03
3.927000000000000000e+03
1.710000000000000000e+03
2.239000000000000000e+03
4.565000000000000000e+03
1.922000000000000000e+03
1.913000000000000000e+03
1.633000000000000000e+03
1.150000000000000000e+03
2.213000000000000000e+03
2.862000000000000000e+03
2.616000000000000000e+03
4.250000000000000000e+03
1.920000000000000000e+03
8.650000000000000000e+02
2.123000000000000000e+03
4.342000000000000000e+03
3.659000000000000000e+03
3.759000000000000000e+03
8.150000000000000000e+02
4.801000000000000000e+03
1.851000000000000000e+03
1.656000000000000000e+03
1.820000000000000000e+02
4.440000000000000000e+02
4.890000000000000000e+02
1.622000000000000000e+03
1.740000000000000000e+03
3.898000000000000000e+03
1.301000000000000000e+03
3.231000000000000000e+03
1.717000000000000000e+03
2.281000000000000000e+03
2.468000000000000000e+03
2.530000000000000000e+03
8.900000000000000000e+02
1.793000000000000000e+03
4.201000000000000000e+03
4.657000000000000000e+03
4.357000000000000000e+03
9.970000000000000000e+02
2.698000000000000000e+03
4.130000000000000000e+02
4.246000000000000000e+03
2.702000000000000000e+03
8.710000000000000000e+02
3.629000000000000000e+03
8.600000000000000000e+02
2.910000000000000000e+02
1.110000000000000000e+03
2.580000000000000000e+03
2.082000000000000000e+03
3.579000000000000000e+03
3.824000000000000000e+03
2.083000000000000000e+03
2.059000000000000000e+03
4.988000000000000000e+03
3.831000000000000000e+03
3.356000000000000000e+03
5.970000000000000000e+02
1.180000000000000000e+03
4.508000000000000000e+03
2.366000000000000000e+03
4.640000000000000000e+02
4.411000000000000000e+03
3.097000000000000000e+03
4.827000000000000000e+03
2.091000000000000000e+03
2.397000000000000000e+03
3.717000000000000000e+03
1.344000000000000000e+03
2.228000000000000000e+03
2.586000000000000000e+03
3.913000000000000000e+03
2.262000000000000000e+03
1.224000000000000000e+03
5.860000000000000000e+02
4.305000000000000000e+03
3.699000000000000000e+03
1.386000000000000000e+03
2.289000000000000000e+03
2.158000000000000000e+03
1.470000000000000000e+02
3.594000000000000000e+03
4.414000000000000000e+03
3.281000000000000000e+03
2.424000000000000000e+03
1.571000000000000000e+03
2.360000000000000000e+02
4.629000000000000000e+03
2.111000000000000000e+03
2.450000000000000000e+02
3.714000000000000000e+03
3.321000000000000000e+03
3.028000000000000000e+03
4.932000000000000000e+03
8.750000000000000000e+02
2.672000000000000000e+03
2.141000000000000000e+03
2.247000000000000000e+03
3.004000000000000000e+03
2.145000000000000000e+03
3.353000000000000000e+03
2.648000000000000000e+03
7.630000000000000000e+02
1.137000000000000000e+03
4.806000000000000000e+03
2.519000000000000000e+03
4.977000000000000000e+03
1.156000000000000000e+03
3.460000000000000000e+03
3.604000000000000000e+03
1.538000000000000000e+03
1.973000000000000000e+03
4.505000000000000000e+03
1.696000000000000000e+03
4.830000000000000000e+02
4.447000000000000000e+03
7.150000000000000000e+02
1.920000000000000000e+02
3.088000000000000000e+03
1.849000000000000000e+03
3.984000000000000000e+03
8.730000000000000000e+02
6.000000000000000000e+01
3.103000000000000000e+03
5.310000000000000000e+02
1.550000000000000000e+02
4.361000000000000000e+03
2.302000000000000000e+03
4.499000000000000000e+03
3.302000000000000000e+03
8.620000000000000000e+02
4.016000000000000000e+03
2.615000000000000000e+03
3.082000000000000000e+03
5.750000000000000000e+02
2.255000000000000000e+03
9.380000000000000000e+02
3.236000000000000000e+03
1.805000000000000000e+03
4.449000000000000000e+03
6.700000000000000000e+02
1.350000000000000000e+02
4.205000000000000000e+03
2.036000000000000000e+03
4.460000000000000000e+03
2.396000000000000000e+03
1.457000000000000000e+03
2.080000000000000000e+02
1.166000000000000000e+03
2.240000000000000000e+03
2.058000000000000000e+03
4.930000000000000000e+03
3.430000000000000000e+02
3.061000000000000000e+03
9.100000000000000000e+01
4.822000000000000000e+03
4.970000000000000000e+03
1.831000000000000000e+03
2.436000000000000000e+03
2.354000000000000000e+03
6.420000000000000000e+02
2.770000000000000000e+02
2.485000000000000000e+03
2.867000000000000000e+03
4.840000000000000000e+02
2.329000000000000000e+03
2.900000000000000000e+02
2.726000000000000000e+03
2.673000000000000000e+03
1.254000000000000000e+03
1.070000000000000000e+03
2.689000000000000000e+03
3.170000000000000000e+02
3.530000000000000000e+03
2.490000000000000000e+03
1.623000000000000000e+03
1.275000000000000000e+03
4.542000000000000000e+03
4.250000000000000000e+02
4.480000000000000000e+02
7.890000000000000000e+02
2.928000000000000000e+03
6.020000000000000000e+02
3.110000000000000000e+03
1.803000000000000000e+03
4.990000000000000000e+02
3.715000000000000000e+03
1.904000000000000000e+03
4.057000000000000000e+03
2.144000000000000000e+03
2.419000000000000000e+03
3.978000000000000000e+03
2.918000000000000000e+03
2.852000000000000000e+03
4.764000000000000000e+03
4.667000000000000000e+03
4.889000000000000000e+03
1.573000000000000000e+03
1.279000000000000000e+03
2.599000000000000000e+03
2.129000000000000000e+03
2.078000000000000000e+03
8.900000000000000000e+01
4.536000000000000000e+03
9.450000000000000000e+02
2.200000000000000000e+02
1.459000000000000000e+03
2.697000000000000000e+03
8.850000000000000000e+02
4.230000000000000000e+03
3.472000000000000000e+03
3.032000000000000000e+03
9.120000000000000000e+02
4.704000000000000000e+03
2.631000000000000000e+03
1.485000000000000000e+03
4.658000000000000000e+03
1.534000000000000000e+03
3.678000000000000000e+03
8.330000000000000000e+02
3.234000000000000000e+03
3.024000000000000000e+03
3.584000000000000000e+03
2.352000000000000000e+03
3.716000000000000000e+03
2.231000000000000000e+03
4.144000000000000000e+03
3.517000000000000000e+03
1.684000000000000000e+03
4.872000000000000000e+03
6.130000000000000000e+02
1.015000000000000000e+03
5.940000000000000000e+02
1.681000000000000000e+03
2.081000000000000000e+03
2.936000000000000000e+03
2.574000000000000000e+03
4.000000000000000000e+03
1.420000000000000000e+03
4.370000000000000000e+02
1.966000000000000000e+03
1.983000000000000000e+03
3.789000000000000000e+03
9.260000000000000000e+02
4.308000000000000000e+03
1.676000000000000000e+03
1.270000000000000000e+02
8.300000000000000000e+02
3.560000000000000000e+03
2.057000000000000000e+03
3.781000000000000000e+03
2.994000000000000000e+03
4.855000000000000000e+03
1.029000000000000000e+03
4.983000000000000000e+03
1.327000000000000000e+03
8.470000000000000000e+02
3.996000000000000000e+03
2.571000000000000000e+03
1.725000000000000000e+03
1.128000000000000000e+03
4.451000000000000000e+03
4.652000000000000000e+03
3.497000000000000000e+03
2.127000000000000000e+03
2.588000000000000000e+03
1.161000000000000000e+03
4.358000000000000000e+03
2.263000000000000000e+03
2.454000000000000000e+03
3.622000000000000000e+03
1.733000000000000000e+03
1.220000000000000000e+02
4.218000000000000000e+03
3.101000000000000000e+03
2.151000000000000000e+03
6.650000000000000000e+02
4.120000000000000000e+03
2.496000000000000000e+03
2.700000000000000000e+02
1.834000000000000000e+03
2.236000000000000000e+03
4.682000000000000000e+03
4.079000000000000000e+03
6.610000000000000000e+02
4.407000000000000000e+03
1.848000000000000000e+03
4.137000000000000000e+03
4.820000000000000000e+02
2.600000000000000000e+02
7.830000000000000000e+02
8.540000000000000000e+02
3.766000000000000000e+03
1.550000000000000000e+03
4.471000000000000000e+03
2.613000000000000000e+03
4.238000000000000000e+03
4.056000000000000000e+03
1.491000000000000000e+03
4.959000000000000000e+03
4.445000000000000000e+03
1.640000000000000000e+03
4.592000000000000000e+03
8.000000000000000000e+02
7.410000000000000000e+02
3.618000000000000000e+03
1.302000000000000000e+03
2.471000000000000000e+03
2.891000000000000000e+03
4.575000000000000000e+03
4.380000000000000000e+03
2.164000000000000000e+03
3.334000000000000000e+03
2.695000000000000000e+03
3.445000000000000000e+03
1.453000000000000000e+03
4.976000000000000000e+03
4.459000000000000000e+03
5.230000000000000000e+02
1.570000000000000000e+02
4.234000000000000000e+03
2.124000000000000000e+03
1.249000000000000000e+03
3.603000000000000000e+03
3.526000000000000000e+03
2.301000000000000000e+03
3.025000000000000000e+03
5.180000000000000000e+02
7.250000000000000000e+02
1.479000000000000000e+03
1.826000000000000000e+03
3.675000000000000000e+03
4.851000000000000000e+03
3.060000000000000000e+03
8.510000000000000000e+02
2.004000000000000000e+03
3.616000000000000000e+03
4.485000000000000000e+03
8.270000000000000000e+02
8.890000000000000000e+02
2.798000000000000000e+03
1.436000000000000000e+03
2.460000000000000000e+03
3.410000000000000000e+03
4.382000000000000000e+03
2.899000000000000000e+03
1.765000000000000000e+03
1.819000000000000000e+03
4.804000000000000000e+03
4.122000000000000000e+03
3.827000000000000000e+03
4.963000000000000000e+03
4.051000000000000000e+03
2.810000000000000000e+03
4.639000000000000000e+03
4.041000000000000000e+03
3.290000000000000000e+02
4.927000000000000000e+03
4.395000000000000000e+03
3.586000000000000000e+03
1.940000000000000000e+02
1.889000000000000000e+03
2.630000000000000000e+02
1.080000000000000000e+02
8.250000000000000000e+02
3.532000000000000000e+03
3.685000000000000000e+03
1.050000000000000000e+03
1.506000000000000000e+03
2.386000000000000000e+03
4.370000000000000000e+03
1.040000000000000000e+03
4.664000000000000000e+03
1.980000000000000000e+02
1.641000000000000000e+03
6.100000000000000000e+02
4.668000000000000000e+03
2.249000000000000000e+03
1.452000000000000000e+03
1.723000000000000000e+03
3.931000000000000000e+03
3.384000000000000000e+03
1.970000000000000000e+03
4.392000000000000000e+03
4.561000000000000000e+03
4.496000000000000000e+03
4.942000000000000000e+03
2.180000000000000000e+02
4.946000000000000000e+03
