6.620000000000000000e+02
4.018000000000000000e+03
5.570000000000000000e+02
4.124000000000000000e+03
3.848000000000000000e+03
4.767000000000000000e+03
2.889000000000000000e+03
8.380000000000000000e+02
3.888000000000000000e+03
9.920000000000000000e+02
1.819000000000000000e+03
1.891000000000000000e+03
2.265000000000000000e+03
3.878000000000000000e+03
2.105000000000000000e+03
3.851000000000000000e+03
2.642000000000000000e+03
3.050000000000000000e+02
1.520000000000000000e+02
4.852000000000000000e+03
4.123000000000000000e+03
4.335000000000000000e+03
2.739000000000000000e+03
3.505000000000000000e+03
4.657000000000000000e+03
2.720000000000000000e+03
1.279000000000000000e+03
2.122000000000000000e+03
3.066000000000000000e+03
7.970000000000000000e+02
2.415000000000000000e+03
8.440000000000000000e+02
2.848000000000000000e+03
4.048000000000000000e+03
4.700000000000000000e+02
8.030000000000000000e+02
2.551000000000000000e+03
4.545000000000000000e+03
3.599000000000000000e+03
2.090000000000000000e+02
1.127000000000000000e+03
4.988000000000000000e+03
7.090000000000000000e+02
2.030000000000000000e+02
3.977000000000000000e+03
1.295000000000000000e+03
4.027000000000000000e+03
1.317000000000000000e+03
1.645000000000000000e+03
9.200000000000000000e+02
3.470000000000000000e+03
4.904000000000000000e+03
4.077000000000000000e+03
2.034000000000000000e+03
4.507000000000000000e+03
6.170000000000000000e+02
9.400000000000000000e+01
3.303000000000000000e+03
2.574000000000000000e+03
1.022000000000000000e+03
8.290000000000000000e+02
8.000000000000000000e+02
1.117000000000000000e+03
2.058000000000000000e+03
3.694000000000000000e+03
1.659000000000000000e+03
3.690000000000000000e+03
3.919000000000000000e+03
4.667000000000000000e+03
1.971000000000000000e+03
2.319000000000000000e+03
4.551000000000000000e+03
1.832000000000000000e+03
9.460000000000000000e+02
3.879000000000000000e+03
2.890000000000000000e+03
1.058000000000000000e+03
4.133000000000000000e+03
2.948000000000000000e+03
1.503000000000000000e+03
2.957000000000000000e+03
4.158000000000000000e+03
1.963000000000000000e+03
7.370000000000000000e+02
4.797000000000000000e+03
4.804000000000000000e+03
3.550000000000000000e+02
2.343000000000000000e+03
3.623000000000000000e+03
2.243000000000000000e+03
2.177000000000000000e+03
2.174000000000000000e+03
4.722000000000000000e+03
2.876000000000000000e+03
2.161000000000000000e+03
2.583000000000000000e+03
3.564000000000000000e+03
3.914000000000000000e+03
8.460000000000000000e+02
2.732000000000000000e+03
6.540000000000000000e+02
1.881000000000000000e+03
3.979000000000000000e+03
4.630000000000000000e+03
3.060000000000000000e+02
4.237000000000000000e+03
2.831000000000000000e+03
4.462000000000000000e+03
4.700000000000000000e+01
9.650000000000000000e+02
4.989000000000000000e+03
1.293000000000000000e+03
6.300000000000000000e+02
1.210000000000000000e+03
4.340000000000000000e+03
2.709000000000000000e+03
1.050000000000000000e+02
2.724000000000000000e+03
1.069000000000000000e+03
1.254000000000000000e+03
3.056000000000000000e+03
4.642000000000000000e+03
4.638000000000000000e+03
4.318000000000000000e+03
1.870000000000000000e+03
4.494000000000000000e+03
3.994000000000000000e+03
4.796000000000000000e+03
4.016000000000000000e+03
1.791000000000000000e+03
4.060000000000000000e+02
1.773000000000000000e+03
1.766000000000000000e+03
1.736000000000000000e+03
3.425000000000000000e+03
4.072000000000000000e+03
2.003000000000000000e+03
2.021000000000000000e+03
4.468000000000000000e+03
2.653000000000000000e+03
4.765000000000000000e+03
3.233000000000000000e+03
1.098000000000000000e+03
2.517000000000000000e+03
2.304000000000000000e+03
2.355000000000000000e+03
3.310000000000000000e+02
2.238000000000000000e+03
3.250000000000000000e+02
1.113000000000000000e+03
2.202000000000000000e+03
5.040000000000000000e+02
1.336000000000000000e+03
5.050000000000000000e+02
5.090000000000000000e+02
2.490000000000000000e+03
3.252000000000000000e+03
3.824000000000000000e+03
4.396000000000000000e+03
4.717000000000000000e+03
3.826000000000000000e+03
2.151000000000000000e+03
2.149000000000000000e+03
4.836000000000000000e+03
1.185000000000000000e+03
2.650000000000000000e+03
2.183000000000000000e+03
4.282000000000000000e+03
4.768000000000000000e+03
1.490000000000000000e+02
1.612000000000000000e+03
1.580000000000000000e+03
4.188000000000000000e+03
4.920000000000000000e+03
2.968000000000000000e+03
1.380000000000000000e+02
1.000000000000000000e+00
3.352000000000000000e+03
4.240000000000000000e+03
1.240000000000000000e+02
1.621000000000000000e+03
4.161000000000000000e+03
4.163000000000000000e+03
1.375000000000000000e+03
4.521000000000000000e+03
4.791000000000000000e+03
7.750000000000000000e+02
2.928000000000000000e+03
2.903000000000000000e+03
7.650000000000000000e+02
1.840000000000000000e+03
3.766000000000000000e+03
2.997000000000000000e+03
4.813000000000000000e+03
2.370000000000000000e+02
1.050000000000000000e+03
3.673000000000000000e+03
4.329000000000000000e+03
2.040000000000000000e+03
1.260000000000000000e+03
2.313000000000000000e+03
4.583000000000000000e+03
4.340000000000000000e+02
4.071000000000000000e+03
3.466000000000000000e+03
3.798000000000000000e+03
4.848000000000000000e+03
2.615000000000000000e+03
3.218000000000000000e+03
1.242000000000000000e+03
2.994000000000000000e+03
8.140000000000000000e+02
8.760000000000000000e+02
4.426000000000000000e+03
3.895000000000000000e+03
1.499000000000000000e+03
7.000000000000000000e+01
3.150000000000000000e+03
2.963000000000000000e+03
6.160000000000000000e+02
3.224000000000000000e+03
4.399000000000000000e+03
3.498000000000000000e+03
2.989000000000000000e+03
8.830000000000000000e+02
4.698000000000000000e+03
2.384000000000000000e+03
3.075000000000000000e+03
3.525000000000000000e+03
3.961000000000000000e+03
3.723000000000000000e+03
1.298000000000000000e+03
2.291000000000000000e+03
3.002000000000000000e+03
2.360000000000000000e+03
4.913000000000000000e+03
3.728000000000000000e+03
1.343000000000000000e+03
3.671000000000000000e+03
3.316000000000000000e+03
3.180000000000000000e+03
9.380000000000000000e+02
1.663000000000000000e+03
3.151000000000000000e+03
3.615000000000000000e+03
6.030000000000000000e+02
1.764000000000000000e+03
1.212000000000000000e+03
4.892000000000000000e+03
1.824000000000000000e+03
6.210000000000000000e+02
1.547000000000000000e+03
7.240000000000000000e+02
3.758000000000000000e+03
3.847000000000000000e+03
6.280000000000000000e+02
4.984000000000000000e+03
4.948000000000000000e+03
3.955000000000000000e+03
4.389000000000000000e+03
3.630000000000000000e+03
2.700000000000000000e+03
3.986000000000000000e+03
4.900000000000000000e+03
1.537000000000000000e+03
4.352000000000000000e+03
2.342000000000000000e+03
4.290000000000000000e+03
1.744000000000000000e+03
1.178000000000000000e+03
1.533000000000000000e+03
3.790000000000000000e+02
3.899000000000000000e+03
2.976000000000000000e+03
3.790000000000000000e+03
3.969000000000000000e+03
3.323000000000000000e+03
4.343000000000000000e+03
3.684000000000000000e+03
8.780000000000000000e+02
2.705000000000000000e+03
4.857000000000000000e+03
2.514000000000000000e+03
1.836000000000000000e+03
3.569000000000000000e+03
3.778000000000000000e+03
2.619000000000000000e+03
8.990000000000000000e+02
2.804000000000000000e+03
4.921000000000000000e+03
4.540000000000000000e+02
1.476000000000000000e+03
4.516000000000000000e+03
2.790000000000000000e+03
6.480000000000000000e+02
3.590000000000000000e+03
2.581000000000000000e+03
2.470000000000000000e+03
4.954000000000000000e+03
9.960000000000000000e+02
3.394000000000000000e+03
8.940000000000000000e+02
3.677000000000000000e+03
2.807000000000000000e+03
2.565000000000000000e+03
7.100000000000000000e+02
4.096000000000000000e+03
4.131000000000000000e+03
3.214000000000000000e+03
4.400000000000000000e+02
3.838000000000000000e+03
2.078000000000000000e+03
3.850000000000000000e+03
3.849000000000000000e+03
1.136000000000000000e+03
8.680000000000000000e+02
1.030000000000000000e+03
1.036000000000000000e+03
3.504000000000000000e+03
4.960000000000000000e+03
1.256000000000000000e+03
4.283000000000000000e+03
4.450000000000000000e+03
3.461000000000000000e+03
1.970000000000000000e+03
3.038000000000000000e+03
4.844000000000000000e+03
4.351000000000000000e+03
4.183000000000000000e+03
2.977000000000000000e+03
5.560000000000000000e+02
2.602000000000000000e+03
4.039000000000000000e+03
1.311000000000000000e+03
6.400000000000000000e+02
2.700000000000000000e+02
3.644000000000000000e+03
2.010000000000000000e+02
6.600000000000000000e+01
1.329000000000000000e+03
3.834000000000000000e+03
2.766000000000000000e+03
3.777000000000000000e+03
4.127000000000000000e+03
3.552000000000000000e+03
2.694000000000000000e+03
1.887000000000000000e+03
4.891000000000000000e+03
2.531000000000000000e+03
2.568000000000000000e+03
4.816000000000000000e+03
1.114000000000000000e+03
1.090000000000000000e+02
1.675000000000000000e+03
1.230000000000000000e+03
9.740000000000000000e+02
3.364000000000000000e+03
1.405000000000000000e+03
2.367000000000000000e+03
2.385000000000000000e+03
4.439000000000000000e+03
4.232000000000000000e+03
1.034000000000000000e+03
8.420000000000000000e+02
4.541000000000000000e+03
4.251000000000000000e+03
1.382000000000000000e+03
1.600000000000000000e+03
1.372000000000000000e+03
4.279000000000000000e+03
1.668000000000000000e+03
2.347000000000000000e+03
4.599000000000000000e+03
4.006000000000000000e+03
1.829000000000000000e+03
4.662000000000000000e+03
4.346000000000000000e+03
1.150000000000000000e+03
4.404000000000000000e+03
3.802000000000000000e+03
3.793000000000000000e+03
7.200000000000000000e+02
2.440000000000000000e+03
3.827000000000000000e+03
2.000000000000000000e+02
1.230000000000000000e+02
3.384000000000000000e+03
2.929000000000000000e+03
2.513000000000000000e+03
2.988000000000000000e+03
4.906000000000000000e+03
3.413000000000000000e+03
3.437000000000000000e+03
2.822000000000000000e+03
3.280000000000000000e+02
4.809000000000000000e+03
2.759000000000000000e+03
3.046000000000000000e+03
3.700000000000000000e+01
3.281000000000000000e+03
2.953000000000000000e+03
3.155000000000000000e+03
3.267000000000000000e+03
3.030000000000000000e+02
1.349000000000000000e+03
1.688000000000000000e+03
1.002000000000000000e+03
1.101000000000000000e+03
2.886000000000000000e+03
4.509000000000000000e+03
1.001000000000000000e+03
2.984000000000000000e+03
2.092000000000000000e+03
4.174000000000000000e+03
4.436000000000000000e+03
1.486000000000000000e+03
2.500000000000000000e+03
2.289000000000000000e+03
2.887000000000000000e+03
3.047000000000000000e+03
2.563000000000000000e+03
1.904000000000000000e+03
1.789000000000000000e+03
1.268000000000000000e+03
3.522000000000000000e+03
3.499000000000000000e+03
3.170000000000000000e+02
4.217000000000000000e+03
1.911000000000000000e+03
1.776000000000000000e+03
7.630000000000000000e+02
3.521000000000000000e+03
2.178000000000000000e+03
3.724000000000000000e+03
2.002000000000000000e+03
2.856000000000000000e+03
8.310000000000000000e+02
2.606000000000000000e+03
1.866000000000000000e+03
2.555000000000000000e+03
1.330000000000000000e+02
3.532000000000000000e+03
2.914000000000000000e+03
4.849000000000000000e+03
2.891000000000000000e+03
2.181000000000000000e+03
3.496000000000000000e+03
4.099000000000000000e+03
4.832000000000000000e+03
4.281000000000000000e+03
1.070000000000000000e+03
1.026000000000000000e+03
3.734000000000000000e+03
2.973000000000000000e+03
4.966000000000000000e+03
4.609000000000000000e+03
3.957000000000000000e+03
3.337000000000000000e+03
3.015000000000000000e+03
4.260000000000000000e+03
1.897000000000000000e+03
4.190000000000000000e+02
4.498000000000000000e+03
1.328000000000000000e+03
4.289000000000000000e+03
1.301000000000000000e+03
3.415000000000000000e+03
2.604000000000000000e+03
1.882000000000000000e+03
4.526000000000000000e+03
4.547000000000000000e+03
4.500000000000000000e+01
4.650000000000000000e+02
7.490000000000000000e+02
1.257000000000000000e+03
4.440000000000000000e+02
3.729000000000000000e+03
1.206000000000000000e+03
2.165000000000000000e+03
2.009000000000000000e+03
1.462000000000000000e+03
2.448000000000000000e+03
3.924000000000000000e+03
1.638000000000000000e+03
1.991000000000000000e+03
3.852000000000000000e+03
2.099000000000000000e+03
2.290000000000000000e+02
1.120000000000000000e+02
3.433000000000000000e+03
4.104000000000000000e+03
1.280000000000000000e+03
1.096000000000000000e+03
3.869000000000000000e+03
2.942000000000000000e+03
2.242000000000000000e+03
3.045000000000000000e+03
2.108000000000000000e+03
3.906000000000000000e+03
2.064000000000000000e+03
4.781000000000000000e+03
5.480000000000000000e+02
4.826000000000000000e+03
1.318000000000000000e+03
4.578000000000000000e+03
1.297000000000000000e+03
2.235000000000000000e+03
1.599000000000000000e+03
2.173000000000000000e+03
2.686000000000000000e+03
2.031000000000000000e+03
2.782000000000000000e+03
3.960000000000000000e+02
3.958000000000000000e+03
5.870000000000000000e+02
6.690000000000000000e+02
3.089000000000000000e+03
2.719000000000000000e+03
4.865000000000000000e+03
1.006000000000000000e+03
3.000000000000000000e+00
2.386000000000000000e+03
1.369000000000000000e+03
7.710000000000000000e+02
3.005000000000000000e+03
3.329000000000000000e+03
5.620000000000000000e+02
2.815000000000000000e+03
7.530000000000000000e+02
4.681000000000000000e+03
4.486000000000000000e+03
1.088000000000000000e+03
9.430000000000000000e+02
2.706000000000000000e+03
1.142000000000000000e+03
2.300000000000000000e+01
2.006000000000000000e+03
3.477000000000000000e+03
4.882000000000000000e+03
1.628000000000000000e+03
1.609000000000000000e+03
3.760000000000000000e+03
2.230000000000000000e+03
3.612000000000000000e+03
2.667000000000000000e+03
3.251000000000000000e+03
1.921000000000000000e+03
2.096000000000000000e+03
3.605000000000000000e+03
2.344000000000000000e+03
4.810000000000000000e+02
3.373000000000000000e+03
1.900000000000000000e+03
4.790000000000000000e+02
1.910000000000000000e+03
6.100000000000000000e+01
2.403000000000000000e+03
3.345000000000000000e+03
1.273000000000000000e+03
1.199000000000000000e+03
3.355000000000000000e+03
4.374000000000000000e+03
1.072000000000000000e+03
2.324000000000000000e+03
4.262000000000000000e+03
4.610000000000000000e+02
3.898000000000000000e+03
3.110000000000000000e+03
4.044000000000000000e+03
3.333000000000000000e+03
3.057000000000000000e+03
2.913000000000000000e+03
1.144000000000000000e+03
8.400000000000000000e+02
2.267000000000000000e+03
2.084000000000000000e+03
6.600000000000000000e+02
4.830000000000000000e+03
2.834000000000000000e+03
6.880000000000000000e+02
3.184000000000000000e+03
3.810000000000000000e+03
3.611000000000000000e+03
1.246000000000000000e+03
3.721000000000000000e+03
1.763000000000000000e+03
8.800000000000000000e+01
2.747000000000000000e+03
3.069000000000000000e+03
1.843000000000000000e+03
2.918000000000000000e+03
6.560000000000000000e+02
2.245000000000000000e+03
2.490000000000000000e+02
3.968000000000000000e+03
1.601000000000000000e+03
1.156000000000000000e+03
3.493000000000000000e+03
7.340000000000000000e+02
1.817000000000000000e+03
4.347000000000000000e+03
2.801000000000000000e+03
4.273000000000000000e+03
9.130000000000000000e+02
2.511000000000000000e+03
2.910000000000000000e+03
3.627000000000000000e+03
3.797000000000000000e+03
1.209000000000000000e+03
2.762000000000000000e+03
3.833000000000000000e+03
4.155000000000000000e+03
4.501000000000000000e+03
4.437000000000000000e+03
9.630000000000000000e+02
4.108000000000000000e+03
2.512000000000000000e+03
4.822000000000000000e+03
4.957000000000000000e+03
3.358000000000000000e+03
1.673000000000000000e+03
4.348000000000000000e+03
8.660000000000000000e+02
2.542000000000000000e+03
2.253000000000000000e+03
2.341000000000000000e+03
3.880000000000000000e+03
1.531000000000000000e+03
2.753000000000000000e+03
1.724000000000000000e+03
4.461000000000000000e+03
5.110000000000000000e+02
1.702000000000000000e+03
4.912000000000000000e+03
4.736000000000000000e+03
9.040000000000000000e+02
8.790000000000000000e+02
4.030000000000000000e+02
9.980000000000000000e+02
3.375000000000000000e+03
3.885000000000000000e+03
1.390000000000000000e+03
4.530000000000000000e+03
1.509000000000000000e+03
4.628000000000000000e+03
3.675000000000000000e+03
2.379000000000000000e+03
2.387000000000000000e+03
4.806000000000000000e+03
4.757000000000000000e+03
1.605000000000000000e+03
1.498000000000000000e+03
3.741000000000000000e+03
4.856000000000000000e+03
1.406000000000000000e+03
4.645000000000000000e+03
4.728000000000000000e+03
1.407000000000000000e+03
2.572000000000000000e+03
4.424000000000000000e+03
2.647000000000000000e+03
3.093000000000000000e+03
4.947000000000000000e+03
2.014000000000000000e+03
4.007000000000000000e+03
1.060000000000000000e+03
2.530000000000000000e+02
1.580000000000000000e+02
2.920000000000000000e+02
4.567000000000000000e+03
3.100000000000000000e+02
4.880000000000000000e+02
2.990000000000000000e+03
4.660000000000000000e+03
4.837000000000000000e+03
4.371000000000000000e+03
3.902000000000000000e+03
2.026000000000000000e+03
1.576000000000000000e+03
4.665000000000000000e+03
6.740000000000000000e+02
4.165000000000000000e+03
8.350000000000000000e+02
3.435000000000000000e+03
1.374000000000000000e+03
2.991000000000000000e+03
6.810000000000000000e+02
3.816000000000000000e+03
3.871000000000000000e+03
1.122000000000000000e+03
4.307000000000000000e+03
2.771000000000000000e+03
3.531000000000000000e+03
2.687000000000000000e+03
1.316000000000000000e+03
2.028000000000000000e+03
1.077000000000000000e+03
4.994000000000000000e+03
2.373000000000000000e+03
3.647000000000000000e+03
1.593000000000000000e+03
3.004000000000000000e+03
1.642000000000000000e+03
4.623000000000000000e+03
1.435000000000000000e+03
1.890000000000000000e+02
2.070000000000000000e+02
4.884000000000000000e+03
3.460000000000000000e+02
4.807000000000000000e+03
5.630000000000000000e+02
3.198000000000000000e+03
1.234000000000000000e+03
1.584000000000000000e+03
1.732000000000000000e+03
8.560000000000000000e+02
2.821000000000000000e+03
4.092000000000000000e+03
1.094000000000000000e+03
3.000000000000000000e+01
2.784000000000000000e+03
2.339000000000000000e+03
1.251000000000000000e+03
6.040000000000000000e+02
2.125000000000000000e+03
1.903000000000000000e+03
7.170000000000000000e+02
6.320000000000000000e+02
1.152000000000000000e+03
1.643000000000000000e+03
4.023000000000000000e+03
3.326000000000000000e+03
2.630000000000000000e+02
2.374000000000000000e+03
2.218000000000000000e+03
2.425000000000000000e+03
4.939000000000000000e+03
2.770000000000000000e+02
2.621000000000000000e+03
4.604000000000000000e+03
3.842000000000000000e+03
3.795000000000000000e+03
3.120000000000000000e+02
3.669000000000000000e+03
4.260000000000000000e+02
7.300000000000000000e+02
3.769000000000000000e+03
3.405000000000000000e+03
1.360000000000000000e+02
1.452000000000000000e+03
9.810000000000000000e+02
4.102000000000000000e+03
3.346000000000000000e+03
2.141000000000000000e+03
1.965000000000000000e+03
4.762000000000000000e+03
3.080000000000000000e+02
1.775000000000000000e+03
3.354000000000000000e+03
1.784000000000000000e+03
9.930000000000000000e+02
1.816000000000000000e+03
3.755000000000000000e+03
1.436000000000000000e+03
3.708000000000000000e+03
2.559000000000000000e+03
6.150000000000000000e+02
1.622000000000000000e+03
3.601000000000000000e+03
4.422000000000000000e+03
4.429000000000000000e+03
2.287000000000000000e+03
2.480000000000000000e+03
6.780000000000000000e+02
1.491000000000000000e+03
4.180000000000000000e+03
3.366000000000000000e+03
1.617000000000000000e+03
4.428000000000000000e+03
6.980000000000000000e+02
2.168000000000000000e+03
4.140000000000000000e+02
4.360000000000000000e+03
1.943000000000000000e+03
3.170000000000000000e+03
2.072000000000000000e+03
3.750000000000000000e+02
7.700000000000000000e+01
1.964000000000000000e+03
2.055000000000000000e+03
1.037000000000000000e+03
3.748000000000000000e+03
4.254000000000000000e+03
4.705000000000000000e+03
2.118000000000000000e+03
4.021000000000000000e+03
6.770000000000000000e+02
2.519000000000000000e+03
2.895000000000000000e+03
2.184000000000000000e+03
4.635000000000000000e+03
3.740000000000000000e+03
3.753000000000000000e+03
1.573000000000000000e+03
2.901000000000000000e+03
2.874000000000000000e+03
2.445000000000000000e+03
1.666000000000000000e+03
4.302000000000000000e+03
4.659000000000000000e+03
4.993000000000000000e+03
4.565000000000000000e+03
1.261000000000000000e+03
3.576000000000000000e+03
3.910000000000000000e+02
2.134000000000000000e+03
7.510000000000000000e+02
3.625000000000000000e+03
1.822000000000000000e+03
1.129000000000000000e+03
5.250000000000000000e+02
3.234000000000000000e+03
2.780000000000000000e+02
1.345000000000000000e+03
7.600000000000000000e+02
1.834000000000000000e+03
4.205000000000000000e+03
1.935000000000000000e+03
1.070000000000000000e+02
9.000000000000000000e+01
2.543000000000000000e+03
4.867000000000000000e+03
3.102000000000000000e+03
4.682000000000000000e+03
4.185000000000000000e+03
3.390000000000000000e+02
2.036000000000000000e+03
2.779000000000000000e+03
2.320000000000000000e+02
4.037000000000000000e+03
4.598000000000000000e+03
8.530000000000000000e+02
1.445000000000000000e+03
1.795000000000000000e+03
6.200000000000000000e+02
3.248000000000000000e+03
2.186000000000000000e+03
2.688000000000000000e+03
2.326000000000000000e+03
4.333000000000000000e+03
2.087000000000000000e+03
1.518000000000000000e+03
3.600000000000000000e+01
1.600000000000000000e+01
6.400000000000000000e+01
1.008000000000000000e+03
4.357000000000000000e+03
5.410000000000000000e+02
1.890000000000000000e+03
2.690000000000000000e+02
1.582000000000000000e+03
3.383000000000000000e+03
4.930000000000000000e+03
4.560000000000000000e+02
2.466000000000000000e+03
4.223000000000000000e+03
3.400000000000000000e+02
4.249000000000000000e+03
1.272000000000000000e+03
2.692000000000000000e+03
4.803000000000000000e+03
1.483000000000000000e+03
3.025000000000000000e+03
4.850000000000000000e+02
4.241000000000000000e+03
3.061000000000000000e+03
1.430000000000000000e+02
1.150000000000000000e+02
4.470000000000000000e+02
1.634000000000000000e+03
4.995000000000000000e+03
2.234000000000000000e+03
3.636000000000000000e+03
1.470000000000000000e+03
3.984000000000000000e+03
3.527000000000000000e+03
4.349000000000000000e+03
2.210000000000000000e+03
1.790000000000000000e+02
3.877000000000000000e+03
1.315000000000000000e+03
2.262000000000000000e+03
1.305000000000000000e+03
1.414000000000000000e+03
3.666000000000000000e+03
3.701000000000000000e+03
3.157000000000000000e+03
4.467000000000000000e+03
2.970000000000000000e+02
4.915000000000000000e+03
9.150000000000000000e+02
4.087000000000000000e+03
3.446000000000000000e+03
3.051000000000000000e+03
2.881000000000000000e+03
9.760000000000000000e+02
4.117000000000000000e+03
9.020000000000000000e+02
2.113000000000000000e+03
3.680000000000000000e+03
4.215000000000000000e+03
2.571000000000000000e+03
3.284000000000000000e+03
3.161000000000000000e+03
4.630000000000000000e+02
4.871000000000000000e+03
4.212000000000000000e+03
4.788000000000000000e+03
2.629000000000000000e+03
3.332000000000000000e+03
1.126000000000000000e+03
2.188000000000000000e+03
2.700000000000000000e+01
7.470000000000000000e+02
1.636000000000000000e+03
4.914000000000000000e+03
2.979000000000000000e+03
3.432000000000000000e+03
4.379000000000000000e+03
2.594000000000000000e+03
7.060000000000000000e+02
8.900000000000000000e+02
3.660000000000000000e+03
1.720000000000000000e+03
2.860000000000000000e+03
4.103000000000000000e+03
3.917000000000000000e+03
3.581000000000000000e+03
2.157000000000000000e+03
3.142000000000000000e+03
9.750000000000000000e+02
3.840000000000000000e+02
3.393000000000000000e+03
2.115000000000000000e+03
3.859000000000000000e+03
4.571000000000000000e+03
3.292000000000000000e+03
3.260000000000000000e+02
4.540000000000000000e+03
2.776000000000000000e+03
1.151000000000000000e+03
2.000000000000000000e+01
3.426000000000000000e+03
2.632000000000000000e+03
1.048000000000000000e+03
1.308000000000000000e+03
3.119000000000000000e+03
4.952000000000000000e+03
3.682000000000000000e+03
4.033000000000000000e+03
8.620000000000000000e+02
2.033000000000000000e+03
2.485000000000000000e+03
2.035000000000000000e+03
4.090000000000000000e+02
3.649000000000000000e+03
3.411000000000000000e+03
3.389000000000000000e+03
2.862000000000000000e+03
4.582000000000000000e+03
6.470000000000000000e+02
6.260000000000000000e+02
4.785000000000000000e+03
2.535000000000000000e+03
2.799000000000000000e+03
1.660000000000000000e+03
1.872000000000000000e+03
4.727000000000000000e+03
4.981000000000000000e+03
3.887000000000000000e+03
1.040000000000000000e+02
4.218000000000000000e+03
3.030000000000000000e+03
2.818000000000000000e+03
1.274000000000000000e+03
1.899000000000000000e+03
4.963000000000000000e+03
1.102000000000000000e+03
4.296000000000000000e+03
2.673000000000000000e+03
3.587000000000000000e+03
2.272000000000000000e+03
2.774000000000000000e+03
1.392000000000000000e+03
2.783000000000000000e+03
4.881000000000000000e+03
7.400000000000000000e+02
6.180000000000000000e+02
2.924000000000000000e+03
4.000000000000000000e+01
4.325000000000000000e+03
4.802000000000000000e+03
2.797000000000000000e+03
5.500000000000000000e+02
2.413000000000000000e+03
2.493000000000000000e+03
4.644000000000000000e+03
3.744000000000000000e+03
2.111000000000000000e+03
2.854000000000000000e+03
4.663000000000000000e+03
2.172000000000000000e+03
1.969000000000000000e+03
1.633000000000000000e+03
7.910000000000000000e+02
4.320000000000000000e+03
3.427000000000000000e+03
3.424000000000000000e+03
3.100000000000000000e+03
4.298000000000000000e+03
6.610000000000000000e+02
4.828000000000000000e+03
4.760000000000000000e+03
2.544000000000000000e+03
4.235000000000000000e+03
1.697000000000000000e+03
2.635000000000000000e+03
3.508000000000000000e+03
4.292000000000000000e+03
8.960000000000000000e+02
4.179000000000000000e+03
2.121000000000000000e+03
3.188000000000000000e+03
3.268000000000000000e+03
4.395000000000000000e+03
2.411000000000000000e+03
6.790000000000000000e+02
3.603000000000000000e+03
3.402000000000000000e+03
1.758000000000000000e+03
4.363000000000000000e+03
4.550000000000000000e+02
1.919000000000000000e+03
4.699000000000000000e+03
2.259000000000000000e+03
3.739000000000000000e+03
1.388000000000000000e+03
3.923000000000000000e+03
4.664000000000000000e+03
2.885000000000000000e+03
2.608000000000000000e+03
4.409000000000000000e+03
1.815000000000000000e+03
1.624000000000000000e+03
1.386000000000000000e+03
2.359000000000000000e+03
4.255000000000000000e+03
3.072000000000000000e+03
2.155000000000000000e+03
2.499000000000000000e+03
4.533000000000000000e+03
4.683000000000000000e+03
2.100000000000000000e+01
6.060000000000000000e+02
4.224000000000000000e+03
3.943000000000000000e+03
2.866000000000000000e+03
4.043000000000000000e+03
4.484000000000000000e+03
1.271000000000000000e+03
4.675000000000000000e+03
9.970000000000000000e+02
2.931000000000000000e+03
4.786000000000000000e+03
1.035000000000000000e+03
3.717000000000000000e+03
2.187000000000000000e+03
2.398000000000000000e+03
1.049000000000000000e+03
2.200000000000000000e+02
1.852000000000000000e+03
4.851000000000000000e+03
3.579000000000000000e+03
4.490000000000000000e+03
3.414000000000000000e+03
9.050000000000000000e+02
1.038000000000000000e+03
8.490000000000000000e+02
2.802000000000000000e+03
1.662000000000000000e+03
9.300000000000000000e+01
2.521000000000000000e+03
2.600000000000000000e+02
4.196000000000000000e+03
3.683000000000000000e+03
1.097000000000000000e+03
2.131000000000000000e+03
4.702000000000000000e+03
3.230000000000000000e+02
4.744000000000000000e+03
1.916000000000000000e+03
6.670000000000000000e+02
8.520000000000000000e+02
4.919000000000000000e+03
1.346000000000000000e+03
4.763000000000000000e+03
5.400000000000000000e+01
1.143000000000000000e+03
3.656000000000000000e+03
8.710000000000000000e+02
2.352000000000000000e+03
2.089000000000000000e+03
1.782000000000000000e+03
2.833000000000000000e+03
2.209000000000000000e+03
2.939000000000000000e+03
1.959000000000000000e+03
2.100000000000000000e+02
1.597000000000000000e+03
2.860000000000000000e+02
1.672000000000000000e+03
3.926000000000000000e+03
1.810000000000000000e+03
3.983000000000000000e+03
4.011000000000000000e+03
2.589000000000000000e+03
3.483000000000000000e+03
3.995000000000000000e+03
4.778000000000000000e+03
1.570000000000000000e+02
2.389000000000000000e+03
2.980000000000000000e+02
2.580000000000000000e+02
1.565000000000000000e+03
7.070000000000000000e+02
1.289000000000000000e+03
3.407000000000000000e+03
1.908000000000000000e+03
2.712000000000000000e+03
3.290000000000000000e+03
1.408000000000000000e+03
4.293000000000000000e+03
9.000000000000000000e+02
4.729000000000000000e+03
7.840000000000000000e+02
9.570000000000000000e+02
4.674000000000000000e+03
4.075000000000000000e+03
3.221000000000000000e+03
2.484000000000000000e+03
3.090000000000000000e+03
1.003000000000000000e+03
3.311000000000000000e+03
6.440000000000000000e+02
4.139000000000000000e+03
3.299000000000000000e+03
3.297000000000000000e+03
4.442000000000000000e+03
2.075000000000000000e+03
4.300000000000000000e+01
2.775000000000000000e+03
1.482000000000000000e+03
3.813000000000000000e+03
3.108000000000000000e+03
3.298000000000000000e+03
4.855000000000000000e+03
3.592000000000000000e+03
3.681000000000000000e+03
4.078000000000000000e+03
2.037000000000000000e+03
7.930000000000000000e+02
2.971000000000000000e+03
1.473000000000000000e+03
3.241000000000000000e+03
4.297000000000000000e+03
9.720000000000000000e+02
2.360000000000000000e+02
2.995000000000000000e+03
6.660000000000000000e+02
1.416000000000000000e+03
3.420000000000000000e+03
1.529000000000000000e+03
1.449000000000000000e+03
3.467000000000000000e+03
4.210000000000000000e+02
3.420000000000000000e+02
7.130000000000000000e+02
3.135000000000000000e+03
4.199000000000000000e+03
3.124000000000000000e+03
2.375000000000000000e+03
4.065000000000000000e+03
3.264000000000000000e+03
4.976000000000000000e+03
2.545000000000000000e+03
1.876000000000000000e+03
4.621000000000000000e+03
1.225000000000000000e+03
1.885000000000000000e+03
1.519000000000000000e+03
1.045000000000000000e+03
2.492000000000000000e+03
4.680000000000000000e+03
1.418000000000000000e+03
3.654000000000000000e+03
1.360000000000000000e+03
4.977000000000000000e+03
2.620000000000000000e+03
3.543000000000000000e+03
3.340000000000000000e+02
2.220000000000000000e+03
4.880000000000000000e+03
1.320000000000000000e+03
1.680000000000000000e+02
3.399000000000000000e+03
4.177000000000000000e+03
1.863000000000000000e+03
2.809000000000000000e+03
1.333000000000000000e+03
4.790000000000000000e+03
4.861000000000000000e+03
1.296000000000000000e+03
1.419000000000000000e+03
1.572000000000000000e+03
2.814000000000000000e+03
2.830000000000000000e+03
6.090000000000000000e+02
1.292000000000000000e+03
5.700000000000000000e+02
1.444000000000000000e+03
9.800000000000000000e+01
3.818000000000000000e+03
1.051000000000000000e+03
3.265000000000000000e+03
3.372000000000000000e+03
4.615000000000000000e+03
1.439000000000000000e+03
1.800000000000000000e+02
3.475000000000000000e+03
1.522000000000000000e+03
4.651000000000000000e+03
3.127000000000000000e+03
7.010000000000000000e+02
1.682000000000000000e+03
4.958000000000000000e+03
1.312000000000000000e+03
2.897000000000000000e+03
1.500000000000000000e+01
2.123000000000000000e+03
4.499000000000000000e+03
4.145000000000000000e+03
4.449000000000000000e+03
2.321000000000000000e+03
3.490000000000000000e+03
7.030000000000000000e+02
1.023000000000000000e+03
4.134000000000000000e+03
2.380000000000000000e+03
3.060000000000000000e+03
1.200000000000000000e+03
3.616000000000000000e+03
2.266000000000000000e+03
1.870000000000000000e+02
3.190000000000000000e+02
5.850000000000000000e+02
3.998000000000000000e+03
5.140000000000000000e+02
3.327000000000000000e+03
3.350000000000000000e+02
3.845000000000000000e+03
4.782000000000000000e+03
3.964000000000000000e+03
3.794000000000000000e+03
3.770000000000000000e+03
1.749000000000000000e+03
4.221000000000000000e+03
5.320000000000000000e+02
3.494000000000000000e+03
8.850000000000000000e+02
8.600000000000000000e+02
4.589000000000000000e+03
1.527000000000000000e+03
2.314000000000000000e+03
3.074000000000000000e+03
3.967000000000000000e+03
4.277000000000000000e+03
2.560000000000000000e+03
4.110000000000000000e+02
3.557000000000000000e+03
4.479000000000000000e+03
2.327000000000000000e+03
3.480000000000000000e+02
9.350000000000000000e+02
1.390000000000000000e+02
2.053000000000000000e+03
2.702000000000000000e+03
4.590000000000000000e+02
4.058000000000000000e+03
2.410000000000000000e+02
9.640000000000000000e+02
4.173000000000000000e+03
1.181000000000000000e+03
3.404000000000000000e+03
5.960000000000000000e+02
2.158000000000000000e+03
7.160000000000000000e+02
1.223000000000000000e+03
4.563000000000000000e+03
5.890000000000000000e+02
1.403000000000000000e+03
3.146000000000000000e+03
1.902000000000000000e+03
3.187000000000000000e+03
7.610000000000000000e+02
3.390000000000000000e+03
3.518000000000000000e+03
1.995000000000000000e+03
3.013000000000000000e+03
3.549000000000000000e+03
1.737000000000000000e+03
4.491000000000000000e+03
2.169000000000000000e+03
4.730000000000000000e+03
3.515000000000000000e+03
4.339000000000000000e+03
3.136000000000000000e+03
1.740000000000000000e+03
1.561000000000000000e+03
4.528000000000000000e+03
1.530000000000000000e+03
9.290000000000000000e+02
1.751000000000000000e+03
3.020000000000000000e+02
2.246000000000000000e+03
1.376000000000000000e+03
3.937000000000000000e+03
3.539000000000000000e+03
2.256000000000000000e+03
3.315000000000000000e+03
4.808000000000000000e+03
3.971000000000000000e+03
3.783000000000000000e+03
1.972000000000000000e+03
3.403000000000000000e+03
4.937000000000000000e+03
2.298000000000000000e+03
2.487000000000000000e+03
4.893000000000000000e+03
1.043000000000000000e+03
1.859000000000000000e+03
4.434000000000000000e+03
2.754000000000000000e+03
4.000000000000000000e+02
2.213000000000000000e+03
4.661000000000000000e+03
6.130000000000000000e+02
1.685000000000000000e+03
4.295000000000000000e+03
2.898000000000000000e+03
2.752000000000000000e+03
1.194000000000000000e+03
1.377000000000000000e+03
4.074000000000000000e+03
3.506000000000000000e+03
4.602000000000000000e+03
3.220000000000000000e+03
3.808000000000000000e+03
2.241000000000000000e+03
4.944000000000000000e+03
1.188000000000000000e+03
2.803000000000000000e+03
2.922000000000000000e+03
4.120000000000000000e+03
1.942000000000000000e+03
3.933000000000000000e+03
7.740000000000000000e+02
5.160000000000000000e+02
3.962000000000000000e+03
3.540000000000000000e+02
3.003000000000000000e+03
1.172000000000000000e+03
1.670000000000000000e+03
6.200000000000000000e+01
1.428000000000000000e+03
2.073000000000000000e+03
1.722000000000000000e+03
3.262000000000000000e+03
1.018000000000000000e+03
2.587000000000000000e+03
2.464000000000000000e+03
4.905000000000000000e+03
2.330000000000000000e+03
4.800000000000000000e+02
3.901000000000000000e+03
2.640000000000000000e+03
1.472000000000000000e+03
2.032000000000000000e+03
3.815000000000000000e+03
4.367000000000000000e+03
3.629000000000000000e+03
3.920000000000000000e+03
4.457000000000000000e+03
4.088000000000000000e+03
5.650000000000000000e+02
3.672000000000000000e+03
3.140000000000000000e+03
6.700000000000000000e+02
3.915000000000000000e+03
2.749000000000000000e+03
3.490000000000000000e+02
2.283000000000000000e+03
4.300000000000000000e+02
2.145000000000000000e+03
1.961000000000000000e+03
3.894000000000000000e+03
2.930000000000000000e+03
4.303000000000000000e+03
1.265000000000000000e+03
2.958000000000000000e+03
3.328000000000000000e+03
2.871000000000000000e+03
3.410000000000000000e+02
4.147000000000000000e+03
2.222000000000000000e+03
4.900000000000000000e+01
1.750000000000000000e+03
4.895000000000000000e+03
2.432000000000000000e+03
5.790000000000000000e+02
3.158000000000000000e+03
1.140000000000000000e+03
3.206000000000000000e+03
3.554000000000000000e+03
2.081000000000000000e+03
6.270000000000000000e+02
5.180000000000000000e+02
1.579000000000000000e+03
4.010000000000000000e+02
1.270000000000000000e+03
1.586000000000000000e+03
3.697000000000000000e+03
1.028000000000000000e+03
1.348000000000000000e+03
3.182000000000000000e+03
2.937000000000000000e+03
3.011000000000000000e+03
4.413000000000000000e+03
4.272000000000000000e+03
2.660000000000000000e+02
3.754000000000000000e+03
4.745000000000000000e+03
7.870000000000000000e+02
2.441000000000000000e+03
4.595000000000000000e+03
2.316000000000000000e+03
3.866000000000000000e+03
3.596000000000000000e+03
2.698000000000000000e+03
7.770000000000000000e+02
6.750000000000000000e+02
4.153000000000000000e+03
2.470000000000000000e+02
4.775000000000000000e+03
3.691000000000000000e+03
3.500000000000000000e+01
4.505000000000000000e+03
1.489000000000000000e+03
2.810000000000000000e+02
3.116000000000000000e+03
1.029000000000000000e+03
4.737000000000000000e+03
3.811000000000000000e+03
3.800000000000000000e+02
2.986000000000000000e+03
4.500000000000000000e+03
2.197000000000000000e+03
3.386000000000000000e+03
3.700000000000000000e+03
2.841000000000000000e+03
4.336000000000000000e+03
4.014000000000000000e+03
2.152000000000000000e+03
3.107000000000000000e+03
4.860000000000000000e+03
3.572000000000000000e+03
1.954000000000000000e+03
2.334000000000000000e+03
4.095000000000000000e+03
3.231000000000000000e+03
2.560000000000000000e+02
1.542000000000000000e+03
1.080000000000000000e+02
1.679000000000000000e+03
4.825000000000000000e+03
4.601000000000000000e+03
8.930000000000000000e+02
1.948000000000000000e+03
7.880000000000000000e+02
2.800000000000000000e+02
4.219000000000000000e+03
1.160000000000000000e+03
8.810000000000000000e+02
2.704000000000000000e+03
4.899000000000000000e+03
4.417000000000000000e+03
1.603000000000000000e+03
2.609000000000000000e+03
1.229000000000000000e+03
1.646000000000000000e+03
1.024000000000000000e+03
3.889000000000000000e+03
2.832000000000000000e+03
4.629000000000000000e+03
2.620000000000000000e+02
4.166000000000000000e+03
3.751000000000000000e+03
1.103000000000000000e+03
4.783000000000000000e+03
1.095000000000000000e+03
2.870000000000000000e+03
4.451000000000000000e+03
4.748000000000000000e+03
5.190000000000000000e+02
4.229000000000000000e+03
4.063000000000000000e+03
2.276000000000000000e+03
2.063000000000000000e+03
3.480000000000000000e+03
3.463000000000000000e+03
4.878000000000000000e+03
2.128000000000000000e+03
8.630000000000000000e+02
3.250000000000000000e+03
4.057000000000000000e+03
7.590000000000000000e+02
1.813000000000000000e+03
3.087000000000000000e+03
2.061000000000000000e+03
3.169000000000000000e+03
2.217000000000000000e+03
7.730000000000000000e+02
3.950000000000000000e+03
4.256000000000000000e+03
2.410000000000000000e+03
2.230000000000000000e+02
3.696000000000000000e+03
3.771000000000000000e+03
1.017000000000000000e+03
4.500000000000000000e+02
1.511000000000000000e+03
4.402000000000000000e+03
7.360000000000000000e+02
3.553000000000000000e+03
4.481000000000000000e+03
1.012000000000000000e+03
1.614000000000000000e+03
3.854000000000000000e+03
1.264000000000000000e+03
3.440000000000000000e+03
9.840000000000000000e+02
2.610000000000000000e+03
4.580000000000000000e+03
1.873000000000000000e+03
4.050000000000000000e+02
2.463000000000000000e+03
1.654000000000000000e+03
3.864000000000000000e+03
4.607000000000000000e+03
4.192000000000000000e+03
1.625000000000000000e+03
3.640000000000000000e+02
9.300000000000000000e+02
4.240000000000000000e+02
3.703000000000000000e+03
3.882000000000000000e+03
1.681000000000000000e+03
4.690000000000000000e+02
4.366000000000000000e+03
3.160000000000000000e+03
7.000000000000000000e+00
4.010000000000000000e+03
3.042000000000000000e+03
1.214000000000000000e+03
3.930000000000000000e+02
3.189000000000000000e+03
2.377000000000000000e+03
1.350000000000000000e+02
3.788000000000000000e+03
2.460000000000000000e+03
4.140000000000000000e+03
4.377000000000000000e+03
8.880000000000000000e+02
4.669000000000000000e+03
2.869000000000000000e+03
4.301000000000000000e+03
3.379000000000000000e+03
3.526000000000000000e+03
4.280000000000000000e+03
3.382000000000000000e+03
1.466000000000000000e+03
4.320000000000000000e+02
1.753000000000000000e+03
3.559000000000000000e+03
1.860000000000000000e+03
1.884000000000000000e+03
3.711000000000000000e+03
4.465000000000000000e+03
4.873000000000000000e+03
1.396000000000000000e+03
7.540000000000000000e+02
1.563000000000000000e+03
2.182000000000000000e+03
1.241000000000000000e+03
3.970000000000000000e+02
2.701000000000000000e+03
9.800000000000000000e+02
3.512000000000000000e+03
4.687000000000000000e+03
1.319000000000000000e+03
1.895000000000000000e+03
4.818000000000000000e+03
1.300000000000000000e+01
2.136000000000000000e+03
4.070000000000000000e+03
4.225000000000000000e+03
3.360000000000000000e+02
2.312000000000000000e+03
1.497000000000000000e+03
1.627000000000000000e+03
1.909000000000000000e+03
3.996000000000000000e+03
4.883000000000000000e+03
3.271000000000000000e+03
1.233000000000000000e+03
1.213000000000000000e+03
2.311000000000000000e+03
3.637000000000000000e+03
2.711000000000000000e+03
2.722000000000000000e+03
3.208000000000000000e+03
4.151000000000000000e+03
4.810000000000000000e+03
2.680000000000000000e+03
3.946000000000000000e+03
4.460000000000000000e+02
3.567000000000000000e+03
9.900000000000000000e+02
1.779000000000000000e+03
4.227000000000000000e+03
4.917000000000000000e+03
1.798000000000000000e+03
2.863000000000000000e+03
3.602000000000000000e+03
4.435000000000000000e+03
4.470000000000000000e+03
2.454000000000000000e+03
2.911000000000000000e+03
3.891000000000000000e+03
3.556000000000000000e+03
3.959000000000000000e+03
4.872000000000000000e+03
3.219000000000000000e+03
4.524000000000000000e+03
4.572000000000000000e+03
3.948000000000000000e+03
3.370000000000000000e+03
2.742000000000000000e+03
2.932000000000000000e+03
3.991000000000000000e+03
7.600000000000000000e+01
3.378000000000000000e+03
2.399000000000000000e+03
1.463000000000000000e+03
4.969000000000000000e+03
5.000000000000000000e+01
6.940000000000000000e+02
4.723000000000000000e+03
3.765000000000000000e+03
2.138000000000000000e+03
1.425000000000000000e+03
1.696000000000000000e+03
1.066000000000000000e+03
6.910000000000000000e+02
3.212000000000000000e+03
2.185000000000000000e+03
4.885000000000000000e+03
2.060000000000000000e+02
4.274000000000000000e+03
8.980000000000000000e+02
1.929000000000000000e+03
3.570000000000000000e+02
3.430000000000000000e+03
1.275000000000000000e+03
7.680000000000000000e+02
4.780000000000000000e+02
2.765000000000000000e+03
8.050000000000000000e+02
1.239000000000000000e+03
2.920000000000000000e+03
2.196000000000000000e+03
3.139000000000000000e+03
2.714000000000000000e+03
6.010000000000000000e+02
4.949000000000000000e+03
4.419000000000000000e+03
4.061000000000000000e+03
4.973000000000000000e+03
4.032000000000000000e+03
4.036000000000000000e+03
4.670000000000000000e+03
1.153000000000000000e+03
2.699000000000000000e+03
3.940000000000000000e+03
2.842000000000000000e+03
1.932000000000000000e+03
2.616000000000000000e+03
2.477000000000000000e+03
2.467000000000000000e+03
7.120000000000000000e+02
1.825000000000000000e+03
3.063000000000000000e+03
4.330000000000000000e+02
2.191000000000000000e+03
1.651000000000000000e+03
3.096000000000000000e+03
1.842000000000000000e+03
3.199000000000000000e+03
1.729000000000000000e+03
3.978000000000000000e+03
1.281000000000000000e+03
3.905000000000000000e+03
6.000000000000000000e+00
4.410000000000000000e+02
1.447000000000000000e+03
1.217000000000000000e+03
3.930000000000000000e+03
3.338000000000000000e+03
1.558000000000000000e+03
2.627000000000000000e+03
2.461000000000000000e+03
4.798000000000000000e+03
8.920000000000000000e+02
8.110000000000000000e+02
7.800000000000000000e+01
5.880000000000000000e+02
1.648000000000000000e+03
7.890000000000000000e+02
1.042000000000000000e+03
3.630000000000000000e+02
2.212000000000000000e+03
3.803000000000000000e+03
9.340000000000000000e+02
5.080000000000000000e+02
4.038000000000000000e+03
4.190000000000000000e+03
2.382000000000000000e+03
2.451000000000000000e+03
1.607000000000000000e+03
2.447000000000000000e+03
1.560000000000000000e+02
1.404000000000000000e+03
4.928000000000000000e+03
1.157000000000000000e+03
3.598000000000000000e+03
2.820000000000000000e+02
1.065000000000000000e+03
9.210000000000000000e+02
2.599000000000000000e+03
1.440000000000000000e+02
1.993000000000000000e+03
4.968000000000000000e+03
1.771000000000000000e+03
2.390000000000000000e+02
3.594000000000000000e+03
2.305000000000000000e+03
2.164000000000000000e+03
3.040000000000000000e+02
2.405000000000000000e+03
2.981000000000000000e+03
1.914000000000000000e+03
4.821000000000000000e+03
2.796000000000000000e+03
2.435000000000000000e+03
2.030000000000000000e+03
1.700000000000000000e+03
1.990000000000000000e+03
6.110000000000000000e+02
2.325000000000000000e+03
8.300000000000000000e+02
6.000000000000000000e+02
8.550000000000000000e+02
2.480000000000000000e+02
2.023000000000000000e+03
3.938000000000000000e+03
3.211000000000000000e+03
4.691000000000000000e+03
7.270000000000000000e+02
3.141000000000000000e+03
1.015000000000000000e+03
2.935000000000000000e+03
3.464000000000000000e+03
1.810000000000000000e+02
2.865000000000000000e+03
2.162000000000000000e+03
1.700000000000000000e+01
1.105000000000000000e+03
4.477000000000000000e+03
5.920000000000000000e+02
4.397000000000000000e+03
3.641000000000000000e+03
2.310000000000000000e+03
1.587000000000000000e+03
2.070000000000000000e+03
1.387000000000000000e+03
1.320000000000000000e+02
4.267000000000000000e+03
4.046000000000000000e+03
8.950000000000000000e+02
3.222000000000000000e+03
1.432000000000000000e+03
3.324000000000000000e+03
4.793000000000000000e+03
4.678000000000000000e+03
3.680000000000000000e+02
4.824000000000000000e+03
6.020000000000000000e+02
1.950000000000000000e+03
3.244000000000000000e+03
3.600000000000000000e+03
4.985000000000000000e+03
3.062000000000000000e+03
1.512000000000000000e+03
1.431000000000000000e+03
1.248000000000000000e+03
6.930000000000000000e+02
3.306000000000000000e+03
1.541000000000000000e+03
4.407000000000000000e+03
2.975000000000000000e+03
4.284000000000000000e+03
1.496000000000000000e+03
4.679000000000000000e+03
1.321000000000000000e+03
3.791000000000000000e+03
1.770000000000000000e+02
1.141000000000000000e+03
4.588000000000000000e+03
4.795000000000000000e+03
2.689000000000000000e+03
9.090000000000000000e+02
4.766000000000000000e+03
5.000000000000000000e+00
5.940000000000000000e+02
1.714000000000000000e+03
9.520000000000000000e+02
2.717000000000000000e+03
4.655000000000000000e+03
1.135000000000000000e+03
4.149000000000000000e+03
5.100000000000000000e+02
1.641000000000000000e+03
4.327000000000000000e+03
2.460000000000000000e+02
2.421000000000000000e+03
3.836000000000000000e+03
1.854000000000000000e+03
1.613000000000000000e+03
4.121000000000000000e+03
4.362000000000000000e+03
1.294000000000000000e+03
1.821000000000000000e+03
4.612000000000000000e+03
2.430000000000000000e+03
2.080000000000000000e+02
1.370000000000000000e+03
4.596000000000000000e+03
2.966000000000000000e+03
9.310000000000000000e+02
7.550000000000000000e+02
1.958000000000000000e+03
3.340000000000000000e+03
8.090000000000000000e+02
2.570000000000000000e+03
3.421000000000000000e+03
2.735000000000000000e+03
5.300000000000000000e+01
2.077000000000000000e+03
3.583000000000000000e+03
3.519000000000000000e+03
3.123000000000000000e+03
3.023000000000000000e+03
4.654000000000000000e+03
7.330000000000000000e+02
4.592000000000000000e+03
3.099000000000000000e+03
4.086000000000000000e+03
3.720000000000000000e+03
8.340000000000000000e+02
2.353000000000000000e+03
2.550000000000000000e+03
4.991000000000000000e+03
1.526000000000000000e+03
1.025000000000000000e+03
3.308000000000000000e+03
2.591000000000000000e+03
1.574000000000000000e+03
3.266000000000000000e+03
1.457000000000000000e+03
1.112000000000000000e+03
3.524000000000000000e+03
8.700000000000000000e+02
3.361000000000000000e+03
3.730000000000000000e+02
4.200000000000000000e+03
4.495000000000000000e+03
1.757000000000000000e+03
3.428000000000000000e+03
1.332000000000000000e+03
1.900000000000000000e+01
4.230000000000000000e+03
3.805000000000000000e+03
1.986000000000000000e+03
2.965000000000000000e+03
1.078000000000000000e+03
3.535000000000000000e+03
3.588000000000000000e+03
1.727000000000000000e+03
3.688000000000000000e+03
3.163000000000000000e+03
9.100000000000000000e+01
9.580000000000000000e+02
2.584000000000000000e+03
2.668000000000000000e+03
2.258000000000000000e+03
3.561000000000000000e+03
5.400000000000000000e+02
2.990000000000000000e+02
2.227000000000000000e+03
8.000000000000000000e+00
1.661000000000000000e+03
5.360000000000000000e+02
9.410000000000000000e+02
4.244000000000000000e+03
1.079000000000000000e+03
1.956000000000000000e+03
2.160000000000000000e+02
4.886000000000000000e+03
2.350000000000000000e+02
4.666000000000000000e+03
1.362000000000000000e+03
4.887000000000000000e+03
3.597000000000000000e+03
2.682000000000000000e+03
2.750000000000000000e+03
1.608000000000000000e+03
4.300000000000000000e+03
3.780000000000000000e+03
4.390000000000000000e+02
2.310000000000000000e+02
1.304000000000000000e+03
2.996000000000000000e+03
4.503000000000000000e+03
3.470000000000000000e+02
2.880000000000000000e+02
2.576000000000000000e+03
3.283000000000000000e+03
4.420000000000000000e+03
2.363000000000000000e+03
3.115000000000000000e+03
1.918000000000000000e+03
1.778000000000000000e+03
4.119000000000000000e+03
3.226000000000000000e+03
2.176000000000000000e+03
3.501000000000000000e+03
8.320000000000000000e+02
1.446000000000000000e+03
3.907000000000000000e+03
1.747000000000000000e+03
3.528000000000000000e+03
3.085000000000000000e+03
4.487000000000000000e+03
1.350000000000000000e+03
6.970000000000000000e+02
2.618000000000000000e+03
1.770000000000000000e+03
4.586000000000000000e+03
9.280000000000000000e+02
3.242000000000000000e+03
3.511000000000000000e+03
3.314000000000000000e+03
4.750000000000000000e+03
3.520000000000000000e+03
1.210000000000000000e+02
2.641000000000000000e+03
1.707000000000000000e+03
1.755000000000000000e+03
3.555000000000000000e+03
3.273000000000000000e+03
4.613000000000000000e+03
2.200000000000000000e+03
2.320000000000000000e+03
1.340000000000000000e+03
3.160000000000000000e+02
4.801000000000000000e+03
4.950000000000000000e+02
2.725000000000000000e+03
4.685000000000000000e+03
1.670000000000000000e+02
4.386000000000000000e+03
1.566000000000000000e+03
4.052000000000000000e+03
3.997000000000000000e+03
4.040000000000000000e+02
3.438000000000000000e+03
4.313000000000000000e+03
1.992000000000000000e+03
3.706000000000000000e+03
1.894000000000000000e+03
4.469000000000000000e+03
3.111000000000000000e+03
4.879000000000000000e+03
3.740000000000000000e+02
1.011000000000000000e+03
2.680000000000000000e+02
4.000000000000000000e+03
8.450000000000000000e+02
1.250000000000000000e+03
1.104000000000000000e+03
4.903000000000000000e+03
2.201000000000000000e+03
2.838000000000000000e+03
2.297000000000000000e+03
4.236000000000000000e+03
3.473000000000000000e+03
2.139000000000000000e+03
4.392000000000000000e+03
2.813000000000000000e+03
1.325000000000000000e+03
1.711000000000000000e+03
8.640000000000000000e+02
2.945000000000000000e+03
9.180000000000000000e+02
4.605000000000000000e+03
3.900000000000000000e+03
9.770000000000000000e+02
2.400000000000000000e+02
2.596000000000000000e+03
4.447000000000000000e+03
1.534000000000000000e+03
3.320000000000000000e+03
1.219000000000000000e+03
3.821000000000000000e+03
4.573000000000000000e+03
2.980000000000000000e+03
2.908000000000000000e+03
8.430000000000000000e+02
1.147000000000000000e+03
2.434000000000000000e+03
5.000000000000000000e+02
1.880000000000000000e+02
1.941000000000000000e+03
7.570000000000000000e+02
9.240000000000000000e+02
4.480000000000000000e+02
4.015000000000000000e+03
2.844000000000000000e+03
3.660000000000000000e+02
8.670000000000000000e+02
2.662000000000000000e+03
3.203000000000000000e+03
2.119000000000000000e+03
1.456000000000000000e+03
1.940000000000000000e+03
2.240000000000000000e+02
4.730000000000000000e+02
2.900000000000000000e+01
1.583000000000000000e+03
2.495000000000000000e+03
2.940000000000000000e+03
1.830000000000000000e+02
2.062000000000000000e+03
5.770000000000000000e+02
1.454000000000000000e+03
2.625000000000000000e+03
4.490000000000000000e+02
2.338000000000000000e+03
3.154000000000000000e+03
9.940000000000000000e+02
2.333000000000000000e+03
5.510000000000000000e+02
2.012000000000000000e+03
4.176000000000000000e+03
4.423000000000000000e+03
4.055000000000000000e+03
4.811000000000000000e+03
3.168000000000000000e+03
3.772000000000000000e+03
4.270000000000000000e+03
3.318000000000000000e+03
2.110000000000000000e+03
4.012000000000000000e+03
2.946000000000000000e+03
4.901000000000000000e+03
1.849000000000000000e+03
2.644000000000000000e+03
9.690000000000000000e+02
2.046000000000000000e+03
7.380000000000000000e+02
6.370000000000000000e+02
3.865000000000000000e+03
2.065000000000000000e+03
5.680000000000000000e+02
1.847000000000000000e+03
3.844000000000000000e+03
1.191000000000000000e+03
2.669000000000000000e+03
2.424000000000000000e+03
2.840000000000000000e+02
3.350000000000000000e+03
1.687000000000000000e+03
1.665000000000000000e+03
2.450000000000000000e+03
2.274000000000000000e+03
1.170000000000000000e+02
9.890000000000000000e+02
5.030000000000000000e+02
2.088000000000000000e+03
3.621000000000000000e+03
4.204000000000000000e+03
2.300000000000000000e+03
1.433000000000000000e+03
3.217000000000000000e+03
4.310000000000000000e+02
3.591000000000000000e+03
9.400000000000000000e+02
2.103000000000000000e+03
8.370000000000000000e+02
4.238000000000000000e+03
5.600000000000000000e+01
4.460000000000000000e+03
2.356000000000000000e+03
1.508000000000000000e+03
4.050000000000000000e+03
4.773000000000000000e+03
4.105000000000000000e+03
1.426000000000000000e+03
1.968000000000000000e+03
3.632000000000000000e+03
1.190000000000000000e+03
4.228000000000000000e+03
3.180000000000000000e+02
3.215000000000000000e+03
1.577000000000000000e+03
3.150000000000000000e+02
2.038000000000000000e+03
4.497000000000000000e+03
1.500000000000000000e+02
1.730000000000000000e+02
4.454000000000000000e+03
8.600000000000000000e+01
3.928000000000000000e+03
3.846000000000000000e+03
3.700000000000000000e+02
4.870000000000000000e+02
5.540000000000000000e+02
8.740000000000000000e+02
9.780000000000000000e+02
3.301000000000000000e+03
1.211000000000000000e+03
1.570000000000000000e+03
3.371000000000000000e+03
1.552000000000000000e+03
4.475000000000000000e+03
1.709000000000000000e+03
4.820000000000000000e+02
1.060000000000000000e+02
9.500000000000000000e+02
4.416000000000000000e+03
2.050000000000000000e+03
8.270000000000000000e+02
1.477000000000000000e+03
5.840000000000000000e+02
3.759000000000000000e+03
2.510000000000000000e+02
4.530000000000000000e+02
1.713000000000000000e+03
4.707000000000000000e+03
4.624000000000000000e+03
5.390000000000000000e+02
2.351000000000000000e+03
2.837000000000000000e+03
1.588000000000000000e+03
3.017000000000000000e+03
4.930000000000000000e+02
1.960000000000000000e+03
1.198000000000000000e+03
2.992000000000000000e+03
1.708000000000000000e+03
2.598000000000000000e+03
3.018000000000000000e+03
1.926000000000000000e+03
3.534000000000000000e+03
1.984000000000000000e+03
2.582000000000000000e+03
3.568000000000000000e+03
2.247000000000000000e+03
4.440000000000000000e+03
2.561000000000000000e+03
2.780000000000000000e+03
6.990000000000000000e+02
2.740000000000000000e+03
2.041000000000000000e+03
3.665000000000000000e+03
3.761000000000000000e+03
4.932000000000000000e+03
2.603000000000000000e+03
3.449000000000000000e+03
4.356000000000000000e+03
3.562000000000000000e+03
3.980000000000000000e+02
2.190000000000000000e+03
3.774000000000000000e+03
2.302000000000000000e+03
1.007000000000000000e+03
3.078000000000000000e+03
3.678000000000000000e+03
3.897000000000000000e+03
3.408000000000000000e+03
4.961000000000000000e+03
4.120000000000000000e+02
1.525000000000000000e+03
2.406000000000000000e+03
1.000000000000000000e+01
4.513000000000000000e+03
3.841000000000000000e+03
1.084000000000000000e+03
2.005000000000000000e+03
1.421000000000000000e+03
8.100000000000000000e+02
4.597000000000000000e+03
3.277000000000000000e+03
1.138000000000000000e+03
1.996000000000000000e+03
4.520000000000000000e+02
1.660000000000000000e+02
3.513000000000000000e+03
1.669000000000000000e+03
3.054000000000000000e+03
4.393000000000000000e+03
4.647000000000000000e+03
3.516000000000000000e+03
6.490000000000000000e+02
5.280000000000000000e+02
2.793000000000000000e+03
1.249000000000000000e+03
3.810000000000000000e+02
4.940000000000000000e+02
5.860000000000000000e+02
2.148000000000000000e+03
4.827000000000000000e+03
3.362000000000000000e+03
5.170000000000000000e+02
1.215000000000000000e+03
