8.140000000000000000e+02
9.470000000000000000e+02
2.540000000000000000e+02
4.524000000000000000e+03
1.467000000000000000e+03
1.831000000000000000e+03
1.898000000000000000e+03
1.333000000000000000e+03
2.560000000000000000e+03
3.047000000000000000e+03
3.493000000000000000e+03
3.065000000000000000e+03
2.404000000000000000e+03
3.358000000000000000e+03
4.946000000000000000e+03
3.732000000000000000e+03
3.692000000000000000e+03
4.580000000000000000e+02
4.279000000000000000e+03
1.147000000000000000e+03
2.965000000000000000e+03
1.317000000000000000e+03
7.590000000000000000e+02
1.368000000000000000e+03
4.231000000000000000e+03
3.202000000000000000e+03
3.113000000000000000e+03
5.970000000000000000e+02
1.415000000000000000e+03
2.834000000000000000e+03
1.647000000000000000e+03
1.840000000000000000e+02
3.619000000000000000e+03
1.900000000000000000e+02
2.835000000000000000e+03
2.876000000000000000e+03
4.770000000000000000e+03
2.145000000000000000e+03
1.596000000000000000e+03
4.135000000000000000e+03
1.135000000000000000e+03
3.681000000000000000e+03
2.067000000000000000e+03
4.128000000000000000e+03
4.781000000000000000e+03
2.085000000000000000e+03
3.564000000000000000e+03
1.046000000000000000e+03
4.194000000000000000e+03
1.736000000000000000e+03
4.226000000000000000e+03
3.697000000000000000e+03
4.241000000000000000e+03
3.325000000000000000e+03
2.205000000000000000e+03
1.669000000000000000e+03
2.214000000000000000e+03
9.570000000000000000e+02
3.233000000000000000e+03
9.540000000000000000e+02
4.186000000000000000e+03
3.446000000000000000e+03
3.454000000000000000e+03
3.569000000000000000e+03
2.490000000000000000e+02
3.809000000000000000e+03
3.554000000000000000e+03
1.835000000000000000e+03
3.544000000000000000e+03
1.427000000000000000e+03
2.390000000000000000e+02
3.520000000000000000e+03
4.863000000000000000e+03
1.630000000000000000e+02
3.805000000000000000e+03
3.989000000000000000e+03
2.840000000000000000e+02
2.294000000000000000e+03
4.862000000000000000e+03
1.577000000000000000e+03
1.550000000000000000e+02
3.641000000000000000e+03
3.660000000000000000e+03
1.520000000000000000e+02
2.870000000000000000e+02
1.240000000000000000e+03
4.065000000000000000e+03
1.217000000000000000e+03
1.749000000000000000e+03
2.002000000000000000e+03
1.213000000000000000e+03
2.016000000000000000e+03
1.945000000000000000e+03
1.672000000000000000e+03
3.470000000000000000e+02
2.448000000000000000e+03
8.630000000000000000e+02
8.580000000000000000e+02
3.112000000000000000e+03
2.462000000000000000e+03
3.700000000000000000e+02
3.089000000000000000e+03
7.800000000000000000e+02
2.521000000000000000e+03
2.311000000000000000e+03
4.426000000000000000e+03
4.435000000000000000e+03
2.567000000000000000e+03
3.022000000000000000e+03
6.940000000000000000e+02
3.800000000000000000e+01
6.830000000000000000e+02
2.846000000000000000e+03
4.990000000000000000e+02
2.774000000000000000e+03
2.753000000000000000e+03
2.752000000000000000e+03
4.626000000000000000e+03
3.630000000000000000e+02
2.741000000000000000e+03
4.694000000000000000e+03
4.150000000000000000e+02
5.890000000000000000e+02
2.960000000000000000e+03
5.930000000000000000e+02
6.020000000000000000e+02
4.200000000000000000e+02
2.426000000000000000e+03
3.057000000000000000e+03
3.199000000000000000e+03
2.408000000000000000e+03
4.744000000000000000e+03
8.880000000000000000e+02
2.335000000000000000e+03
2.368000000000000000e+03
4.942000000000000000e+03
3.610000000000000000e+02
3.197000000000000000e+03
3.200000000000000000e+03
8.940000000000000000e+02
4.311000000000000000e+03
3.189000000000000000e+03
2.348000000000000000e+03
3.590000000000000000e+02
1.315000000000000000e+03
2.666000000000000000e+03
4.409000000000000000e+03
2.669000000000000000e+03
3.036000000000000000e+03
3.879000000000000000e+03
1.530000000000000000e+03
3.395000000000000000e+03
1.716000000000000000e+03
2.973000000000000000e+03
1.578000000000000000e+03
4.779000000000000000e+03
1.637000000000000000e+03
3.867000000000000000e+03
6.710000000000000000e+02
1.553000000000000000e+03
2.087000000000000000e+03
7.780000000000000000e+02
8.420000000000000000e+02
3.610000000000000000e+03
4.619000000000000000e+03
2.647000000000000000e+03
3.807000000000000000e+03
3.626000000000000000e+03
3.263000000000000000e+03
4.283000000000000000e+03
3.661000000000000000e+03
9.560000000000000000e+02
4.832000000000000000e+03
5.030000000000000000e+02
2.120000000000000000e+02
5.300000000000000000e+02
2.729000000000000000e+03
4.520000000000000000e+03
1.977000000000000000e+03
1.152000000000000000e+03
3.355000000000000000e+03
4.103000000000000000e+03
2.025000000000000000e+03
3.690000000000000000e+02
1.127000000000000000e+03
4.343000000000000000e+03
2.503000000000000000e+03
1.256000000000000000e+03
2.156000000000000000e+03
1.090000000000000000e+02
2.412000000000000000e+03
1.501000000000000000e+03
1.457000000000000000e+03
3.573000000000000000e+03
1.715000000000000000e+03
2.586000000000000000e+03
1.353000000000000000e+03
1.600000000000000000e+02
4.133000000000000000e+03
2.949000000000000000e+03
3.292000000000000000e+03
3.958000000000000000e+03
9.140000000000000000e+02
4.673000000000000000e+03
1.060000000000000000e+02
1.330000000000000000e+03
2.253000000000000000e+03
4.147000000000000000e+03
4.920000000000000000e+02
1.420000000000000000e+02
3.675000000000000000e+03
7.500000000000000000e+01
9.600000000000000000e+02
6.160000000000000000e+02
2.509000000000000000e+03
4.915000000000000000e+03
2.358000000000000000e+03
4.566000000000000000e+03
9.710000000000000000e+02
4.410000000000000000e+02
3.253000000000000000e+03
4.348000000000000000e+03
6.810000000000000000e+02
3.198000000000000000e+03
2.157000000000000000e+03
2.332000000000000000e+03
1.515000000000000000e+03
4.315000000000000000e+03
4.301000000000000000e+03
3.220000000000000000e+03
3.854000000000000000e+03
1.340000000000000000e+03
4.321000000000000000e+03
1.566000000000000000e+03
5.380000000000000000e+02
3.505000000000000000e+03
3.677000000000000000e+03
2.974000000000000000e+03
4.569000000000000000e+03
1.094000000000000000e+03
2.269000000000000000e+03
3.703000000000000000e+03
1.919000000000000000e+03
5.500000000000000000e+01
2.456000000000000000e+03
2.733000000000000000e+03
9.070000000000000000e+02
1.891000000000000000e+03
1.981000000000000000e+03
7.080000000000000000e+02
1.421000000000000000e+03
1.110000000000000000e+03
2.795000000000000000e+03
2.671000000000000000e+03
1.991000000000000000e+03
2.981000000000000000e+03
1.305000000000000000e+03
3.519000000000000000e+03
5.450000000000000000e+02
3.341000000000000000e+03
3.218000000000000000e+03
4.537000000000000000e+03
6.470000000000000000e+02
4.803000000000000000e+03
1.027000000000000000e+03
3.059000000000000000e+03
3.812000000000000000e+03
2.097000000000000000e+03
2.151000000000000000e+03
4.546000000000000000e+03
3.124000000000000000e+03
3.116000000000000000e+03
1.899000000000000000e+03
3.720000000000000000e+03
1.351000000000000000e+03
2.066000000000000000e+03
3.167000000000000000e+03
8.170000000000000000e+02
1.606000000000000000e+03
1.651000000000000000e+03
2.089000000000000000e+03
2.830000000000000000e+02
1.701000000000000000e+03
2.605000000000000000e+03
1.650000000000000000e+03
2.450000000000000000e+03
2.800000000000000000e+01
1.975000000000000000e+03
4.849000000000000000e+03
3.559000000000000000e+03
2.609000000000000000e+03
5.160000000000000000e+02
2.616000000000000000e+03
3.824000000000000000e+03
3.159000000000000000e+03
4.941000000000000000e+03
3.000000000000000000e+02
4.068000000000000000e+03
4.799000000000000000e+03
5.010000000000000000e+02
2.714000000000000000e+03
3.432000000000000000e+03
9.600000000000000000e+01
1.280000000000000000e+02
1.846000000000000000e+03
1.294000000000000000e+03
2.576000000000000000e+03
3.338000000000000000e+03
2.910000000000000000e+03
3.329000000000000000e+03
1.794000000000000000e+03
3.581000000000000000e+03
1.580000000000000000e+02
3.832000000000000000e+03
3.966000000000000000e+03
3.614000000000000000e+03
3.986000000000000000e+03
4.720000000000000000e+02
2.279000000000000000e+03
7.130000000000000000e+02
4.264000000000000000e+03
2.748000000000000000e+03
4.979000000000000000e+03
3.740000000000000000e+03
1.691000000000000000e+03
4.185000000000000000e+03
4.460000000000000000e+03
6.390000000000000000e+02
1.988000000000000000e+03
9.660000000000000000e+02
1.882000000000000000e+03
1.206000000000000000e+03
3.714000000000000000e+03
1.523000000000000000e+03
3.518000000000000000e+03
5.300000000000000000e+01
3.551000000000000000e+03
1.750000000000000000e+02
2.209000000000000000e+03
4.346000000000000000e+03
2.036000000000000000e+03
3.499000000000000000e+03
4.293000000000000000e+03
2.864000000000000000e+03
1.636000000000000000e+03
9.930000000000000000e+02
4.651000000000000000e+03
1.857000000000000000e+03
4.351000000000000000e+03
3.351000000000000000e+03
2.768000000000000000e+03
3.299000000000000000e+03
1.114000000000000000e+03
4.818000000000000000e+03
5.460000000000000000e+02
4.443000000000000000e+03
3.436000000000000000e+03
1.568000000000000000e+03
3.992000000000000000e+03
2.390000000000000000e+03
1.725000000000000000e+03
4.045000000000000000e+03
4.815000000000000000e+03
1.174000000000000000e+03
4.425000000000000000e+03
2.854000000000000000e+03
3.816000000000000000e+03
3.471000000000000000e+03
4.504000000000000000e+03
2.040000000000000000e+03
1.938000000000000000e+03
7.350000000000000000e+02
3.912000000000000000e+03
2.900000000000000000e+01
3.337000000000000000e+03
4.700000000000000000e+03
4.134000000000000000e+03
3.503000000000000000e+03
9.980000000000000000e+02
2.694000000000000000e+03
3.836000000000000000e+03
3.021000000000000000e+03
4.199000000000000000e+03
1.390000000000000000e+03
3.105000000000000000e+03
2.655000000000000000e+03
9.480000000000000000e+02
4.291000000000000000e+03
4.928000000000000000e+03
1.435000000000000000e+03
7.700000000000000000e+02
3.382000000000000000e+03
1.722000000000000000e+03
4.214000000000000000e+03
3.348000000000000000e+03
1.430000000000000000e+03
1.680000000000000000e+02
3.733000000000000000e+03
1.089000000000000000e+03
1.509000000000000000e+03
3.673000000000000000e+03
8.600000000000000000e+01
1.363000000000000000e+03
7.720000000000000000e+02
4.510000000000000000e+02
1.953000000000000000e+03
7.910000000000000000e+02
3.590000000000000000e+03
3.090000000000000000e+03
4.177000000000000000e+03
1.839000000000000000e+03
8.480000000000000000e+02
6.820000000000000000e+02
4.357000000000000000e+03
8.690000000000000000e+02
3.820000000000000000e+03
4.048000000000000000e+03
4.040000000000000000e+03
1.106000000000000000e+03
3.035000000000000000e+03
2.200000000000000000e+01
4.601000000000000000e+03
3.651000000000000000e+03
3.393000000000000000e+03
1.172000000000000000e+03
2.011000000000000000e+03
4.645000000000000000e+03
3.625000000000000000e+03
3.091000000000000000e+03
2.541000000000000000e+03
7.500000000000000000e+02
4.198000000000000000e+03
2.365000000000000000e+03
0.000000000000000000e+00
4.771000000000000000e+03
8.120000000000000000e+02
2.832000000000000000e+03
3.400000000000000000e+02
4.433000000000000000e+03
2.772000000000000000e+03
4.774000000000000000e+03
1.444000000000000000e+03
4.697000000000000000e+03
4.484000000000000000e+03
2.005000000000000000e+03
3.740000000000000000e+02
3.183000000000000000e+03
2.230000000000000000e+02
4.641000000000000000e+03
2.288000000000000000e+03
3.037000000000000000e+03
4.053000000000000000e+03
3.688000000000000000e+03
1.976000000000000000e+03
3.894000000000000000e+03
4.206000000000000000e+03
2.778000000000000000e+03
2.884000000000000000e+03
1.250000000000000000e+03
4.455000000000000000e+03
1.001000000000000000e+03
4.313000000000000000e+03
1.360000000000000000e+02
1.486000000000000000e+03
3.550000000000000000e+02
5.150000000000000000e+02
4.155000000000000000e+03
3.243000000000000000e+03
4.983000000000000000e+03
3.640000000000000000e+02
2.725000000000000000e+03
3.963000000000000000e+03
4.680000000000000000e+02
1.000000000000000000e+01
2.996000000000000000e+03
1.271000000000000000e+03
4.610000000000000000e+03
2.538000000000000000e+03
4.750000000000000000e+02
8.000000000000000000e+02
2.109000000000000000e+03
4.788000000000000000e+03
4.046000000000000000e+03
4.906000000000000000e+03
3.257000000000000000e+03
3.306000000000000000e+03
3.594000000000000000e+03
1.040000000000000000e+03
5.400000000000000000e+02
1.270000000000000000e+02
1.166000000000000000e+03
4.183000000000000000e+03
3.671000000000000000e+03
3.597000000000000000e+03
3.793000000000000000e+03
9.950000000000000000e+02
7.120000000000000000e+02
1.015000000000000000e+03
6.030000000000000000e+02
3.276000000000000000e+03
1.973000000000000000e+03
2.670000000000000000e+03
2.483000000000000000e+03
3.920000000000000000e+02
1.847000000000000000e+03
1.610000000000000000e+03
1.340000000000000000e+02
2.794000000000000000e+03
2.034000000000000000e+03
4.780000000000000000e+02
3.216000000000000000e+03
2.811000000000000000e+03
4.980000000000000000e+03
2.934000000000000000e+03
3.025000000000000000e+03
3.450000000000000000e+03
1.504000000000000000e+03
1.162000000000000000e+03
4.002000000000000000e+03
3.680000000000000000e+02
3.373000000000000000e+03
1.721000000000000000e+03
1.179000000000000000e+03
4.448000000000000000e+03
4.905000000000000000e+03
2.771000000000000000e+03
3.423000000000000000e+03
5.370000000000000000e+02
1.951000000000000000e+03
1.344000000000000000e+03
3.331000000000000000e+03
2.357000000000000000e+03
9.990000000000000000e+02
2.535000000000000000e+03
3.114000000000000000e+03
2.829000000000000000e+03
5.340000000000000000e+02
2.680000000000000000e+02
1.575000000000000000e+03
2.818000000000000000e+03
4.557000000000000000e+03
4.149000000000000000e+03
3.866000000000000000e+03
2.730000000000000000e+02
4.998000000000000000e+03
3.353000000000000000e+03
1.455000000000000000e+03
3.556000000000000000e+03
8.770000000000000000e+02
2.206000000000000000e+03
1.883000000000000000e+03
4.223000000000000000e+03
3.028000000000000000e+03
2.977000000000000000e+03
1.355000000000000000e+03
7.640000000000000000e+02
1.439000000000000000e+03
6.260000000000000000e+02
1.751000000000000000e+03
2.713000000000000000e+03
2.651000000000000000e+03
4.493000000000000000e+03
1.227000000000000000e+03
6.530000000000000000e+02
4.502000000000000000e+03
4.026000000000000000e+03
7.400000000000000000e+01
6.460000000000000000e+02
3.062000000000000000e+03
4.907000000000000000e+03
8.370000000000000000e+02
2.396000000000000000e+03
3.537000000000000000e+03
6.090000000000000000e+02
3.970000000000000000e+03
2.070000000000000000e+02
4.335000000000000000e+03
1.940000000000000000e+02
3.247000000000000000e+03
2.547000000000000000e+03
4.630000000000000000e+02
4.785000000000000000e+03
3.577000000000000000e+03
4.560000000000000000e+02
4.070000000000000000e+03
2.301000000000000000e+03
4.117000000000000000e+03
7.710000000000000000e+02
1.711000000000000000e+03
9.580000000000000000e+02
4.627000000000000000e+03
3.917000000000000000e+03
3.727000000000000000e+03
3.403000000000000000e+03
3.997000000000000000e+03
2.745000000000000000e+03
3.474000000000000000e+03
4.558000000000000000e+03
7.200000000000000000e+01
4.015000000000000000e+03
2.366000000000000000e+03
1.781000000000000000e+03
2.722000000000000000e+03
2.903000000000000000e+03
1.984000000000000000e+03
3.416000000000000000e+03
3.739000000000000000e+03
7.820000000000000000e+02
5.240000000000000000e+02
4.743000000000000000e+03
1.585000000000000000e+03
3.760000000000000000e+03
9.900000000000000000e+01
3.552000000000000000e+03
4.393000000000000000e+03
4.505000000000000000e+03
3.270000000000000000e+03
4.850000000000000000e+03
1.863000000000000000e+03
4.145000000000000000e+03
2.686000000000000000e+03
3.650000000000000000e+02
4.016000000000000000e+03
4.457000000000000000e+03
1.570000000000000000e+03
1.884000000000000000e+03
3.033000000000000000e+03
2.672000000000000000e+03
2.549000000000000000e+03
3.520000000000000000e+02
4.285000000000000000e+03
4.060000000000000000e+03
1.525000000000000000e+03
3.620000000000000000e+02
1.154000000000000000e+03
4.715000000000000000e+03
4.430000000000000000e+03
1.880000000000000000e+02
4.379000000000000000e+03
4.336000000000000000e+03
3.210000000000000000e+02
3.546000000000000000e+03
2.645000000000000000e+03
4.561000000000000000e+03
4.839000000000000000e+03
3.055000000000000000e+03
1.529000000000000000e+03
2.742000000000000000e+03
1.144000000000000000e+03
3.068000000000000000e+03
4.758000000000000000e+03
2.160000000000000000e+03
1.440000000000000000e+02
4.110000000000000000e+02
4.970000000000000000e+03
1.378000000000000000e+03
4.550000000000000000e+03
3.910000000000000000e+02
3.193000000000000000e+03
2.244000000000000000e+03
4.158000000000000000e+03
9.050000000000000000e+02
9.820000000000000000e+02
5.250000000000000000e+02
6.300000000000000000e+01
3.084000000000000000e+03
1.806000000000000000e+03
4.400000000000000000e+01
2.241000000000000000e+03
2.543000000000000000e+03
6.000000000000000000e+00
2.343000000000000000e+03
3.680000000000000000e+03
3.553000000000000000e+03
3.826000000000000000e+03
3.943000000000000000e+03
1.510000000000000000e+03
3.074000000000000000e+03
5.590000000000000000e+02
3.252000000000000000e+03
1.834000000000000000e+03
1.190000000000000000e+03
4.859000000000000000e+03
2.646000000000000000e+03
3.200000000000000000e+01
2.820000000000000000e+03
4.600000000000000000e+03
2.159000000000000000e+03
3.644000000000000000e+03
2.820000000000000000e+02
4.106000000000000000e+03
8.670000000000000000e+02
7.730000000000000000e+02
4.209000000000000000e+03
3.176000000000000000e+03
2.796000000000000000e+03
2.512000000000000000e+03
1.100000000000000000e+01
2.760000000000000000e+03
4.660000000000000000e+03
7.600000000000000000e+02
3.783000000000000000e+03
4.860000000000000000e+02
4.470000000000000000e+02
1.021000000000000000e+03
2.877000000000000000e+03
3.412000000000000000e+03
3.310000000000000000e+03
4.361000000000000000e+03
3.058000000000000000e+03
2.020000000000000000e+02
9.230000000000000000e+02
3.900000000000000000e+03
2.501000000000000000e+03
1.760000000000000000e+02
2.116000000000000000e+03
1.441000000000000000e+03
6.760000000000000000e+02
2.861000000000000000e+03
3.790000000000000000e+03
4.757000000000000000e+03
1.160000000000000000e+03
3.301000000000000000e+03
3.707000000000000000e+03
4.572000000000000000e+03
1.104000000000000000e+03
4.964000000000000000e+03
4.496000000000000000e+03
3.103000000000000000e+03
4.773000000000000000e+03
2.905000000000000000e+03
2.199000000000000000e+03
3.420000000000000000e+02
3.729000000000000000e+03
2.460000000000000000e+02
4.792000000000000000e+03
4.136000000000000000e+03
3.181000000000000000e+03
7.400000000000000000e+02
9.650000000000000000e+02
9.270000000000000000e+02
2.304000000000000000e+03
4.097000000000000000e+03
4.063000000000000000e+03
4.092000000000000000e+03
4.176000000000000000e+03
2.680000000000000000e+03
1.892000000000000000e+03
5.510000000000000000e+02
3.260000000000000000e+02
5.840000000000000000e+02
4.583000000000000000e+03
2.130000000000000000e+03
2.093000000000000000e+03
3.440000000000000000e+02
1.214000000000000000e+03
4.567000000000000000e+03
2.382000000000000000e+03
4.006000000000000000e+03
2.429000000000000000e+03
3.776000000000000000e+03
4.462000000000000000e+03
1.613000000000000000e+03
1.107000000000000000e+03
4.949000000000000000e+03
1.130000000000000000e+02
2.155000000000000000e+03
3.362000000000000000e+03
3.760000000000000000e+02
2.580000000000000000e+03
2.649000000000000000e+03
4.730000000000000000e+03
6.330000000000000000e+02
2.600000000000000000e+01
5.410000000000000000e+02
3.951000000000000000e+03
1.100000000000000000e+03
4.406000000000000000e+03
4.994000000000000000e+03
3.600000000000000000e+01
2.844000000000000000e+03
2.691000000000000000e+03
3.897000000000000000e+03
2.814000000000000000e+03
1.138000000000000000e+03
1.782000000000000000e+03
4.875000000000000000e+03
2.769000000000000000e+03
2.740000000000000000e+03
4.793000000000000000e+03
4.188000000000000000e+03
3.433000000000000000e+03
1.625000000000000000e+03
4.594000000000000000e+03
2.117000000000000000e+03
4.244000000000000000e+03
1.739000000000000000e+03
1.259000000000000000e+03
2.634000000000000000e+03
6.600000000000000000e+01
4.491000000000000000e+03
2.660000000000000000e+02
3.269000000000000000e+03
1.583000000000000000e+03
7.760000000000000000e+02
1.588000000000000000e+03
4.894000000000000000e+03
4.628000000000000000e+03
3.944000000000000000e+03
1.592000000000000000e+03
3.461000000000000000e+03
1.670000000000000000e+02
8.040000000000000000e+02
3.375000000000000000e+03
2.809000000000000000e+03
5.940000000000000000e+02
3.010000000000000000e+02
1.555000000000000000e+03
4.000000000000000000e+01
1.661000000000000000e+03
3.845000000000000000e+03
1.291000000000000000e+03
6.580000000000000000e+02
1.241000000000000000e+03
2.337000000000000000e+03
6.740000000000000000e+02
2.010000000000000000e+03
3.240000000000000000e+03
4.369000000000000000e+03
3.913000000000000000e+03
1.463000000000000000e+03
1.124000000000000000e+03
4.919000000000000000e+03
2.847000000000000000e+03
1.231000000000000000e+03
3.244000000000000000e+03
2.268000000000000000e+03
4.600000000000000000e+02
2.869000000000000000e+03
2.466000000000000000e+03
4.722000000000000000e+03
3.017000000000000000e+03
3.946000000000000000e+03
3.031000000000000000e+03
2.838000000000000000e+03
1.603000000000000000e+03
4.284000000000000000e+03
2.717000000000000000e+03
3.851000000000000000e+03
1.449000000000000000e+03
3.965000000000000000e+03
2.136000000000000000e+03
3.734000000000000000e+03
4.400000000000000000e+03
8.300000000000000000e+01
4.322000000000000000e+03
3.593000000000000000e+03
1.810000000000000000e+03
3.606000000000000000e+03
1.955000000000000000e+03
3.421000000000000000e+03
1.564000000000000000e+03
3.817000000000000000e+03
9.350000000000000000e+02
2.296000000000000000e+03
4.360000000000000000e+02
1.763000000000000000e+03
1.411000000000000000e+03
4.408000000000000000e+03
2.071000000000000000e+03
1.210000000000000000e+03
1.867000000000000000e+03
1.210000000000000000e+02
1.875000000000000000e+03
2.345000000000000000e+03
1.460000000000000000e+02
4.590000000000000000e+03
3.624000000000000000e+03
2.316000000000000000e+03
2.190000000000000000e+02
4.099000000000000000e+03
2.630000000000000000e+03
3.674000000000000000e+03
3.855000000000000000e+03
1.745000000000000000e+03
2.618000000000000000e+03
3.562000000000000000e+03
4.480000000000000000e+02
4.207000000000000000e+03
1.950000000000000000e+03
6.440000000000000000e+02
4.181000000000000000e+03
4.610000000000000000e+02
3.262000000000000000e+03
9.300000000000000000e+02
1.930000000000000000e+02
4.126000000000000000e+03
2.689000000000000000e+03
4.968000000000000000e+03
1.541000000000000000e+03
3.768000000000000000e+03
3.144000000000000000e+03
4.377000000000000000e+03
2.006000000000000000e+03
3.884000000000000000e+03
1.277000000000000000e+03
2.186000000000000000e+03
2.469000000000000000e+03
4.637000000000000000e+03
3.205000000000000000e+03
8.850000000000000000e+02
2.606000000000000000e+03
9.730000000000000000e+02
3.788000000000000000e+03
2.800000000000000000e+02
7.850000000000000000e+02
3.303000000000000000e+03
6.650000000000000000e+02
1.056000000000000000e+03
4.415000000000000000e+03
4.993000000000000000e+03
3.938000000000000000e+03
1.464000000000000000e+03
4.440000000000000000e+03
2.148000000000000000e+03
2.880000000000000000e+03
4.290000000000000000e+03
2.545000000000000000e+03
1.731000000000000000e+03
3.441000000000000000e+03
1.982000000000000000e+03
1.552000000000000000e+03
4.963000000000000000e+03
2.930000000000000000e+02
1.175000000000000000e+03
3.603000000000000000e+03
3.160000000000000000e+02
1.197000000000000000e+03
2.356000000000000000e+03
1.644000000000000000e+03
4.459000000000000000e+03
4.159000000000000000e+03
4.710000000000000000e+02
4.236000000000000000e+03
3.040000000000000000e+02
2.324000000000000000e+03
3.108000000000000000e+03
4.918000000000000000e+03
2.909000000000000000e+03
4.481000000000000000e+03
4.847000000000000000e+03
8.010000000000000000e+02
8.000000000000000000e+00
2.181000000000000000e+03
4.467000000000000000e+03
2.430000000000000000e+03
3.896000000000000000e+03
1.200000000000000000e+02
1.038000000000000000e+03
1.774000000000000000e+03
2.584000000000000000e+03
4.845000000000000000e+03
1.442000000000000000e+03
2.131000000000000000e+03
4.728000000000000000e+03
2.060000000000000000e+02
4.925000000000000000e+03
3.142000000000000000e+03
3.592000000000000000e+03
4.307000000000000000e+03
6.270000000000000000e+02
2.376000000000000000e+03
3.500000000000000000e+03
4.166000000000000000e+03
2.118000000000000000e+03
3.794000000000000000e+03
4.420000000000000000e+02
5.330000000000000000e+02
3.196000000000000000e+03
4.441000000000000000e+03
4.721000000000000000e+03
2.351000000000000000e+03
3.599000000000000000e+03
2.254000000000000000e+03
2.470000000000000000e+02
2.679000000000000000e+03
2.297000000000000000e+03
4.670000000000000000e+02
2.886000000000000000e+03
2.658000000000000000e+03
3.132000000000000000e+03
1.617000000000000000e+03
4.816000000000000000e+03
4.069000000000000000e+03
1.194000000000000000e+03
1.080000000000000000e+02
1.302000000000000000e+03
2.252000000000000000e+03
2.533000000000000000e+03
2.328000000000000000e+03
1.053000000000000000e+03
2.369000000000000000e+03
6.010000000000000000e+02
3.138000000000000000e+03
2.258000000000000000e+03
4.680000000000000000e+03
3.857000000000000000e+03
3.495000000000000000e+03
1.809000000000000000e+03
4.825000000000000000e+03
1.998000000000000000e+03
1.498000000000000000e+03
1.948000000000000000e+03
4.281000000000000000e+03
2.094000000000000000e+03
4.310000000000000000e+03
2.966000000000000000e+03
2.221000000000000000e+03
9.390000000000000000e+02
3.683000000000000000e+03
4.332000000000000000e+03
2.201000000000000000e+03
3.368000000000000000e+03
4.490000000000000000e+03
3.082000000000000000e+03
2.096000000000000000e+03
2.435000000000000000e+03
1.223000000000000000e+03
2.134000000000000000e+03
9.020000000000000000e+02
2.493000000000000000e+03
4.929000000000000000e+03
1.103000000000000000e+03
6.280000000000000000e+02
1.047000000000000000e+03
2.239000000000000000e+03
2.652000000000000000e+03
1.574000000000000000e+03
1.677000000000000000e+03
2.850000000000000000e+02
2.601000000000000000e+03
3.806000000000000000e+03
3.188000000000000000e+03
3.426000000000000000e+03
1.229000000000000000e+03
3.797000000000000000e+03
3.012000000000000000e+03
7.420000000000000000e+02
1.461000000000000000e+03
3.888000000000000000e+03
1.456000000000000000e+03
4.230000000000000000e+02
3.786000000000000000e+03
4.157000000000000000e+03
1.995000000000000000e+03
1.663000000000000000e+03
2.510000000000000000e+02
2.548000000000000000e+03
3.213000000000000000e+03
1.369000000000000000e+03
1.916000000000000000e+03
4.033000000000000000e+03
3.326000000000000000e+03
4.350000000000000000e+02
2.761000000000000000e+03
1.897000000000000000e+03
6.510000000000000000e+02
5.000000000000000000e+01
3.027000000000000000e+03
2.360000000000000000e+02
2.350000000000000000e+03
3.456000000000000000e+03
4.034000000000000000e+03
4.734000000000000000e+03
4.838000000000000000e+03
3.314000000000000000e+03
3.752000000000000000e+03
4.656000000000000000e+03
4.108000000000000000e+03
1.020000000000000000e+03
6.780000000000000000e+02
3.271000000000000000e+03
1.887000000000000000e+03
3.910000000000000000e+03
2.444000000000000000e+03
1.878000000000000000e+03
3.085000000000000000e+03
3.018000000000000000e+03
1.278000000000000000e+03
3.724000000000000000e+03
3.357000000000000000e+03
5.000000000000000000e+00
2.306000000000000000e+03
2.000000000000000000e+01
6.850000000000000000e+02
7.580000000000000000e+02
4.175000000000000000e+03
2.389000000000000000e+03
3.763000000000000000e+03
1.078000000000000000e+03
2.359000000000000000e+03
4.516000000000000000e+03
4.442000000000000000e+03
4.876000000000000000e+03
3.964000000000000000e+03
3.340000000000000000e+03
2.370000000000000000e+02
1.450000000000000000e+02
4.215000000000000000e+03
1.933000000000000000e+03
2.899000000000000000e+03
4.835000000000000000e+03
1.632000000000000000e+03
5.550000000000000000e+02
1.483000000000000000e+03
3.168000000000000000e+03
3.003000000000000000e+03
9.280000000000000000e+02
2.246000000000000000e+03
1.640000000000000000e+03
2.391000000000000000e+03
3.255000000000000000e+03
1.472000000000000000e+03
4.082000000000000000e+03
3.970000000000000000e+02
8.300000000000000000e+02
3.259000000000000000e+03
1.573000000000000000e+03
8.290000000000000000e+02
2.558000000000000000e+03
1.717000000000000000e+03
2.395000000000000000e+03
7.600000000000000000e+01
3.450000000000000000e+02
1.923000000000000000e+03
2.325000000000000000e+03
9.500000000000000000e+01
1.707000000000000000e+03
5.260000000000000000e+02
4.453000000000000000e+03
2.959000000000000000e+03
4.370000000000000000e+03
8.800000000000000000e+01
2.111000000000000000e+03
3.145000000000000000e+03
2.819000000000000000e+03
4.702000000000000000e+03
2.250000000000000000e+03
1.620000000000000000e+02
2.626000000000000000e+03
3.164000000000000000e+03
2.273000000000000000e+03
1.656000000000000000e+03
4.030000000000000000e+02
4.586000000000000000e+03
4.413000000000000000e+03
4.714000000000000000e+03
3.248000000000000000e+03
2.755000000000000000e+03
3.323000000000000000e+03
2.661000000000000000e+03
2.525000000000000000e+03
8.390000000000000000e+02
3.178000000000000000e+03
2.611000000000000000e+03
1.741000000000000000e+03
4.969000000000000000e+03
4.589000000000000000e+03
4.120000000000000000e+03
2.040000000000000000e+02
9.060000000000000000e+02
7.550000000000000000e+02
3.723000000000000000e+03
2.641000000000000000e+03
3.260000000000000000e+03
4.144000000000000000e+03
