2.396000000000000000e+03
1.897000000000000000e+03
4.963000000000000000e+03
7.260000000000000000e+02
3.827000000000000000e+03
1.049000000000000000e+03
2.617000000000000000e+03
3.002000000000000000e+03
2.713000000000000000e+03
3.415000000000000000e+03
7.100000000000000000e+02
2.986000000000000000e+03
2.370000000000000000e+02
9.630000000000000000e+02
3.522000000000000000e+03
1.751000000000000000e+03
4.813000000000000000e+03
2.846000000000000000e+03
6.740000000000000000e+02
3.084000000000000000e+03
2.200000000000000000e+02
2.384000000000000000e+03
3.492000000000000000e+03
6.330000000000000000e+02
4.851000000000000000e+03
4.714000000000000000e+03
2.538000000000000000e+03
1.930000000000000000e+02
3.961000000000000000e+03
1.400000000000000000e+02
1.102000000000000000e+03
3.229000000000000000e+03
4.091000000000000000e+03
1.209000000000000000e+03
4.399000000000000000e+03
4.993000000000000000e+03
1.763000000000000000e+03
5.250000000000000000e+02
3.649000000000000000e+03
6.720000000000000000e+02
2.971000000000000000e+03
2.900000000000000000e+03
3.434000000000000000e+03
4.495000000000000000e+03
1.371000000000000000e+03
1.529000000000000000e+03
3.110000000000000000e+02
3.557000000000000000e+03
2.394000000000000000e+03
4.221000000000000000e+03
2.344000000000000000e+03
1.156000000000000000e+03
4.010000000000000000e+02
4.895000000000000000e+03
1.749000000000000000e+03
8.400000000000000000e+02
1.916000000000000000e+03
2.984000000000000000e+03
1.300000000000000000e+01
2.153000000000000000e+03
2.844000000000000000e+03
3.556000000000000000e+03
2.410000000000000000e+02
4.096000000000000000e+03
4.339000000000000000e+03
9.680000000000000000e+02
2.446000000000000000e+03
3.597000000000000000e+03
8.310000000000000000e+02
8.200000000000000000e+02
4.092000000000000000e+03
3.782000000000000000e+03
4.090000000000000000e+03
1.410000000000000000e+02
2.320000000000000000e+02
1.270000000000000000e+02
1.378000000000000000e+03
2.070000000000000000e+03
1.607000000000000000e+03
2.974000000000000000e+03
1.522000000000000000e+03
4.849000000000000000e+03
3.838000000000000000e+03
3.493000000000000000e+03
2.644000000000000000e+03
6.600000000000000000e+02
9.020000000000000000e+02
7.540000000000000000e+02
9.000000000000000000e+02
3.111000000000000000e+03
3.219000000000000000e+03
2.881000000000000000e+03
2.206000000000000000e+03
3.969000000000000000e+03
3.494000000000000000e+03
2.212000000000000000e+03
7.510000000000000000e+02
2.970000000000000000e+02
1.796000000000000000e+03
3.845000000000000000e+03
3.797000000000000000e+03
2.856000000000000000e+03
2.386000000000000000e+03
2.185000000000000000e+03
3.910000000000000000e+02
2.187000000000000000e+03
1.169000000000000000e+03
2.191000000000000000e+03
4.272000000000000000e+03
4.273000000000000000e+03
4.403000000000000000e+03
3.090000000000000000e+03
1.599000000000000000e+03
3.451000000000000000e+03
1.945000000000000000e+03
3.214000000000000000e+03
4.320000000000000000e+03
8.450000000000000000e+02
3.277000000000000000e+03
9.980000000000000000e+02
3.283000000000000000e+03
2.434000000000000000e+03
4.155000000000000000e+03
4.740000000000000000e+03
3.260000000000000000e+02
2.432000000000000000e+03
4.550000000000000000e+02
4.947000000000000000e+03
3.850000000000000000e+03
2.280000000000000000e+03
3.519000000000000000e+03
6.700000000000000000e+01
4.565000000000000000e+03
2.425000000000000000e+03
4.561000000000000000e+03
3.909000000000000000e+03
1.565000000000000000e+03
2.807000000000000000e+03
3.637000000000000000e+03
4.782000000000000000e+03
2.096000000000000000e+03
2.072000000000000000e+03
4.975000000000000000e+03
3.500000000000000000e+01
2.312000000000000000e+03
2.476000000000000000e+03
1.661000000000000000e+03
3.329000000000000000e+03
1.694000000000000000e+03
4.745000000000000000e+03
4.744000000000000000e+03
2.770000000000000000e+02
4.117000000000000000e+03
3.399000000000000000e+03
5.320000000000000000e+02
3.230000000000000000e+02
2.935000000000000000e+03
2.092000000000000000e+03
5.620000000000000000e+02
2.565000000000000000e+03
2.473000000000000000e+03
3.307000000000000000e+03
4.659000000000000000e+03
4.295000000000000000e+03
1.491000000000000000e+03
4.914000000000000000e+03
3.297000000000000000e+03
3.514000000000000000e+03
3.292000000000000000e+03
2.131000000000000000e+03
3.595000000000000000e+03
3.290000000000000000e+03
1.133000000000000000e+03
1.005000000000000000e+03
2.325000000000000000e+03
2.408000000000000000e+03
4.540000000000000000e+03
2.990000000000000000e+03
1.444000000000000000e+03
2.109000000000000000e+03
3.464000000000000000e+03
1.913000000000000000e+03
1.487000000000000000e+03
2.113000000000000000e+03
2.722000000000000000e+03
2.114000000000000000e+03
4.933000000000000000e+03
2.630000000000000000e+02
3.691000000000000000e+03
1.369000000000000000e+03
4.174000000000000000e+03
1.813000000000000000e+03
3.576000000000000000e+03
2.904000000000000000e+03
3.169000000000000000e+03
1.907000000000000000e+03
4.396000000000000000e+03
4.180000000000000000e+03
1.486000000000000000e+03
3.345000000000000000e+03
4.177000000000000000e+03
4.661000000000000000e+03
1.548000000000000000e+03
3.750000000000000000e+03
1.573000000000000000e+03
3.258000000000000000e+03
1.083000000000000000e+03
3.335000000000000000e+03
2.527000000000000000e+03
4.232000000000000000e+03
2.716000000000000000e+03
7.100000000000000000e+01
3.867000000000000000e+03
7.470000000000000000e+02
3.525000000000000000e+03
4.502000000000000000e+03
9.030000000000000000e+02
3.842000000000000000e+03
2.887000000000000000e+03
2.028000000000000000e+03
4.783000000000000000e+03
1.647000000000000000e+03
1.346000000000000000e+03
3.515000000000000000e+03
2.491000000000000000e+03
2.943000000000000000e+03
1.779000000000000000e+03
1.472000000000000000e+03
4.440000000000000000e+02
1.482000000000000000e+03
3.407000000000000000e+03
1.847000000000000000e+03
2.735000000000000000e+03
3.856000000000000000e+03
2.083000000000000000e+03
4.136000000000000000e+03
1.184000000000000000e+03
1.772000000000000000e+03
2.298000000000000000e+03
4.070000000000000000e+03
3.361000000000000000e+03
1.128000000000000000e+03
4.395000000000000000e+03
4.748000000000000000e+03
3.168000000000000000e+03
4.035000000000000000e+03
4.113000000000000000e+03
1.894000000000000000e+03
3.579000000000000000e+03
4.178000000000000000e+03
4.581000000000000000e+03
3.324000000000000000e+03
2.216000000000000000e+03
3.438000000000000000e+03
3.813000000000000000e+03
1.287000000000000000e+03
1.830000000000000000e+02
3.250000000000000000e+03
1.953000000000000000e+03
2.587000000000000000e+03
2.636000000000000000e+03
2.965000000000000000e+03
3.714000000000000000e+03
3.108000000000000000e+03
3.428000000000000000e+03
2.959000000000000000e+03
2.162000000000000000e+03
1.370000000000000000e+02
9.690000000000000000e+02
3.850000000000000000e+02
1.960000000000000000e+03
9.710000000000000000e+02
8.930000000000000000e+02
3.709000000000000000e+03
2.258000000000000000e+03
8.640000000000000000e+02
1.590000000000000000e+03
9.790000000000000000e+02
4.940000000000000000e+02
2.380000000000000000e+02
1.264000000000000000e+03
4.481000000000000000e+03
2.136000000000000000e+03
4.907000000000000000e+03
1.255000000000000000e+03
4.361000000000000000e+03
7.490000000000000000e+02
6.260000000000000000e+02
2.621000000000000000e+03
4.855000000000000000e+03
1.902000000000000000e+03
2.503000000000000000e+03
1.696000000000000000e+03
4.877000000000000000e+03
6.000000000000000000e+02
9.750000000000000000e+02
1.737000000000000000e+03
1.411000000000000000e+03
3.921000000000000000e+03
1.090000000000000000e+03
4.448000000000000000e+03
1.448000000000000000e+03
4.409000000000000000e+03
6.870000000000000000e+02
5.710000000000000000e+02
1.386000000000000000e+03
4.263000000000000000e+03
2.099000000000000000e+03
1.430000000000000000e+02
4.181000000000000000e+03
1.637000000000000000e+03
2.885000000000000000e+03
2.242000000000000000e+03
2.853000000000000000e+03
3.165000000000000000e+03
5.010000000000000000e+02
3.443000000000000000e+03
1.746000000000000000e+03
6.470000000000000000e+02
2.349000000000000000e+03
3.747000000000000000e+03
7.930000000000000000e+02
4.227000000000000000e+03
1.274000000000000000e+03
4.446000000000000000e+03
1.419000000000000000e+03
2.610000000000000000e+03
4.443000000000000000e+03
1.347000000000000000e+03
1.241000000000000000e+03
9.800000000000000000e+02
3.771000000000000000e+03
4.165000000000000000e+03
4.997000000000000000e+03
3.199000000000000000e+03
1.572000000000000000e+03
3.103000000000000000e+03
3.069000000000000000e+03
3.202000000000000000e+03
2.812000000000000000e+03
1.704000000000000000e+03
2.438000000000000000e+03
4.520000000000000000e+03
4.640000000000000000e+02
3.116000000000000000e+03
2.201000000000000000e+03
3.678000000000000000e+03
3.314000000000000000e+03
3.152000000000000000e+03
2.603000000000000000e+03
4.454000000000000000e+03
1.233000000000000000e+03
4.210000000000000000e+02
1.110000000000000000e+03
4.547000000000000000e+03
4.484000000000000000e+03
3.072000000000000000e+03
1.558000000000000000e+03
4.115000000000000000e+03
4.690000000000000000e+02
3.650000000000000000e+02
2.469000000000000000e+03
1.320000000000000000e+03
7.030000000000000000e+02
4.381000000000000000e+03
4.930000000000000000e+03
4.251000000000000000e+03
3.306000000000000000e+03
4.903000000000000000e+03
1.449000000000000000e+03
2.905000000000000000e+03
2.700000000000000000e+02
2.196000000000000000e+03
9.100000000000000000e+01
2.728000000000000000e+03
4.205000000000000000e+03
3.917000000000000000e+03
4.402000000000000000e+03
1.151000000000000000e+03
2.810000000000000000e+02
2.399000000000000000e+03
1.281000000000000000e+03
4.353000000000000000e+03
3.372000000000000000e+03
3.118000000000000000e+03
4.925000000000000000e+03
5.000000000000000000e+00
1.021000000000000000e+03
4.778000000000000000e+03
2.505000000000000000e+03
2.409000000000000000e+03
4.469000000000000000e+03
1.620000000000000000e+03
3.626000000000000000e+03
9.700000000000000000e+01
4.359000000000000000e+03
3.191000000000000000e+03
4.166000000000000000e+03
3.854000000000000000e+03
1.052000000000000000e+03
7.820000000000000000e+02
1.762000000000000000e+03
4.597000000000000000e+03
2.119000000000000000e+03
4.070000000000000000e+02
1.456000000000000000e+03
2.190000000000000000e+03
4.850000000000000000e+03
1.946000000000000000e+03
6.490000000000000000e+02
1.463000000000000000e+03
1.024000000000000000e+03
2.307000000000000000e+03
3.800000000000000000e+01
4.407000000000000000e+03
2.150000000000000000e+02
2.061000000000000000e+03
4.224000000000000000e+03
4.533000000000000000e+03
2.975000000000000000e+03
2.918000000000000000e+03
2.594000000000000000e+03
6.380000000000000000e+02
3.350000000000000000e+02
3.512000000000000000e+03
1.488000000000000000e+03
2.643000000000000000e+03
3.389000000000000000e+03
4.586000000000000000e+03
3.930000000000000000e+03
4.824000000000000000e+03
3.435000000000000000e+03
6.090000000000000000e+02
5.360000000000000000e+02
4.397000000000000000e+03
2.276000000000000000e+03
7.160000000000000000e+02
5.920000000000000000e+02
1.087000000000000000e+03
5.400000000000000000e+01
2.869000000000000000e+03
4.847000000000000000e+03
3.703000000000000000e+03
1.250000000000000000e+03
6.940000000000000000e+02
5.990000000000000000e+02
1.942000000000000000e+03
3.266000000000000000e+03
9.240000000000000000e+02
9.210000000000000000e+02
2.186000000000000000e+03
4.317000000000000000e+03
2.751000000000000000e+03
4.572000000000000000e+03
4.607000000000000000e+03
2.223000000000000000e+03
2.437000000000000000e+03
2.680000000000000000e+02
3.808000000000000000e+03
1.415000000000000000e+03
3.134000000000000000e+03
2.247000000000000000e+03
2.197000000000000000e+03
1.017000000000000000e+03
6.000000000000000000e+00
1.728000000000000000e+03
3.539000000000000000e+03
3.840000000000000000e+02
4.580000000000000000e+03
2.198000000000000000e+03
1.845000000000000000e+03
3.680000000000000000e+02
1.436000000000000000e+03
9.040000000000000000e+02
4.390000000000000000e+02
7.230000000000000000e+02
2.717000000000000000e+03
2.945000000000000000e+03
1.831000000000000000e+03
4.917000000000000000e+03
2.635000000000000000e+03
1.870000000000000000e+02
4.886000000000000000e+03
1.944000000000000000e+03
2.809000000000000000e+03
3.765000000000000000e+03
4.491000000000000000e+03
4.695000000000000000e+03
4.410000000000000000e+03
2.737000000000000000e+03
4.444000000000000000e+03
2.458000000000000000e+03
3.891000000000000000e+03
1.188000000000000000e+03
3.904000000000000000e+03
8.600000000000000000e+01
2.089000000000000000e+03
3.040000000000000000e+02
2.421000000000000000e+03
4.051000000000000000e+03
4.974000000000000000e+03
2.430000000000000000e+03
5.960000000000000000e+02
3.360000000000000000e+02
3.370000000000000000e+03
1.563000000000000000e+03
5.790000000000000000e+02
2.070000000000000000e+02
4.046000000000000000e+03
1.372000000000000000e+03
8.980000000000000000e+02
1.181000000000000000e+03
4.032000000000000000e+03
3.460000000000000000e+02
4.807000000000000000e+03
3.915000000000000000e+03
7.050000000000000000e+02
2.179000000000000000e+03
2.320000000000000000e+03
1.325000000000000000e+03
3.971000000000000000e+03
1.876000000000000000e+03
4.121000000000000000e+03
3.669000000000000000e+03
2.542000000000000000e+03
1.651000000000000000e+03
1.072000000000000000e+03
5.000000000000000000e+02
3.096000000000000000e+03
4.419000000000000000e+03
1.727000000000000000e+03
3.780000000000000000e+02
2.164000000000000000e+03
1.708000000000000000e+03
3.640000000000000000e+03
1.835000000000000000e+03
2.336000000000000000e+03
2.576000000000000000e+03
1.874000000000000000e+03
3.613000000000000000e+03
2.839000000000000000e+03
4.692000000000000000e+03
3.131000000000000000e+03
4.842000000000000000e+03
4.831000000000000000e+03
4.420000000000000000e+03
4.834000000000000000e+03
5.770000000000000000e+02
8.550000000000000000e+02
1.577000000000000000e+03
7.360000000000000000e+02
3.819000000000000000e+03
3.806000000000000000e+03
2.023000000000000000e+03
5.020000000000000000e+02
2.033000000000000000e+03
1.125000000000000000e+03
4.487000000000000000e+03
2.088000000000000000e+03
3.318000000000000000e+03
1.984000000000000000e+03
2.182000000000000000e+03
4.952000000000000000e+03
4.928000000000000000e+03
1.842000000000000000e+03
3.535000000000000000e+03
1.015000000000000000e+03
4.310000000000000000e+02
4.449000000000000000e+03
1.390000000000000000e+02
9.520000000000000000e+02
3.315000000000000000e+03
2.413000000000000000e+03
3.580000000000000000e+02
2.582000000000000000e+03
1.407000000000000000e+03
4.691000000000000000e+03
1.214000000000000000e+03
1.004000000000000000e+03
2.750000000000000000e+02
3.350000000000000000e+03
2.863000000000000000e+03
1.239000000000000000e+03
1.800000000000000000e+02
3.301000000000000000e+03
4.596000000000000000e+03
3.217000000000000000e+03
3.212000000000000000e+03
5.690000000000000000e+02
1.194000000000000000e+03
3.794000000000000000e+03
6.020000000000000000e+02
4.887000000000000000e+03
2.990000000000000000e+02
1.447000000000000000e+03
2.830000000000000000e+03
7.270000000000000000e+02
7.600000000000000000e+01
4.811000000000000000e+03
4.819000000000000000e+03
3.226000000000000000e+03
4.647000000000000000e+03
4.977000000000000000e+03
3.725000000000000000e+03
1.147000000000000000e+03
8.050000000000000000e+02
3.432000000000000000e+03
2.217000000000000000e+03
3.221000000000000000e+03
2.080000000000000000e+02
3.882000000000000000e+03
3.421000000000000000e+03
1.854000000000000000e+03
4.645000000000000000e+03
4.753000000000000000e+03
2.356000000000000000e+03
1.454000000000000000e+03
4.238000000000000000e+03
8.370000000000000000e+02
1.105000000000000000e+03
2.038000000000000000e+03
1.640000000000000000e+02
1.604000000000000000e+03
1.695000000000000000e+03
1.770000000000000000e+02
4.357000000000000000e+03
3.400000000000000000e+02
2.338000000000000000e+03
3.194000000000000000e+03
8.490000000000000000e+02
3.281000000000000000e+03
5.540000000000000000e+02
3.946000000000000000e+03
9.200000000000000000e+01
1.096000000000000000e+03
4.144000000000000000e+03
3.855000000000000000e+03
2.100000000000000000e+02
1.586000000000000000e+03
4.460000000000000000e+02
8.710000000000000000e+02
2.400000000000000000e+02
1.685000000000000000e+03
1.629000000000000000e+03
4.255000000000000000e+03
4.497000000000000000e+03
1.112000000000000000e+03
1.352000000000000000e+03
5.410000000000000000e+02
4.418000000000000000e+03
3.147000000000000000e+03
1.038000000000000000e+03
1.570000000000000000e+02
1.778000000000000000e+03
3.812000000000000000e+03
4.973000000000000000e+03
1.210000000000000000e+02
3.549000000000000000e+03
2.841000000000000000e+03
2.363000000000000000e+03
3.700000000000000000e+03
4.362000000000000000e+03
4.995000000000000000e+03
2.689000000000000000e+03
1.217000000000000000e+03
2.062000000000000000e+03
3.462000000000000000e+03
2.510000000000000000e+02
3.490000000000000000e+02
1.992000000000000000e+03
2.704000000000000000e+03
4.416000000000000000e+03
3.470000000000000000e+02
4.801000000000000000e+03
4.666000000000000000e+03
5.840000000000000000e+02
2.880000000000000000e+02
4.336000000000000000e+03
4.393000000000000000e+03
1.138000000000000000e+03
8.130000000000000000e+02
3.163000000000000000e+03
1.755000000000000000e+03
1.669000000000000000e+03
1.996000000000000000e+03
7.780000000000000000e+02
4.843000000000000000e+03
4.086000000000000000e+03
4.605000000000000000e+03
1.880000000000000000e+02
4.520000000000000000e+02
4.530000000000000000e+02
4.707000000000000000e+03
1.965000000000000000e+03
4.991000000000000000e+03
3.555000000000000000e+03
3.720000000000000000e+03
3.099000000000000000e+03
1.863000000000000000e+03
9.780000000000000000e+02
1.191000000000000000e+03
3.023000000000000000e+03
3.273000000000000000e+03
3.700000000000000000e+02
3.242000000000000000e+03
4.624000000000000000e+03
1.941000000000000000e+03
1.713000000000000000e+03
4.592000000000000000e+03
9.890000000000000000e+02
8.740000000000000000e+02
1.446000000000000000e+03
2.550000000000000000e+03
3.449000000000000000e+03
1.997000000000000000e+03
3.146000000000000000e+03
2.622000000000000000e+03
9.280000000000000000e+02
2.680000000000000000e+03
3.636000000000000000e+03
3.268000000000000000e+03
2.302000000000000000e+03
3.621000000000000000e+03
1.000000000000000000e+01
4.015000000000000000e+03
4.613000000000000000e+03
4.219000000000000000e+03
2.840000000000000000e+02
1.700000000000000000e+01
2.561000000000000000e+03
1.010000000000000000e+03
3.155000000000000000e+03
9.840000000000000000e+02
1.771000000000000000e+03
3.940000000000000000e+03
3.480000000000000000e+02
1.270000000000000000e+03
7.120000000000000000e+02
5.400000000000000000e+02
6.910000000000000000e+02
3.926000000000000000e+03
1.042000000000000000e+03
1.589000000000000000e+03
2.209000000000000000e+03
4.883000000000000000e+03
1.280000000000000000e+03
4.179000000000000000e+03
2.158000000000000000e+03
2.297000000000000000e+03
4.356000000000000000e+03
4.820000000000000000e+02
1.007000000000000000e+03
1.198000000000000000e+03
3.897000000000000000e+03
3.141000000000000000e+03
3.078000000000000000e+03
2.160000000000000000e+02
4.344000000000000000e+03
4.000000000000000000e+02
2.897000000000000000e+03
1.320000000000000000e+02
3.062000000000000000e+03
8.430000000000000000e+02
3.371000000000000000e+03
4.145000000000000000e+03
3.475000000000000000e+03
3.905000000000000000e+03
3.630000000000000000e+02
2.725000000000000000e+03
4.228000000000000000e+03
3.907000000000000000e+03
4.480000000000000000e+02
1.868000000000000000e+03
1.753000000000000000e+03
1.433000000000000000e+03
2.008000000000000000e+03
3.189000000000000000e+03
4.950000000000000000e+02
2.377000000000000000e+03
3.054000000000000000e+03
2.463000000000000000e+03
1.495000000000000000e+03
2.063000000000000000e+03
2.406000000000000000e+03
1.426000000000000000e+03
4.870000000000000000e+02
6.970000000000000000e+02
3.382000000000000000e+03
9.400000000000000000e+02
1.810000000000000000e+02
3.618000000000000000e+03
2.390000000000000000e+02
4.821000000000000000e+03
2.435000000000000000e+03
3.524000000000000000e+03
4.244000000000000000e+03
1.104000000000000000e+03
3.706000000000000000e+03
3.203000000000000000e+03
4.932000000000000000e+03
4.176000000000000000e+03
4.901000000000000000e+03
5.390000000000000000e+02
2.450000000000000000e+03
1.211000000000000000e+03
8.100000000000000000e+02
4.910000000000000000e+03
3.042000000000000000e+03
2.382000000000000000e+03
2.814000000000000000e+03
1.417000000000000000e+03
4.327000000000000000e+03
1.294000000000000000e+03
4.589000000000000000e+03
1.986000000000000000e+03
5.680000000000000000e+02
1.948000000000000000e+03
3.220000000000000000e+03
3.009000000000000000e+03
1.060000000000000000e+02
1.053000000000000000e+03
4.475000000000000000e+03
4.930000000000000000e+02
3.846000000000000000e+03
4.573000000000000000e+03
1.362000000000000000e+03
1.552000000000000000e+03
4.750000000000000000e+03
3.513000000000000000e+03
1.709000000000000000e+03
1.800000000000000000e+01
1.094000000000000000e+03
1.525000000000000000e+03
3.495000000000000000e+03
1.608000000000000000e+03
1.517000000000000000e+03
2.641000000000000000e+03
2.404000000000000000e+03
2.932000000000000000e+03
2.411000000000000000e+03
2.662000000000000000e+03
2.609000000000000000e+03
2.456000000000000000e+03
4.470000000000000000e+03
4.893000000000000000e+03
3.516000000000000000e+03
2.139000000000000000e+03
2.138000000000000000e+03
2.558000000000000000e+03
4.872000000000000000e+03
4.961000000000000000e+03
2.310000000000000000e+03
2.598000000000000000e+03
1.078000000000000000e+03
7.550000000000000000e+02
4.036000000000000000e+03
3.063000000000000000e+03
4.386000000000000000e+03
3.928000000000000000e+03
6.270000000000000000e+02
1.566000000000000000e+03
2.081000000000000000e+03
5.190000000000000000e+02
1.570000000000000000e+03
4.432000000000000000e+03
3.665000000000000000e+03
2.668000000000000000e+03
3.568000000000000000e+03
4.766000000000000000e+03
5.170000000000000000e+02
1.180000000000000000e+03
2.310000000000000000e+02
4.949000000000000000e+03
1.985000000000000000e+03
9.410000000000000000e+02
3.561000000000000000e+03
3.997000000000000000e+03
1.075000000000000000e+03
7.680000000000000000e+02
4.065000000000000000e+03
9.870000000000000000e+02
3.222000000000000000e+03
1.956000000000000000e+03
4.119000000000000000e+03
5.600000000000000000e+01
4.151000000000000000e+03
3.660000000000000000e+02
1.670000000000000000e+02
2.311000000000000000e+03
3.244000000000000000e+03
1.275000000000000000e+03
4.679000000000000000e+03
3.959000000000000000e+03
4.190000000000000000e+03
3.334000000000000000e+03
1.900000000000000000e+01
3.964000000000000000e+03
2.103000000000000000e+03
4.377000000000000000e+03
2.046000000000000000e+03
1.421000000000000000e+03
1.665000000000000000e+03
3.257000000000000000e+03
4.490000000000000000e+02
1.332000000000000000e+03
2.750000000000000000e+03
2.065000000000000000e+03
3.588000000000000000e+03
4.440000000000000000e+03
2.752000000000000000e+03
2.030000000000000000e+03
3.774000000000000000e+03
1.918000000000000000e+03
1.141000000000000000e+03
4.588000000000000000e+03
2.946000000000000000e+03
4.236000000000000000e+03
2.980000000000000000e+03
2.701000000000000000e+03
2.110000000000000000e+03
1.389000000000000000e+03
3.398000000000000000e+03
4.723000000000000000e+03
1.588000000000000000e+03
5.860000000000000000e+02
4.985000000000000000e+03
4.392000000000000000e+03
6.990000000000000000e+02
2.740000000000000000e+03
5.580000000000000000e+02
3.308000000000000000e+03
3.180000000000000000e+02
2.596000000000000000e+03
2.176000000000000000e+03
3.018000000000000000e+03
1.276000000000000000e+03
9.580000000000000000e+02
2.041000000000000000e+03
1.660000000000000000e+02
4.885000000000000000e+03
3.591000000000000000e+03
3.208000000000000000e+03
3.362000000000000000e+03
5.000000000000000000e+01
2.351000000000000000e+03
2.837000000000000000e+03
3.562000000000000000e+03
4.050000000000000000e+03
1.215000000000000000e+03
2.552000000000000000e+03
3.980000000000000000e+02
2.000000000000000000e+03
1.219000000000000000e+03
5.280000000000000000e+02
4.300000000000000000e+03
4.773000000000000000e+03
1.249000000000000000e+03
4.879000000000000000e+03
4.827000000000000000e+03
5.510000000000000000e+02
3.810000000000000000e+02
4.270000000000000000e+03
2.148000000000000000e+03
1.790000000000000000e+03
4.685000000000000000e+03
2.012000000000000000e+03
