4.818000000000000000e+03
1.077000000000000000e+03
2.000000000000000000e+03
3.530000000000000000e+02
1.640000000000000000e+03
3.925000000000000000e+03
2.721000000000000000e+03
4.236000000000000000e+03
4.027000000000000000e+03
4.532000000000000000e+03
1.458000000000000000e+03
8.830000000000000000e+02
4.660000000000000000e+02
4.292000000000000000e+03
2.832000000000000000e+03
1.654000000000000000e+03
1.181000000000000000e+03
2.432000000000000000e+03
6.300000000000000000e+01
3.820000000000000000e+02
3.030000000000000000e+03
1.366000000000000000e+03
2.439000000000000000e+03
4.090000000000000000e+03
4.493000000000000000e+03
1.460000000000000000e+02
3.674000000000000000e+03
7.960000000000000000e+02
1.692000000000000000e+03
2.860000000000000000e+03
2.303000000000000000e+03
4.531000000000000000e+03
2.976000000000000000e+03
5.230000000000000000e+02
2.730000000000000000e+02
3.834000000000000000e+03
4.971000000000000000e+03
1.213000000000000000e+03
1.396000000000000000e+03
4.361000000000000000e+03
3.170000000000000000e+02
2.580000000000000000e+02
6.540000000000000000e+02
4.300000000000000000e+01
4.112000000000000000e+03
1.270000000000000000e+03
4.527000000000000000e+03
1.976000000000000000e+03
4.857000000000000000e+03
4.926000000000000000e+03
2.346000000000000000e+03
4.186000000000000000e+03
4.401000000000000000e+03
2.980000000000000000e+03
6.820000000000000000e+02
3.136000000000000000e+03
1.026000000000000000e+03
4.486000000000000000e+03
1.405000000000000000e+03
3.488000000000000000e+03
1.300000000000000000e+03
9.870000000000000000e+02
4.529000000000000000e+03
3.738000000000000000e+03
3.668000000000000000e+03
4.987000000000000000e+03
3.060000000000000000e+03
3.212000000000000000e+03
2.926000000000000000e+03
5.520000000000000000e+02
3.805000000000000000e+03
1.434000000000000000e+03
2.336000000000000000e+03
5.840000000000000000e+02
4.849000000000000000e+03
4.911000000000000000e+03
1.586000000000000000e+03
4.809000000000000000e+03
9.060000000000000000e+02
1.002000000000000000e+03
1.340000000000000000e+02
6.080000000000000000e+02
2.813000000000000000e+03
2.989000000000000000e+03
7.440000000000000000e+02
3.927000000000000000e+03
7.040000000000000000e+02
4.835000000000000000e+03
4.054000000000000000e+03
2.176000000000000000e+03
2.121000000000000000e+03
2.622000000000000000e+03
1.318000000000000000e+03
3.273000000000000000e+03
2.873000000000000000e+03
5.640000000000000000e+02
1.948000000000000000e+03
1.622000000000000000e+03
2.470000000000000000e+02
4.025000000000000000e+03
3.556000000000000000e+03
1.468000000000000000e+03
8.400000000000000000e+01
1.570000000000000000e+02
1.101000000000000000e+03
2.173000000000000000e+03
3.287000000000000000e+03
3.191000000000000000e+03
1.022000000000000000e+03
2.411000000000000000e+03
2.718000000000000000e+03
3.223000000000000000e+03
3.984000000000000000e+03
2.702000000000000000e+03
2.001000000000000000e+03
4.731000000000000000e+03
2.493000000000000000e+03
1.965000000000000000e+03
1.205000000000000000e+03
2.949000000000000000e+03
4.702000000000000000e+03
5.830000000000000000e+02
2.599000000000000000e+03
9.570000000000000000e+02
1.315000000000000000e+03
2.876000000000000000e+03
3.230000000000000000e+02
5.750000000000000000e+02
2.910000000000000000e+03
1.511000000000000000e+03
2.997000000000000000e+03
4.220000000000000000e+02
1.768000000000000000e+03
1.936000000000000000e+03
4.716000000000000000e+03
1.807000000000000000e+03
4.234000000000000000e+03
4.735000000000000000e+03
1.196000000000000000e+03
4.677000000000000000e+03
1.596000000000000000e+03
5.810000000000000000e+02
4.793000000000000000e+03
1.904000000000000000e+03
3.942000000000000000e+03
4.067000000000000000e+03
3.744000000000000000e+03
1.696000000000000000e+03
2.452000000000000000e+03
2.106000000000000000e+03
3.091000000000000000e+03
1.085000000000000000e+03
8.560000000000000000e+02
1.390000000000000000e+03
1.864000000000000000e+03
3.391000000000000000e+03
1.664000000000000000e+03
1.172000000000000000e+03
2.190000000000000000e+02
2.875000000000000000e+03
3.720000000000000000e+02
7.160000000000000000e+02
1.947000000000000000e+03
4.344000000000000000e+03
3.623000000000000000e+03
8.700000000000000000e+01
3.522000000000000000e+03
3.270000000000000000e+03
3.234000000000000000e+03
2.206000000000000000e+03
1.478000000000000000e+03
4.395000000000000000e+03
2.154000000000000000e+03
2.824000000000000000e+03
4.322000000000000000e+03
1.195000000000000000e+03
4.317000000000000000e+03
4.824000000000000000e+03
1.300000000000000000e+01
1.430000000000000000e+03
2.296000000000000000e+03
1.069000000000000000e+03
2.765000000000000000e+03
2.480000000000000000e+02
4.597000000000000000e+03
4.326000000000000000e+03
4.572000000000000000e+03
1.645000000000000000e+03
1.080000000000000000e+02
3.428000000000000000e+03
3.366000000000000000e+03
3.940000000000000000e+03
1.239000000000000000e+03
4.611000000000000000e+03
1.206000000000000000e+03
3.950000000000000000e+02
1.967000000000000000e+03
3.948000000000000000e+03
4.470000000000000000e+03
4.956000000000000000e+03
4.090000000000000000e+02
4.424000000000000000e+03
2.534000000000000000e+03
2.133000000000000000e+03
2.745000000000000000e+03
3.100000000000000000e+01
4.135000000000000000e+03
1.017000000000000000e+03
3.264000000000000000e+03
4.730000000000000000e+02
2.484000000000000000e+03
3.537000000000000000e+03
1.522000000000000000e+03
3.988000000000000000e+03
1.930000000000000000e+03
4.120000000000000000e+03
4.382000000000000000e+03
2.713000000000000000e+03
2.919000000000000000e+03
3.493000000000000000e+03
2.995000000000000000e+03
2.053000000000000000e+03
3.400000000000000000e+03
7.460000000000000000e+02
2.589000000000000000e+03
2.160000000000000000e+03
5.570000000000000000e+02
4.502000000000000000e+03
1.541000000000000000e+03
3.458000000000000000e+03
4.212000000000000000e+03
2.512000000000000000e+03
3.162000000000000000e+03
8.460000000000000000e+02
4.734000000000000000e+03
8.300000000000000000e+02
2.600000000000000000e+03
1.770000000000000000e+02
2.996000000000000000e+03
2.596000000000000000e+03
4.750000000000000000e+03
4.595000000000000000e+03
1.029000000000000000e+03
2.967000000000000000e+03
1.827000000000000000e+03
1.170000000000000000e+02
2.403000000000000000e+03
3.828000000000000000e+03
2.789000000000000000e+03
3.799000000000000000e+03
1.679000000000000000e+03
3.501000000000000000e+03
3.195000000000000000e+03
3.255000000000000000e+03
4.521000000000000000e+03
9.340000000000000000e+02
3.446000000000000000e+03
3.455000000000000000e+03
2.900000000000000000e+01
3.182000000000000000e+03
4.973000000000000000e+03
6.040000000000000000e+02
4.268000000000000000e+03
1.676000000000000000e+03
3.811000000000000000e+03
4.562000000000000000e+03
2.170000000000000000e+03
2.117000000000000000e+03
8.120000000000000000e+02
3.252000000000000000e+03
5.010000000000000000e+02
3.976000000000000000e+03
3.689000000000000000e+03
2.720000000000000000e+03
7.150000000000000000e+02
2.869000000000000000e+03
2.233000000000000000e+03
4.328000000000000000e+03
4.723000000000000000e+03
2.610000000000000000e+03
1.901000000000000000e+03
9.940000000000000000e+02
2.119000000000000000e+03
2.202000000000000000e+03
4.423000000000000000e+03
3.552000000000000000e+03
4.518000000000000000e+03
1.810000000000000000e+02
1.479000000000000000e+03
4.362000000000000000e+03
2.634000000000000000e+03
4.086000000000000000e+03
4.102000000000000000e+03
2.916000000000000000e+03
4.770000000000000000e+03
1.711000000000000000e+03
4.224000000000000000e+03
3.338000000000000000e+03
1.563000000000000000e+03
4.360000000000000000e+03
4.790000000000000000e+02
4.066000000000000000e+03
2.692000000000000000e+03
7.070000000000000000e+02
4.810000000000000000e+03
1.201000000000000000e+03
2.760000000000000000e+02
8.520000000000000000e+02
1.944000000000000000e+03
1.747000000000000000e+03
2.877000000000000000e+03
1.720000000000000000e+02
2.227000000000000000e+03
4.576000000000000000e+03
3.628000000000000000e+03
4.474000000000000000e+03
1.202000000000000000e+03
3.214000000000000000e+03
2.262000000000000000e+03
2.348000000000000000e+03
3.037000000000000000e+03
1.763000000000000000e+03
4.447000000000000000e+03
6.570000000000000000e+02
4.077000000000000000e+03
3.210000000000000000e+02
2.660000000000000000e+02
1.873000000000000000e+03
2.060000000000000000e+02
3.836000000000000000e+03
2.441000000000000000e+03
1.309000000000000000e+03
6.510000000000000000e+02
3.380000000000000000e+03
2.694000000000000000e+03
4.452000000000000000e+03
3.760000000000000000e+02
2.689000000000000000e+03
2.633000000000000000e+03
3.204000000000000000e+03
2.716000000000000000e+03
2.672000000000000000e+03
2.883000000000000000e+03
4.426000000000000000e+03
2.455000000000000000e+03
3.570000000000000000e+03
3.005000000000000000e+03
1.896000000000000000e+03
3.794000000000000000e+03
2.188000000000000000e+03
1.964000000000000000e+03
1.682000000000000000e+03
2.438000000000000000e+03
2.482000000000000000e+03
4.045000000000000000e+03
3.955000000000000000e+03
2.817000000000000000e+03
3.746000000000000000e+03
3.127000000000000000e+03
2.890000000000000000e+03
4.882000000000000000e+03
4.901000000000000000e+03
3.051000000000000000e+03
3.619000000000000000e+03
4.239000000000000000e+03
2.203000000000000000e+03
3.201000000000000000e+03
2.355000000000000000e+03
2.502000000000000000e+03
1.800000000000000000e+03
2.574000000000000000e+03
3.837000000000000000e+03
2.242000000000000000e+03
2.507000000000000000e+03
3.509000000000000000e+03
4.388000000000000000e+03
4.682000000000000000e+03
1.190000000000000000e+03
3.906000000000000000e+03
6.160000000000000000e+02
3.854000000000000000e+03
2.030000000000000000e+02
8.670000000000000000e+02
4.829000000000000000e+03
2.588000000000000000e+03
4.456000000000000000e+03
2.562000000000000000e+03
2.232000000000000000e+03
2.107000000000000000e+03
4.197000000000000000e+03
2.500000000000000000e+03
1.595000000000000000e+03
2.488000000000000000e+03
1.848000000000000000e+03
4.324000000000000000e+03
3.697000000000000000e+03
2.048000000000000000e+03
4.068000000000000000e+03
3.066000000000000000e+03
8.680000000000000000e+02
4.420000000000000000e+02
2.079000000000000000e+03
3.546000000000000000e+03
3.510000000000000000e+02
2.130000000000000000e+02
3.050000000000000000e+02
6.620000000000000000e+02
4.821000000000000000e+03
1.510000000000000000e+02
4.560000000000000000e+02
2.280000000000000000e+02
1.141000000000000000e+03
4.610000000000000000e+02
3.770000000000000000e+02
4.291000000000000000e+03
4.285000000000000000e+03
1.322000000000000000e+03
3.451000000000000000e+03
5.340000000000000000e+02
1.870000000000000000e+03
1.614000000000000000e+03
2.868000000000000000e+03
4.230000000000000000e+03
1.428000000000000000e+03
1.530000000000000000e+02
2.387000000000000000e+03
3.699000000000000000e+03
6.010000000000000000e+02
6.880000000000000000e+02
3.261000000000000000e+03
3.231000000000000000e+03
2.330000000000000000e+03
4.323000000000000000e+03
3.733000000000000000e+03
3.649000000000000000e+03
2.122000000000000000e+03
3.088000000000000000e+03
4.653000000000000000e+03
4.729000000000000000e+03
3.112000000000000000e+03
2.930000000000000000e+03
4.969000000000000000e+03
2.681000000000000000e+03
1.419000000000000000e+03
1.288000000000000000e+03
1.284000000000000000e+03
3.847000000000000000e+03
2.655000000000000000e+03
2.199000000000000000e+03
3.868000000000000000e+03
3.300000000000000000e+03
1.535000000000000000e+03
3.433000000000000000e+03
3.873000000000000000e+03
2.602000000000000000e+03
6.600000000000000000e+01
3.973000000000000000e+03
1.705000000000000000e+03
1.706000000000000000e+03
5.080000000000000000e+02
3.617000000000000000e+03
6.060000000000000000e+02
6.400000000000000000e+02
6.490000000000000000e+02
2.961000000000000000e+03
4.482000000000000000e+03
3.122000000000000000e+03
1.509000000000000000e+03
2.677000000000000000e+03
2.914000000000000000e+03
3.270000000000000000e+02
4.013000000000000000e+03
3.304000000000000000e+03
2.836000000000000000e+03
4.613000000000000000e+03
2.703000000000000000e+03
3.913000000000000000e+03
4.485000000000000000e+03
3.002000000000000000e+03
1.372000000000000000e+03
4.773000000000000000e+03
4.305000000000000000e+03
1.287000000000000000e+03
2.125000000000000000e+03
1.200000000000000000e+03
4.664000000000000000e+03
2.911000000000000000e+03
4.337000000000000000e+03
2.878000000000000000e+03
4.169000000000000000e+03
1.685000000000000000e+03
5.180000000000000000e+02
1.275000000000000000e+03
3.700000000000000000e+03
2.100000000000000000e+03
6.940000000000000000e+02
3.301000000000000000e+03
1.700000000000000000e+01
4.245000000000000000e+03
4.721000000000000000e+03
3.557000000000000000e+03
1.389000000000000000e+03
1.932000000000000000e+03
4.621000000000000000e+03
8.820000000000000000e+02
4.350000000000000000e+02
7.300000000000000000e+01
3.960000000000000000e+03
4.553000000000000000e+03
3.495000000000000000e+03
3.033000000000000000e+03
3.605000000000000000e+03
4.400000000000000000e+02
4.327000000000000000e+03
3.065000000000000000e+03
1.671000000000000000e+03
1.746000000000000000e+03
1.733000000000000000e+03
4.670000000000000000e+02
3.300000000000000000e+01
4.955000000000000000e+03
3.797000000000000000e+03
4.643000000000000000e+03
1.837000000000000000e+03
1.906000000000000000e+03
3.943000000000000000e+03
2.179000000000000000e+03
1.611000000000000000e+03
2.700000000000000000e+02
3.294000000000000000e+03
3.534000000000000000e+03
1.210000000000000000e+03
2.374000000000000000e+03
1.568000000000000000e+03
4.000000000000000000e+01
3.058000000000000000e+03
1.627000000000000000e+03
3.739000000000000000e+03
4.784000000000000000e+03
5.670000000000000000e+02
4.907000000000000000e+03
3.326000000000000000e+03
2.410000000000000000e+02
2.927000000000000000e+03
3.382000000000000000e+03
4.185000000000000000e+03
2.453000000000000000e+03
4.075000000000000000e+03
3.791000000000000000e+03
3.510000000000000000e+03
1.981000000000000000e+03
3.775000000000000000e+03
4.958000000000000000e+03
3.908000000000000000e+03
8.090000000000000000e+02
3.914000000000000000e+03
1.099000000000000000e+03
4.961000000000000000e+03
3.650000000000000000e+02
4.455000000000000000e+03
4.023000000000000000e+03
1.789000000000000000e+03
7.530000000000000000e+02
2.182000000000000000e+03
8.600000000000000000e+01
4.461000000000000000e+03
3.574000000000000000e+03
1.152000000000000000e+03
2.886000000000000000e+03
1.086000000000000000e+03
2.957000000000000000e+03
4.548000000000000000e+03
2.700000000000000000e+01
3.221000000000000000e+03
2.297000000000000000e+03
1.088000000000000000e+03
4.438000000000000000e+03
2.343000000000000000e+03
3.200000000000000000e+02
8.800000000000000000e+02
1.450000000000000000e+02
1.162000000000000000e+03
4.779000000000000000e+03
1.550000000000000000e+02
1.177000000000000000e+03
1.902000000000000000e+03
8.970000000000000000e+02
1.112000000000000000e+03
3.711000000000000000e+03
1.443000000000000000e+03
2.908000000000000000e+03
3.709000000000000000e+03
2.639000000000000000e+03
2.922000000000000000e+03
1.749000000000000000e+03
1.658000000000000000e+03
1.122000000000000000e+03
3.466000000000000000e+03
3.285000000000000000e+03
1.215000000000000000e+03
1.677000000000000000e+03
1.703000000000000000e+03
3.591000000000000000e+03
3.420000000000000000e+02
3.917000000000000000e+03
3.250000000000000000e+02
2.498000000000000000e+03
4.162000000000000000e+03
2.717000000000000000e+03
2.708000000000000000e+03
4.510000000000000000e+02
9.620000000000000000e+02
2.057000000000000000e+03
8.400000000000000000e+02
3.188000000000000000e+03
3.875000000000000000e+03
4.851000000000000000e+03
3.520000000000000000e+03
1.741000000000000000e+03
2.465000000000000000e+03
2.732000000000000000e+03
4.937000000000000000e+03
2.561000000000000000e+03
4.159000000000000000e+03
5.450000000000000000e+02
1.130000000000000000e+03
7.870000000000000000e+02
2.616000000000000000e+03
4.770000000000000000e+02
2.404000000000000000e+03
1.840000000000000000e+02
1.179000000000000000e+03
1.681000000000000000e+03
3.048000000000000000e+03
1.317000000000000000e+03
2.516000000000000000e+03
1.192000000000000000e+03
3.980000000000000000e+03
2.630000000000000000e+03
4.940000000000000000e+03
2.701000000000000000e+03
4.568000000000000000e+03
4.158000000000000000e+03
6.840000000000000000e+02
2.389000000000000000e+03
3.220000000000000000e+02
2.353000000000000000e+03
2.674000000000000000e+03
3.521000000000000000e+03
3.655000000000000000e+03
1.855000000000000000e+03
1.556000000000000000e+03
4.047000000000000000e+03
1.106000000000000000e+03
1.449000000000000000e+03
6.690000000000000000e+02
3.550000000000000000e+02
4.870000000000000000e+03
1.567000000000000000e+03
2.454000000000000000e+03
2.023000000000000000e+03
3.475000000000000000e+03
2.443000000000000000e+03
3.560000000000000000e+03
9.380000000000000000e+02
2.092000000000000000e+03
4.516000000000000000e+03
3.636000000000000000e+03
4.260000000000000000e+03
1.816000000000000000e+03
4.437000000000000000e+03
2.160000000000000000e+02
4.009000000000000000e+03
9.040000000000000000e+02
4.602000000000000000e+03
2.354000000000000000e+03
1.418000000000000000e+03
4.811000000000000000e+03
4.879000000000000000e+03
4.021000000000000000e+03
4.908000000000000000e+03
2.074000000000000000e+03
2.015000000000000000e+03
4.083000000000000000e+03
4.753000000000000000e+03
4.689000000000000000e+03
1.500000000000000000e+02
3.079000000000000000e+03
3.073000000000000000e+03
2.572000000000000000e+03
1.941000000000000000e+03
1.253000000000000000e+03
3.090000000000000000e+02
3.474000000000000000e+03
3.788000000000000000e+03
4.026000000000000000e+03
4.651000000000000000e+03
1.723000000000000000e+03
3.691000000000000000e+03
3.077000000000000000e+03
1.490000000000000000e+02
4.970000000000000000e+03
4.194000000000000000e+03
2.091000000000000000e+03
3.874000000000000000e+03
1.066000000000000000e+03
3.830000000000000000e+03
3.442000000000000000e+03
1.656000000000000000e+03
3.664000000000000000e+03
3.144000000000000000e+03
3.500000000000000000e+03
4.302000000000000000e+03
4.430000000000000000e+03
4.545000000000000000e+03
4.680000000000000000e+02
1.890000000000000000e+02
4.676000000000000000e+03
3.268000000000000000e+03
2.743000000000000000e+03
4.974000000000000000e+03
2.148000000000000000e+03
4.390000000000000000e+03
2.880000000000000000e+03
2.959000000000000000e+03
1.580000000000000000e+02
1.451000000000000000e+03
6.770000000000000000e+02
3.600000000000000000e+01
3.226000000000000000e+03
3.013000000000000000e+03
3.280000000000000000e+02
2.140000000000000000e+03
3.786000000000000000e+03
9.240000000000000000e+02
1.250000000000000000e+02
1.940000000000000000e+03
1.039000000000000000e+03
1.927000000000000000e+03
2.966000000000000000e+03
4.960000000000000000e+02
3.962000000000000000e+03
1.125000000000000000e+03
3.124000000000000000e+03
4.415000000000000000e+03
2.856000000000000000e+03
3.514000000000000000e+03
1.167000000000000000e+03
4.453000000000000000e+03
1.312000000000000000e+03
3.985000000000000000e+03
2.771000000000000000e+03
2.300000000000000000e+02
1.214000000000000000e+03
2.680000000000000000e+03
4.820000000000000000e+03
2.210000000000000000e+02
2.308000000000000000e+03
3.660000000000000000e+02
4.296000000000000000e+03
3.842000000000000000e+03
1.649000000000000000e+03
4.410000000000000000e+02
2.521000000000000000e+03
3.900000000000000000e+02
1.809000000000000000e+03
1.575000000000000000e+03
4.462000000000000000e+03
2.900000000000000000e+02
4.819000000000000000e+03
2.733000000000000000e+03
2.536000000000000000e+03
4.700000000000000000e+02
2.711000000000000000e+03
2.447000000000000000e+03
4.347000000000000000e+03
5.720000000000000000e+02
3.477000000000000000e+03
1.874000000000000000e+03
1.100000000000000000e+03
4.220000000000000000e+03
3.203000000000000000e+03
4.990000000000000000e+02
3.027000000000000000e+03
6.700000000000000000e+02
2.793000000000000000e+03
4.583000000000000000e+03
2.811000000000000000e+03
3.979000000000000000e+03
4.767000000000000000e+03
1.183000000000000000e+03
4.543000000000000000e+03
4.278000000000000000e+03
1.780000000000000000e+03
1.283000000000000000e+03
4.092000000000000000e+03
1.917000000000000000e+03
4.163000000000000000e+03
4.950000000000000000e+02
7.670000000000000000e+02
1.050000000000000000e+03
2.500000000000000000e+02
1.991000000000000000e+03
3.945000000000000000e+03
4.755000000000000000e+03
6.190000000000000000e+02
2.364000000000000000e+03
5.060000000000000000e+02
5.970000000000000000e+02
9.510000000000000000e+02
3.530000000000000000e+03
3.049000000000000000e+03
3.276000000000000000e+03
5.620000000000000000e+02
1.952000000000000000e+03
4.180000000000000000e+03
3.819000000000000000e+03
4.756000000000000000e+03
1.115000000000000000e+03
1.662000000000000000e+03
1.359000000000000000e+03
1.994000000000000000e+03
3.796000000000000000e+03
3.323000000000000000e+03
3.398000000000000000e+03
7.510000000000000000e+02
2.094000000000000000e+03
4.780000000000000000e+02
3.568000000000000000e+03
1.477000000000000000e+03
4.216000000000000000e+03
3.938000000000000000e+03
4.295000000000000000e+03
1.098000000000000000e+03
3.228000000000000000e+03
2.410000000000000000e+03
4.019000000000000000e+03
1.538000000000000000e+03
1.721000000000000000e+03
2.302000000000000000e+03
1.885000000000000000e+03
4.284000000000000000e+03
2.000000000000000000e+02
1.242000000000000000e+03
3.437000000000000000e+03
1.670000000000000000e+03
3.881000000000000000e+03
1.604000000000000000e+03
1.783000000000000000e+03
2.936000000000000000e+03
4.594000000000000000e+03
3.953000000000000000e+03
4.709000000000000000e+03
3.831000000000000000e+03
3.376000000000000000e+03
3.737000000000000000e+03
2.970000000000000000e+03
1.754000000000000000e+03
4.992000000000000000e+03
2.235000000000000000e+03
4.081000000000000000e+03
3.274000000000000000e+03
4.515000000000000000e+03
1.030000000000000000e+03
2.325000000000000000e+03
2.370000000000000000e+02
2.396000000000000000e+03
4.982000000000000000e+03
3.939000000000000000e+03
4.064000000000000000e+03
2.384000000000000000e+03
3.720000000000000000e+03
8.290000000000000000e+02
3.367000000000000000e+03
4.399000000000000000e+03
4.842000000000000000e+03
3.310000000000000000e+02
5.820000000000000000e+02
4.189000000000000000e+03
4.208000000000000000e+03
6.640000000000000000e+02
3.242000000000000000e+03
3.540000000000000000e+02
2.804000000000000000e+03
2.207000000000000000e+03
1.786000000000000000e+03
2.213000000000000000e+03
4.695000000000000000e+03
2.401000000000000000e+03
1.467000000000000000e+03
3.987000000000000000e+03
2.400000000000000000e+02
3.498000000000000000e+03
3.044000000000000000e+03
9.200000000000000000e+02
1.093000000000000000e+03
3.178000000000000000e+03
1.536000000000000000e+03
1.780000000000000000e+02
4.113000000000000000e+03
4.420000000000000000e+03
1.625000000000000000e+03
3.332000000000000000e+03
3.923000000000000000e+03
1.744000000000000000e+03
2.767000000000000000e+03
3.329000000000000000e+03
8.230000000000000000e+02
2.870000000000000000e+02
2.058000000000000000e+03
4.365000000000000000e+03
5.320000000000000000e+02
4.464000000000000000e+03
3.742000000000000000e+03
2.370000000000000000e+03
3.850000000000000000e+03
1.580000000000000000e+03
7.080000000000000000e+02
5.920000000000000000e+02
4.173000000000000000e+03
2.158000000000000000e+03
1.961000000000000000e+03
7.300000000000000000e+02
1.513000000000000000e+03
3.602000000000000000e+03
7.750000000000000000e+02
1.841000000000000000e+03
1.503000000000000000e+03
2.986000000000000000e+03
4.448000000000000000e+03
1.531000000000000000e+03
2.153000000000000000e+03
2.642000000000000000e+03
3.078000000000000000e+03
1.341000000000000000e+03
3.675000000000000000e+03
2.400000000000000000e+01
2.460000000000000000e+03
4.889000000000000000e+03
3.932000000000000000e+03
4.387000000000000000e+03
1.875000000000000000e+03
1.427000000000000000e+03
8.940000000000000000e+02
5.240000000000000000e+02
1.170000000000000000e+03
1.844000000000000000e+03
2.492000000000000000e+03
5.930000000000000000e+02
3.197000000000000000e+03
3.384000000000000000e+03
3.750000000000000000e+02
3.087000000000000000e+03
3.643000000000000000e+03
2.473000000000000000e+03
4.142000000000000000e+03
1.516000000000000000e+03
2.889000000000000000e+03
4.052000000000000000e+03
1.845000000000000000e+03
6.250000000000000000e+02
4.074000000000000000e+03
4.921000000000000000e+03
2.850000000000000000e+03
3.358000000000000000e+03
4.233000000000000000e+03
2.277000000000000000e+03
2.520000000000000000e+03
3.571000000000000000e+03
3.975000000000000000e+03
3.909000000000000000e+03
1.554000000000000000e+03
2.907000000000000000e+03
3.176000000000000000e+03
2.688000000000000000e+03
1.735000000000000000e+03
4.089000000000000000e+03
4.016000000000000000e+03
1.670000000000000000e+02
3.238000000000000000e+03
4.418000000000000000e+03
4.140000000000000000e+02
2.243000000000000000e+03
7.700000000000000000e+02
4.542000000000000000e+03
2.990000000000000000e+03
8.340000000000000000e+02
1.725000000000000000e+03
4.354000000000000000e+03
4.791000000000000000e+03
2.200000000000000000e+01
2.844000000000000000e+03
7.600000000000000000e+01
4.607000000000000000e+03
4.946000000000000000e+03
8.930000000000000000e+02
1.686000000000000000e+03
8.450000000000000000e+02
2.738000000000000000e+03
5.210000000000000000e+02
1.545000000000000000e+03
1.300000000000000000e+02
2.287000000000000000e+03
6.330000000000000000e+02
4.700000000000000000e+03
2.741000000000000000e+03
2.311000000000000000e+03
4.139000000000000000e+03
3.645000000000000000e+03
4.131000000000000000e+03
4.979000000000000000e+03
1.263000000000000000e+03
1.256000000000000000e+03
4.570000000000000000e+03
4.744000000000000000e+03
1.724000000000000000e+03
2.937000000000000000e+03
9.100000000000000000e+02
6.050000000000000000e+02
1.868000000000000000e+03
4.380000000000000000e+02
1.147000000000000000e+03
4.968000000000000000e+03
1.445000000000000000e+03
4.107000000000000000e+03
3.606000000000000000e+03
1.124000000000000000e+03
1.021000000000000000e+03
4.991000000000000000e+03
1.515000000000000000e+03
1.704000000000000000e+03
4.210000000000000000e+02
2.496000000000000000e+03
9.000000000000000000e+02
4.250000000000000000e+03
9.910000000000000000e+02
4.687000000000000000e+03
3.117000000000000000e+03
7.410000000000000000e+02
2.185000000000000000e+03
4.004000000000000000e+03
1.480000000000000000e+02
4.036000000000000000e+03
1.613000000000000000e+03
2.586000000000000000e+03
3.810000000000000000e+03
4.555000000000000000e+03
4.654000000000000000e+03
3.993000000000000000e+03
6.030000000000000000e+02
6.440000000000000000e+02
2.567000000000000000e+03
1.243000000000000000e+03
2.500000000000000000e+01
4.029000000000000000e+03
1.969000000000000000e+03
1.280000000000000000e+02
4.392000000000000000e+03
2.779000000000000000e+03
4.845000000000000000e+03
2.714000000000000000e+03
7.880000000000000000e+02
2.075000000000000000e+03
2.478000000000000000e+03
4.110000000000000000e+03
3.638000000000000000e+03
1.091000000000000000e+03
7.810000000000000000e+02
2.768000000000000000e+03
3.770000000000000000e+03
3.028000000000000000e+03
1.736000000000000000e+03
3.599000000000000000e+03
3.111000000000000000e+03
1.700000000000000000e+02
6.780000000000000000e+02
1.094000000000000000e+03
1.452000000000000000e+03
8.050000000000000000e+02
3.081000000000000000e+03
4.667000000000000000e+03
6.200000000000000000e+02
1.333000000000000000e+03
3.907000000000000000e+03
2.321000000000000000e+03
4.665000000000000000e+03
1.007000000000000000e+03
3.257000000000000000e+03
3.375000000000000000e+03
8.150000000000000000e+02
3.175000000000000000e+03
4.772000000000000000e+03
2.444000000000000000e+03
4.152000000000000000e+03
2.691000000000000000e+03
5.540000000000000000e+02
2.061000000000000000e+03
2.940000000000000000e+02
2.909000000000000000e+03
1.460000000000000000e+03
3.256000000000000000e+03
2.539000000000000000e+03
3.084000000000000000e+03
1.829000000000000000e+03
2.640000000000000000e+03
3.476000000000000000e+03
1.689000000000000000e+03
8.250000000000000000e+02
3.880000000000000000e+03
4.020000000000000000e+02
1.608000000000000000e+03
2.324000000000000000e+03
7.030000000000000000e+02
1.199000000000000000e+03
3.220000000000000000e+03
3.740000000000000000e+02
4.650000000000000000e+02
7.900000000000000000e+02
1.551000000000000000e+03
8.490000000000000000e+02
4.070000000000000000e+03
3.251000000000000000e+03
3.559000000000000000e+03
2.578000000000000000e+03
1.074000000000000000e+03
4.200000000000000000e+01
4.917000000000000000e+03
2.501000000000000000e+03
7.330000000000000000e+02
2.881000000000000000e+03
4.745000000000000000e+03
4.311000000000000000e+03
1.274000000000000000e+03
2.186000000000000000e+03
2.332000000000000000e+03
8.910000000000000000e+02
3.736000000000000000e+03
1.292000000000000000e+03
3.450000000000000000e+02
2.167000000000000000e+03
3.157000000000000000e+03
1.923000000000000000e+03
1.178000000000000000e+03
4.307000000000000000e+03
4.780000000000000000e+03
9.210000000000000000e+02
3.431000000000000000e+03
4.165000000000000000e+03
9.990000000000000000e+02
4.781000000000000000e+03
1.163000000000000000e+03
4.242000000000000000e+03
2.067000000000000000e+03
4.900000000000000000e+02
3.372000000000000000e+03
1.635000000000000000e+03
5.660000000000000000e+02
4.244000000000000000e+03
3.333000000000000000e+03
4.148000000000000000e+03
5.390000000000000000e+02
3.447000000000000000e+03
2.290000000000000000e+02
3.735000000000000000e+03
3.021000000000000000e+03
4.257000000000000000e+03
1.526000000000000000e+03
1.647000000000000000e+03
1.369000000000000000e+03
3.184000000000000000e+03
2.730000000000000000e+03
2.144000000000000000e+03
3.692000000000000000e+03
1.314000000000000000e+03
1.320000000000000000e+02
4.578000000000000000e+03
1.340000000000000000e+03
6.520000000000000000e+02
7.650000000000000000e+02
4.606000000000000000e+03
3.104000000000000000e+03
3.364000000000000000e+03
1.859000000000000000e+03
1.305000000000000000e+03
1.760000000000000000e+02
1.590000000000000000e+02
4.757000000000000000e+03
3.211000000000000000e+03
2.418000000000000000e+03
1.903000000000000000e+03
1.720000000000000000e+03
1.056000000000000000e+03
4.495000000000000000e+03
1.530000000000000000e+03
3.895000000000000000e+03
2.360000000000000000e+02
3.158000000000000000e+03
4.630000000000000000e+03
3.118000000000000000e+03
1.008000000000000000e+03
4.267000000000000000e+03
3.000000000000000000e+03
4.535000000000000000e+03
3.653000000000000000e+03
3.551000000000000000e+03
3.208000000000000000e+03
3.670000000000000000e+03
2.335000000000000000e+03
3.286000000000000000e+03
2.301000000000000000e+03
2.285000000000000000e+03
3.801000000000000000e+03
4.240000000000000000e+02
5.000000000000000000e+00
2.925000000000000000e+03
6.390000000000000000e+02
2.670000000000000000e+03
1.970000000000000000e+03
3.632000000000000000e+03
1.934000000000000000e+03
1.566000000000000000e+03
3.640000000000000000e+03
2.407000000000000000e+03
1.497000000000000000e+03
4.737000000000000000e+03
3.040000000000000000e+02
4.905000000000000000e+03
2.552000000000000000e+03
4.133000000000000000e+03
3.722000000000000000e+03
3.305000000000000000e+03
1.131000000000000000e+03
4.916000000000000000e+03
1.061000000000000000e+03
2.643000000000000000e+03
3.328000000000000000e+03
3.115000000000000000e+03
1.650000000000000000e+03
4.511000000000000000e+03
3.698000000000000000e+03
3.882000000000000000e+03
1.257000000000000000e+03
4.283000000000000000e+03
2.808000000000000000e+03
2.797000000000000000e+03
4.732000000000000000e+03
3.103000000000000000e+03
7.560000000000000000e+02
3.597000000000000000e+03
7.380000000000000000e+02
1.046000000000000000e+03
4.274000000000000000e+03
4.262000000000000000e+03
1.281000000000000000e+03
2.352000000000000000e+03
9.540000000000000000e+02
2.543000000000000000e+03
1.524000000000000000e+03
3.404000000000000000e+03
3.879000000000000000e+03
2.124000000000000000e+03
4.519000000000000000e+03
3.331000000000000000e+03
4.863000000000000000e+03
1.850000000000000000e+02
2.948000000000000000e+03
1.698000000000000000e+03
3.845000000000000000e+03
3.282000000000000000e+03
1.943000000000000000e+03
1.977000000000000000e+03
1.592000000000000000e+03
1.005000000000000000e+03
3.600000000000000000e+03
1.161000000000000000e+03
1.570000000000000000e+03
2.747000000000000000e+03
5.680000000000000000e+02
1.436000000000000000e+03
4.039000000000000000e+03
1.990000000000000000e+03
4.996000000000000000e+03
1.951000000000000000e+03
1.886000000000000000e+03
8.580000000000000000e+02
2.031000000000000000e+03
3.931000000000000000e+03
1.836000000000000000e+03
1.024000000000000000e+03
6.910000000000000000e+02
5.900000000000000000e+02
1.561000000000000000e+03
3.853000000000000000e+03
9.170000000000000000e+02
4.008000000000000000e+03
3.090000000000000000e+03
1.015000000000000000e+03
1.717000000000000000e+03
5.100000000000000000e+02
3.190000000000000000e+02
3.110000000000000000e+02
4.868000000000000000e+03
1.394000000000000000e+03
5.140000000000000000e+02
2.065000000000000000e+03
4.782000000000000000e+03
3.011000000000000000e+03
2.230000000000000000e+03
3.430000000000000000e+03
4.136000000000000000e+03
7.990000000000000000e+02
4.617000000000000000e+03
3.245000000000000000e+03
4.134000000000000000e+03
3.887000000000000000e+03
2.964000000000000000e+03
2.099000000000000000e+03
1.828000000000000000e+03
2.193000000000000000e+03
1.216000000000000000e+03
2.378000000000000000e+03
7.890000000000000000e+02
2.351000000000000000e+03
3.650000000000000000e+03
4.277000000000000000e+03
1.025000000000000000e+03
3.160000000000000000e+02
9.850000000000000000e+02
4.906000000000000000e+03
2.265000000000000000e+03
5.700000000000000000e+01
2.696000000000000000e+03
1.973000000000000000e+03
4.910000000000000000e+03
1.286000000000000000e+03
2.606000000000000000e+03
4.383000000000000000e+03
4.619000000000000000e+03
1.585000000000000000e+03
3.855000000000000000e+03
4.040000000000000000e+03
6.970000000000000000e+02
1.236000000000000000e+03
2.628000000000000000e+03
2.278000000000000000e+03
1.833000000000000000e+03
1.143000000000000000e+03
6.380000000000000000e+02
3.150000000000000000e+03
9.280000000000000000e+02
2.847000000000000000e+03
1.356000000000000000e+03
1.620000000000000000e+02
4.662000000000000000e+03
7.020000000000000000e+02
1.983000000000000000e+03
6.900000000000000000e+01
4.877000000000000000e+03
3.996000000000000000e+03
7.630000000000000000e+02
1.800000000000000000e+01
3.436000000000000000e+03
1.520000000000000000e+03
2.132000000000000000e+03
6.740000000000000000e+02
9.370000000000000000e+02
2.433000000000000000e+03
4.722000000000000000e+03
5.950000000000000000e+02
1.246000000000000000e+03
4.359000000000000000e+03
2.349000000000000000e+03
2.917000000000000000e+03
1.377000000000000000e+03
2.551000000000000000e+03
3.370000000000000000e+02
1.710000000000000000e+03
2.190000000000000000e+03
2.723000000000000000e+03
3.321000000000000000e+03
4.445000000000000000e+03
1.609000000000000000e+03
3.216000000000000000e+03
1.409000000000000000e+03
4.320000000000000000e+03
4.986000000000000000e+03
4.325000000000000000e+03
2.953000000000000000e+03
5.590000000000000000e+02
4.449000000000000000e+03
4.787000000000000000e+03
3.335000000000000000e+03
4.610000000000000000e+03
9.740000000000000000e+02
3.644000000000000000e+03
5.160000000000000000e+02
3.452000000000000000e+03
3.790000000000000000e+02
4.010000000000000000e+03
2.756000000000000000e+03
2.904000000000000000e+03
3.959000000000000000e+03
9.730000000000000000e+02
1.090000000000000000e+03
2.097000000000000000e+03
3.283000000000000000e+03
4.690000000000000000e+02
1.892000000000000000e+03
1.140000000000000000e+02
3.646000000000000000e+03
1.487000000000000000e+03
3.465000000000000000e+03
4.830000000000000000e+03
6.120000000000000000e+02
2.195000000000000000e+03
3.769000000000000000e+03
4.443000000000000000e+03
3.039000000000000000e+03
8.310000000000000000e+02
4.084000000000000000e+03
4.683000000000000000e+03
1.929000000000000000e+03
3.558000000000000000e+03
1.702000000000000000e+03
4.950000000000000000e+03
3.916000000000000000e+03
4.573000000000000000e+03
3.562000000000000000e+03
1.226000000000000000e+03
8.620000000000000000e+02
4.073000000000000000e+03
4.103000000000000000e+03
4.310000000000000000e+03
5.860000000000000000e+02
3.336000000000000000e+03
4.076000000000000000e+03
3.710000000000000000e+02
4.201000000000000000e+03
3.237000000000000000e+03
4.581000000000000000e+03
2.089000000000000000e+03
3.368000000000000000e+03
2.522000000000000000e+03
1.250000000000000000e+03
1.200000000000000000e+01
4.850000000000000000e+02
2.980000000000000000e+02
3.194000000000000000e+03
1.020000000000000000e+03
4.402000000000000000e+03
1.633000000000000000e+03
4.182000000000000000e+03
1.758000000000000000e+03
2.839000000000000000e+03
1.204000000000000000e+03
1.800000000000000000e+02
7.050000000000000000e+02
1.657000000000000000e+03
4.639000000000000000e+03
2.974000000000000000e+03
4.206000000000000000e+03
1.888000000000000000e+03
6.460000000000000000e+02
1.542000000000000000e+03
1.687000000000000000e+03
4.221000000000000000e+03
2.230000000000000000e+02
2.382000000000000000e+03
1.028000000000000000e+03
2.246000000000000000e+03
2.932000000000000000e+03
3.394000000000000000e+03
3.440000000000000000e+02
3.400000000000000000e+02
1.667000000000000000e+03
6.210000000000000000e+02
3.756000000000000000e+03
4.710000000000000000e+02
1.221000000000000000e+03
1.036000000000000000e+03
1.321000000000000000e+03
2.155000000000000000e+03
9.520000000000000000e+02
2.783000000000000000e+03
2.800000000000000000e+03
4.454000000000000000e+03
4.375000000000000000e+03
9.180000000000000000e+02
5.500000000000000000e+02
1.512000000000000000e+03
3.243000000000000000e+03
3.946000000000000000e+03
3.724000000000000000e+03
2.790000000000000000e+03
2.120000000000000000e+03
4.011000000000000000e+03
3.348000000000000000e+03
2.180000000000000000e+02
2.143000000000000000e+03
5.980000000000000000e+02
4.494000000000000000e+03
2.930000000000000000e+02
1.663000000000000000e+03
4.209000000000000000e+03
1.651000000000000000e+03
3.637000000000000000e+03
2.830000000000000000e+03
2.544000000000000000e+03
2.947000000000000000e+03
1.801000000000000000e+03
3.492000000000000000e+03
2.753000000000000000e+03
2.435000000000000000e+03
9.770000000000000000e+02
3.120000000000000000e+03
4.690000000000000000e+03
7.720000000000000000e+02
4.816000000000000000e+03
3.528000000000000000e+03
3.154000000000000000e+03
1.472000000000000000e+03
3.006000000000000000e+03
3.999000000000000000e+03
4.190000000000000000e+02
4.088000000000000000e+03
1.185000000000000000e+03
1.640000000000000000e+02
4.049000000000000000e+03
1.108000000000000000e+03
1.802000000000000000e+03
4.390000000000000000e+02
2.322000000000000000e+03
3.944000000000000000e+03
4.500000000000000000e+03
1.528000000000000000e+03
4.526000000000000000e+03
2.577000000000000000e+03
1.532000000000000000e+03
2.795000000000000000e+03
3.719000000000000000e+03
4.478000000000000000e+03
4.616000000000000000e+03
1.851000000000000000e+03
2.460000000000000000e+02
2.645000000000000000e+03
5.120000000000000000e+02
8.840000000000000000e+02
4.608000000000000000e+03
3.340000000000000000e+02
6.710000000000000000e+02
4.269000000000000000e+03
7.390000000000000000e+02
6.700000000000000000e+01
4.794000000000000000e+03
2.425000000000000000e+03
3.806000000000000000e+03
2.678000000000000000e+03
1.743000000000000000e+03
8.000000000000000000e+02
3.545000000000000000e+03
1.067000000000000000e+03
4.938000000000000000e+03
1.392000000000000000e+03
1.578000000000000000e+03
4.360000000000000000e+02
2.102000000000000000e+03
2.253000000000000000e+03
1.949000000000000000e+03
2.921000000000000000e+03
4.079000000000000000e+03
3.580000000000000000e+03
1.118000000000000000e+03
1.410000000000000000e+03
4.248000000000000000e+03
2.014000000000000000e+03
2.466000000000000000e+03
2.129000000000000000e+03
3.085000000000000000e+03
1.310000000000000000e+03
2.345000000000000000e+03
5.760000000000000000e+02
1.726000000000000000e+03
1.600000000000000000e+02
8.480000000000000000e+02
2.593000000000000000e+03
4.252000000000000000e+03
2.720000000000000000e+02
5.730000000000000000e+02
1.922000000000000000e+03
3.205000000000000000e+03
1.546000000000000000e+03
2.222000000000000000e+03
2.809000000000000000e+03
4.472000000000000000e+03
9.750000000000000000e+02
3.589000000000000000e+03
4.429000000000000000e+03
5.050000000000000000e+02
7.840000000000000000e+02
1.910000000000000000e+02
1.375000000000000000e+03
2.024000000000000000e+03
3.389000000000000000e+03
4.187000000000000000e+03
2.706000000000000000e+03
7.610000000000000000e+02
4.593000000000000000e+03
2.951000000000000000e+03
5.800000000000000000e+02
4.130000000000000000e+02
8.320000000000000000e+02
7.360000000000000000e+02
2.284000000000000000e+03
2.757000000000000000e+03
2.981000000000000000e+03
3.935000000000000000e+03
1.139000000000000000e+03
3.029000000000000000e+03
3.490000000000000000e+02
2.330000000000000000e+02
4.693000000000000000e+03
4.577000000000000000e+03
4.534000000000000000e+03
6.000000000000000000e+02
2.508000000000000000e+03
4.710000000000000000e+03
2.618000000000000000e+03
1.958000000000000000e+03
3.997000000000000000e+03
1.180000000000000000e+02
1.220000000000000000e+02
4.786000000000000000e+03
1.824000000000000000e+03
1.360000000000000000e+02
7.290000000000000000e+02
1.911000000000000000e+03
2.987000000000000000e+03
4.111000000000000000e+03
3.740000000000000000e+03
3.588000000000000000e+03
2.413000000000000000e+03
5.770000000000000000e+02
4.659000000000000000e+03
4.080000000000000000e+02
3.878000000000000000e+03
3.750000000000000000e+03
3.604000000000000000e+03
1.860000000000000000e+02
4.319000000000000000e+03
1.550000000000000000e+03
3.254000000000000000e+03
3.900000000000000000e+01
2.198000000000000000e+03
3.839000000000000000e+03
1.279000000000000000e+03
9.680000000000000000e+02
1.590000000000000000e+03
1.880000000000000000e+03
2.212000000000000000e+03
4.626000000000000000e+03
3.986000000000000000e+03
3.107000000000000000e+03
2.920000000000000000e+02
4.831000000000000000e+03
3.232000000000000000e+03
2.664000000000000000e+03
3.990000000000000000e+02
4.351000000000000000e+03
4.550000000000000000e+02
2.037000000000000000e+03
3.315000000000000000e+03
3.449000000000000000e+03
3.426000000000000000e+03
4.040000000000000000e+02
9.810000000000000000e+02
3.429000000000000000e+03
4.108000000000000000e+03
2.990000000000000000e+02
1.303000000000000000e+03
4.060000000000000000e+02
3.654000000000000000e+03
3.549000000000000000e+03
1.767000000000000000e+03
2.992000000000000000e+03
8.660000000000000000e+02
3.960000000000000000e+02
3.275000000000000000e+03
4.828000000000000000e+03
1.897000000000000000e+03
1.584000000000000000e+03
4.280000000000000000e+02
7.400000000000000000e+01
2.590000000000000000e+03
4.315000000000000000e+03
4.434000000000000000e+03
2.999000000000000000e+03
3.743000000000000000e+03
4.270000000000000000e+03
2.096000000000000000e+03
2.275000000000000000e+03
3.167000000000000000e+03
6.500000000000000000e+02
3.309000000000000000e+03
2.359000000000000000e+03
4.114000000000000000e+03
1.398000000000000000e+03
6.930000000000000000e+02
2.486000000000000000e+03
1.729000000000000000e+03
1.251000000000000000e+03
2.519000000000000000e+03
6.430000000000000000e+02
3.851000000000000000e+03
8.800000000000000000e+01
1.602000000000000000e+03
3.095000000000000000e+03
3.109000000000000000e+03
1.623000000000000000e+03
1.060000000000000000e+02
3.435000000000000000e+03
1.407000000000000000e+03
1.475000000000000000e+03
4.290000000000000000e+03
2.623000000000000000e+03
2.489000000000000000e+03
2.566000000000000000e+03
4.306000000000000000e+03
1.854000000000000000e+03
5.700000000000000000e+02
4.250000000000000000e+02
3.741000000000000000e+03
3.281000000000000000e+03
4.980000000000000000e+02
4.975000000000000000e+03
2.105000000000000000e+03
2.731000000000000000e+03
2.855000000000000000e+03
2.641000000000000000e+03
1.678000000000000000e+03
4.897000000000000000e+03
3.313000000000000000e+03
2.156000000000000000e+03
4.110000000000000000e+02
4.763000000000000000e+03
4.476000000000000000e+03
5.040000000000000000e+02
3.616000000000000000e+03
4.930000000000000000e+03
6.470000000000000000e+02
6.000000000000000000e+00
2.255000000000000000e+03
4.681000000000000000e+03
3.803000000000000000e+03
3.696000000000000000e+03
4.196000000000000000e+03
2.310000000000000000e+03
2.112000000000000000e+03
4.376000000000000000e+03
4.132000000000000000e+03
8.270000000000000000e+02
2.034000000000000000e+03
2.342000000000000000e+03
3.345000000000000000e+03
1.797000000000000000e+03
8.530000000000000000e+02
3.919000000000000000e+03
2.549000000000000000e+03
3.192000000000000000e+03
3.473000000000000000e+03
2.254000000000000000e+03
2.850000000000000000e+02
2.283000000000000000e+03
1.432000000000000000e+03
2.786000000000000000e+03
2.814000000000000000e+03
9.410000000000000000e+02
1.354000000000000000e+03
4.761000000000000000e+03
4.840000000000000000e+02
4.989000000000000000e+03
2.114000000000000000e+03
1.296000000000000000e+03
2.620000000000000000e+03
3.610000000000000000e+03
3.891000000000000000e+03
3.040000000000000000e+03
2.931000000000000000e+03
1.920000000000000000e+02
3.969000000000000000e+03
3.991000000000000000e+03
4.949000000000000000e+03
3.236000000000000000e+03
3.829000000000000000e+03
9.690000000000000000e+02
4.512000000000000000e+03
1.766000000000000000e+03
2.887000000000000000e+03
3.483000000000000000e+03
1.258000000000000000e+03
4.033000000000000000e+03
3.297000000000000000e+03
9.840000000000000000e+02
1.233000000000000000e+03
4.854000000000000000e+03
1.549000000000000000e+03
3.461000000000000000e+03
6.410000000000000000e+02
4.766000000000000000e+03
1.000000000000000000e+01
3.279000000000000000e+03
7.100000000000000000e+02
1.100000000000000000e+02
4.214000000000000000e+03
9.580000000000000000e+02
9.290000000000000000e+02
6.760000000000000000e+02
1.942000000000000000e+03
2.513000000000000000e+03
2.467000000000000000e+03
1.883000000000000000e+03
2.458000000000000000e+03
4.065000000000000000e+03
2.819000000000000000e+03
1.974000000000000000e+03
2.218000000000000000e+03
6.300000000000000000e+02
7.980000000000000000e+02
6.270000000000000000e+02
4.887000000000000000e+03
1.890000000000000000e+03
3.023000000000000000e+03
4.055000000000000000e+03
3.450000000000000000e+03
4.174000000000000000e+03
1.357000000000000000e+03
2.962000000000000000e+03
2.115000000000000000e+03
3.314000000000000000e+03
2.052000000000000000e+03
1.001000000000000000e+03
1.691000000000000000e+03
1.411000000000000000e+03
3.160000000000000000e+03
4.726000000000000000e+03
1.560000000000000000e+03
7.790000000000000000e+02
3.893000000000000000e+03
5.100000000000000000e+01
2.760000000000000000e+03
4.372000000000000000e+03
4.301000000000000000e+03
