4.344000000000000000e+03
3.642000000000000000e+03
3.039000000000000000e+03
3.619000000000000000e+03
1.940000000000000000e+02
4.092000000000000000e+03
2.170000000000000000e+02
2.079000000000000000e+03
2.069000000000000000e+03
4.016000000000000000e+03
2.886000000000000000e+03
1.963000000000000000e+03
3.119000000000000000e+03
8.670000000000000000e+02
4.657000000000000000e+03
1.897000000000000000e+03
1.524000000000000000e+03
3.018000000000000000e+03
3.934000000000000000e+03
1.737000000000000000e+03
1.577000000000000000e+03
3.456000000000000000e+03
4.204000000000000000e+03
3.897000000000000000e+03
1.863000000000000000e+03
4.047000000000000000e+03
1.858000000000000000e+03
2.827000000000000000e+03
8.800000000000000000e+02
2.017000000000000000e+03
4.713000000000000000e+03
2.001000000000000000e+03
2.049000000000000000e+03
6.950000000000000000e+02
1.550000000000000000e+02
2.388000000000000000e+03
4.580000000000000000e+02
2.014000000000000000e+03
3.131000000000000000e+03
4.468000000000000000e+03
3.069000000000000000e+03
3.193000000000000000e+03
2.959000000000000000e+03
3.082000000000000000e+03
2.391000000000000000e+03
1.071000000000000000e+03
2.831000000000000000e+03
3.712000000000000000e+03
3.174000000000000000e+03
4.934000000000000000e+03
3.471000000000000000e+03
3.550000000000000000e+02
4.830000000000000000e+02
3.190000000000000000e+03
4.449000000000000000e+03
1.686000000000000000e+03
2.030000000000000000e+03
3.620000000000000000e+02
1.987000000000000000e+03
4.181000000000000000e+03
2.626000000000000000e+03
1.354000000000000000e+03
2.406000000000000000e+03
2.400000000000000000e+03
2.945000000000000000e+03
4.843000000000000000e+03
4.377000000000000000e+03
4.918000000000000000e+03
2.359000000000000000e+03
1.196000000000000000e+03
4.138000000000000000e+03
2.251000000000000000e+03
4.314000000000000000e+03
4.251000000000000000e+03
9.160000000000000000e+02
3.427000000000000000e+03
2.639000000000000000e+03
3.577000000000000000e+03
1.746000000000000000e+03
4.792000000000000000e+03
8.570000000000000000e+02
1.727000000000000000e+03
1.734000000000000000e+03
3.034000000000000000e+03
3.137000000000000000e+03
2.000000000000000000e+00
2.381000000000000000e+03
1.517000000000000000e+03
4.767000000000000000e+03
2.958000000000000000e+03
2.060000000000000000e+02
4.980000000000000000e+03
2.796000000000000000e+03
1.418000000000000000e+03
1.833000000000000000e+03
1.246000000000000000e+03
2.184000000000000000e+03
3.122000000000000000e+03
2.660000000000000000e+03
5.230000000000000000e+02
2.194000000000000000e+03
6.060000000000000000e+02
1.042000000000000000e+03
8.560000000000000000e+02
1.548000000000000000e+03
4.944000000000000000e+03
4.486000000000000000e+03
1.751000000000000000e+03
4.200000000000000000e+02
7.310000000000000000e+02
3.515000000000000000e+03
7.900000000000000000e+01
2.933000000000000000e+03
2.525000000000000000e+03
2.310000000000000000e+03
2.407000000000000000e+03
2.293000000000000000e+03
4.677000000000000000e+03
4.360000000000000000e+03
1.271000000000000000e+03
4.597000000000000000e+03
7.670000000000000000e+02
2.580000000000000000e+02
5.600000000000000000e+02
2.829000000000000000e+03
5.250000000000000000e+02
8.820000000000000000e+02
8.480000000000000000e+02
1.279000000000000000e+03
5.850000000000000000e+02
1.138000000000000000e+03
1.038000000000000000e+03
4.490000000000000000e+03
7.190000000000000000e+02
2.751000000000000000e+03
2.379000000000000000e+03
7.180000000000000000e+02
4.772000000000000000e+03
7.330000000000000000e+02
4.590000000000000000e+02
4.305000000000000000e+03
1.073000000000000000e+03
4.247000000000000000e+03
1.079000000000000000e+03
9.900000000000000000e+02
6.260000000000000000e+02
2.358000000000000000e+03
4.221000000000000000e+03
3.314000000000000000e+03
3.325000000000000000e+03
4.773000000000000000e+03
1.906000000000000000e+03
4.720000000000000000e+03
3.621000000000000000e+03
1.641000000000000000e+03
3.997000000000000000e+03
1.411000000000000000e+03
4.001000000000000000e+03
2.936000000000000000e+03
1.599000000000000000e+03
2.056000000000000000e+03
1.406000000000000000e+03
1.816000000000000000e+03
4.948000000000000000e+03
2.187000000000000000e+03
2.169000000000000000e+03
2.120000000000000000e+03
2.875000000000000000e+03
9.650000000000000000e+02
2.625000000000000000e+03
4.332000000000000000e+03
1.116000000000000000e+03
2.334000000000000000e+03
2.495000000000000000e+03
3.670000000000000000e+03
1.006000000000000000e+03
9.660000000000000000e+02
2.461000000000000000e+03
1.763000000000000000e+03
1.614000000000000000e+03
3.560000000000000000e+03
1.530000000000000000e+03
2.928000000000000000e+03
4.476000000000000000e+03
2.759000000000000000e+03
2.467000000000000000e+03
4.174000000000000000e+03
2.037000000000000000e+03
4.770000000000000000e+02
3.777000000000000000e+03
1.929000000000000000e+03
2.897000000000000000e+03
4.945000000000000000e+03
2.274000000000000000e+03
3.630000000000000000e+02
4.430000000000000000e+02
4.906000000000000000e+03
4.580000000000000000e+03
3.130000000000000000e+02
4.605000000000000000e+03
2.785000000000000000e+03
7.570000000000000000e+02
4.387000000000000000e+03
1.657000000000000000e+03
5.140000000000000000e+02
3.985000000000000000e+03
4.857000000000000000e+03
4.819000000000000000e+03
4.588000000000000000e+03
3.133000000000000000e+03
2.610000000000000000e+02
1.966000000000000000e+03
4.997000000000000000e+03
3.417000000000000000e+03
3.525000000000000000e+03
3.330000000000000000e+02
3.990000000000000000e+02
2.179000000000000000e+03
4.032000000000000000e+03
3.905000000000000000e+03
3.947000000000000000e+03
3.659000000000000000e+03
1.028000000000000000e+03
3.020000000000000000e+02
4.319000000000000000e+03
3.188000000000000000e+03
1.992000000000000000e+03
3.180000000000000000e+02
1.512000000000000000e+03
4.452000000000000000e+03
1.432000000000000000e+03
2.302000000000000000e+03
4.977000000000000000e+03
3.920000000000000000e+02
4.228000000000000000e+03
1.917000000000000000e+03
3.102000000000000000e+03
1.218000000000000000e+03
1.488000000000000000e+03
3.603000000000000000e+03
2.675000000000000000e+03
2.600000000000000000e+01
2.678000000000000000e+03
3.600000000000000000e+03
2.736000000000000000e+03
2.160000000000000000e+02
4.922000000000000000e+03
4.844000000000000000e+03
1.403000000000000000e+03
4.715000000000000000e+03
3.388000000000000000e+03
5.620000000000000000e+02
7.520000000000000000e+02
1.740000000000000000e+02
3.020000000000000000e+03
4.796000000000000000e+03
4.741000000000000000e+03
2.888000000000000000e+03
3.091000000000000000e+03
4.558000000000000000e+03
1.012000000000000000e+03
4.276000000000000000e+03
2.220000000000000000e+02
5.800000000000000000e+02
4.362000000000000000e+03
5.430000000000000000e+02
1.478000000000000000e+03
3.042000000000000000e+03
2.972000000000000000e+03
3.970000000000000000e+02
3.608000000000000000e+03
7.700000000000000000e+02
4.874000000000000000e+03
2.537000000000000000e+03
1.063000000000000000e+03
2.549000000000000000e+03
2.834000000000000000e+03
2.994000000000000000e+03
3.720000000000000000e+03
2.405000000000000000e+03
2.557000000000000000e+03
6.750000000000000000e+02
4.530000000000000000e+03
2.583000000000000000e+03
4.834000000000000000e+03
4.555000000000000000e+03
4.870000000000000000e+02
4.950000000000000000e+02
4.557000000000000000e+03
3.277000000000000000e+03
4.908000000000000000e+03
3.593000000000000000e+03
4.508000000000000000e+03
2.087000000000000000e+03
3.280000000000000000e+02
2.996000000000000000e+03
1.820000000000000000e+03
1.937000000000000000e+03
1.482000000000000000e+03
3.782000000000000000e+03
2.020000000000000000e+02
3.124000000000000000e+03
1.829000000000000000e+03
4.852000000000000000e+03
2.607000000000000000e+03
4.258000000000000000e+03
1.060000000000000000e+03
3.938000000000000000e+03
2.100000000000000000e+03
3.681000000000000000e+03
9.000000000000000000e+01
3.323000000000000000e+03
4.002000000000000000e+03
4.058000000000000000e+03
1.707000000000000000e+03
3.209000000000000000e+03
1.901000000000000000e+03
3.805000000000000000e+03
3.806000000000000000e+03
3.639000000000000000e+03
2.679000000000000000e+03
1.240000000000000000e+03
3.809000000000000000e+03
4.994000000000000000e+03
3.185000000000000000e+03
7.000000000000000000e+00
1.788000000000000000e+03
2.041000000000000000e+03
3.823000000000000000e+03
9.180000000000000000e+02
4.961000000000000000e+03
2.667000000000000000e+03
3.531000000000000000e+03
1.762000000000000000e+03
1.886000000000000000e+03
2.173000000000000000e+03
3.269000000000000000e+03
1.773000000000000000e+03
7.240000000000000000e+02
1.636000000000000000e+03
2.324000000000000000e+03
3.663000000000000000e+03
3.239000000000000000e+03
3.430000000000000000e+02
3.211000000000000000e+03
2.131000000000000000e+03
4.824000000000000000e+03
4.737000000000000000e+03
1.993000000000000000e+03
1.890000000000000000e+03
2.640000000000000000e+02
7.620000000000000000e+02
3.557000000000000000e+03
2.183000000000000000e+03
4.158000000000000000e+03
4.897000000000000000e+03
2.685000000000000000e+03
8.620000000000000000e+02
2.688000000000000000e+03
4.240000000000000000e+02
1.500000000000000000e+02
7.770000000000000000e+02
4.422000000000000000e+03
4.007000000000000000e+03
1.709000000000000000e+03
1.503000000000000000e+03
1.192000000000000000e+03
1.780000000000000000e+03
5.830000000000000000e+02
1.487000000000000000e+03
2.375000000000000000e+03
4.921000000000000000e+03
2.113000000000000000e+03
2.361000000000000000e+03
1.481000000000000000e+03
2.725000000000000000e+03
4.780000000000000000e+03
4.859000000000000000e+03
1.864000000000000000e+03
4.291000000000000000e+03
3.033000000000000000e+03
2.987000000000000000e+03
3.800000000000000000e+01
1.457000000000000000e+03
3.443000000000000000e+03
9.870000000000000000e+02
3.168000000000000000e+03
2.346000000000000000e+03
4.439000000000000000e+03
2.238000000000000000e+03
9.530000000000000000e+02
3.460000000000000000e+02
4.913000000000000000e+03
5.670000000000000000e+02
3.686000000000000000e+03
8.250000000000000000e+02
1.615000000000000000e+03
6.800000000000000000e+02
2.874000000000000000e+03
3.309000000000000000e+03
2.645000000000000000e+03
3.954000000000000000e+03
4.059000000000000000e+03
1.603000000000000000e+03
9.960000000000000000e+02
4.716000000000000000e+03
1.683000000000000000e+03
2.940000000000000000e+02
4.085000000000000000e+03
3.635000000000000000e+03
2.505000000000000000e+03
4.900000000000000000e+02
1.750000000000000000e+03
2.661000000000000000e+03
1.555000000000000000e+03
1.142000000000000000e+03
4.676000000000000000e+03
4.920000000000000000e+03
4.352000000000000000e+03
3.893000000000000000e+03
1.850000000000000000e+03
1.420000000000000000e+03
8.690000000000000000e+02
4.532000000000000000e+03
4.354000000000000000e+03
4.374000000000000000e+03
2.210000000000000000e+02
3.640000000000000000e+02
1.027000000000000000e+03
2.723000000000000000e+03
3.206000000000000000e+03
3.987000000000000000e+03
1.174000000000000000e+03
5.300000000000000000e+01
1.166000000000000000e+03
2.057000000000000000e+03
2.025000000000000000e+03
7.010000000000000000e+02
3.570000000000000000e+02
2.115000000000000000e+03
2.027000000000000000e+03
3.056000000000000000e+03
5.870000000000000000e+02
4.600000000000000000e+01
1.600000000000000000e+03
1.331000000000000000e+03
4.309000000000000000e+03
8.130000000000000000e+02
9.520000000000000000e+02
4.029000000000000000e+03
3.581000000000000000e+03
3.400000000000000000e+01
2.202000000000000000e+03
9.200000000000000000e+01
6.490000000000000000e+02
4.006000000000000000e+03
3.343000000000000000e+03
4.889000000000000000e+03
3.779000000000000000e+03
3.926000000000000000e+03
5.270000000000000000e+02
1.448000000000000000e+03
3.871000000000000000e+03
4.057000000000000000e+03
4.751000000000000000e+03
5.540000000000000000e+02
4.835000000000000000e+03
1.630000000000000000e+02
4.025000000000000000e+03
1.300000000000000000e+02
4.143000000000000000e+03
2.494000000000000000e+03
1.096000000000000000e+03
2.918000000000000000e+03
3.470000000000000000e+02
4.083000000000000000e+03
3.436000000000000000e+03
3.591000000000000000e+03
4.930000000000000000e+02
4.492000000000000000e+03
5.220000000000000000e+02
3.301000000000000000e+03
7.150000000000000000e+02
3.321000000000000000e+03
3.140000000000000000e+03
4.653000000000000000e+03
2.578000000000000000e+03
1.648000000000000000e+03
4.270000000000000000e+03
4.668000000000000000e+03
1.231000000000000000e+03
3.125000000000000000e+03
2.476000000000000000e+03
3.662000000000000000e+03
4.444000000000000000e+03
2.629000000000000000e+03
2.329000000000000000e+03
1.119000000000000000e+03
2.100000000000000000e+02
3.570000000000000000e+03
4.514000000000000000e+03
4.690000000000000000e+03
4.210000000000000000e+02
3.991000000000000000e+03
2.947000000000000000e+03
6.020000000000000000e+02
1.560000000000000000e+03
3.167000000000000000e+03
4.169000000000000000e+03
3.428000000000000000e+03
1.450000000000000000e+02
1.800000000000000000e+02
2.474000000000000000e+03
9.690000000000000000e+02
4.501000000000000000e+03
2.955000000000000000e+03
1.713000000000000000e+03
2.740000000000000000e+03
1.710000000000000000e+02
3.889000000000000000e+03
2.782000000000000000e+03
1.672000000000000000e+03
1.124000000000000000e+03
4.223000000000000000e+03
1.327000000000000000e+03
3.024000000000000000e+03
3.310000000000000000e+02
2.490000000000000000e+03
3.045000000000000000e+03
6.310000000000000000e+02
2.599000000000000000e+03
1.153000000000000000e+03
2.590000000000000000e+03
3.646000000000000000e+03
1.980000000000000000e+03
3.959000000000000000e+03
2.818000000000000000e+03
2.784000000000000000e+03
1.241000000000000000e+03
6.290000000000000000e+02
5.010000000000000000e+02
2.567000000000000000e+03
4.896000000000000000e+03
2.729000000000000000e+03
3.989000000000000000e+03
2.650000000000000000e+03
1.755000000000000000e+03
4.485000000000000000e+03
1.752000000000000000e+03
3.651000000000000000e+03
1.091000000000000000e+03
4.984000000000000000e+03
4.027000000000000000e+03
2.735000000000000000e+03
7.870000000000000000e+02
1.156000000000000000e+03
4.914000000000000000e+03
4.425000000000000000e+03
2.730000000000000000e+03
9.770000000000000000e+02
9.470000000000000000e+02
5.590000000000000000e+02
1.015000000000000000e+03
2.937000000000000000e+03
6.300000000000000000e+01
8.640000000000000000e+02
1.312000000000000000e+03
3.452000000000000000e+03
4.714000000000000000e+03
2.649000000000000000e+03
4.186000000000000000e+03
4.905000000000000000e+03
2.177000000000000000e+03
2.760000000000000000e+03
4.567000000000000000e+03
4.700000000000000000e+03
1.088000000000000000e+03
2.365000000000000000e+03
1.168000000000000000e+03
2.502000000000000000e+03
2.390000000000000000e+02
3.641000000000000000e+03
2.263000000000000000e+03
4.569000000000000000e+03
4.510000000000000000e+02
4.658000000000000000e+03
1.216000000000000000e+03
4.285000000000000000e+03
4.660000000000000000e+02
5.890000000000000000e+02
8.850000000000000000e+02
4.068000000000000000e+03
1.698000000000000000e+03
2.717000000000000000e+03
4.176000000000000000e+03
4.274000000000000000e+03
3.276000000000000000e+03
3.169000000000000000e+03
5.560000000000000000e+02
4.524000000000000000e+03
3.700000000000000000e+01
1.400000000000000000e+03
2.577000000000000000e+03
3.127000000000000000e+03
1.423000000000000000e+03
3.053000000000000000e+03
2.426000000000000000e+03
3.405000000000000000e+03
6.930000000000000000e+02
3.971000000000000000e+03
8.540000000000000000e+02
2.500000000000000000e+03
4.471000000000000000e+03
3.313000000000000000e+03
1.520000000000000000e+03
4.729000000000000000e+03
4.746000000000000000e+03
2.872000000000000000e+03
4.302000000000000000e+03
4.507000000000000000e+03
1.708000000000000000e+03
3.485000000000000000e+03
8.760000000000000000e+02
1.002000000000000000e+03
4.457000000000000000e+03
4.529000000000000000e+03
1.815000000000000000e+03
2.853000000000000000e+03
2.230000000000000000e+03
1.702000000000000000e+03
3.371000000000000000e+03
2.877000000000000000e+03
2.635000000000000000e+03
4.574000000000000000e+03
4.778000000000000000e+03
4.472000000000000000e+03
5.530000000000000000e+02
7.130000000000000000e+02
4.790000000000000000e+02
2.008000000000000000e+03
4.160000000000000000e+03
2.340000000000000000e+02
3.490000000000000000e+03
3.183000000000000000e+03
1.684000000000000000e+03
2.453000000000000000e+03
3.904000000000000000e+03
1.653000000000000000e+03
7.460000000000000000e+02
3.111000000000000000e+03
2.765000000000000000e+03
8.950000000000000000e+02
3.199000000000000000e+03
1.383000000000000000e+03
4.404000000000000000e+03
2.954000000000000000e+03
2.653000000000000000e+03
1.190000000000000000e+02
3.707000000000000000e+03
2.839000000000000000e+03
1.031000000000000000e+03
2.402000000000000000e+03
4.106000000000000000e+03
4.260000000000000000e+02
2.170000000000000000e+03
3.713000000000000000e+03
1.380000000000000000e+02
3.453000000000000000e+03
6.090000000000000000e+02
1.297000000000000000e+03
3.258000000000000000e+03
3.500000000000000000e+02
1.961000000000000000e+03
4.640000000000000000e+03
4.520000000000000000e+03
5.020000000000000000e+02
3.060000000000000000e+03
2.341000000000000000e+03
1.836000000000000000e+03
8.580000000000000000e+02
4.056000000000000000e+03
2.128000000000000000e+03
3.265000000000000000e+03
1.519000000000000000e+03
2.138000000000000000e+03
1.394000000000000000e+03
9.000000000000000000e+00
4.706000000000000000e+03
2.513000000000000000e+03
1.994000000000000000e+03
2.552000000000000000e+03
3.701000000000000000e+03
2.791000000000000000e+03
2.496000000000000000e+03
9.540000000000000000e+02
2.768000000000000000e+03
4.602000000000000000e+03
7.360000000000000000e+02
5.950000000000000000e+02
6.430000000000000000e+02
1.645000000000000000e+03
6.350000000000000000e+02
2.083000000000000000e+03
3.631000000000000000e+03
4.938000000000000000e+03
4.564000000000000000e+03
1.516000000000000000e+03
4.066000000000000000e+03
2.790000000000000000e+03
3.284000000000000000e+03
3.406000000000000000e+03
1.754000000000000000e+03
2.096000000000000000e+03
3.754000000000000000e+03
3.000000000000000000e+01
1.633000000000000000e+03
3.650000000000000000e+03
2.674000000000000000e+03
4.149000000000000000e+03
3.221000000000000000e+03
4.560000000000000000e+02
2.981000000000000000e+03
7.000000000000000000e+01
2.977000000000000000e+03
2.590000000000000000e+02
2.739000000000000000e+03
1.289000000000000000e+03
2.417000000000000000e+03
3.978000000000000000e+03
7.490000000000000000e+02
1.837000000000000000e+03
1.090000000000000000e+03
1.407000000000000000e+03
1.777000000000000000e+03
3.637000000000000000e+03
4.190000000000000000e+02
6.600000000000000000e+02
1.826000000000000000e+03
1.333000000000000000e+03
3.840000000000000000e+03
3.393000000000000000e+03
4.266000000000000000e+03
8.400000000000000000e+01
5.610000000000000000e+02
7.900000000000000000e+02
1.007000000000000000e+03
6.040000000000000000e+02
3.529000000000000000e+03
3.395000000000000000e+03
1.099000000000000000e+03
5.080000000000000000e+02
1.039000000000000000e+03
4.522000000000000000e+03
3.691000000000000000e+03
2.445000000000000000e+03
4.509000000000000000e+03
2.019000000000000000e+03
4.920000000000000000e+02
1.485000000000000000e+03
7.210000000000000000e+02
2.925000000000000000e+03
1.090000000000000000e+02
4.860000000000000000e+02
3.273000000000000000e+03
2.205000000000000000e+03
1.471000000000000000e+03
8.610000000000000000e+02
1.157000000000000000e+03
4.838000000000000000e+03
4.659000000000000000e+03
4.853000000000000000e+03
4.484000000000000000e+03
2.823000000000000000e+03
4.432000000000000000e+03
3.241000000000000000e+03
1.529000000000000000e+03
1.530000000000000000e+02
4.487000000000000000e+03
4.618000000000000000e+03
1.761000000000000000e+03
6.180000000000000000e+02
2.579000000000000000e+03
1.501000000000000000e+03
2.606000000000000000e+03
1.995000000000000000e+03
4.512000000000000000e+03
3.514000000000000000e+03
1.074000000000000000e+03
1.840000000000000000e+03
3.490000000000000000e+02
7.920000000000000000e+02
3.098000000000000000e+03
1.802000000000000000e+03
6.230000000000000000e+02
3.719000000000000000e+03
4.744000000000000000e+03
1.294000000000000000e+03
1.772000000000000000e+03
4.164000000000000000e+03
2.071000000000000000e+03
1.747000000000000000e+03
4.399000000000000000e+03
1.307000000000000000e+03
3.093000000000000000e+03
3.720000000000000000e+02
3.064000000000000000e+03
3.702000000000000000e+03
2.477000000000000000e+03
8.040000000000000000e+02
1.540000000000000000e+03
3.773000000000000000e+03
9.040000000000000000e+02
4.293000000000000000e+03
3.370000000000000000e+03
2.264000000000000000e+03
1.703000000000000000e+03
4.820000000000000000e+03
1.019000000000000000e+03
1.143000000000000000e+03
1.646000000000000000e+03
3.983000000000000000e+03
1.290000000000000000e+03
1.278000000000000000e+03
3.348000000000000000e+03
1.960000000000000000e+03
7.840000000000000000e+02
3.178000000000000000e+03
2.149000000000000000e+03
3.962000000000000000e+03
2.399000000000000000e+03
3.145000000000000000e+03
4.628000000000000000e+03
2.559000000000000000e+03
4.608000000000000000e+03
4.060000000000000000e+02
3.333000000000000000e+03
2.035000000000000000e+03
3.753000000000000000e+03
4.087000000000000000e+03
4.581000000000000000e+03
2.148000000000000000e+03
1.268000000000000000e+03
3.825000000000000000e+03
3.756000000000000000e+03
2.386000000000000000e+03
3.065000000000000000e+03
3.540000000000000000e+02
3.339000000000000000e+03
3.589000000000000000e+03
1.460000000000000000e+02
3.006000000000000000e+03
2.368000000000000000e+03
3.220000000000000000e+02
1.239000000000000000e+03
4.865000000000000000e+03
8.080000000000000000e+02
3.649000000000000000e+03
2.522000000000000000e+03
1.061000000000000000e+03
2.643000000000000000e+03
3.036000000000000000e+03
1.110000000000000000e+02
4.477000000000000000e+03
2.376000000000000000e+03
1.687000000000000000e+03
1.480000000000000000e+03
1.125000000000000000e+03
4.220000000000000000e+03
4.273000000000000000e+03
1.644000000000000000e+03
3.610000000000000000e+03
3.892000000000000000e+03
5.500000000000000000e+01
4.682000000000000000e+03
2.239000000000000000e+03
2.800000000000000000e+03
4.322000000000000000e+03
3.597000000000000000e+03
5.060000000000000000e+02
3.376000000000000000e+03
1.172000000000000000e+03
3.551000000000000000e+03
2.218000000000000000e+03
2.563000000000000000e+03
4.075000000000000000e+03
8.890000000000000000e+02
1.717000000000000000e+03
4.434000000000000000e+03
8.260000000000000000e+02
1.606000000000000000e+03
1.823000000000000000e+03
3.851000000000000000e+03
8.710000000000000000e+02
4.779000000000000000e+03
4.783000000000000000e+03
3.554000000000000000e+03
5.200000000000000000e+01
4.901000000000000000e+03
1.095000000000000000e+03
1.299000000000000000e+03
7.680000000000000000e+02
1.136000000000000000e+03
4.875000000000000000e+03
5.700000000000000000e+02
4.406000000000000000e+03
2.790000000000000000e+02
2.614000000000000000e+03
5.200000000000000000e+02
2.483000000000000000e+03
2.700000000000000000e+01
6.770000000000000000e+02
4.340000000000000000e+02
3.660000000000000000e+02
3.751000000000000000e+03
6.030000000000000000e+02
3.874000000000000000e+03
4.206000000000000000e+03
2.106000000000000000e+03
1.170000000000000000e+03
4.919000000000000000e+03
4.854000000000000000e+03
4.263000000000000000e+03
3.304000000000000000e+03
5.120000000000000000e+02
2.240000000000000000e+02
3.080000000000000000e+03
2.356000000000000000e+03
1.944000000000000000e+03
3.658000000000000000e+03
2.771000000000000000e+03
1.111000000000000000e+03
1.869000000000000000e+03
2.660000000000000000e+02
3.170000000000000000e+02
5.280000000000000000e+02
1.226000000000000000e+03
1.850000000000000000e+02
1.329000000000000000e+03
8.400000000000000000e+02
3.005000000000000000e+03
4.506000000000000000e+03
9.670000000000000000e+02
1.964000000000000000e+03
4.125000000000000000e+03
3.344000000000000000e+03
2.262000000000000000e+03
1.202000000000000000e+03
2.117000000000000000e+03
4.334000000000000000e+03
3.625000000000000000e+03
3.087000000000000000e+03
4.402000000000000000e+03
2.980000000000000000e+03
2.443000000000000000e+03
2.999000000000000000e+03
2.337000000000000000e+03
2.630000000000000000e+02
2.807000000000000000e+03
2.186000000000000000e+03
3.330000000000000000e+03
3.894000000000000000e+03
3.180000000000000000e+03
2.360000000000000000e+02
4.850000000000000000e+03
3.953000000000000000e+03
3.155000000000000000e+03
9.130000000000000000e+02
3.092000000000000000e+03
1.348000000000000000e+03
2.810000000000000000e+03
3.579000000000000000e+03
4.295000000000000000e+03
4.669000000000000000e+03
2.192000000000000000e+03
4.933000000000000000e+03
2.436000000000000000e+03
6.900000000000000000e+02
4.045000000000000000e+03
3.950000000000000000e+03
3.816000000000000000e+03
8.920000000000000000e+02
2.748000000000000000e+03
3.026000000000000000e+03
2.089000000000000000e+03
2.575000000000000000e+03
1.076000000000000000e+03
2.278000000000000000e+03
4.134000000000000000e+03
3.495000000000000000e+03
1.339000000000000000e+03
4.910000000000000000e+03
2.111000000000000000e+03
4.064000000000000000e+03
4.130000000000000000e+03
1.324000000000000000e+03
2.801000000000000000e+03
1.133000000000000000e+03
9.560000000000000000e+02
1.557000000000000000e+03
9.700000000000000000e+01
6.960000000000000000e+02
2.885000000000000000e+03
3.194000000000000000e+03
4.855000000000000000e+03
4.547000000000000000e+03
3.480000000000000000e+02
1.997000000000000000e+03
2.370000000000000000e+02
2.734000000000000000e+03
1.796000000000000000e+03
3.151000000000000000e+03
1.567000000000000000e+03
1.716000000000000000e+03
4.416000000000000000e+03
6.000000000000000000e+00
3.937000000000000000e+03
3.110000000000000000e+02
4.077000000000000000e+03
1.972000000000000000e+03
1.319000000000000000e+03
2.070000000000000000e+02
1.564000000000000000e+03
2.265000000000000000e+03
3.266000000000000000e+03
9.700000000000000000e+02
1.186000000000000000e+03
4.561000000000000000e+03
1.182000000000000000e+03
3.382000000000000000e+03
1.398000000000000000e+03
3.379000000000000000e+03
1.178000000000000000e+03
1.263000000000000000e+03
2.092000000000000000e+03
1.808000000000000000e+03
4.132000000000000000e+03
4.964000000000000000e+03
1.669000000000000000e+03
3.270000000000000000e+02
1.433000000000000000e+03
1.059000000000000000e+03
1.639000000000000000e+03
3.017000000000000000e+03
1.010000000000000000e+02
3.440000000000000000e+02
4.538000000000000000e+03
5.410000000000000000e+02
2.719000000000000000e+03
2.530000000000000000e+02
3.115000000000000000e+03
1.912000000000000000e+03
2.642000000000000000e+03
4.806000000000000000e+03
4.249000000000000000e+03
3.969000000000000000e+03
3.706000000000000000e+03
2.498000000000000000e+03
1.904000000000000000e+03
2.774000000000000000e+03
8.410000000000000000e+02
3.538000000000000000e+03
2.692000000000000000e+03
3.408000000000000000e+03
1.221000000000000000e+03
6.670000000000000000e+02
3.101000000000000000e+03
3.216000000000000000e+03
2.134000000000000000e+03
1.102000000000000000e+03
4.563000000000000000e+03
4.196000000000000000e+03
4.850000000000000000e+02
2.930000000000000000e+02
2.673000000000000000e+03
3.120000000000000000e+03
2.397000000000000000e+03
8.590000000000000000e+02
2.743000000000000000e+03
3.294000000000000000e+03
2.022000000000000000e+03
1.420000000000000000e+02
1.618000000000000000e+03
3.025000000000000000e+03
2.424000000000000000e+03
3.740000000000000000e+02
9.910000000000000000e+02
2.943000000000000000e+03
7.740000000000000000e+02
2.200000000000000000e+01
2.633000000000000000e+03
3.606000000000000000e+03
4.110000000000000000e+02
4.587000000000000000e+03
2.075000000000000000e+03
4.735000000000000000e+03
1.020000000000000000e+03
1.741000000000000000e+03
1.391000000000000000e+03
3.927000000000000000e+03
8.450000000000000000e+02
1.514000000000000000e+03
2.040000000000000000e+02
4.680000000000000000e+02
7.200000000000000000e+01
2.024000000000000000e+03
4.687000000000000000e+03
4.282000000000000000e+03
4.166000000000000000e+03
1.397000000000000000e+03
1.640000000000000000e+02
1.340000000000000000e+03
7.390000000000000000e+02
1.092000000000000000e+03
2.258000000000000000e+03
2.261000000000000000e+03
2.211000000000000000e+03
2.597000000000000000e+03
4.243000000000000000e+03
4.229000000000000000e+03
2.210000000000000000e+03
3.260000000000000000e+02
3.079000000000000000e+03
2.892000000000000000e+03
1.860000000000000000e+03
2.866000000000000000e+03
2.696000000000000000e+03
2.713000000000000000e+03
1.369000000000000000e+03
2.058000000000000000e+03
1.634000000000000000e+03
4.111000000000000000e+03
3.236000000000000000e+03
4.988000000000000000e+03
3.541000000000000000e+03
4.765000000000000000e+03
1.440000000000000000e+02
1.094000000000000000e+03
1.171000000000000000e+03
1.658000000000000000e+03
3.644000000000000000e+03
1.180000000000000000e+02
4.789000000000000000e+03
4.350000000000000000e+02
5.570000000000000000e+02
1.504000000000000000e+03
4.162000000000000000e+03
3.306000000000000000e+03
4.170000000000000000e+02
4.008000000000000000e+03
1.971000000000000000e+03
3.725000000000000000e+03
2.913000000000000000e+03
4.959000000000000000e+03
2.511000000000000000e+03
2.214000000000000000e+03
9.590000000000000000e+02
1.975000000000000000e+03
1.270000000000000000e+02
3.272000000000000000e+03
4.222000000000000000e+03
3.614000000000000000e+03
5.710000000000000000e+02
9.300000000000000000e+01
5.760000000000000000e+02
2.147000000000000000e+03
2.910000000000000000e+02
2.135000000000000000e+03
2.247000000000000000e+03
3.811000000000000000e+03
3.888000000000000000e+03
2.270000000000000000e+02
3.801000000000000000e+03
1.522000000000000000e+03
9.900000000000000000e+01
6.570000000000000000e+02
3.068000000000000000e+03
4.185000000000000000e+03
9.030000000000000000e+02
1.984000000000000000e+03
4.275000000000000000e+03
4.540000000000000000e+03
4.462000000000000000e+03
7.890000000000000000e+02
4.727000000000000000e+03
3.247000000000000000e+03
4.656000000000000000e+03
3.028000000000000000e+03
2.234000000000000000e+03
3.968000000000000000e+03
2.715000000000000000e+03
2.459000000000000000e+03
2.153000000000000000e+03
1.945000000000000000e+03
3.574000000000000000e+03
2.840000000000000000e+03
3.083000000000000000e+03
3.256000000000000000e+03
5.660000000000000000e+02
2.107000000000000000e+03
1.813000000000000000e+03
1.670000000000000000e+02
4.733000000000000000e+03
4.499000000000000000e+03
2.385000000000000000e+03
1.758000000000000000e+03
4.814000000000000000e+03
1.733000000000000000e+03
3.843000000000000000e+03
1.811000000000000000e+03
4.560000000000000000e+03
1.493000000000000000e+03
1.484000000000000000e+03
3.027000000000000000e+03
1.920000000000000000e+03
1.108000000000000000e+03
2.307000000000000000e+03
2.623000000000000000e+03
7.030000000000000000e+02
4.847000000000000000e+03
4.980000000000000000e+02
2.215000000000000000e+03
1.453000000000000000e+03
2.254000000000000000e+03
2.646000000000000000e+03
4.286000000000000000e+03
9.010000000000000000e+02
1.743000000000000000e+03
6.320000000000000000e+02
3.605000000000000000e+03
1.943000000000000000e+03
8.550000000000000000e+02
3.240000000000000000e+03
1.962000000000000000e+03
3.703000000000000000e+03
4.646000000000000000e+03
1.350000000000000000e+03
8.000000000000000000e+00
2.547000000000000000e+03
1.568000000000000000e+03
8.530000000000000000e+02
3.425000000000000000e+03
2.093000000000000000e+03
4.197000000000000000e+03
6.620000000000000000e+02
2.412000000000000000e+03
4.039000000000000000e+03
1.009000000000000000e+03
4.000000000000000000e+02
4.493000000000000000e+03
2.451000000000000000e+03
3.475000000000000000e+03
4.613000000000000000e+03
1.960000000000000000e+02
3.182000000000000000e+03
3.561000000000000000e+03
4.419000000000000000e+03
3.160000000000000000e+02
2.204000000000000000e+03
5.170000000000000000e+02
4.915000000000000000e+03
4.242000000000000000e+03
4.469000000000000000e+03
3.412000000000000000e+03
3.804000000000000000e+03
3.446000000000000000e+03
6.480000000000000000e+02
1.293000000000000000e+03
4.413000000000000000e+03
4.298000000000000000e+03
3.037000000000000000e+03
4.831000000000000000e+03
4.447000000000000000e+03
3.270000000000000000e+03
7.660000000000000000e+02
2.454000000000000000e+03
9.400000000000000000e+02
2.404000000000000000e+03
2.777000000000000000e+03
1.770000000000000000e+02
4.954000000000000000e+03
4.061000000000000000e+03
4.769000000000000000e+03
3.638000000000000000e+03
3.164000000000000000e+03
3.623000000000000000e+03
2.021000000000000000e+03
3.986000000000000000e+03
1.321000000000000000e+03
1.822000000000000000e+03
1.443000000000000000e+03
4.816000000000000000e+03
1.131000000000000000e+03
1.355000000000000000e+03
2.941000000000000000e+03
6.700000000000000000e+02
1.908000000000000000e+03
1.110000000000000000e+03
7.720000000000000000e+02
4.926000000000000000e+03
2.257000000000000000e+03
2.754000000000000000e+03
5.030000000000000000e+02
4.431000000000000000e+03
1.661000000000000000e+03
2.726000000000000000e+03
7.830000000000000000e+02
1.105000000000000000e+03
3.019000000000000000e+03
4.366000000000000000e+03
6.860000000000000000e+02
4.009000000000000000e+03
1.215000000000000000e+03
4.350000000000000000e+03
1.390000000000000000e+02
3.372000000000000000e+03
6.000000000000000000e+01
2.931000000000000000e+03
3.617000000000000000e+03
6.110000000000000000e+02
8.630000000000000000e+02
4.269000000000000000e+03
3.718000000000000000e+03
1.722000000000000000e+03
4.128000000000000000e+03
1.800000000000000000e+01
1.552000000000000000e+03
2.220000000000000000e+03
2.887000000000000000e+03
3.487000000000000000e+03
6.700000000000000000e+01
3.910000000000000000e+03
3.496000000000000000e+03
4.410000000000000000e+02
4.511000000000000000e+03
2.984000000000000000e+03
6.270000000000000000e+02
7.930000000000000000e+02
8.470000000000000000e+02
4.841000000000000000e+03
3.259000000000000000e+03
4.331000000000000000e+03
4.565000000000000000e+03
3.728000000000000000e+03
2.683000000000000000e+03
6.120000000000000000e+02
2.500000000000000000e+01
9.270000000000000000e+02
2.438000000000000000e+03
1.527000000000000000e+03
3.721000000000000000e+03
2.468000000000000000e+03
1.005000000000000000e+03
4.351000000000000000e+03
1.280000000000000000e+02
2.707000000000000000e+03
1.024000000000000000e+03
4.740000000000000000e+02
2.560000000000000000e+03
8.970000000000000000e+02
4.052000000000000000e+03
2.727000000000000000e+03
4.063000000000000000e+03
3.828000000000000000e+03
2.370000000000000000e+03
1.523000000000000000e+03
1.235000000000000000e+03
3.990000000000000000e+03
3.936000000000000000e+03
7.710000000000000000e+02
2.689000000000000000e+03
4.397000000000000000e+03
4.084000000000000000e+03
3.722000000000000000e+03
7.430000000000000000e+02
3.757000000000000000e+03
4.089000000000000000e+03
4.219000000000000000e+03
4.700000000000000000e+02
