8.040000000000000000e+02
1.133000000000000000e+03
4.627000000000000000e+03
2.700000000000000000e+01
2.481000000000000000e+03
7.550000000000000000e+02
2.366000000000000000e+03
4.227000000000000000e+03
2.721000000000000000e+03
2.501000000000000000e+03
3.613000000000000000e+03
4.398000000000000000e+03
9.000000000000000000e+01
1.399000000000000000e+03
9.290000000000000000e+02
3.820000000000000000e+02
5.620000000000000000e+02
9.520000000000000000e+02
1.256000000000000000e+03
6.620000000000000000e+02
2.561000000000000000e+03
1.043000000000000000e+03
2.786000000000000000e+03
2.642000000000000000e+03
3.801000000000000000e+03
1.699000000000000000e+03
5.080000000000000000e+02
1.756000000000000000e+03
9.720000000000000000e+02
3.213000000000000000e+03
1.779000000000000000e+03
4.334000000000000000e+03
4.308000000000000000e+03
1.344000000000000000e+03
8.150000000000000000e+02
2.251000000000000000e+03
2.064000000000000000e+03
2.042000000000000000e+03
4.503000000000000000e+03
3.556000000000000000e+03
1.924000000000000000e+03
4.816000000000000000e+03
3.700000000000000000e+03
2.454000000000000000e+03
4.598000000000000000e+03
1.503000000000000000e+03
1.856000000000000000e+03
3.252000000000000000e+03
1.527000000000000000e+03
4.905000000000000000e+03
2.372000000000000000e+03
2.726000000000000000e+03
3.968000000000000000e+03
4.224000000000000000e+03
1.373000000000000000e+03
1.254000000000000000e+03
1.052000000000000000e+03
2.527000000000000000e+03
3.614000000000000000e+03
2.091000000000000000e+03
3.504000000000000000e+03
4.355000000000000000e+03
3.160000000000000000e+02
6.880000000000000000e+02
8.490000000000000000e+02
4.803000000000000000e+03
2.349000000000000000e+03
2.932000000000000000e+03
2.018000000000000000e+03
2.017000000000000000e+03
3.301000000000000000e+03
4.760000000000000000e+02
3.886000000000000000e+03
4.181000000000000000e+03
1.263000000000000000e+03
1.059000000000000000e+03
4.765000000000000000e+03
9.330000000000000000e+02
4.124000000000000000e+03
3.773000000000000000e+03
3.794000000000000000e+03
2.180000000000000000e+03
2.713000000000000000e+03
2.257000000000000000e+03
1.611000000000000000e+03
3.621000000000000000e+03
4.813000000000000000e+03
2.756000000000000000e+03
1.896000000000000000e+03
4.804000000000000000e+03
4.347000000000000000e+03
4.100000000000000000e+01
3.788000000000000000e+03
2.750000000000000000e+03
4.468000000000000000e+03
1.772000000000000000e+03
2.765000000000000000e+03
4.455000000000000000e+03
4.616000000000000000e+03
4.806000000000000000e+03
4.418000000000000000e+03
1.582000000000000000e+03
4.720000000000000000e+02
4.450000000000000000e+03
3.108000000000000000e+03
4.747000000000000000e+03
6.490000000000000000e+02
3.484000000000000000e+03
5.720000000000000000e+02
3.403000000000000000e+03
2.524000000000000000e+03
4.884000000000000000e+03
3.308000000000000000e+03
1.327000000000000000e+03
3.893000000000000000e+03
1.264000000000000000e+03
1.964000000000000000e+03
1.398000000000000000e+03
1.265000000000000000e+03
1.280000000000000000e+02
2.382000000000000000e+03
7.240000000000000000e+02
3.000000000000000000e+02
3.349000000000000000e+03
1.651000000000000000e+03
3.030000000000000000e+03
1.942000000000000000e+03
9.890000000000000000e+02
4.379000000000000000e+03
1.284000000000000000e+03
1.041000000000000000e+03
6.970000000000000000e+02
2.170000000000000000e+02
4.614000000000000000e+03
7.640000000000000000e+02
1.737000000000000000e+03
2.585000000000000000e+03
2.230000000000000000e+03
1.775000000000000000e+03
3.271000000000000000e+03
7.100000000000000000e+02
3.524000000000000000e+03
4.577000000000000000e+03
4.210000000000000000e+02
4.111000000000000000e+03
4.080000000000000000e+02
6.310000000000000000e+02
2.069000000000000000e+03
2.079000000000000000e+03
1.360000000000000000e+03
5.890000000000000000e+02
4.863000000000000000e+03
3.430000000000000000e+03
4.529000000000000000e+03
4.580000000000000000e+03
1.423000000000000000e+03
3.927000000000000000e+03
1.841000000000000000e+03
1.885000000000000000e+03
1.800000000000000000e+03
8.410000000000000000e+02
3.300000000000000000e+02
4.469000000000000000e+03
4.167000000000000000e+03
4.594000000000000000e+03
1.910000000000000000e+03
6.990000000000000000e+02
3.582000000000000000e+03
1.124000000000000000e+03
1.137000000000000000e+03
1.479000000000000000e+03
1.004000000000000000e+03
1.725000000000000000e+03
5.950000000000000000e+02
2.820000000000000000e+03
2.408000000000000000e+03
2.903000000000000000e+03
3.116000000000000000e+03
3.600000000000000000e+01
4.000000000000000000e+00
2.849000000000000000e+03
4.959000000000000000e+03
3.234000000000000000e+03
3.324000000000000000e+03
3.176000000000000000e+03
3.173000000000000000e+03
4.932000000000000000e+03
3.268000000000000000e+03
2.909000000000000000e+03
4.819000000000000000e+03
2.367000000000000000e+03
4.140000000000000000e+02
3.767000000000000000e+03
3.217000000000000000e+03
1.019000000000000000e+03
4.922000000000000000e+03
4.492000000000000000e+03
1.151000000000000000e+03
2.758000000000000000e+03
3.000000000000000000e+01
4.360000000000000000e+02
7.860000000000000000e+02
3.489000000000000000e+03
3.012000000000000000e+03
4.031000000000000000e+03
1.722000000000000000e+03
4.799000000000000000e+03
3.666000000000000000e+03
3.790000000000000000e+02
2.956000000000000000e+03
4.339000000000000000e+03
1.237000000000000000e+03
1.348000000000000000e+03
1.180000000000000000e+02
4.417000000000000000e+03
3.040000000000000000e+02
2.405000000000000000e+03
1.911000000000000000e+03
8.430000000000000000e+02
7.060000000000000000e+02
1.340000000000000000e+02
1.394000000000000000e+03
4.480000000000000000e+02
4.996000000000000000e+03
3.228000000000000000e+03
2.134000000000000000e+03
1.024000000000000000e+03
3.840000000000000000e+03
3.076000000000000000e+03
3.583000000000000000e+03
2.398000000000000000e+03
1.088000000000000000e+03
3.307000000000000000e+03
4.201000000000000000e+03
2.071000000000000000e+03
1.107000000000000000e+03
5.520000000000000000e+02
3.161000000000000000e+03
5.920000000000000000e+02
3.110000000000000000e+02
5.570000000000000000e+02
2.750000000000000000e+02
3.107000000000000000e+03
1.853000000000000000e+03
1.460000000000000000e+02
2.854000000000000000e+03
6.740000000000000000e+02
3.612000000000000000e+03
1.565000000000000000e+03
3.889000000000000000e+03
4.917000000000000000e+03
1.046000000000000000e+03
4.268000000000000000e+03
9.490000000000000000e+02
4.293000000000000000e+03
2.506000000000000000e+03
3.103000000000000000e+03
1.686000000000000000e+03
4.926000000000000000e+03
8.350000000000000000e+02
1.748000000000000000e+03
4.565000000000000000e+03
1.760000000000000000e+02
2.144000000000000000e+03
2.898000000000000000e+03
3.608000000000000000e+03
2.340000000000000000e+03
1.419000000000000000e+03
2.930000000000000000e+03
1.249000000000000000e+03
1.782000000000000000e+03
1.325000000000000000e+03
3.167000000000000000e+03
2.587000000000000000e+03
1.474000000000000000e+03
7.040000000000000000e+02
3.674000000000000000e+03
2.361000000000000000e+03
3.571000000000000000e+03
3.760000000000000000e+02
8.030000000000000000e+02
4.657000000000000000e+03
2.818000000000000000e+03
2.952000000000000000e+03
3.222000000000000000e+03
1.711000000000000000e+03
1.535000000000000000e+03
2.641000000000000000e+03
2.028000000000000000e+03
3.257000000000000000e+03
3.580000000000000000e+02
1.451000000000000000e+03
2.365000000000000000e+03
1.110000000000000000e+02
4.048000000000000000e+03
4.693000000000000000e+03
1.580000000000000000e+02
4.057000000000000000e+03
2.761000000000000000e+03
3.511000000000000000e+03
1.887000000000000000e+03
1.470000000000000000e+03
4.260000000000000000e+03
1.421000000000000000e+03
1.200000000000000000e+03
1.365000000000000000e+03
2.427000000000000000e+03
8.200000000000000000e+01
3.179000000000000000e+03
3.391000000000000000e+03
1.660000000000000000e+02
4.814000000000000000e+03
2.460000000000000000e+02
2.694000000000000000e+03
4.324000000000000000e+03
4.828000000000000000e+03
4.646000000000000000e+03
3.763000000000000000e+03
2.791000000000000000e+03
3.597000000000000000e+03
2.945000000000000000e+03
1.321000000000000000e+03
1.925000000000000000e+03
8.770000000000000000e+02
1.955000000000000000e+03
4.243000000000000000e+03
8.940000000000000000e+02
2.720000000000000000e+03
3.777000000000000000e+03
1.842000000000000000e+03
2.568000000000000000e+03
4.454000000000000000e+03
4.067000000000000000e+03
1.497000000000000000e+03
1.751000000000000000e+03
1.092000000000000000e+03
2.146000000000000000e+03
2.412000000000000000e+03
3.950000000000000000e+03
4.537000000000000000e+03
4.730000000000000000e+03
6.190000000000000000e+02
4.557000000000000000e+03
2.589000000000000000e+03
3.667000000000000000e+03
1.814000000000000000e+03
3.623000000000000000e+03
3.980000000000000000e+03
3.110000000000000000e+03
3.087000000000000000e+03
2.244000000000000000e+03
3.579000000000000000e+03
2.692000000000000000e+03
4.012000000000000000e+03
2.851000000000000000e+03
4.493000000000000000e+03
2.950000000000000000e+03
1.011000000000000000e+03
1.400000000000000000e+02
4.710000000000000000e+02
1.014000000000000000e+03
1.606000000000000000e+03
4.520000000000000000e+02
3.513000000000000000e+03
4.690000000000000000e+02
2.287000000000000000e+03
2.904000000000000000e+03
3.499000000000000000e+03
4.259000000000000000e+03
2.254000000000000000e+03
3.875000000000000000e+03
3.066000000000000000e+03
1.530000000000000000e+03
3.360000000000000000e+03
6.000000000000000000e+01
2.210000000000000000e+02
4.960000000000000000e+03
4.264000000000000000e+03
9.410000000000000000e+02
3.850000000000000000e+02
1.255000000000000000e+03
2.188000000000000000e+03
4.178000000000000000e+03
4.534000000000000000e+03
4.521000000000000000e+03
4.579000000000000000e+03
2.881000000000000000e+03
6.890000000000000000e+02
6.940000000000000000e+02
7.310000000000000000e+02
1.900000000000000000e+01
7.480000000000000000e+02
4.605000000000000000e+03
4.175000000000000000e+03
4.424000000000000000e+03
4.400000000000000000e+03
8.280000000000000000e+02
4.370000000000000000e+03
2.997000000000000000e+03
9.310000000000000000e+02
4.650000000000000000e+03
4.274000000000000000e+03
2.686000000000000000e+03
4.570000000000000000e+02
1.104000000000000000e+03
8.200000000000000000e+02
4.085000000000000000e+03
3.998000000000000000e+03
1.446000000000000000e+03
3.305000000000000000e+03
1.427000000000000000e+03
1.619000000000000000e+03
3.594000000000000000e+03
3.622000000000000000e+03
3.633000000000000000e+03
1.843000000000000000e+03
1.839000000000000000e+03
1.834000000000000000e+03
1.522000000000000000e+03
3.650000000000000000e+02
2.482000000000000000e+03
2.910000000000000000e+02
1.743000000000000000e+03
3.880000000000000000e+03
1.716000000000000000e+03
2.414000000000000000e+03
1.573000000000000000e+03
3.759000000000000000e+03
1.597000000000000000e+03
1.695000000000000000e+03
3.214000000000000000e+03
3.188000000000000000e+03
1.973000000000000000e+03
1.929000000000000000e+03
3.169000000000000000e+03
3.354000000000000000e+03
3.515000000000000000e+03
2.070000000000000000e+03
3.411000000000000000e+03
3.151000000000000000e+03
1.950000000000000000e+02
9.200000000000000000e+01
3.454000000000000000e+03
1.385000000000000000e+03
3.315000000000000000e+03
2.145000000000000000e+03
1.275000000000000000e+03
3.142000000000000000e+03
8.000000000000000000e+01
1.997000000000000000e+03
4.029000000000000000e+03
9.120000000000000000e+02
3.237000000000000000e+03
1.467000000000000000e+03
4.350000000000000000e+02
1.187000000000000000e+03
1.795000000000000000e+03
1.191000000000000000e+03
3.803000000000000000e+03
4.118000000000000000e+03
8.270000000000000000e+02
4.034000000000000000e+03
3.877000000000000000e+03
3.829000000000000000e+03
2.940000000000000000e+03
3.762000000000000000e+03
2.600000000000000000e+03
2.980000000000000000e+03
1.216000000000000000e+03
1.981000000000000000e+03
1.556000000000000000e+03
2.169000000000000000e+03
4.297000000000000000e+03
2.353000000000000000e+03
2.165000000000000000e+03
2.544000000000000000e+03
4.086000000000000000e+03
4.028000000000000000e+03
3.963000000000000000e+03
5.730000000000000000e+02
3.088000000000000000e+03
1.000000000000000000e+00
2.021000000000000000e+03
7.750000000000000000e+02
1.457000000000000000e+03
2.688000000000000000e+03
3.442000000000000000e+03
3.361000000000000000e+03
5.790000000000000000e+02
4.206000000000000000e+03
8.120000000000000000e+02
1.038000000000000000e+03
9.940000000000000000e+02
4.300000000000000000e+03
4.586000000000000000e+03
4.540000000000000000e+02
4.353000000000000000e+03
3.139000000000000000e+03
3.014000000000000000e+03
2.309000000000000000e+03
1.185000000000000000e+03
4.163000000000000000e+03
2.844000000000000000e+03
3.779000000000000000e+03
8.630000000000000000e+02
1.531000000000000000e+03
4.045000000000000000e+03
3.437000000000000000e+03
1.994000000000000000e+03
2.453000000000000000e+03
4.757000000000000000e+03
1.564000000000000000e+03
1.516000000000000000e+03
3.046000000000000000e+03
4.901000000000000000e+03
3.732000000000000000e+03
2.700000000000000000e+02
6.600000000000000000e+02
1.397000000000000000e+03
6.550000000000000000e+02
3.966000000000000000e+03
1.226000000000000000e+03
2.100000000000000000e+01
2.313000000000000000e+03
4.430000000000000000e+03
4.077000000000000000e+03
2.043000000000000000e+03
4.427000000000000000e+03
1.641000000000000000e+03
7.220000000000000000e+02
5.330000000000000000e+02
3.722000000000000000e+03
3.560000000000000000e+02
4.779000000000000000e+03
1.482000000000000000e+03
4.354000000000000000e+03
1.844000000000000000e+03
1.769000000000000000e+03
3.458000000000000000e+03
1.966000000000000000e+03
4.381000000000000000e+03
2.461000000000000000e+03
3.231000000000000000e+03
5.320000000000000000e+02
5.660000000000000000e+02
2.039000000000000000e+03
8.740000000000000000e+02
3.240000000000000000e+03
2.112000000000000000e+03
1.669000000000000000e+03
2.362000000000000000e+03
9.740000000000000000e+02
2.118000000000000000e+03
1.319000000000000000e+03
8.920000000000000000e+02
2.690000000000000000e+03
2.893000000000000000e+03
9.380000000000000000e+02
2.083000000000000000e+03
2.299000000000000000e+03
2.846000000000000000e+03
1.868000000000000000e+03
1.084000000000000000e+03
3.302000000000000000e+03
3.834000000000000000e+03
3.670000000000000000e+03
2.804000000000000000e+03
1.859000000000000000e+03
3.647000000000000000e+03
1.075000000000000000e+03
3.625000000000000000e+03
4.489000000000000000e+03
2.925000000000000000e+03
2.488000000000000000e+03
3.083000000000000000e+03
4.426000000000000000e+03
2.929000000000000000e+03
3.377000000000000000e+03
2.443000000000000000e+03
2.805000000000000000e+03
2.576000000000000000e+03
3.620000000000000000e+02
4.242000000000000000e+03
4.223000000000000000e+03
3.435000000000000000e+03
3.753000000000000000e+03
9.340000000000000000e+02
4.377000000000000000e+03
4.109000000000000000e+03
2.399000000000000000e+03
2.037000000000000000e+03
3.526000000000000000e+03
1.957000000000000000e+03
7.730000000000000000e+02
2.499000000000000000e+03
3.810000000000000000e+02
1.740000000000000000e+02
6.760000000000000000e+02
4.947000000000000000e+03
4.841000000000000000e+03
3.532000000000000000e+03
2.342000000000000000e+03
2.876000000000000000e+03
3.696000000000000000e+03
3.424000000000000000e+03
2.737000000000000000e+03
3.568000000000000000e+03
3.399000000000000000e+03
3.130000000000000000e+02
3.995000000000000000e+03
1.277000000000000000e+03
4.199000000000000000e+03
4.039000000000000000e+03
1.065000000000000000e+03
2.184000000000000000e+03
3.831000000000000000e+03
1.426000000000000000e+03
2.033000000000000000e+03
3.785000000000000000e+03
4.761000000000000000e+03
1.198000000000000000e+03
3.876000000000000000e+03
2.263000000000000000e+03
2.636000000000000000e+03
1.145000000000000000e+03
5.930000000000000000e+02
1.943000000000000000e+03
1.953000000000000000e+03
2.848000000000000000e+03
2.780000000000000000e+03
2.920000000000000000e+03
4.179000000000000000e+03
2.760000000000000000e+03
3.874000000000000000e+03
1.435000000000000000e+03
6.510000000000000000e+02
1.290000000000000000e+03
1.483000000000000000e+03
1.289000000000000000e+03
3.132000000000000000e+03
2.148000000000000000e+03
3.715000000000000000e+03
2.354000000000000000e+03
4.311000000000000000e+03
2.724000000000000000e+03
2.696000000000000000e+03
1.197000000000000000e+03
1.548000000000000000e+03
2.632000000000000000e+03
1.906000000000000000e+03
4.953000000000000000e+03
2.084000000000000000e+03
3.861000000000000000e+03
4.783000000000000000e+03
3.521000000000000000e+03
9.540000000000000000e+02
4.150000000000000000e+02
3.338000000000000000e+03
3.598000000000000000e+03
3.276000000000000000e+03
4.751000000000000000e+03
3.652000000000000000e+03
4.690000000000000000e+03
3.360000000000000000e+02
4.357000000000000000e+03
3.630000000000000000e+02
2.653000000000000000e+03
2.808000000000000000e+03
3.806000000000000000e+03
4.990000000000000000e+02
1.513000000000000000e+03
3.120000000000000000e+02
3.393000000000000000e+03
2.753000000000000000e+03
4.920000000000000000e+03
8.300000000000000000e+01
1.742000000000000000e+03
2.545000000000000000e+03
4.793000000000000000e+03
1.623000000000000000e+03
7.090000000000000000e+02
2.402000000000000000e+03
2.660000000000000000e+03
4.352000000000000000e+03
1.009000000000000000e+03
4.180000000000000000e+03
2.267000000000000000e+03
3.620000000000000000e+03
3.300000000000000000e+03
1.480000000000000000e+02
4.370000000000000000e+02
1.236000000000000000e+03
1.007000000000000000e+03
3.780000000000000000e+03
3.034000000000000000e+03
1.122000000000000000e+03
1.186000000000000000e+03
2.565000000000000000e+03
8.320000000000000000e+02
2.491000000000000000e+03
3.057000000000000000e+03
3.878000000000000000e+03
1.240000000000000000e+02
2.780000000000000000e+02
2.237000000000000000e+03
2.001000000000000000e+03
4.968000000000000000e+03
4.472000000000000000e+03
9.590000000000000000e+02
3.590000000000000000e+03
9.500000000000000000e+02
1.410000000000000000e+03
4.670000000000000000e+02
4.237000000000000000e+03
7.350000000000000000e+02
3.645000000000000000e+03
4.807000000000000000e+03
1.138000000000000000e+03
8.370000000000000000e+02
3.719000000000000000e+03
3.729000000000000000e+03
1.169000000000000000e+03
3.747000000000000000e+03
3.050000000000000000e+02
4.696000000000000000e+03
1.664000000000000000e+03
3.793000000000000000e+03
1.383000000000000000e+03
4.419000000000000000e+03
2.730000000000000000e+02
1.584000000000000000e+03
2.580000000000000000e+02
6.420000000000000000e+02
2.480000000000000000e+02
4.842000000000000000e+03
2.192000000000000000e+03
2.639000000000000000e+03
2.507000000000000000e+03
4.979000000000000000e+03
2.012000000000000000e+03
2.977000000000000000e+03
3.331000000000000000e+03
4.452000000000000000e+03
4.545000000000000000e+03
3.423000000000000000e+03
2.731000000000000000e+03
4.903000000000000000e+03
5.380000000000000000e+02
1.350000000000000000e+02
1.062000000000000000e+03
7.900000000000000000e+02
2.693000000000000000e+03
1.270000000000000000e+02
2.689000000000000000e+03
2.393000000000000000e+03
4.800000000000000000e+01
3.243000000000000000e+03
3.370000000000000000e+02
4.682000000000000000e+03
2.429000000000000000e+03
3.120000000000000000e+03
4.704000000000000000e+03
4.532000000000000000e+03
3.106000000000000000e+03
4.105000000000000000e+03
4.049000000000000000e+03
1.218000000000000000e+03
4.709000000000000000e+03
4.165000000000000000e+03
1.372000000000000000e+03
2.666000000000000000e+03
3.770000000000000000e+02
4.615000000000000000e+03
1.090000000000000000e+02
4.727000000000000000e+03
1.424000000000000000e+03
2.441000000000000000e+03
4.889000000000000000e+03
4.540000000000000000e+03
3.340000000000000000e+02
1.898000000000000000e+03
1.051000000000000000e+03
4.780000000000000000e+03
4.281000000000000000e+03
9.800000000000000000e+02
4.301000000000000000e+03
1.770000000000000000e+03
7.130000000000000000e+02
4.302000000000000000e+03
3.328000000000000000e+03
3.672000000000000000e+03
9.580000000000000000e+02
2.869000000000000000e+03
4.798000000000000000e+03
1.951000000000000000e+03
9.180000000000000000e+02
2.883000000000000000e+03
4.363000000000000000e+03
2.831000000000000000e+03
3.468000000000000000e+03
2.080000000000000000e+03
4.780000000000000000e+02
4.100000000000000000e+02
2.962000000000000000e+03
3.353000000000000000e+03
1.040000000000000000e+03
1.620000000000000000e+02
4.442000000000000000e+03
2.930000000000000000e+02
4.265000000000000000e+03
2.249000000000000000e+03
1.780000000000000000e+02
2.147000000000000000e+03
4.868000000000000000e+03
2.136000000000000000e+03
1.685000000000000000e+03
2.811000000000000000e+03
4.559000000000000000e+03
3.852000000000000000e+03
5.850000000000000000e+02
4.920000000000000000e+02
4.960000000000000000e+02
4.730000000000000000e+02
8.050000000000000000e+02
4.362000000000000000e+03
2.870000000000000000e+02
2.130000000000000000e+03
3.536000000000000000e+03
1.646000000000000000e+03
6.460000000000000000e+02
3.851000000000000000e+03
3.296000000000000000e+03
4.480000000000000000e+03
3.959000000000000000e+03
2.472000000000000000e+03
2.100000000000000000e+02
4.056000000000000000e+03
1.899000000000000000e+03
4.011000000000000000e+03
4.282000000000000000e+03
3.578000000000000000e+03
3.660000000000000000e+03
1.808000000000000000e+03
1.203000000000000000e+03
3.165000000000000000e+03
1.400000000000000000e+01
4.138000000000000000e+03
1.174000000000000000e+03
4.378000000000000000e+03
1.469000000000000000e+03
1.634000000000000000e+03
2.122000000000000000e+03
3.754000000000000000e+03
3.856000000000000000e+03
2.622000000000000000e+03
2.629000000000000000e+03
8.730000000000000000e+02
1.391000000000000000e+03
3.095000000000000000e+03
5.980000000000000000e+02
1.961000000000000000e+03
2.900000000000000000e+03
3.575000000000000000e+03
3.826000000000000000e+03
4.490000000000000000e+03
2.163000000000000000e+03
2.334000000000000000e+03
1.300000000000000000e+02
1.501000000000000000e+03
2.673000000000000000e+03
2.420000000000000000e+03
4.525000000000000000e+03
4.621000000000000000e+03
1.559000000000000000e+03
4.820000000000000000e+02
3.144000000000000000e+03
3.888000000000000000e+03
2.999000000000000000e+03
1.995000000000000000e+03
2.892000000000000000e+03
2.328000000000000000e+03
3.250000000000000000e+03
3.082000000000000000e+03
7.210000000000000000e+02
2.630000000000000000e+03
4.402000000000000000e+03
1.257000000000000000e+03
2.596000000000000000e+03
6.600000000000000000e+01
3.094000000000000000e+03
2.920000000000000000e+02
1.259000000000000000e+03
8.250000000000000000e+02
4.694000000000000000e+03
2.620000000000000000e+03
5.210000000000000000e+02
4.950000000000000000e+03
2.170000000000000000e+03
6.910000000000000000e+02
3.090000000000000000e+03
4.090000000000000000e+02
4.081000000000000000e+03
3.723000000000000000e+03
6.450000000000000000e+02
4.040000000000000000e+03
3.131000000000000000e+03
4.044000000000000000e+03
3.709000000000000000e+03
3.395000000000000000e+03
1.780000000000000000e+03
4.066000000000000000e+03
4.703000000000000000e+03
2.196000000000000000e+03
7.400000000000000000e+01
2.577000000000000000e+03
1.273000000000000000e+03
2.586000000000000000e+03
4.946000000000000000e+03
4.465000000000000000e+03
3.072000000000000000e+03
1.831000000000000000e+03
4.966000000000000000e+03
4.209000000000000000e+03
1.089000000000000000e+03
2.730000000000000000e+03
2.470000000000000000e+02
1.080000000000000000e+03
3.467000000000000000e+03
5.610000000000000000e+02
2.744000000000000000e+03
4.667000000000000000e+03
3.472000000000000000e+03
1.908000000000000000e+03
4.552000000000000000e+03
4.550000000000000000e+02
2.986000000000000000e+03
8.790000000000000000e+02
3.725000000000000000e+03
4.963000000000000000e+03
3.016000000000000000e+03
1.188000000000000000e+03
4.685000000000000000e+03
3.061000000000000000e+03
1.184000000000000000e+03
2.663000000000000000e+03
2.667000000000000000e+03
7.390000000000000000e+02
3.042000000000000000e+03
4.390000000000000000e+03
3.035000000000000000e+03
1.865000000000000000e+03
3.446000000000000000e+03
6.200000000000000000e+02
1.129000000000000000e+03
1.121000000000000000e+03
4.571000000000000000e+03
2.890000000000000000e+02
1.342000000000000000e+03
4.239000000000000000e+03
3.480000000000000000e+02
4.519000000000000000e+03
4.445000000000000000e+03
3.797000000000000000e+03
3.796000000000000000e+03
3.322000000000000000e+03
1.220000000000000000e+02
1.659000000000000000e+03
1.490000000000000000e+03
3.233000000000000000e+03
5.780000000000000000e+02
2.421000000000000000e+03
2.283000000000000000e+03
2.281000000000000000e+03
3.925000000000000000e+03
2.390000000000000000e+03
1.667000000000000000e+03
3.887000000000000000e+03
4.893000000000000000e+03
2.336000000000000000e+03
1.594000000000000000e+03
3.841000000000000000e+03
3.832000000000000000e+03
1.586000000000000000e+03
1.577000000000000000e+03
1.609000000000000000e+03
1.430000000000000000e+02
7.780000000000000000e+02
2.323000000000000000e+03
3.862000000000000000e+03
3.304000000000000000e+03
4.899000000000000000e+03
1.551000000000000000e+03
4.902000000000000000e+03
3.813000000000000000e+03
3.782000000000000000e+03
1.466000000000000000e+03
4.768000000000000000e+03
3.983000000000000000e+03
1.650000000000000000e+02
3.362000000000000000e+03
3.991000000000000000e+03
1.727000000000000000e+03
2.239000000000000000e+03
2.238000000000000000e+03
4.409000000000000000e+03
3.997000000000000000e+03
1.739000000000000000e+03
3.157000000000000000e+03
3.156000000000000000e+03
5.460000000000000000e+02
8.400000000000000000e+01
2.526000000000000000e+03
2.246000000000000000e+03
3.359000000000000000e+03
2.490000000000000000e+03
3.183000000000000000e+03
3.938000000000000000e+03
1.454000000000000000e+03
1.449000000000000000e+03
3.942000000000000000e+03
1.683000000000000000e+03
1.442000000000000000e+03
1.689000000000000000e+03
4.023000000000000000e+03
6.810000000000000000e+02
2.465000000000000000e+03
2.473000000000000000e+03
3.757000000000000000e+03
1.412000000000000000e+03
3.756000000000000000e+03
5.710000000000000000e+02
2.480000000000000000e+03
4.732000000000000000e+03
4.245000000000000000e+03
4.098000000000000000e+03
2.824000000000000000e+03
3.517000000000000000e+03
3.592000000000000000e+03
4.826000000000000000e+03
6.090000000000000000e+02
2.072000000000000000e+03
1.928000000000000000e+03
4.994000000000000000e+03
2.878000000000000000e+03
2.825000000000000000e+03
2.978000000000000000e+03
9.630000000000000000e+02
2.823000000000000000e+03
8.570000000000000000e+02
8.750000000000000000e+02
2.879000000000000000e+03
8.900000000000000000e+02
2.300000000000000000e+02
4.854000000000000000e+03
4.853000000000000000e+03
2.913000000000000000e+03
2.864000000000000000e+03
1.958000000000000000e+03
9.110000000000000000e+02
3.522000000000000000e+03
2.809000000000000000e+03
3.564000000000000000e+03
1.001000000000000000e+03
1.948000000000000000e+03
1.984000000000000000e+03
2.976000000000000000e+03
2.896000000000000000e+03
2.024000000000000000e+03
2.044000000000000000e+03
4.847000000000000000e+03
2.080000000000000000e+02
3.542000000000000000e+03
1.985000000000000000e+03
4.890000000000000000e+02
3.857000000000000000e+03
4.705000000000000000e+03
3.440000000000000000e+02
4.114000000000000000e+03
2.558000000000000000e+03
4.973000000000000000e+03
3.160000000000000000e+03
3.894000000000000000e+03
4.449000000000000000e+03
1.395000000000000000e+03
4.471000000000000000e+03
1.740000000000000000e+03
5.630000000000000000e+02
3.477000000000000000e+03
4.983000000000000000e+03
8.930000000000000000e+02
3.883000000000000000e+03
2.708000000000000000e+03
7.330000000000000000e+02
2.008000000000000000e+03
2.200000000000000000e+02
4.624000000000000000e+03
4.738000000000000000e+03
3.397000000000000000e+03
3.030000000000000000e+02
1.008000000000000000e+03
2.627000000000000000e+03
2.649000000000000000e+03
1.708000000000000000e+03
1.279000000000000000e+03
3.462000000000000000e+03
4.146000000000000000e+03
4.304000000000000000e+03
4.267000000000000000e+03
4.251000000000000000e+03
1.161000000000000000e+03
3.860000000000000000e+02
4.597000000000000000e+03
3.540000000000000000e+02
3.378000000000000000e+03
2.389000000000000000e+03
2.722000000000000000e+03
1.003000000000000000e+03
2.621000000000000000e+03
3.388000000000000000e+03
4.729000000000000000e+03
3.202000000000000000e+03
2.107000000000000000e+03
3.835000000000000000e+03
1.000000000000000000e+02
4.150000000000000000e+03
4.919000000000000000e+03
2.538000000000000000e+03
3.558000000000000000e+03
2.056000000000000000e+03
4.702000000000000000e+03
3.244000000000000000e+03
2.198000000000000000e+03
3.369000000000000000e+03
1.480000000000000000e+03
1.458000000000000000e+03
4.506000000000000000e+03
4.944000000000000000e+03
3.984000000000000000e+03
3.310000000000000000e+03
1.098000000000000000e+03
3.210000000000000000e+02
3.387000000000000000e+03
2.668000000000000000e+03
5.050000000000000000e+02
3.440000000000000000e+03
1.608000000000000000e+03
1.420000000000000000e+02
4.054000000000000000e+03
4.271000000000000000e+03
2.732000000000000000e+03
4.202000000000000000e+03
1.221000000000000000e+03
4.278000000000000000e+03
4.613000000000000000e+03
3.849000000000000000e+03
3.603000000000000000e+03
1.954000000000000000e+03
4.753000000000000000e+03
2.789000000000000000e+03
2.253000000000000000e+03
4.338000000000000000e+03
2.800000000000000000e+03
1.027000000000000000e+03
1.340000000000000000e+03
1.215000000000000000e+03
1.803000000000000000e+03
4.984000000000000000e+03
4.950000000000000000e+02
3.270000000000000000e+03
2.140000000000000000e+03
1.499000000000000000e+03
3.815000000000000000e+03
3.249000000000000000e+03
4.226000000000000000e+03
3.218000000000000000e+03
2.343000000000000000e+03
4.375000000000000000e+03
4.866000000000000000e+03
1.073000000000000000e+03
4.930000000000000000e+02
2.895000000000000000e+03
2.322000000000000000e+03
6.290000000000000000e+02
2.484000000000000000e+03
1.310000000000000000e+02
3.206000000000000000e+03
1.650000000000000000e+03
1.615000000000000000e+03
1.246000000000000000e+03
1.330000000000000000e+02
2.581000000000000000e+03
8.470000000000000000e+02
4.440000000000000000e+03
4.337000000000000000e+03
3.865000000000000000e+03
4.965000000000000000e+03
1.473000000000000000e+03
4.509000000000000000e+03
3.290000000000000000e+02
3.152000000000000000e+03
1.968000000000000000e+03
2.859000000000000000e+03
1.578000000000000000e+03
2.738000000000000000e+03
6.160000000000000000e+02
6.580000000000000000e+02
2.891000000000000000e+03
4.849000000000000000e+03
9.470000000000000000e+02
7.200000000000000000e+01
2.961000000000000000e+03
2.706000000000000000e+03
1.696000000000000000e+03
2.337000000000000000e+03
1.177000000000000000e+03
6.660000000000000000e+02
3.921000000000000000e+03
1.684000000000000000e+03
3.730000000000000000e+02
3.023000000000000000e+03
3.182000000000000000e+03
4.065000000000000000e+03
2.783000000000000000e+03
6.870000000000000000e+02
2.562000000000000000e+03
2.350000000000000000e+03
1.006000000000000000e+03
3.992000000000000000e+03
4.258000000000000000e+03
3.740000000000000000e+03
4.801000000000000000e+03
2.611000000000000000e+03
1.671000000000000000e+03
1.791000000000000000e+03
1.330000000000000000e+03
2.128000000000000000e+03
4.500000000000000000e+02
4.988000000000000000e+03
2.340000000000000000e+02
9.880000000000000000e+02
4.235000000000000000e+03
2.626000000000000000e+03
4.886000000000000000e+03
2.468000000000000000e+03
1.155000000000000000e+03
3.500000000000000000e+01
4.120000000000000000e+02
2.450000000000000000e+02
4.563000000000000000e+03
2.093000000000000000e+03
1.304000000000000000e+03
3.384000000000000000e+03
1.553000000000000000e+03
2.549000000000000000e+03
4.486000000000000000e+03
7.050000000000000000e+02
1.824000000000000000e+03
2.980000000000000000e+02
1.960000000000000000e+02
5.250000000000000000e+02
1.989000000000000000e+03
1.455000000000000000e+03
1.496000000000000000e+03
4.580000000000000000e+02
1.726000000000000000e+03
2.774000000000000000e+03
3.274000000000000000e+03
2.494000000000000000e+03
2.860000000000000000e+02
9.360000000000000000e+02
2.225000000000000000e+03
3.903000000000000000e+03
3.891000000000000000e+03
3.691000000000000000e+03
4.823000000000000000e+03
4.770000000000000000e+02
3.572000000000000000e+03
1.244000000000000000e+03
1.991000000000000000e+03
1.071000000000000000e+03
6.800000000000000000e+02
2.543000000000000000e+03
2.048000000000000000e+03
3.406000000000000000e+03
2.500000000000000000e+01
2.117000000000000000e+03
4.016000000000000000e+03
5.740000000000000000e+02
1.030000000000000000e+02
1.845000000000000000e+03
4.286000000000000000e+03
4.539000000000000000e+03
2.252000000000000000e+03
2.988000000000000000e+03
3.000000000000000000e+00
2.862000000000000000e+03
3.650000000000000000e+03
3.736000000000000000e+03
3.194000000000000000e+03
4.463000000000000000e+03
6.370000000000000000e+02
4.564000000000000000e+03
3.512000000000000000e+03
4.229000000000000000e+03
3.410000000000000000e+02
7.110000000000000000e+02
7.600000000000000000e+01
3.744000000000000000e+03
3.629000000000000000e+03
3.421000000000000000e+03
4.342000000000000000e+03
3.329000000000000000e+03
4.460000000000000000e+02
1.318000000000000000e+03
1.681000000000000000e+03
8.390000000000000000e+02
6.900000000000000000e+01
7.620000000000000000e+02
2.795000000000000000e+03
1.934000000000000000e+03
3.675000000000000000e+03
1.692000000000000000e+03
1.904000000000000000e+03
2.240000000000000000e+03
3.044000000000000000e+03
1.835000000000000000e+03
1.416000000000000000e+03
6.170000000000000000e+02
4.675000000000000000e+03
2.841000000000000000e+03
1.166000000000000000e+03
9.560000000000000000e+02
4.047000000000000000e+03
3.928000000000000000e+03
4.254000000000000000e+03
3.713000000000000000e+03
4.046000000000000000e+03
1.850000000000000000e+03
4.006000000000000000e+03
4.069000000000000000e+03
1.511000000000000000e+03
2.177000000000000000e+03
3.804000000000000000e+03
2.918000000000000000e+03
1.127000000000000000e+03
6.350000000000000000e+02
1.747000000000000000e+03
3.102000000000000000e+03
4.843000000000000000e+03
2.242000000000000000e+03
2.970000000000000000e+03
2.812000000000000000e+03
1.082000000000000000e+03
2.347000000000000000e+03
4.115000000000000000e+03
3.678000000000000000e+03
3.730000000000000000e+03
