2.217000000000000000e+03
9.070000000000000000e+02
2.340000000000000000e+03
1.551000000000000000e+03
3.573000000000000000e+03
1.483000000000000000e+03
2.468000000000000000e+03
1.042000000000000000e+03
4.022000000000000000e+03
4.091000000000000000e+03
2.110000000000000000e+02
1.634000000000000000e+03
2.042000000000000000e+03
2.940000000000000000e+03
2.085000000000000000e+03
2.426000000000000000e+03
3.774000000000000000e+03
2.896000000000000000e+03
4.508000000000000000e+03
3.531000000000000000e+03
3.688000000000000000e+03
1.700000000000000000e+02
2.584000000000000000e+03
2.254000000000000000e+03
1.180000000000000000e+03
4.937000000000000000e+03
2.870000000000000000e+02
1.715000000000000000e+03
4.353000000000000000e+03
2.962000000000000000e+03
1.318000000000000000e+03
4.100000000000000000e+03
4.330000000000000000e+02
2.415000000000000000e+03
1.794000000000000000e+03
2.033000000000000000e+03
3.356000000000000000e+03
4.163000000000000000e+03
7.810000000000000000e+02
1.510000000000000000e+03
4.792000000000000000e+03
3.118000000000000000e+03
2.644000000000000000e+03
1.950000000000000000e+02
4.028000000000000000e+03
3.765000000000000000e+03
3.250000000000000000e+03
9.520000000000000000e+02
3.860000000000000000e+02
3.825000000000000000e+03
2.572000000000000000e+03
2.853000000000000000e+03
8.930000000000000000e+02
2.475000000000000000e+03
1.825000000000000000e+03
6.700000000000000000e+02
4.460000000000000000e+02
1.578000000000000000e+03
1.034000000000000000e+03
4.470000000000000000e+02
2.605000000000000000e+03
4.430000000000000000e+02
4.285000000000000000e+03
2.899000000000000000e+03
2.844000000000000000e+03
1.402000000000000000e+03
4.969000000000000000e+03
1.134000000000000000e+03
2.723000000000000000e+03
2.083000000000000000e+03
4.000000000000000000e+02
1.035000000000000000e+03
4.900000000000000000e+01
3.788000000000000000e+03
4.823000000000000000e+03
2.003000000000000000e+03
1.610000000000000000e+02
1.188000000000000000e+03
2.500000000000000000e+02
2.545000000000000000e+03
2.993000000000000000e+03
3.742000000000000000e+03
4.870000000000000000e+03
3.802000000000000000e+03
1.744000000000000000e+03
4.441000000000000000e+03
3.545000000000000000e+03
1.840000000000000000e+02
3.181000000000000000e+03
4.832000000000000000e+03
2.800000000000000000e+03
2.360000000000000000e+02
2.532000000000000000e+03
2.256000000000000000e+03
1.236000000000000000e+03
4.467000000000000000e+03
2.258000000000000000e+03
4.841000000000000000e+03
3.385000000000000000e+03
3.536000000000000000e+03
2.533000000000000000e+03
1.619000000000000000e+03
2.251000000000000000e+03
1.403000000000000000e+03
4.613000000000000000e+03
4.615000000000000000e+03
2.696000000000000000e+03
3.898000000000000000e+03
2.157000000000000000e+03
5.100000000000000000e+02
1.438000000000000000e+03
1.516000000000000000e+03
4.170000000000000000e+02
3.900000000000000000e+02
4.698000000000000000e+03
5.000000000000000000e+02
3.458000000000000000e+03
4.850000000000000000e+02
3.070000000000000000e+03
2.677000000000000000e+03
4.410000000000000000e+02
3.071000000000000000e+03
3.924000000000000000e+03
4.660000000000000000e+02
2.134000000000000000e+03
1.447000000000000000e+03
2.780000000000000000e+03
3.850000000000000000e+02
4.730000000000000000e+03
2.057000000000000000e+03
2.620000000000000000e+02
3.816000000000000000e+03
2.670000000000000000e+02
1.278000000000000000e+03
3.157000000000000000e+03
2.780000000000000000e+02
6.670000000000000000e+02
1.622000000000000000e+03
4.057000000000000000e+03
4.600000000000000000e+03
4.524000000000000000e+03
2.571000000000000000e+03
3.149000000000000000e+03
4.543000000000000000e+03
2.223000000000000000e+03
2.219000000000000000e+03
3.853000000000000000e+03
3.412000000000000000e+03
4.587000000000000000e+03
3.419000000000000000e+03
5.650000000000000000e+02
2.228000000000000000e+03
1.998000000000000000e+03
1.495000000000000000e+03
2.320000000000000000e+03
4.347000000000000000e+03
4.179000000000000000e+03
5.600000000000000000e+01
2.931000000000000000e+03
2.831000000000000000e+03
2.600000000000000000e+01
4.415000000000000000e+03
2.483000000000000000e+03
3.236000000000000000e+03
2.354000000000000000e+03
2.913000000000000000e+03
1.969000000000000000e+03
4.331000000000000000e+03
2.439000000000000000e+03
1.082000000000000000e+03
1.065000000000000000e+03
8.100000000000000000e+01
3.271000000000000000e+03
1.026000000000000000e+03
4.300000000000000000e+03
6.800000000000000000e+01
2.384000000000000000e+03
2.868000000000000000e+03
4.346000000000000000e+03
4.888000000000000000e+03
4.986000000000000000e+03
1.394000000000000000e+03
2.858000000000000000e+03
1.400000000000000000e+01
1.520000000000000000e+02
3.557000000000000000e+03
2.660000000000000000e+02
4.425000000000000000e+03
2.030000000000000000e+02
1.171000000000000000e+03
4.134000000000000000e+03
1.133000000000000000e+03
3.022000000000000000e+03
5.200000000000000000e+01
4.297000000000000000e+03
8.250000000000000000e+02
3.326000000000000000e+03
2.741000000000000000e+03
5.320000000000000000e+02
4.768000000000000000e+03
3.783000000000000000e+03
4.100000000000000000e+01
3.553000000000000000e+03
3.519000000000000000e+03
4.544000000000000000e+03
3.421000000000000000e+03
4.478000000000000000e+03
4.700000000000000000e+02
1.617000000000000000e+03
4.907000000000000000e+03
1.450000000000000000e+02
4.055000000000000000e+03
7.700000000000000000e+01
1.555000000000000000e+03
4.049000000000000000e+03
1.282000000000000000e+03
3.176000000000000000e+03
3.292000000000000000e+03
3.716000000000000000e+03
4.173000000000000000e+03
2.527000000000000000e+03
1.915000000000000000e+03
2.400000000000000000e+02
1.971000000000000000e+03
4.432000000000000000e+03
4.306000000000000000e+03
2.008000000000000000e+03
1.462000000000000000e+03
1.940000000000000000e+02
1.028000000000000000e+03
1.815000000000000000e+03
7.040000000000000000e+02
3.451000000000000000e+03
6.410000000000000000e+02
3.068000000000000000e+03
7.950000000000000000e+02
8.070000000000000000e+02
3.786000000000000000e+03
1.837000000000000000e+03
2.000000000000000000e+00
3.078000000000000000e+03
2.968000000000000000e+03
2.872000000000000000e+03
4.203000000000000000e+03
2.686000000000000000e+03
6.760000000000000000e+02
6.530000000000000000e+02
2.480000000000000000e+03
3.646000000000000000e+03
5.080000000000000000e+02
4.800000000000000000e+02
2.956000000000000000e+03
2.281000000000000000e+03
2.275000000000000000e+03
3.948000000000000000e+03
1.262000000000000000e+03
3.982000000000000000e+03
1.535000000000000000e+03
7.250000000000000000e+02
8.280000000000000000e+02
3.011000000000000000e+03
2.095000000000000000e+03
4.481000000000000000e+03
1.071000000000000000e+03
4.510000000000000000e+02
4.943000000000000000e+03
2.902000000000000000e+03
2.403000000000000000e+03
3.909000000000000000e+03
4.958000000000000000e+03
4.018000000000000000e+03
3.013000000000000000e+03
4.314000000000000000e+03
4.030000000000000000e+03
4.230000000000000000e+03
3.309000000000000000e+03
4.012000000000000000e+03
2.100000000000000000e+01
4.320000000000000000e+03
4.274000000000000000e+03
4.700000000000000000e+03
3.296000000000000000e+03
2.747000000000000000e+03
4.629000000000000000e+03
4.621000000000000000e+03
5.640000000000000000e+02
4.006000000000000000e+03
1.536000000000000000e+03
1.295000000000000000e+03
2.207000000000000000e+03
1.252000000000000000e+03
3.189000000000000000e+03
7.430000000000000000e+02
4.475000000000000000e+03
1.660000000000000000e+03
4.215000000000000000e+03
1.792000000000000000e+03
3.321000000000000000e+03
2.352000000000000000e+03
7.970000000000000000e+02
4.080000000000000000e+03
1.268000000000000000e+03
4.806000000000000000e+03
4.106000000000000000e+03
2.954000000000000000e+03
4.829000000000000000e+03
4.426000000000000000e+03
4.880000000000000000e+03
2.943000000000000000e+03
1.120000000000000000e+02
1.288000000000000000e+03
1.755000000000000000e+03
2.942000000000000000e+03
3.166000000000000000e+03
2.762000000000000000e+03
4.730000000000000000e+02
3.280000000000000000e+02
1.373000000000000000e+03
2.172000000000000000e+03
4.182000000000000000e+03
2.630000000000000000e+03
1.980000000000000000e+03
1.292000000000000000e+03
5.400000000000000000e+02
1.248000000000000000e+03
1.392000000000000000e+03
4.726000000000000000e+03
2.484000000000000000e+03
5.620000000000000000e+02
6.640000000000000000e+02
3.792000000000000000e+03
1.493000000000000000e+03
8.210000000000000000e+02
4.622000000000000000e+03
1.008000000000000000e+03
1.139000000000000000e+03
1.173000000000000000e+03
4.540000000000000000e+02
2.820000000000000000e+03
4.164000000000000000e+03
1.640000000000000000e+02
4.450000000000000000e+02
4.993000000000000000e+03
9.560000000000000000e+02
1.730000000000000000e+02
1.992000000000000000e+03
1.479000000000000000e+03
2.014000000000000000e+03
7.490000000000000000e+02
2.685000000000000000e+03
2.522000000000000000e+03
2.274000000000000000e+03
2.271000000000000000e+03
3.062000000000000000e+03
2.494000000000000000e+03
4.014000000000000000e+03
3.953000000000000000e+03
2.892000000000000000e+03
2.435000000000000000e+03
5.170000000000000000e+02
1.560000000000000000e+03
1.607000000000000000e+03
4.239000000000000000e+03
1.347000000000000000e+03
3.652000000000000000e+03
3.340000000000000000e+02
3.852000000000000000e+03
2.869000000000000000e+03
3.440000000000000000e+02
6.980000000000000000e+02
1.570000000000000000e+03
1.816000000000000000e+03
2.996000000000000000e+03
4.345000000000000000e+03
3.685000000000000000e+03
4.816000000000000000e+03
4.083000000000000000e+03
4.507000000000000000e+03
1.599000000000000000e+03
6.620000000000000000e+02
3.678000000000000000e+03
2.721000000000000000e+03
4.811000000000000000e+03
2.863000000000000000e+03
1.600000000000000000e+03
2.204000000000000000e+03
2.093000000000000000e+03
9.060000000000000000e+02
2.337000000000000000e+03
2.748000000000000000e+03
3.332000000000000000e+03
4.080000000000000000e+02
6.740000000000000000e+02
3.300000000000000000e+02
1.448000000000000000e+03
4.537000000000000000e+03
3.750000000000000000e+02
4.561000000000000000e+03
3.500000000000000000e+01
1.675000000000000000e+03
5.700000000000000000e+02
1.352000000000000000e+03
6.610000000000000000e+02
4.591000000000000000e+03
2.299000000000000000e+03
2.002000000000000000e+03
3.000000000000000000e+01
2.396000000000000000e+03
1.539000000000000000e+03
4.130000000000000000e+02
3.210000000000000000e+02
2.035000000000000000e+03
5.740000000000000000e+02
3.979000000000000000e+03
1.499000000000000000e+03
4.464000000000000000e+03
4.586000000000000000e+03
2.547000000000000000e+03
3.842000000000000000e+03
4.335000000000000000e+03
2.740000000000000000e+02
1.200000000000000000e+03
4.593000000000000000e+03
1.862000000000000000e+03
1.240000000000000000e+02
3.676000000000000000e+03
1.940000000000000000e+03
4.666000000000000000e+03
2.312000000000000000e+03
4.398000000000000000e+03
4.334000000000000000e+03
4.443000000000000000e+03
4.200000000000000000e+03
1.353000000000000000e+03
9.470000000000000000e+02
2.420000000000000000e+02
4.261000000000000000e+03
3.027000000000000000e+03
3.375000000000000000e+03
4.340000000000000000e+03
2.065000000000000000e+03
1.022000000000000000e+03
1.081000000000000000e+03
2.214000000000000000e+03
2.787000000000000000e+03
5.920000000000000000e+02
1.958000000000000000e+03
4.976000000000000000e+03
2.241000000000000000e+03
2.575000000000000000e+03
1.052000000000000000e+03
4.981000000000000000e+03
3.237000000000000000e+03
3.954000000000000000e+03
2.230000000000000000e+03
1.308000000000000000e+03
3.480000000000000000e+03
2.149000000000000000e+03
7.680000000000000000e+02
3.416000000000000000e+03
2.905000000000000000e+03
3.890000000000000000e+02
2.015000000000000000e+03
3.251000000000000000e+03
4.819000000000000000e+03
7.170000000000000000e+02
7.200000000000000000e+02
3.655000000000000000e+03
1.586000000000000000e+03
2.856000000000000000e+03
3.428000000000000000e+03
3.641000000000000000e+03
4.885000000000000000e+03
4.040000000000000000e+03
5.800000000000000000e+02
1.524000000000000000e+03
2.038000000000000000e+03
3.516000000000000000e+03
2.402000000000000000e+03
2.857000000000000000e+03
3.618000000000000000e+03
2.798000000000000000e+03
2.873000000000000000e+03
1.333000000000000000e+03
1.015000000000000000e+03
1.306000000000000000e+03
2.560000000000000000e+03
1.632000000000000000e+03
4.789000000000000000e+03
4.044000000000000000e+03
1.066000000000000000e+03
3.974000000000000000e+03
4.017000000000000000e+03
2.713000000000000000e+03
4.493000000000000000e+03
3.201000000000000000e+03
3.357000000000000000e+03
1.131000000000000000e+03
2.492000000000000000e+03
2.955000000000000000e+03
8.580000000000000000e+02
8.590000000000000000e+02
2.209000000000000000e+03
5.460000000000000000e+02
1.434000000000000000e+03
1.765000000000000000e+03
4.856000000000000000e+03
3.817000000000000000e+03
3.695000000000000000e+03
3.587000000000000000e+03
4.924000000000000000e+03
9.300000000000000000e+02
3.939000000000000000e+03
3.463000000000000000e+03
2.924000000000000000e+03
3.507000000000000000e+03
1.456000000000000000e+03
2.637000000000000000e+03
3.501000000000000000e+03
1.642000000000000000e+03
5.870000000000000000e+02
1.360000000000000000e+03
1.872000000000000000e+03
3.113000000000000000e+03
8.670000000000000000e+02
4.343000000000000000e+03
4.564000000000000000e+03
4.915000000000000000e+03
4.088000000000000000e+03
3.855000000000000000e+03
3.602000000000000000e+03
3.592000000000000000e+03
4.152000000000000000e+03
3.976000000000000000e+03
1.083000000000000000e+03
4.081000000000000000e+03
1.588000000000000000e+03
4.280000000000000000e+02
3.690000000000000000e+02
3.840000000000000000e+02
1.960000000000000000e+03
7.630000000000000000e+02
4.248000000000000000e+03
1.573000000000000000e+03
2.789000000000000000e+03
3.447000000000000000e+03
4.461000000000000000e+03
3.990000000000000000e+02
1.768000000000000000e+03
1.486000000000000000e+03
4.756000000000000000e+03
4.724000000000000000e+03
4.200000000000000000e+01
1.740000000000000000e+03
8.900000000000000000e+01
2.355000000000000000e+03
4.735000000000000000e+03
1.919000000000000000e+03
3.063000000000000000e+03
4.214000000000000000e+03
1.938000000000000000e+03
2.290000000000000000e+02
1.640000000000000000e+03
6.800000000000000000e+02
1.809000000000000000e+03
4.405000000000000000e+03
2.128000000000000000e+03
4.002000000000000000e+03
3.907000000000000000e+03
2.809000000000000000e+03
2.901000000000000000e+03
3.689000000000000000e+03
4.950000000000000000e+03
1.342000000000000000e+03
8.600000000000000000e+01
9.080000000000000000e+02
1.517000000000000000e+03
2.372000000000000000e+03
2.310000000000000000e+02
4.654000000000000000e+03
3.746000000000000000e+03
2.227000000000000000e+03
3.380000000000000000e+03
2.693000000000000000e+03
1.332000000000000000e+03
9.490000000000000000e+02
3.894000000000000000e+03
2.171000000000000000e+03
3.065000000000000000e+03
3.363000000000000000e+03
5.930000000000000000e+02
4.379000000000000000e+03
3.887000000000000000e+03
4.043000000000000000e+03
6.320000000000000000e+02
6.380000000000000000e+02
4.681000000000000000e+03
4.076000000000000000e+03
2.138000000000000000e+03
2.314000000000000000e+03
4.381000000000000000e+03
1.663000000000000000e+03
4.452000000000000000e+03
4.469000000000000000e+03
1.471000000000000000e+03
1.936000000000000000e+03
4.063000000000000000e+03
6.230000000000000000e+02
3.880000000000000000e+02
1.658000000000000000e+03
3.926000000000000000e+03
3.312000000000000000e+03
1.999000000000000000e+03
4.040000000000000000e+02
4.962000000000000000e+03
3.993000000000000000e+03
2.513000000000000000e+03
3.537000000000000000e+03
2.379000000000000000e+03
1.838000000000000000e+03
4.680000000000000000e+03
2.058000000000000000e+03
1.726000000000000000e+03
3.016000000000000000e+03
1.918000000000000000e+03
3.021000000000000000e+03
1.177000000000000000e+03
3.800000000000000000e+02
4.578000000000000000e+03
2.210000000000000000e+02
4.705000000000000000e+03
3.595000000000000000e+03
8.100000000000000000e+02
3.818000000000000000e+03
6.020000000000000000e+02
1.144000000000000000e+03
4.392000000000000000e+03
2.591000000000000000e+03
4.204000000000000000e+03
1.341000000000000000e+03
1.925000000000000000e+03
2.198000000000000000e+03
8.600000000000000000e+02
1.550000000000000000e+02
4.555000000000000000e+03
6.900000000000000000e+01
3.854000000000000000e+03
4.211000000000000000e+03
1.030000000000000000e+03
3.293000000000000000e+03
1.246000000000000000e+03
3.584000000000000000e+03
4.438000000000000000e+03
7.000000000000000000e+02
1.980000000000000000e+02
2.394000000000000000e+03
1.584000000000000000e+03
3.116000000000000000e+03
4.878000000000000000e+03
2.211000000000000000e+03
2.380000000000000000e+03
1.720000000000000000e+03
7.730000000000000000e+02
4.581000000000000000e+03
4.718000000000000000e+03
1.103000000000000000e+03
6.370000000000000000e+02
2.329000000000000000e+03
2.066000000000000000e+03
3.767000000000000000e+03
2.839000000000000000e+03
2.086000000000000000e+03
2.581000000000000000e+03
3.382000000000000000e+03
1.847000000000000000e+03
2.173000000000000000e+03
3.629000000000000000e+03
2.940000000000000000e+02
4.338000000000000000e+03
7.640000000000000000e+02
4.889000000000000000e+03
1.664000000000000000e+03
4.352000000000000000e+03
3.663000000000000000e+03
2.047000000000000000e+03
1.714000000000000000e+03
2.023000000000000000e+03
2.361000000000000000e+03
3.667000000000000000e+03
8.750000000000000000e+02
1.088000000000000000e+03
4.161000000000000000e+03
9.100000000000000000e+02
3.679000000000000000e+03
3.248000000000000000e+03
4.923000000000000000e+03
2.534000000000000000e+03
4.982000000000000000e+03
4.850000000000000000e+03
1.184000000000000000e+03
2.526000000000000000e+03
4.669000000000000000e+03
4.820000000000000000e+02
3.037000000000000000e+03
1.612000000000000000e+03
2.244000000000000000e+03
3.910000000000000000e+03
4.539000000000000000e+03
2.738000000000000000e+03
3.024000000000000000e+03
1.639000000000000000e+03
4.584000000000000000e+03
2.765000000000000000e+03
3.902000000000000000e+03
3.830000000000000000e+03
2.698000000000000000e+03
3.570000000000000000e+02
4.740000000000000000e+03
2.094000000000000000e+03
1.420000000000000000e+03
3.001000000000000000e+03
2.657000000000000000e+03
2.222000000000000000e+03
2.662000000000000000e+03
4.751000000000000000e+03
3.915000000000000000e+03
4.579000000000000000e+03
1.459000000000000000e+03
4.500000000000000000e+03
5.880000000000000000e+02
2.589000000000000000e+03
1.547000000000000000e+03
5.610000000000000000e+02
1.339000000000000000e+03
4.746000000000000000e+03
4.279000000000000000e+03
4.209000000000000000e+03
3.088000000000000000e+03
4.677000000000000000e+03
1.638000000000000000e+03
1.451000000000000000e+03
1.720000000000000000e+02
1.876000000000000000e+03
3.310000000000000000e+02
2.582000000000000000e+03
2.636000000000000000e+03
2.280000000000000000e+02
4.254000000000000000e+03
1.711000000000000000e+03
2.069000000000000000e+03
3.922000000000000000e+03
1.598000000000000000e+03
2.946000000000000000e+03
2.546000000000000000e+03
9.360000000000000000e+02
3.932000000000000000e+03
3.222000000000000000e+03
3.566000000000000000e+03
1.487000000000000000e+03
2.079000000000000000e+03
1.380000000000000000e+03
3.944000000000000000e+03
3.651000000000000000e+03
2.105000000000000000e+03
3.640000000000000000e+02
2.071000000000000000e+03
1.880000000000000000e+02
1.558000000000000000e+03
1.902000000000000000e+03
4.322000000000000000e+03
2.224000000000000000e+03
4.264000000000000000e+03
4.529000000000000000e+03
1.235000000000000000e+03
1.314000000000000000e+03
3.498000000000000000e+03
1.978000000000000000e+03
4.090000000000000000e+02
1.233000000000000000e+03
2.117000000000000000e+03
3.121000000000000000e+03
1.990000000000000000e+03
3.723000000000000000e+03
2.884000000000000000e+03
2.633000000000000000e+03
1.512000000000000000e+03
6.110000000000000000e+02
3.303000000000000000e+03
2.674000000000000000e+03
2.140000000000000000e+03
4.780000000000000000e+03
9.210000000000000000e+02
1.193000000000000000e+03
1.739000000000000000e+03
3.495000000000000000e+03
3.029000000000000000e+03
4.168000000000000000e+03
1.989000000000000000e+03
4.793000000000000000e+03
6.480000000000000000e+02
3.962000000000000000e+03
3.619000000000000000e+03
1.823000000000000000e+03
3.664000000000000000e+03
2.643000000000000000e+03
4.107000000000000000e+03
8.980000000000000000e+02
4.609000000000000000e+03
2.119000000000000000e+03
2.150000000000000000e+02
3.471000000000000000e+03
3.324000000000000000e+03
3.318000000000000000e+03
2.353000000000000000e+03
1.344000000000000000e+03
2.448000000000000000e+03
3.361000000000000000e+03
4.276000000000000000e+03
9.420000000000000000e+02
3.233000000000000000e+03
1.867000000000000000e+03
9.850000000000000000e+02
1.545000000000000000e+03
3.162000000000000000e+03
2.543000000000000000e+03
4.979000000000000000e+03
2.343000000000000000e+03
2.074000000000000000e+03
1.106000000000000000e+03
1.890000000000000000e+02
4.045000000000000000e+03
3.758000000000000000e+03
3.032000000000000000e+03
2.965000000000000000e+03
3.648000000000000000e+03
2.828000000000000000e+03
2.470000000000000000e+02
2.814000000000000000e+03
3.122000000000000000e+03
3.630000000000000000e+02
2.043000000000000000e+03
9.680000000000000000e+02
2.112000000000000000e+03
3.754000000000000000e+03
8.020000000000000000e+02
3.582000000000000000e+03
4.067000000000000000e+03
2.348000000000000000e+03
1.531000000000000000e+03
3.469000000000000000e+03
4.281000000000000000e+03
3.904000000000000000e+03
3.075000000000000000e+03
3.594000000000000000e+03
4.973000000000000000e+03
4.952000000000000000e+03
1.454000000000000000e+03
2.886000000000000000e+03
3.446000000000000000e+03
1.525000000000000000e+03
4.703000000000000000e+03
1.010000000000000000e+03
4.688000000000000000e+03
8.200000000000000000e+01
2.900000000000000000e+01
3.100000000000000000e+01
2.167000000000000000e+03
3.601000000000000000e+03
2.165000000000000000e+03
3.795000000000000000e+03
3.856000000000000000e+03
4.404000000000000000e+03
4.021000000000000000e+03
2.570000000000000000e+03
4.518000000000000000e+03
1.343000000000000000e+03
4.853000000000000000e+03
7.990000000000000000e+02
3.004000000000000000e+03
7.980000000000000000e+02
1.210000000000000000e+03
4.759000000000000000e+03
4.160000000000000000e+03
1.400000000000000000e+03
1.540000000000000000e+02
3.030000000000000000e+03
3.351000000000000000e+03
4.450000000000000000e+03
6.820000000000000000e+02
3.360000000000000000e+03
4.502000000000000000e+03
2.777000000000000000e+03
1.830000000000000000e+03
3.798000000000000000e+03
4.487000000000000000e+03
2.934000000000000000e+03
1.359000000000000000e+03
3.163000000000000000e+03
4.496000000000000000e+03
1.116000000000000000e+03
3.949000000000000000e+03
2.158000000000000000e+03
1.544000000000000000e+03
1.787000000000000000e+03
8.770000000000000000e+02
1.321000000000000000e+03
2.542000000000000000e+03
4.269000000000000000e+03
3.759000000000000000e+03
4.827000000000000000e+03
4.446000000000000000e+03
2.990000000000000000e+02
1.898000000000000000e+03
4.504000000000000000e+03
9.370000000000000000e+02
4.988000000000000000e+03
2.029000000000000000e+03
4.275000000000000000e+03
1.000000000000000000e+03
9.930000000000000000e+02
2.730000000000000000e+02
2.160000000000000000e+02
7.140000000000000000e+02
1.616000000000000000e+03
1.390000000000000000e+03
2.308000000000000000e+03
1.127000000000000000e+03
4.597000000000000000e+03
3.883000000000000000e+03
4.933000000000000000e+03
8.440000000000000000e+02
4.618000000000000000e+03
2.476000000000000000e+03
2.339000000000000000e+03
1.190000000000000000e+02
3.696000000000000000e+03
1.751000000000000000e+03
3.480000000000000000e+02
1.575000000000000000e+03
1.148000000000000000e+03
4.691000000000000000e+03
7.880000000000000000e+02
3.593000000000000000e+03
4.755000000000000000e+03
3.905000000000000000e+03
4.420000000000000000e+03
4.701000000000000000e+03
2.920000000000000000e+03
1.202000000000000000e+03
3.984000000000000000e+03
2.118000000000000000e+03
4.118000000000000000e+03
1.490000000000000000e+03
3.757000000000000000e+03
3.708000000000000000e+03
1.117000000000000000e+03
3.418000000000000000e+03
1.771000000000000000e+03
1.250000000000000000e+03
1.128000000000000000e+03
1.521000000000000000e+03
1.975000000000000000e+03
3.563000000000000000e+03
1.489000000000000000e+03
3.918000000000000000e+03
3.614000000000000000e+03
2.240000000000000000e+02
8.860000000000000000e+02
4.803000000000000000e+03
3.090000000000000000e+03
4.674000000000000000e+03
2.436000000000000000e+03
5.200000000000000000e+02
4.522000000000000000e+03
4.716000000000000000e+03
2.634000000000000000e+03
6.590000000000000000e+02
4.740000000000000000e+02
3.079000000000000000e+03
3.148000000000000000e+03
4.374000000000000000e+03
2.988000000000000000e+03
1.960000000000000000e+02
4.651000000000000000e+03
4.342000000000000000e+03
3.126000000000000000e+03
2.893000000000000000e+03
4.550000000000000000e+03
1.210000000000000000e+02
3.780000000000000000e+03
3.739000000000000000e+03
3.520000000000000000e+03
8.370000000000000000e+02
3.130000000000000000e+03
5.230000000000000000e+02
2.100000000000000000e+03
1.666000000000000000e+03
4.097000000000000000e+03
3.875000000000000000e+03
8.850000000000000000e+02
3.305000000000000000e+03
7.500000000000000000e+01
7.920000000000000000e+02
2.486000000000000000e+03
8.960000000000000000e+02
2.727000000000000000e+03
9.610000000000000000e+02
1.257000000000000000e+03
4.603000000000000000e+03
3.218000000000000000e+03
4.477000000000000000e+03
5.790000000000000000e+02
2.150000000000000000e+03
1.113000000000000000e+03
5.720000000000000000e+02
4.357000000000000000e+03
1.316000000000000000e+03
4.860000000000000000e+03
3.800000000000000000e+01
4.492000000000000000e+03
5.600000000000000000e+02
1.911000000000000000e+03
1.994000000000000000e+03
8.460000000000000000e+02
1.560000000000000000e+02
3.609000000000000000e+03
4.861000000000000000e+03
4.094000000000000000e+03
3.830000000000000000e+02
4.242000000000000000e+03
4.104000000000000000e+03
3.929000000000000000e+03
7.240000000000000000e+02
1.018000000000000000e+03
9.260000000000000000e+02
3.238000000000000000e+03
2.820000000000000000e+02
1.804000000000000000e+03
3.187000000000000000e+03
3.077000000000000000e+03
3.102000000000000000e+03
1.686000000000000000e+03
4.895000000000000000e+03
1.097000000000000000e+03
1.682000000000000000e+03
4.001000000000000000e+03
3.552000000000000000e+03
1.629000000000000000e+03
3.599000000000000000e+03
1.502000000000000000e+03
2.619000000000000000e+03
2.512000000000000000e+03
1.030000000000000000e+02
2.980000000000000000e+02
3.650000000000000000e+03
9.170000000000000000e+02
1.050000000000000000e+02
3.942000000000000000e+03
2.983000000000000000e+03
7.860000000000000000e+02
4.964000000000000000e+03
2.200000000000000000e+03
2.567000000000000000e+03
8.940000000000000000e+02
5.630000000000000000e+02
4.120000000000000000e+03
1.790000000000000000e+03
5.040000000000000000e+02
3.577000000000000000e+03
4.516000000000000000e+03
3.091000000000000000e+03
1.223000000000000000e+03
1.800000000000000000e+02
4.626000000000000000e+03
4.800000000000000000e+03
3.598000000000000000e+03
8.150000000000000000e+02
2.320000000000000000e+02
3.699000000000000000e+03
4.457000000000000000e+03
4.267000000000000000e+03
3.131000000000000000e+03
2.737000000000000000e+03
1.129000000000000000e+03
1.864000000000000000e+03
1.914000000000000000e+03
3.857000000000000000e+03
4.015000000000000000e+03
1.987000000000000000e+03
2.101000000000000000e+03
1.477000000000000000e+03
2.972000000000000000e+03
4.865000000000000000e+03
2.574000000000000000e+03
4.954000000000000000e+03
2.493000000000000000e+03
3.177000000000000000e+03
9.820000000000000000e+02
3.812000000000000000e+03
2.733000000000000000e+03
2.142000000000000000e+03
3.320000000000000000e+03
1.430000000000000000e+03
1.650000000000000000e+03
6.600000000000000000e+01
9.400000000000000000e+01
4.640000000000000000e+03
8.540000000000000000e+02
4.304000000000000000e+03
2.912000000000000000e+03
8.840000000000000000e+02
4.226000000000000000e+03
9.140000000000000000e+02
6.300000000000000000e+01
4.174000000000000000e+03
4.901000000000000000e+03
2.603000000000000000e+03
4.554000000000000000e+03
4.745000000000000000e+03
1.470000000000000000e+03
2.295000000000000000e+03
4.348000000000000000e+03
7.560000000000000000e+02
3.715000000000000000e+03
2.318000000000000000e+03
4.473000000000000000e+03
3.779000000000000000e+03
1.865000000000000000e+03
2.152000000000000000e+03
3.297000000000000000e+03
1.592000000000000000e+03
4.428000000000000000e+03
2.298000000000000000e+03
2.053000000000000000e+03
1.568000000000000000e+03
1.644000000000000000e+03
1.094000000000000000e+03
4.871000000000000000e+03
3.050000000000000000e+03
1.676000000000000000e+03
1.828000000000000000e+03
2.672000000000000000e+03
3.675000000000000000e+03
4.573000000000000000e+03
4.668000000000000000e+03
3.268000000000000000e+03
8.720000000000000000e+02
2.490000000000000000e+02
3.438000000000000000e+03
4.455000000000000000e+03
6.650000000000000000e+02
2.623000000000000000e+03
4.509000000000000000e+03
2.268000000000000000e+03
3.542000000000000000e+03
2.620000000000000000e+03
2.282000000000000000e+03
3.789000000000000000e+03
2.190000000000000000e+03
2.563000000000000000e+03
2.250000000000000000e+02
2.054000000000000000e+03
3.998000000000000000e+03
3.408000000000000000e+03
4.697000000000000000e+03
4.460000000000000000e+03
1.242000000000000000e+03
6.300000000000000000e+02
3.549000000000000000e+03
6.160000000000000000e+02
3.443000000000000000e+03
2.980000000000000000e+03
2.164000000000000000e+03
2.800000000000000000e+02
3.441000000000000000e+03
1.374000000000000000e+03
4.439000000000000000e+03
3.511000000000000000e+03
2.985000000000000000e+03
3.745000000000000000e+03
2.640000000000000000e+03
1.440000000000000000e+03
3.266000000000000000e+03
2.558000000000000000e+03
2.130000000000000000e+02
1.244000000000000000e+03
2.154000000000000000e+03
2.030000000000000000e+03
2.722000000000000000e+03
4.840000000000000000e+03
2.221000000000000000e+03
3.534000000000000000e+03
3.561000000000000000e+03
2.423000000000000000e+03
1.155000000000000000e+03
3.327000000000000000e+03
2.333000000000000000e+03
4.291000000000000000e+03
1.976000000000000000e+03
2.720000000000000000e+03
4.991000000000000000e+03
9.840000000000000000e+02
3.259000000000000000e+03
4.928000000000000000e+03
1.141000000000000000e+03
1.806000000000000000e+03
4.717000000000000000e+03
3.020000000000000000e+02
3.620000000000000000e+03
4.990000000000000000e+03
3.669000000000000000e+03
8.000000000000000000e+02
7.770000000000000000e+02
9.670000000000000000e+02
1.870000000000000000e+03
3.680000000000000000e+02
2.875000000000000000e+03
1.270000000000000000e+02
2.438000000000000000e+03
1.049000000000000000e+03
3.228000000000000000e+03
3.705000000000000000e+03
3.223000000000000000e+03
2.433000000000000000e+03
1.795000000000000000e+03
3.610000000000000000e+03
1.656000000000000000e+03
2.551000000000000000e+03
4.290000000000000000e+03
3.414000000000000000e+03
8.000000000000000000e+01
1.031000000000000000e+03
2.044000000000000000e+03
3.104000000000000000e+03
3.486000000000000000e+03
1.905000000000000000e+03
2.163000000000000000e+03
4.920000000000000000e+02
4.175000000000000000e+03
2.179000000000000000e+03
1.195000000000000000e+03
3.151000000000000000e+03
4.523000000000000000e+03
3.083000000000000000e+03
3.724000000000000000e+03
1.072000000000000000e+03
3.832000000000000000e+03
1.653000000000000000e+03
3.456000000000000000e+03
4.665000000000000000e+03
3.381000000000000000e+03
1.104000000000000000e+03
3.761000000000000000e+03
1.912000000000000000e+03
3.252000000000000000e+03
6.440000000000000000e+02
3.110000000000000000e+03
8.470000000000000000e+02
4.350000000000000000e+02
5.250000000000000000e+02
2.568000000000000000e+03
3.881000000000000000e+03
4.418000000000000000e+03
4.725000000000000000e+03
3.947000000000000000e+03
2.257000000000000000e+03
3.525000000000000000e+03
2.000000000000000000e+02
2.472000000000000000e+03
2.024000000000000000e+03
3.927000000000000000e+03
4.843000000000000000e+03
2.947000000000000000e+03
1.037000000000000000e+03
1.005000000000000000e+03
1.683000000000000000e+03
4.619000000000000000e+03
1.237000000000000000e+03
4.070000000000000000e+03
3.350000000000000000e+03
3.140000000000000000e+02
2.757000000000000000e+03
9.550000000000000000e+02
4.526000000000000000e+03
3.344000000000000000e+03
1.913000000000000000e+03
1.957000000000000000e+03
3.124000000000000000e+03
2.305000000000000000e+03
9.620000000000000000e+02
3.025000000000000000e+03
3.249000000000000000e+03
2.168000000000000000e+03
4.047000000000000000e+03
1.293000000000000000e+03
1.767000000000000000e+03
4.137000000000000000e+03
4.741000000000000000e+03
7.590000000000000000e+02
2.807000000000000000e+03
2.631000000000000000e+03
2.393000000000000000e+03
1.389000000000000000e+03
3.710000000000000000e+03
3.616000000000000000e+03
3.383000000000000000e+03
2.797000000000000000e+03
4.462000000000000000e+03
2.822000000000000000e+03
1.718000000000000000e+03
1.350000000000000000e+02
1.983000000000000000e+03
2.803000000000000000e+03
3.462000000000000000e+03
3.315000000000000000e+03
1.413000000000000000e+03
2.818000000000000000e+03
3.370000000000000000e+03
3.352000000000000000e+03
3.407000000000000000e+03
1.158000000000000000e+03
4.503000000000000000e+03
4.750000000000000000e+02
1.589000000000000000e+03
1.782000000000000000e+03
7.620000000000000000e+02
1.667000000000000000e+03
1.903000000000000000e+03
2.779000000000000000e+03
9.000000000000000000e+00
3.089000000000000000e+03
8.220000000000000000e+02
3.227000000000000000e+03
4.408000000000000000e+03
2.004000000000000000e+03
1.984000000000000000e+03
2.220000000000000000e+02
4.201000000000000000e+03
1.445000000000000000e+03
2.701000000000000000e+03
1.566000000000000000e+03
7.000000000000000000e+01
2.089000000000000000e+03
3.337000000000000000e+03
3.823000000000000000e+03
3.452000000000000000e+03
1.910000000000000000e+03
3.600000000000000000e+02
4.141000000000000000e+03
2.910000000000000000e+02
2.193000000000000000e+03
1.608000000000000000e+03
9.950000000000000000e+02
2.768000000000000000e+03
4.837000000000000000e+03
4.183000000000000000e+03
3.144000000000000000e+03
2.731000000000000000e+03
2.718000000000000000e+03
1.036000000000000000e+03
5.770000000000000000e+02
3.859000000000000000e+03
2.097000000000000000e+03
1.626000000000000000e+03
3.133000000000000000e+03
4.630000000000000000e+03
4.436000000000000000e+03
4.406000000000000000e+03
4.980000000000000000e+02
2.687000000000000000e+03
1.625000000000000000e+03
3.562000000000000000e+03
9.710000000000000000e+02
2.253000000000000000e+03
2.959000000000000000e+03
1.778000000000000000e+03
3.184000000000000000e+03
3.576000000000000000e+03
4.510000000000000000e+03
4.290000000000000000e+02
4.997000000000000000e+03
1.435000000000000000e+03
3.154000000000000000e+03
4.339000000000000000e+03
2.110000000000000000e+03
4.000000000000000000e+00
4.135000000000000000e+03
1.067000000000000000e+03
1.033000000000000000e+03
3.494000000000000000e+03
7.870000000000000000e+02
9.500000000000000000e+01
4.766000000000000000e+03
3.244000000000000000e+03
2.123000000000000000e+03
3.850000000000000000e+03
4.864000000000000000e+03
1.170000000000000000e+02
1.734000000000000000e+03
4.858000000000000000e+03
1.003000000000000000e+03
3.283000000000000000e+03
3.448000000000000000e+03
4.122000000000000000e+03
9.120000000000000000e+02
1.062000000000000000e+03
5.380000000000000000e+02
1.272000000000000000e+03
4.945000000000000000e+03
1.166000000000000000e+03
1.298000000000000000e+03
5.530000000000000000e+02
3.415000000000000000e+03
