3.025000000000000000e+03
8.230000000000000000e+02
4.803000000000000000e+03
3.449000000000000000e+03
3.903000000000000000e+03
2.621000000000000000e+03
1.240000000000000000e+02
4.121000000000000000e+03
2.400000000000000000e+03
2.246000000000000000e+03
1.406000000000000000e+03
3.169000000000000000e+03
2.045000000000000000e+03
2.030000000000000000e+02
3.069000000000000000e+03
4.303000000000000000e+03
2.491000000000000000e+03
3.470000000000000000e+02
2.541000000000000000e+03
1.217000000000000000e+03
2.364000000000000000e+03
1.525000000000000000e+03
3.725000000000000000e+03
4.248000000000000000e+03
3.580000000000000000e+03
1.351000000000000000e+03
2.255000000000000000e+03
9.000000000000000000e+02
1.370000000000000000e+03
2.607000000000000000e+03
1.131000000000000000e+03
1.295000000000000000e+03
4.755000000000000000e+03
2.869000000000000000e+03
1.736000000000000000e+03
9.740000000000000000e+02
1.255000000000000000e+03
3.999000000000000000e+03
2.751000000000000000e+03
2.722000000000000000e+03
4.787000000000000000e+03
2.631000000000000000e+03
8.100000000000000000e+01
2.789000000000000000e+03
4.517000000000000000e+03
1.417000000000000000e+03
4.117000000000000000e+03
1.555000000000000000e+03
4.630000000000000000e+02
4.135000000000000000e+03
4.170000000000000000e+03
1.926000000000000000e+03
5.650000000000000000e+02
3.353000000000000000e+03
4.407000000000000000e+03
3.787000000000000000e+03
3.849000000000000000e+03
1.915000000000000000e+03
1.380000000000000000e+03
4.007000000000000000e+03
4.311000000000000000e+03
4.760000000000000000e+02
2.635000000000000000e+03
2.194000000000000000e+03
2.284000000000000000e+03
1.307000000000000000e+03
3.920000000000000000e+03
2.249000000000000000e+03
5.070000000000000000e+02
3.184000000000000000e+03
5.050000000000000000e+02
3.832000000000000000e+03
7.900000000000000000e+02
2.370000000000000000e+02
1.361000000000000000e+03
4.344000000000000000e+03
7.240000000000000000e+02
8.190000000000000000e+02
1.234000000000000000e+03
3.971000000000000000e+03
1.275000000000000000e+03
3.817000000000000000e+03
2.799000000000000000e+03
3.833000000000000000e+03
8.300000000000000000e+01
4.297000000000000000e+03
4.563000000000000000e+03
3.038000000000000000e+03
4.956000000000000000e+03
4.561000000000000000e+03
2.823000000000000000e+03
2.319000000000000000e+03
1.526000000000000000e+03
9.050000000000000000e+02
4.512000000000000000e+03
3.333000000000000000e+03
1.029000000000000000e+03
5.770000000000000000e+02
4.167000000000000000e+03
3.684000000000000000e+03
9.970000000000000000e+02
1.604000000000000000e+03
4.212000000000000000e+03
1.616000000000000000e+03
3.770000000000000000e+02
3.596000000000000000e+03
4.753000000000000000e+03
7.360000000000000000e+02
3.574000000000000000e+03
2.384000000000000000e+03
4.473000000000000000e+03
4.289000000000000000e+03
1.139000000000000000e+03
8.680000000000000000e+02
1.410000000000000000e+03
3.811000000000000000e+03
1.116000000000000000e+03
4.230000000000000000e+03
5.590000000000000000e+02
3.765000000000000000e+03
2.340000000000000000e+02
1.106000000000000000e+03
3.393000000000000000e+03
3.721000000000000000e+03
8.860000000000000000e+02
7.300000000000000000e+02
2.660000000000000000e+02
1.792000000000000000e+03
4.304000000000000000e+03
3.791000000000000000e+03
2.043000000000000000e+03
3.527000000000000000e+03
8.090000000000000000e+02
1.140000000000000000e+03
2.686000000000000000e+03
2.801000000000000000e+03
1.260000000000000000e+02
2.910000000000000000e+02
3.452000000000000000e+03
3.995000000000000000e+03
4.100000000000000000e+01
4.953000000000000000e+03
3.245000000000000000e+03
1.798000000000000000e+03
8.590000000000000000e+02
2.190000000000000000e+03
2.710000000000000000e+02
1.725000000000000000e+03
2.728000000000000000e+03
3.800000000000000000e+02
5.670000000000000000e+02
9.300000000000000000e+01
4.923000000000000000e+03
3.762000000000000000e+03
1.309000000000000000e+03
1.758000000000000000e+03
6.060000000000000000e+02
3.716000000000000000e+03
9.770000000000000000e+02
2.637000000000000000e+03
2.495000000000000000e+03
2.114000000000000000e+03
2.470000000000000000e+02
1.800000000000000000e+02
3.908000000000000000e+03
1.972000000000000000e+03
3.980000000000000000e+02
1.624000000000000000e+03
4.437000000000000000e+03
2.251000000000000000e+03
1.388000000000000000e+03
7.260000000000000000e+02
4.862000000000000000e+03
3.185000000000000000e+03
1.252000000000000000e+03
4.102000000000000000e+03
1.191000000000000000e+03
2.743000000000000000e+03
1.907000000000000000e+03
1.726000000000000000e+03
1.953000000000000000e+03
1.895000000000000000e+03
7.640000000000000000e+02
4.600000000000000000e+02
4.785000000000000000e+03
4.928000000000000000e+03
2.304000000000000000e+03
4.435000000000000000e+03
2.690000000000000000e+03
1.539000000000000000e+03
3.105000000000000000e+03
1.154000000000000000e+03
4.534000000000000000e+03
1.378000000000000000e+03
2.272000000000000000e+03
4.800000000000000000e+01
6.260000000000000000e+02
2.007000000000000000e+03
4.475000000000000000e+03
2.666000000000000000e+03
2.651000000000000000e+03
1.350000000000000000e+02
1.615000000000000000e+03
4.290000000000000000e+03
2.040000000000000000e+03
2.115000000000000000e+03
3.410000000000000000e+03
4.158000000000000000e+03
1.380000000000000000e+02
4.702000000000000000e+03
4.084000000000000000e+03
2.518000000000000000e+03
3.764000000000000000e+03
2.657000000000000000e+03
3.573000000000000000e+03
1.213000000000000000e+03
2.683000000000000000e+03
2.665000000000000000e+03
2.543000000000000000e+03
1.090000000000000000e+02
1.900000000000000000e+03
1.918000000000000000e+03
4.522000000000000000e+03
1.816000000000000000e+03
3.645000000000000000e+03
4.849000000000000000e+03
2.477000000000000000e+03
3.253000000000000000e+03
5.800000000000000000e+02
3.919000000000000000e+03
1.765000000000000000e+03
4.834000000000000000e+03
3.960000000000000000e+03
4.624000000000000000e+03
4.674000000000000000e+03
3.146000000000000000e+03
2.914000000000000000e+03
1.259000000000000000e+03
1.294000000000000000e+03
3.737000000000000000e+03
3.794000000000000000e+03
8.950000000000000000e+02
1.627000000000000000e+03
4.649000000000000000e+03
2.125000000000000000e+03
3.356000000000000000e+03
2.521000000000000000e+03
4.707000000000000000e+03
5.730000000000000000e+02
2.100000000000000000e+01
1.577000000000000000e+03
1.622000000000000000e+03
4.689000000000000000e+03
1.957000000000000000e+03
6.370000000000000000e+02
9.180000000000000000e+02
5.190000000000000000e+02
2.327000000000000000e+03
2.830000000000000000e+02
2.132000000000000000e+03
1.709000000000000000e+03
3.072000000000000000e+03
3.010000000000000000e+02
2.108000000000000000e+03
6.180000000000000000e+02
5.380000000000000000e+02
4.065000000000000000e+03
2.694000000000000000e+03
4.847000000000000000e+03
1.886000000000000000e+03
8.060000000000000000e+02
3.447000000000000000e+03
1.323000000000000000e+03
2.859000000000000000e+03
3.720000000000000000e+02
3.487000000000000000e+03
2.360000000000000000e+02
4.448000000000000000e+03
3.910000000000000000e+03
7.950000000000000000e+02
3.424000000000000000e+03
2.168000000000000000e+03
1.990000000000000000e+02
5.040000000000000000e+02
4.593000000000000000e+03
2.208000000000000000e+03
3.795000000000000000e+03
1.819000000000000000e+03
8.460000000000000000e+02
2.825000000000000000e+03
4.300000000000000000e+02
2.643000000000000000e+03
3.330000000000000000e+03
3.394000000000000000e+03
2.758000000000000000e+03
4.108000000000000000e+03
4.532000000000000000e+03
4.275000000000000000e+03
2.120000000000000000e+02
3.499000000000000000e+03
1.472000000000000000e+03
4.327000000000000000e+03
2.830000000000000000e+03
3.015000000000000000e+03
4.765000000000000000e+03
6.130000000000000000e+02
2.372000000000000000e+03
4.006000000000000000e+03
4.800000000000000000e+03
2.804000000000000000e+03
1.155000000000000000e+03
3.755000000000000000e+03
1.159000000000000000e+03
2.785000000000000000e+03
1.080000000000000000e+03
2.196000000000000000e+03
4.900000000000000000e+01
3.927000000000000000e+03
7.930000000000000000e+02
4.125000000000000000e+03
4.250000000000000000e+03
6.240000000000000000e+02
2.124000000000000000e+03
1.242000000000000000e+03
2.180000000000000000e+03
5.710000000000000000e+02
3.559000000000000000e+03
4.060000000000000000e+03
1.647000000000000000e+03
4.359000000000000000e+03
4.655000000000000000e+03
1.143000000000000000e+03
4.763000000000000000e+03
3.901000000000000000e+03
4.193000000000000000e+03
4.921000000000000000e+03
4.840000000000000000e+03
4.736000000000000000e+03
1.630000000000000000e+02
3.088000000000000000e+03
4.535000000000000000e+03
1.287000000000000000e+03
4.950000000000000000e+02
4.497000000000000000e+03
3.510000000000000000e+03
3.913000000000000000e+03
1.208000000000000000e+03
3.055000000000000000e+03
8.880000000000000000e+02
2.540000000000000000e+02
4.901000000000000000e+03
2.540000000000000000e+03
2.451000000000000000e+03
8.340000000000000000e+02
2.156000000000000000e+03
4.390000000000000000e+03
6.810000000000000000e+02
4.401000000000000000e+03
4.595000000000000000e+03
2.171000000000000000e+03
4.225000000000000000e+03
3.244000000000000000e+03
4.404000000000000000e+03
3.129000000000000000e+03
4.425000000000000000e+03
4.287000000000000000e+03
2.289000000000000000e+03
1.937000000000000000e+03
3.544000000000000000e+03
4.072000000000000000e+03
1.486000000000000000e+03
4.046000000000000000e+03
2.347000000000000000e+03
2.912000000000000000e+03
4.965000000000000000e+03
4.025000000000000000e+03
2.600000000000000000e+01
2.500000000000000000e+03
1.436000000000000000e+03
1.652000000000000000e+03
1.591000000000000000e+03
1.020000000000000000e+02
1.423000000000000000e+03
9.930000000000000000e+02
1.000000000000000000e+01
3.435000000000000000e+03
3.524000000000000000e+03
4.181000000000000000e+03
3.295000000000000000e+03
3.661000000000000000e+03
3.709000000000000000e+03
1.492000000000000000e+03
2.629000000000000000e+03
3.778000000000000000e+03
2.423000000000000000e+03
4.957000000000000000e+03
2.068000000000000000e+03
4.724000000000000000e+03
3.588000000000000000e+03
1.947000000000000000e+03
3.358000000000000000e+03
3.291000000000000000e+03
4.745000000000000000e+03
1.446000000000000000e+03
3.801000000000000000e+03
1.941000000000000000e+03
4.791000000000000000e+03
3.391000000000000000e+03
2.270000000000000000e+02
4.410000000000000000e+02
1.169000000000000000e+03
4.778000000000000000e+03
3.959000000000000000e+03
4.470000000000000000e+02
2.865000000000000000e+03
1.477000000000000000e+03
2.675000000000000000e+03
2.061000000000000000e+03
1.710000000000000000e+02
4.209000000000000000e+03
4.223000000000000000e+03
3.309000000000000000e+03
1.308000000000000000e+03
4.145000000000000000e+03
2.750000000000000000e+03
1.092000000000000000e+03
9.110000000000000000e+02
1.301000000000000000e+03
2.215000000000000000e+03
3.740000000000000000e+03
1.230000000000000000e+02
2.519000000000000000e+03
8.770000000000000000e+02
4.786000000000000000e+03
3.958000000000000000e+03
1.973000000000000000e+03
4.196000000000000000e+03
2.593000000000000000e+03
5.900000000000000000e+02
1.288000000000000000e+03
3.907000000000000000e+03
4.638000000000000000e+03
2.796000000000000000e+03
2.654000000000000000e+03
2.967000000000000000e+03
1.602000000000000000e+03
4.885000000000000000e+03
2.000000000000000000e+01
1.547000000000000000e+03
3.714000000000000000e+03
6.890000000000000000e+02
4.058000000000000000e+03
1.226000000000000000e+03
3.651000000000000000e+03
4.985000000000000000e+03
6.330000000000000000e+02
1.690000000000000000e+02
3.906000000000000000e+03
2.240000000000000000e+03
3.836000000000000000e+03
3.739000000000000000e+03
1.750000000000000000e+02
5.620000000000000000e+02
4.621000000000000000e+03
1.209000000000000000e+03
9.620000000000000000e+02
1.978000000000000000e+03
3.342000000000000000e+03
4.946000000000000000e+03
9.160000000000000000e+02
1.193000000000000000e+03
3.815000000000000000e+03
4.010000000000000000e+02
5.720000000000000000e+02
9.200000000000000000e+01
3.242000000000000000e+03
4.942000000000000000e+03
2.016000000000000000e+03
3.310000000000000000e+03
1.880000000000000000e+02
4.204000000000000000e+03
4.900000000000000000e+02
2.275000000000000000e+03
4.418000000000000000e+03
4.224000000000000000e+03
4.094000000000000000e+03
3.780000000000000000e+03
2.633000000000000000e+03
3.937000000000000000e+03
4.074000000000000000e+03
1.432000000000000000e+03
3.898000000000000000e+03
3.760000000000000000e+02
2.500000000000000000e+02
2.552000000000000000e+03
1.521000000000000000e+03
2.935000000000000000e+03
7.650000000000000000e+02
1.293000000000000000e+03
2.314000000000000000e+03
4.718000000000000000e+03
3.520000000000000000e+02
4.348000000000000000e+03
2.216000000000000000e+03
1.960000000000000000e+03
1.708000000000000000e+03
3.727000000000000000e+03
2.721000000000000000e+03
2.480000000000000000e+03
4.579000000000000000e+03
3.454000000000000000e+03
1.509000000000000000e+03
2.954000000000000000e+03
8.210000000000000000e+02
1.374000000000000000e+03
3.506000000000000000e+03
4.726000000000000000e+03
2.437000000000000000e+03
2.105000000000000000e+03
1.659000000000000000e+03
4.550000000000000000e+03
7.480000000000000000e+02
3.047000000000000000e+03
2.937000000000000000e+03
1.673000000000000000e+03
5.420000000000000000e+02
1.959000000000000000e+03
2.773000000000000000e+03
1.455000000000000000e+03
2.294000000000000000e+03
4.160000000000000000e+02
2.273000000000000000e+03
7.960000000000000000e+02
1.437000000000000000e+03
6.000000000000000000e+01
2.175000000000000000e+03
6.340000000000000000e+02
1.743000000000000000e+03
3.824000000000000000e+03
1.040000000000000000e+02
3.521000000000000000e+03
3.141000000000000000e+03
3.637000000000000000e+03
2.569000000000000000e+03
4.837000000000000000e+03
1.056000000000000000e+03
7.630000000000000000e+02
2.401000000000000000e+03
1.204000000000000000e+03
4.730000000000000000e+03
3.876000000000000000e+03
3.743000000000000000e+03
1.806000000000000000e+03
4.500000000000000000e+03
1.284000000000000000e+03
4.922000000000000000e+03
1.230000000000000000e+03
3.578000000000000000e+03
8.920000000000000000e+02
3.868000000000000000e+03
3.545000000000000000e+03
1.787000000000000000e+03
4.333000000000000000e+03
5.600000000000000000e+02
2.974000000000000000e+03
2.706000000000000000e+03
2.971000000000000000e+03
4.090000000000000000e+02
2.527000000000000000e+03
2.297000000000000000e+03
2.179000000000000000e+03
1.906000000000000000e+03
3.303000000000000000e+03
4.454000000000000000e+03
4.368000000000000000e+03
4.400000000000000000e+02
2.286000000000000000e+03
3.786000000000000000e+03
1.210000000000000000e+02
4.895000000000000000e+03
4.650000000000000000e+03
2.323000000000000000e+03
3.324000000000000000e+03
3.760000000000000000e+03
4.399000000000000000e+03
2.966000000000000000e+03
1.693000000000000000e+03
4.200000000000000000e+03
2.598000000000000000e+03
4.110000000000000000e+03
2.247000000000000000e+03
1.590000000000000000e+03
1.650000000000000000e+03
3.186000000000000000e+03
4.825000000000000000e+03
3.414000000000000000e+03
3.331000000000000000e+03
1.554000000000000000e+03
4.640000000000000000e+03
1.008000000000000000e+03
3.070000000000000000e+02
4.854000000000000000e+03
2.639000000000000000e+03
4.400000000000000000e+03
1.861000000000000000e+03
1.712000000000000000e+03
4.441000000000000000e+03
2.021000000000000000e+03
9.700000000000000000e+02
4.644000000000000000e+03
4.962000000000000000e+03
3.236000000000000000e+03
8.290000000000000000e+02
1.840000000000000000e+03
3.860000000000000000e+02
4.227000000000000000e+03
2.343000000000000000e+03
2.835000000000000000e+03
2.926000000000000000e+03
1.934000000000000000e+03
1.133000000000000000e+03
3.007000000000000000e+03
1.470000000000000000e+03
3.318000000000000000e+03
1.715000000000000000e+03
3.021000000000000000e+03
4.192000000000000000e+03
7.690000000000000000e+02
2.231000000000000000e+03
8.830000000000000000e+02
3.687000000000000000e+03
3.109000000000000000e+03
1.278000000000000000e+03
3.241000000000000000e+03
1.621000000000000000e+03
1.231000000000000000e+03
3.243000000000000000e+03
3.313000000000000000e+03
2.057000000000000000e+03
1.350000000000000000e+03
1.599000000000000000e+03
4.078000000000000000e+03
1.409000000000000000e+03
4.154000000000000000e+03
3.001000000000000000e+03
1.505000000000000000e+03
4.168000000000000000e+03
1.171000000000000000e+03
3.166000000000000000e+03
4.570000000000000000e+02
9.840000000000000000e+02
4.011000000000000000e+03
3.695000000000000000e+03
1.370000000000000000e+02
3.945000000000000000e+03
1.365000000000000000e+03
6.120000000000000000e+02
4.565000000000000000e+03
3.410000000000000000e+02
1.163000000000000000e+03
3.874000000000000000e+03
2.189000000000000000e+03
2.608000000000000000e+03
1.756000000000000000e+03
8.640000000000000000e+02
3.710000000000000000e+03
3.600000000000000000e+02
3.317000000000000000e+03
8.410000000000000000e+02
1.633000000000000000e+03
1.269000000000000000e+03
5.180000000000000000e+02
1.603000000000000000e+03
2.220000000000000000e+02
3.528000000000000000e+03
1.465000000000000000e+03
3.560000000000000000e+02
9.730000000000000000e+02
2.367000000000000000e+03
4.715000000000000000e+03
4.822000000000000000e+03
3.981000000000000000e+03
3.500000000000000000e+02
1.634000000000000000e+03
1.530000000000000000e+02
7.780000000000000000e+02
3.512000000000000000e+03
4.100000000000000000e+03
4.894000000000000000e+03
4.929000000000000000e+03
1.462000000000000000e+03
4.713000000000000000e+03
7.010000000000000000e+02
4.220000000000000000e+02
1.868000000000000000e+03
2.267000000000000000e+03
1.727000000000000000e+03
2.970000000000000000e+03
5.850000000000000000e+02
4.291000000000000000e+03
1.090000000000000000e+03
4.155000000000000000e+03
4.951000000000000000e+03
1.866000000000000000e+03
3.183000000000000000e+03
5.950000000000000000e+02
2.680000000000000000e+03
4.964000000000000000e+03
4.556000000000000000e+03
3.190000000000000000e+02
1.969000000000000000e+03
2.860000000000000000e+02
2.358000000000000000e+03
8.550000000000000000e+02
2.998000000000000000e+03
1.187000000000000000e+03
1.660000000000000000e+02
1.788000000000000000e+03
2.713000000000000000e+03
4.495000000000000000e+03
2.410000000000000000e+02
4.709000000000000000e+03
3.117000000000000000e+03
1.004000000000000000e+03
3.319000000000000000e+03
3.883000000000000000e+03
4.036000000000000000e+03
8.000000000000000000e+02
2.313000000000000000e+03
1.334000000000000000e+03
3.936000000000000000e+03
2.858000000000000000e+03
3.570000000000000000e+03
2.006000000000000000e+03
4.085000000000000000e+03
4.768000000000000000e+03
4.510000000000000000e+03
4.860000000000000000e+02
2.014000000000000000e+03
4.550000000000000000e+02
4.984000000000000000e+03
2.480000000000000000e+02
2.054000000000000000e+03
4.728000000000000000e+03
3.513000000000000000e+03
1.828000000000000000e+03
8.000000000000000000e+01
4.911000000000000000e+03
3.075000000000000000e+03
3.338000000000000000e+03
2.700000000000000000e+03
2.413000000000000000e+03
4.017000000000000000e+03
4.739000000000000000e+03
1.270000000000000000e+02
4.691000000000000000e+03
1.587000000000000000e+03
3.192000000000000000e+03
4.970000000000000000e+02
2.278000000000000000e+03
6.220000000000000000e+02
1.450000000000000000e+02
1.982000000000000000e+03
3.017000000000000000e+03
1.944000000000000000e+03
4.018000000000000000e+03
6.440000000000000000e+02
4.850000000000000000e+03
1.001000000000000000e+03
2.667000000000000000e+03
1.003000000000000000e+03
1.049000000000000000e+03
2.071000000000000000e+03
2.450000000000000000e+03
2.011000000000000000e+03
1.807000000000000000e+03
4.876000000000000000e+03
4.329000000000000000e+03
2.436000000000000000e+03
4.775000000000000000e+03
3.078000000000000000e+03
3.250000000000000000e+02
2.331000000000000000e+03
3.980000000000000000e+03
4.514000000000000000e+03
5.370000000000000000e+02
4.041000000000000000e+03
3.505000000000000000e+03
7.910000000000000000e+02
3.711000000000000000e+03
1.401000000000000000e+03
4.478000000000000000e+03
2.566000000000000000e+03
4.510000000000000000e+02
6.050000000000000000e+02
6.880000000000000000e+02
1.479000000000000000e+03
6.960000000000000000e+02
2.020000000000000000e+03
2.535000000000000000e+03
1.233000000000000000e+03
2.918000000000000000e+03
5.110000000000000000e+02
3.229000000000000000e+03
2.159000000000000000e+03
4.459000000000000000e+03
1.677000000000000000e+03
1.359000000000000000e+03
4.411000000000000000e+03
2.187000000000000000e+03
1.442000000000000000e+03
2.630000000000000000e+02
2.040000000000000000e+02
1.574000000000000000e+03
4.682000000000000000e+03
3.568000000000000000e+03
3.910000000000000000e+02
1.290000000000000000e+03
5.020000000000000000e+02
2.742000000000000000e+03
3.630000000000000000e+02
