2.619000000000000000e+03
3.489000000000000000e+03
6.930000000000000000e+02
4.300000000000000000e+03
3.775000000000000000e+03
8.450000000000000000e+02
2.843000000000000000e+03
4.749000000000000000e+03
9.390000000000000000e+02
3.016000000000000000e+03
2.876000000000000000e+03
2.277000000000000000e+03
1.373000000000000000e+03
2.596000000000000000e+03
4.705000000000000000e+03
3.893000000000000000e+03
2.233000000000000000e+03
3.308000000000000000e+03
8.670000000000000000e+02
3.690000000000000000e+03
4.821000000000000000e+03
4.164000000000000000e+03
2.658000000000000000e+03
3.750000000000000000e+02
1.576000000000000000e+03
1.084000000000000000e+03
2.169000000000000000e+03
4.353000000000000000e+03
1.197000000000000000e+03
1.881000000000000000e+03
2.910000000000000000e+03
2.488000000000000000e+03
1.052000000000000000e+03
1.485000000000000000e+03
3.862000000000000000e+03
3.120000000000000000e+03
9.630000000000000000e+02
3.451000000000000000e+03
3.510000000000000000e+03
3.756000000000000000e+03
2.224000000000000000e+03
1.543000000000000000e+03
2.352000000000000000e+03
3.628000000000000000e+03
0.000000000000000000e+00
4.650000000000000000e+02
4.243000000000000000e+03
3.130000000000000000e+02
2.940000000000000000e+03
9.310000000000000000e+02
4.710000000000000000e+03
2.774000000000000000e+03
3.375000000000000000e+03
1.768000000000000000e+03
1.009000000000000000e+03
2.010000000000000000e+03
4.740000000000000000e+02
1.038000000000000000e+03
2.144000000000000000e+03
8.080000000000000000e+02
5.550000000000000000e+02
3.636000000000000000e+03
3.408000000000000000e+03
2.344000000000000000e+03
5.960000000000000000e+02
4.198000000000000000e+03
1.832000000000000000e+03
1.858000000000000000e+03
4.109000000000000000e+03
1.390000000000000000e+03
4.211000000000000000e+03
1.469000000000000000e+03
1.536000000000000000e+03
2.625000000000000000e+03
3.751000000000000000e+03
1.541000000000000000e+03
4.183000000000000000e+03
1.507000000000000000e+03
3.757000000000000000e+03
4.232000000000000000e+03
3.329000000000000000e+03
2.280000000000000000e+02
4.153000000000000000e+03
1.533000000000000000e+03
2.028000000000000000e+03
4.989000000000000000e+03
1.265000000000000000e+03
4.500000000000000000e+01
2.879000000000000000e+03
2.311000000000000000e+03
4.236000000000000000e+03
2.969000000000000000e+03
2.203000000000000000e+03
1.759000000000000000e+03
1.771000000000000000e+03
4.400000000000000000e+01
3.033000000000000000e+03
2.064000000000000000e+03
2.522000000000000000e+03
3.067000000000000000e+03
1.457000000000000000e+03
1.071000000000000000e+03
2.324000000000000000e+03
4.845000000000000000e+03
2.493000000000000000e+03
6.190000000000000000e+02
4.352000000000000000e+03
2.604000000000000000e+03
3.882000000000000000e+03
9.610000000000000000e+02
1.094000000000000000e+03
1.799000000000000000e+03
1.976000000000000000e+03
2.738000000000000000e+03
1.974000000000000000e+03
1.305000000000000000e+03
2.469000000000000000e+03
3.479000000000000000e+03
1.696000000000000000e+03
1.746000000000000000e+03
2.707000000000000000e+03
1.843000000000000000e+03
5.900000000000000000e+01
2.287000000000000000e+03
1.413000000000000000e+03
6.400000000000000000e+02
1.880000000000000000e+03
4.500000000000000000e+02
2.541000000000000000e+03
7.540000000000000000e+02
1.351000000000000000e+03
3.787000000000000000e+03
3.767000000000000000e+03
2.063000000000000000e+03
3.125000000000000000e+03
1.514000000000000000e+03
4.675000000000000000e+03
8.590000000000000000e+02
1.362000000000000000e+03
3.686000000000000000e+03
4.528000000000000000e+03
3.518000000000000000e+03
4.346000000000000000e+03
3.107000000000000000e+03
3.260000000000000000e+03
4.054000000000000000e+03
4.800000000000000000e+03
1.300000000000000000e+02
9.500000000000000000e+01
1.406000000000000000e+03
1.058000000000000000e+03
3.064000000000000000e+03
8.370000000000000000e+02
2.397000000000000000e+03
4.364000000000000000e+03
8.940000000000000000e+02
1.985000000000000000e+03
3.020000000000000000e+03
3.718000000000000000e+03
4.117000000000000000e+03
3.288000000000000000e+03
4.268000000000000000e+03
2.200000000000000000e+02
3.372000000000000000e+03
2.842000000000000000e+03
2.280000000000000000e+03
2.284000000000000000e+03
4.000000000000000000e+00
7.000000000000000000e+00
2.749000000000000000e+03
1.018000000000000000e+03
2.900000000000000000e+01
2.622000000000000000e+03
1.778000000000000000e+03
5.640000000000000000e+02
2.930000000000000000e+03
8.760000000000000000e+02
2.821000000000000000e+03
4.771000000000000000e+03
4.303000000000000000e+03
3.247000000000000000e+03
6.610000000000000000e+02
1.418000000000000000e+03
4.632000000000000000e+03
2.460000000000000000e+02
3.263000000000000000e+03
3.754000000000000000e+03
4.555000000000000000e+03
4.572000000000000000e+03
1.530000000000000000e+03
4.948000000000000000e+03
2.306000000000000000e+03
2.905000000000000000e+03
7.160000000000000000e+02
3.552000000000000000e+03
1.687000000000000000e+03
3.861000000000000000e+03
2.439000000000000000e+03
1.754000000000000000e+03
4.392000000000000000e+03
3.035000000000000000e+03
4.680000000000000000e+02
3.080000000000000000e+02
3.233000000000000000e+03
4.250000000000000000e+02
3.707000000000000000e+03
3.289000000000000000e+03
2.990000000000000000e+02
3.688000000000000000e+03
3.510000000000000000e+02
1.420000000000000000e+03
1.833000000000000000e+03
4.630000000000000000e+02
2.042000000000000000e+03
1.464000000000000000e+03
3.789000000000000000e+03
3.232000000000000000e+03
4.730000000000000000e+02
3.933000000000000000e+03
3.028000000000000000e+03
2.802000000000000000e+03
1.324000000000000000e+03
4.888000000000000000e+03
1.280000000000000000e+03
7.060000000000000000e+02
4.093000000000000000e+03
1.282000000000000000e+03
4.611000000000000000e+03
4.690000000000000000e+03
2.652000000000000000e+03
7.990000000000000000e+02
2.531000000000000000e+03
1.636000000000000000e+03
3.204000000000000000e+03
2.055000000000000000e+03
3.396000000000000000e+03
3.070000000000000000e+03
1.044000000000000000e+03
8.820000000000000000e+02
4.949000000000000000e+03
4.433000000000000000e+03
4.663000000000000000e+03
3.870000000000000000e+02
3.679000000000000000e+03
4.009000000000000000e+03
2.701000000000000000e+03
2.828000000000000000e+03
3.817000000000000000e+03
4.923000000000000000e+03
2.856000000000000000e+03
4.767000000000000000e+03
1.615000000000000000e+03
4.607000000000000000e+03
4.212000000000000000e+03
9.900000000000000000e+02
4.082000000000000000e+03
4.044000000000000000e+03
3.574000000000000000e+03
2.384000000000000000e+03
2.096000000000000000e+03
1.984000000000000000e+03
3.664000000000000000e+03
5.970000000000000000e+02
2.121000000000000000e+03
3.118000000000000000e+03
3.240000000000000000e+03
2.133000000000000000e+03
1.075000000000000000e+03
2.806000000000000000e+03
4.003000000000000000e+03
4.430000000000000000e+03
1.057000000000000000e+03
3.171000000000000000e+03
3.722000000000000000e+03
1.050000000000000000e+03
4.858000000000000000e+03
1.862000000000000000e+03
1.892000000000000000e+03
4.932000000000000000e+03
1.570000000000000000e+03
8.570000000000000000e+02
4.788000000000000000e+03
3.914000000000000000e+03
3.422000000000000000e+03
4.586000000000000000e+03
1.188000000000000000e+03
3.082000000000000000e+03
2.871000000000000000e+03
3.587000000000000000e+03
3.384000000000000000e+03
1.945000000000000000e+03
2.790000000000000000e+02
2.702000000000000000e+03
1.628000000000000000e+03
2.925000000000000000e+03
4.594000000000000000e+03
3.330000000000000000e+03
3.714000000000000000e+03
5.320000000000000000e+02
2.572000000000000000e+03
4.679000000000000000e+03
4.781000000000000000e+03
2.210000000000000000e+03
1.410000000000000000e+03
4.490000000000000000e+03
4.496000000000000000e+03
3.811000000000000000e+03
1.942000000000000000e+03
3.670000000000000000e+02
7.220000000000000000e+02
4.800000000000000000e+01
1.082000000000000000e+03
4.575000000000000000e+03
4.135000000000000000e+03
3.784000000000000000e+03
2.430000000000000000e+03
2.190000000000000000e+02
2.508000000000000000e+03
3.025000000000000000e+03
1.129000000000000000e+03
3.450000000000000000e+02
1.013000000000000000e+03
3.674000000000000000e+03
1.584000000000000000e+03
4.120000000000000000e+03
3.445000000000000000e+03
2.411000000000000000e+03
3.504000000000000000e+03
3.676000000000000000e+03
3.496000000000000000e+03
1.900000000000000000e+01
2.120000000000000000e+02
2.640000000000000000e+02
8.890000000000000000e+02
1.863000000000000000e+03
3.854000000000000000e+03
4.891000000000000000e+03
2.197000000000000000e+03
4.431000000000000000e+03
6.060000000000000000e+02
3.453000000000000000e+03
6.490000000000000000e+02
4.147000000000000000e+03
4.915000000000000000e+03
4.829000000000000000e+03
9.500000000000000000e+02
8.200000000000000000e+01
2.731000000000000000e+03
7.800000000000000000e+02
2.442000000000000000e+03
4.837000000000000000e+03
3.821000000000000000e+03
1.784000000000000000e+03
4.809000000000000000e+03
3.139000000000000000e+03
3.602000000000000000e+03
1.218000000000000000e+03
2.164000000000000000e+03
1.143000000000000000e+03
4.026000000000000000e+03
3.537000000000000000e+03
2.115000000000000000e+03
3.342000000000000000e+03
6.260000000000000000e+02
2.037000000000000000e+03
1.371000000000000000e+03
4.060000000000000000e+03
4.188000000000000000e+03
8.650000000000000000e+02
1.503000000000000000e+03
1.024000000000000000e+03
1.010000000000000000e+02
4.990000000000000000e+03
8.140000000000000000e+02
4.621000000000000000e+03
2.995000000000000000e+03
3.020000000000000000e+02
2.651000000000000000e+03
2.692000000000000000e+03
9.530000000000000000e+02
2.769000000000000000e+03
4.185000000000000000e+03
3.466000000000000000e+03
2.073000000000000000e+03
2.648000000000000000e+03
4.162000000000000000e+03
4.219000000000000000e+03
4.271000000000000000e+03
4.696000000000000000e+03
3.561000000000000000e+03
1.670000000000000000e+03
2.947000000000000000e+03
4.140000000000000000e+02
3.443000000000000000e+03
2.517000000000000000e+03
2.700000000000000000e+02
4.119000000000000000e+03
7.240000000000000000e+02
2.181000000000000000e+03
2.911000000000000000e+03
4.589000000000000000e+03
2.578000000000000000e+03
3.386000000000000000e+03
1.866000000000000000e+03
3.975000000000000000e+03
2.373000000000000000e+03
4.172000000000000000e+03
9.400000000000000000e+02
3.765000000000000000e+03
3.598000000000000000e+03
3.057000000000000000e+03
5.500000000000000000e+01
3.680000000000000000e+02
2.364000000000000000e+03
8.930000000000000000e+02
1.719000000000000000e+03
3.720000000000000000e+03
3.826000000000000000e+03
1.208000000000000000e+03
7.350000000000000000e+02
2.770000000000000000e+03
3.890000000000000000e+02
2.389000000000000000e+03
1.408000000000000000e+03
2.337000000000000000e+03
4.393000000000000000e+03
5.160000000000000000e+02
1.890000000000000000e+02
2.211000000000000000e+03
9.810000000000000000e+02
4.279000000000000000e+03
2.489000000000000000e+03
1.772000000000000000e+03
2.154000000000000000e+03
3.370000000000000000e+02
1.805000000000000000e+03
1.081000000000000000e+03
1.036000000000000000e+03
6.800000000000000000e+01
3.250000000000000000e+03
9.430000000000000000e+02
1.266000000000000000e+03
2.734000000000000000e+03
3.918000000000000000e+03
7.690000000000000000e+02
2.763000000000000000e+03
3.597000000000000000e+03
2.162000000000000000e+03
4.824000000000000000e+03
4.055000000000000000e+03
4.534000000000000000e+03
4.927000000000000000e+03
1.407000000000000000e+03
4.655000000000000000e+03
2.897000000000000000e+03
2.672000000000000000e+03
1.678000000000000000e+03
2.444000000000000000e+03
3.601000000000000000e+03
3.842000000000000000e+03
2.919000000000000000e+03
5.430000000000000000e+02
3.027000000000000000e+03
1.800000000000000000e+03
3.951000000000000000e+03
2.930000000000000000e+02
2.001000000000000000e+03
1.255000000000000000e+03
2.101000000000000000e+03
6.720000000000000000e+02
3.092000000000000000e+03
3.226000000000000000e+03
3.053000000000000000e+03
6.600000000000000000e+01
4.487000000000000000e+03
2.681000000000000000e+03
2.127000000000000000e+03
3.498000000000000000e+03
2.363000000000000000e+03
1.540000000000000000e+03
2.860000000000000000e+03
3.624000000000000000e+03
4.257000000000000000e+03
9.600000000000000000e+01
7.370000000000000000e+02
9.760000000000000000e+02
4.846000000000000000e+03
1.638000000000000000e+03
1.264000000000000000e+03
3.557000000000000000e+03
2.246000000000000000e+03
4.002000000000000000e+03
1.458000000000000000e+03
3.483000000000000000e+03
4.477000000000000000e+03
2.780000000000000000e+02
2.741000000000000000e+03
3.340000000000000000e+03
4.567000000000000000e+03
4.890000000000000000e+02
1.297000000000000000e+03
4.125000000000000000e+03
3.927000000000000000e+03
3.499000000000000000e+03
1.472000000000000000e+03
1.312000000000000000e+03
3.820000000000000000e+03
3.963000000000000000e+03
4.275000000000000000e+03
5.600000000000000000e+01
2.830000000000000000e+03
5.030000000000000000e+02
4.450000000000000000e+03
4.955000000000000000e+03
3.966000000000000000e+03
2.805000000000000000e+03
2.790000000000000000e+03
4.103000000000000000e+03
1.948000000000000000e+03
1.236000000000000000e+03
4.677000000000000000e+03
6.350000000000000000e+02
4.647000000000000000e+03
2.292000000000000000e+03
2.206000000000000000e+03
3.994000000000000000e+03
4.083000000000000000e+03
7.340000000000000000e+02
1.588000000000000000e+03
1.306000000000000000e+03
3.478000000000000000e+03
1.983000000000000000e+03
2.849000000000000000e+03
2.465000000000000000e+03
1.051000000000000000e+03
7.710000000000000000e+02
1.376000000000000000e+03
3.189000000000000000e+03
2.382000000000000000e+03
3.100000000000000000e+03
1.532000000000000000e+03
9.800000000000000000e+01
3.490000000000000000e+03
1.620000000000000000e+03
2.992000000000000000e+03
4.806000000000000000e+03
4.143000000000000000e+03
2.298000000000000000e+03
6.410000000000000000e+02
3.209000000000000000e+03
2.933000000000000000e+03
2.084000000000000000e+03
6.070000000000000000e+02
8.310000000000000000e+02
2.143000000000000000e+03
6.360000000000000000e+02
2.350000000000000000e+03
3.135000000000000000e+03
2.122000000000000000e+03
2.923000000000000000e+03
2.705000000000000000e+03
2.832000000000000000e+03
3.320000000000000000e+02
1.497000000000000000e+03
2.661000000000000000e+03
1.426000000000000000e+03
3.733000000000000000e+03
2.513000000000000000e+03
3.715000000000000000e+03
1.922000000000000000e+03
4.800000000000000000e+02
2.598000000000000000e+03
5.450000000000000000e+02
2.781000000000000000e+03
1.014000000000000000e+03
4.298000000000000000e+03
2.908000000000000000e+03
3.620000000000000000e+03
3.725000000000000000e+03
4.386000000000000000e+03
2.532000000000000000e+03
1.808000000000000000e+03
2.850000000000000000e+03
4.312000000000000000e+03
3.571000000000000000e+03
2.200000000000000000e+03
2.520000000000000000e+02
4.530000000000000000e+03
1.578000000000000000e+03
3.616000000000000000e+03
6.110000000000000000e+02
4.289000000000000000e+03
2.226000000000000000e+03
8.030000000000000000e+02
1.117000000000000000e+03
4.801000000000000000e+03
1.760000000000000000e+02
5.710000000000000000e+02
7.630000000000000000e+02
3.549000000000000000e+03
1.940000000000000000e+02
2.281000000000000000e+03
1.309000000000000000e+03
3.931000000000000000e+03
1.499000000000000000e+03
1.425000000000000000e+03
2.677000000000000000e+03
3.441000000000000000e+03
2.500000000000000000e+02
1.204000000000000000e+03
4.060000000000000000e+02
4.900000000000000000e+01
1.316000000000000000e+03
4.102000000000000000e+03
3.999000000000000000e+03
1.017000000000000000e+03
1.859000000000000000e+03
4.580000000000000000e+03
1.179000000000000000e+03
4.263000000000000000e+03
2.360000000000000000e+02
3.376000000000000000e+03
2.332000000000000000e+03
4.547000000000000000e+03
4.602000000000000000e+03
1.517000000000000000e+03
8.990000000000000000e+02
2.131000000000000000e+03
6.330000000000000000e+02
3.116000000000000000e+03
1.249000000000000000e+03
3.069000000000000000e+03
3.543000000000000000e+03
1.508000000000000000e+03
1.360000000000000000e+03
3.738000000000000000e+03
3.197000000000000000e+03
1.484000000000000000e+03
2.514000000000000000e+03
1.780000000000000000e+02
1.281000000000000000e+03
2.019000000000000000e+03
1.311000000000000000e+03
5.000000000000000000e+01
2.965000000000000000e+03
1.400000000000000000e+02
4.743000000000000000e+03
3.121000000000000000e+03
4.006000000000000000e+03
1.515000000000000000e+03
9.880000000000000000e+02
4.064000000000000000e+03
3.673000000000000000e+03
1.671000000000000000e+03
4.765000000000000000e+03
3.926000000000000000e+03
4.856000000000000000e+03
1.030000000000000000e+03
8.420000000000000000e+02
3.770000000000000000e+03
4.142000000000000000e+03
1.032000000000000000e+03
4.598000000000000000e+03
4.636000000000000000e+03
4.835000000000000000e+03
1.053000000000000000e+03
6.430000000000000000e+02
3.940000000000000000e+02
3.838000000000000000e+03
8.500000000000000000e+01
2.968000000000000000e+03
3.955000000000000000e+03
3.036000000000000000e+03
4.928000000000000000e+03
1.635000000000000000e+03
4.255000000000000000e+03
4.833000000000000000e+03
2.186000000000000000e+03
1.000000000000000000e+03
2.555000000000000000e+03
4.950000000000000000e+03
4.310000000000000000e+02
7.070000000000000000e+02
2.285000000000000000e+03
1.060000000000000000e+02
1.300000000000000000e+01
5.700000000000000000e+01
1.065000000000000000e+03
4.641000000000000000e+03
2.050000000000000000e+03
4.213000000000000000e+03
1.847000000000000000e+03
1.525000000000000000e+03
2.219000000000000000e+03
2.817000000000000000e+03
7.180000000000000000e+02
2.430000000000000000e+02
1.760000000000000000e+03
3.336000000000000000e+03
2.128000000000000000e+03
4.697000000000000000e+03
2.549000000000000000e+03
3.629000000000000000e+03
3.438000000000000000e+03
9.490000000000000000e+02
7.110000000000000000e+02
6.050000000000000000e+02
5.170000000000000000e+02
4.439000000000000000e+03
2.381000000000000000e+03
1.565000000000000000e+03
2.853000000000000000e+03
1.169000000000000000e+03
4.326000000000000000e+03
3.660000000000000000e+02
5.240000000000000000e+02
8.800000000000000000e+02
4.497000000000000000e+03
2.510000000000000000e+02
3.418000000000000000e+03
2.683000000000000000e+03
1.900000000000000000e+03
4.225000000000000000e+03
2.989000000000000000e+03
3.146000000000000000e+03
2.230000000000000000e+03
1.568000000000000000e+03
3.760000000000000000e+03
9.380000000000000000e+02
7.400000000000000000e+01
4.840000000000000000e+02
3.129000000000000000e+03
1.918000000000000000e+03
2.448000000000000000e+03
4.081000000000000000e+03
4.785000000000000000e+03
2.916000000000000000e+03
1.817000000000000000e+03
8.100000000000000000e+01
1.295000000000000000e+03
2.225000000000000000e+03
3.699000000000000000e+03
4.409000000000000000e+03
1.855000000000000000e+03
4.832000000000000000e+03
3.155000000000000000e+03
2.329000000000000000e+03
1.096000000000000000e+03
9.220000000000000000e+02
1.669000000000000000e+03
3.132000000000000000e+03
1.750000000000000000e+02
5.150000000000000000e+02
2.466000000000000000e+03
2.378000000000000000e+03
2.184000000000000000e+03
3.584000000000000000e+03
2.272000000000000000e+03
7.500000000000000000e+02
8.070000000000000000e+02
3.599000000000000000e+03
1.168000000000000000e+03
4.068000000000000000e+03
3.511000000000000000e+03
4.810000000000000000e+02
4.396000000000000000e+03
3.843000000000000000e+03
4.210000000000000000e+02
3.595000000000000000e+03
3.534000000000000000e+03
4.324000000000000000e+03
2.198000000000000000e+03
2.721000000000000000e+03
2.733000000000000000e+03
4.629000000000000000e+03
3.491000000000000000e+03
2.770000000000000000e+02
3.665000000000000000e+03
4.127000000000000000e+03
6.230000000000000000e+02
2.845000000000000000e+03
1.388000000000000000e+03
1.288000000000000000e+03
2.751000000000000000e+03
4.713000000000000000e+03
2.896000000000000000e+03
3.212000000000000000e+03
1.480000000000000000e+02
1.238000000000000000e+03
2.081000000000000000e+03
1.750000000000000000e+03
4.399000000000000000e+03
7.360000000000000000e+02
1.382000000000000000e+03
7.100000000000000000e+01
1.755000000000000000e+03
7.490000000000000000e+02
9.080000000000000000e+02
3.321000000000000000e+03
4.516000000000000000e+03
1.730000000000000000e+02
2.318000000000000000e+03
2.720000000000000000e+03
1.046000000000000000e+03
2.890000000000000000e+02
8.120000000000000000e+02
4.560000000000000000e+03
3.133000000000000000e+03
1.177000000000000000e+03
8.920000000000000000e+02
2.899000000000000000e+03
3.523000000000000000e+03
2.320000000000000000e+02
1.991000000000000000e+03
1.061000000000000000e+03
4.952000000000000000e+03
5.600000000000000000e+02
2.824000000000000000e+03
2.071000000000000000e+03
4.796000000000000000e+03
8.440000000000000000e+02
2.449000000000000000e+03
4.942000000000000000e+03
3.577000000000000000e+03
2.023000000000000000e+03
2.510000000000000000e+03
3.539000000000000000e+03
1.501000000000000000e+03
3.086000000000000000e+03
1.923000000000000000e+03
3.823000000000000000e+03
2.706000000000000000e+03
2.193000000000000000e+03
2.716000000000000000e+03
4.333000000000000000e+03
1.078000000000000000e+03
3.421000000000000000e+03
3.428000000000000000e+03
2.610000000000000000e+03
1.239000000000000000e+03
4.672000000000000000e+03
2.136000000000000000e+03
3.274000000000000000e+03
7.500000000000000000e+01
4.090000000000000000e+02
3.302000000000000000e+03
7.760000000000000000e+02
4.985000000000000000e+03
3.310000000000000000e+03
2.632000000000000000e+03
4.869000000000000000e+03
4.601000000000000000e+03
3.700000000000000000e+01
4.513000000000000000e+03
1.064000000000000000e+03
3.760000000000000000e+02
4.410000000000000000e+02
2.213000000000000000e+03
4.206000000000000000e+03
1.492000000000000000e+03
1.704000000000000000e+03
2.183000000000000000e+03
2.685000000000000000e+03
1.931000000000000000e+03
1.494000000000000000e+03
1.742000000000000000e+03
2.484000000000000000e+03
2.252000000000000000e+03
1.964000000000000000e+03
4.097000000000000000e+03
3.176000000000000000e+03
5.000000000000000000e+02
3.810000000000000000e+02
3.632000000000000000e+03
4.750000000000000000e+02
2.300000000000000000e+02
3.203000000000000000e+03
1.253000000000000000e+03
6.380000000000000000e+02
3.652000000000000000e+03
2.418000000000000000e+03
4.996000000000000000e+03
2.720000000000000000e+02
2.875000000000000000e+03
4.264000000000000000e+03
1.097000000000000000e+03
2.293000000000000000e+03
3.594000000000000000e+03
8.130000000000000000e+02
2.804000000000000000e+03
1.952000000000000000e+03
2.182000000000000000e+03
6.640000000000000000e+02
1.062000000000000000e+03
4.330000000000000000e+03
4.898000000000000000e+03
8.900000000000000000e+01
2.975000000000000000e+03
3.895000000000000000e+03
4.027000000000000000e+03
1.259000000000000000e+03
4.553000000000000000e+03
1.079000000000000000e+03
1.684000000000000000e+03
2.641000000000000000e+03
2.046000000000000000e+03
2.443000000000000000e+03
2.156000000000000000e+03
4.108000000000000000e+03
3.776000000000000000e+03
1.826000000000000000e+03
4.189000000000000000e+03
2.789000000000000000e+03
1.302000000000000000e+03
3.358000000000000000e+03
4.789000000000000000e+03
7.460000000000000000e+02
2.837000000000000000e+03
2.477000000000000000e+03
1.185000000000000000e+03
3.190000000000000000e+03
4.274000000000000000e+03
3.588000000000000000e+03
2.898000000000000000e+03
4.548000000000000000e+03
2.722000000000000000e+03
3.201000000000000000e+03
6.650000000000000000e+02
4.793000000000000000e+03
5.720000000000000000e+02
1.247000000000000000e+03
7.650000000000000000e+02
5.540000000000000000e+02
4.230000000000000000e+03
1.160000000000000000e+03
1.560000000000000000e+02
4.798000000000000000e+03
3.713000000000000000e+03
4.377000000000000000e+03
4.000000000000000000e+02
5.700000000000000000e+02
4.445000000000000000e+03
2.983000000000000000e+03
4.385000000000000000e+03
3.859000000000000000e+03
1.291000000000000000e+03
4.742000000000000000e+03
3.974000000000000000e+03
4.830000000000000000e+02
1.853000000000000000e+03
1.970000000000000000e+02
1.978000000000000000e+03
3.076000000000000000e+03
3.470000000000000000e+02
7.770000000000000000e+02
3.576000000000000000e+03
4.723000000000000000e+03
4.139000000000000000e+03
3.205000000000000000e+03
1.446000000000000000e+03
4.426000000000000000e+03
1.240000000000000000e+02
4.950000000000000000e+02
8.180000000000000000e+02
2.523000000000000000e+03
1.854000000000000000e+03
4.194000000000000000e+03
3.703000000000000000e+03
2.848000000000000000e+03
6.890000000000000000e+02
1.645000000000000000e+03
9.410000000000000000e+02
4.180000000000000000e+03
2.222000000000000000e+03
8.830000000000000000e+02
2.503000000000000000e+03
4.413000000000000000e+03
1.685000000000000000e+03
2.779000000000000000e+03
4.338000000000000000e+03
3.982000000000000000e+03
1.604000000000000000e+03
1.119000000000000000e+03
4.238000000000000000e+03
4.290000000000000000e+03
2.170000000000000000e+03
4.578000000000000000e+03
8.790000000000000000e+02
3.460000000000000000e+03
4.945000000000000000e+03
4.941000000000000000e+03
8.560000000000000000e+02
4.420000000000000000e+02
2.421000000000000000e+03
1.962000000000000000e+03
2.387000000000000000e+03
7.870000000000000000e+02
2.093000000000000000e+03
3.194000000000000000e+03
3.267000000000000000e+03
8.020000000000000000e+02
4.844000000000000000e+03
1.202000000000000000e+03
2.730000000000000000e+03
1.263000000000000000e+03
3.677000000000000000e+03
4.038000000000000000e+03
1.349000000000000000e+03
2.615000000000000000e+03
4.729000000000000000e+03
2.483000000000000000e+03
1.559000000000000000e+03
4.561000000000000000e+03
4.383000000000000000e+03
1.590000000000000000e+02
1.276000000000000000e+03
1.980000000000000000e+03
4.863000000000000000e+03
1.403000000000000000e+03
4.444000000000000000e+03
4.987000000000000000e+03
4.121000000000000000e+03
4.128000000000000000e+03
4.943000000000000000e+03
3.863000000000000000e+03
3.783000000000000000e+03
2.544000000000000000e+03
3.575000000000000000e+03
2.960000000000000000e+02
2.354000000000000000e+03
3.986000000000000000e+03
1.963000000000000000e+03
1.103000000000000000e+03
3.061000000000000000e+03
7.000000000000000000e+02
3.881000000000000000e+03
4.731000000000000000e+03
2.784000000000000000e+03
2.621000000000000000e+03
1.967000000000000000e+03
3.879000000000000000e+03
4.814000000000000000e+03
2.200000000000000000e+01
4.610000000000000000e+03
2.736000000000000000e+03
4.180000000000000000e+02
2.877000000000000000e+03
3.440000000000000000e+03
1.460000000000000000e+03
4.457000000000000000e+03
2.847000000000000000e+03
4.122000000000000000e+03
2.668000000000000000e+03
1.377000000000000000e+03
2.060000000000000000e+03
7.580000000000000000e+02
4.940000000000000000e+02
3.768000000000000000e+03
4.873000000000000000e+03
2.038000000000000000e+03
3.545000000000000000e+03
4.182000000000000000e+03
9.700000000000000000e+02
2.383000000000000000e+03
2.650000000000000000e+02
3.206000000000000000e+03
3.080000000000000000e+03
2.970000000000000000e+02
2.725000000000000000e+03
1.419000000000000000e+03
3.777000000000000000e+03
4.428000000000000000e+03
1.694000000000000000e+03
7.750000000000000000e+02
2.760000000000000000e+03
4.635000000000000000e+03
7.410000000000000000e+02
3.371000000000000000e+03
5.660000000000000000e+02
2.928000000000000000e+03
1.438000000000000000e+03
1.723000000000000000e+03
6.300000000000000000e+01
2.974000000000000000e+03
4.786000000000000000e+03
1.400000000000000000e+01
3.355000000000000000e+03
3.578000000000000000e+03
2.434000000000000000e+03
1.529000000000000000e+03
7.120000000000000000e+02
1.156000000000000000e+03
1.495000000000000000e+03
3.158000000000000000e+03
3.339000000000000000e+03
4.933000000000000000e+03
9.990000000000000000e+02
2.570000000000000000e+03
2.550000000000000000e+03
3.052000000000000000e+03
8.490000000000000000e+02
7.200000000000000000e+01
3.970000000000000000e+03
3.954000000000000000e+03
1.250000000000000000e+02
1.450000000000000000e+02
3.170000000000000000e+02
3.270000000000000000e+03
1.112000000000000000e+03
2.629000000000000000e+03
3.306000000000000000e+03
1.165000000000000000e+03
3.258000000000000000e+03
2.932000000000000000e+03
4.678000000000000000e+03
3.828000000000000000e+03
4.440000000000000000e+03
3.952000000000000000e+03
3.567000000000000000e+03
2.111000000000000000e+03
1.914000000000000000e+03
1.602000000000000000e+03
1.209000000000000000e+03
1.159000000000000000e+03
3.394000000000000000e+03
1.154000000000000000e+03
3.114000000000000000e+03
2.392000000000000000e+03
2.452000000000000000e+03
2.509000000000000000e+03
3.581000000000000000e+03
2.283000000000000000e+03
4.558000000000000000e+03
1.034000000000000000e+03
5.440000000000000000e+02
2.765000000000000000e+03
1.166000000000000000e+03
3.476000000000000000e+03
4.997000000000000000e+03
4.720000000000000000e+02
7.730000000000000000e+02
2.445000000000000000e+03
4.254000000000000000e+03
1.889000000000000000e+03
3.773000000000000000e+03
3.860000000000000000e+02
7.850000000000000000e+02
4.962000000000000000e+03
1.114000000000000000e+03
3.607000000000000000e+03
3.915000000000000000e+03
2.528000000000000000e+03
3.058000000000000000e+03
4.936000000000000000e+03
3.698000000000000000e+03
2.255000000000000000e+03
2.649000000000000000e+03
4.819000000000000000e+03
4.644000000000000000e+03
1.380000000000000000e+02
2.044000000000000000e+03
1.883000000000000000e+03
2.936000000000000000e+03
7.860000000000000000e+02
4.966000000000000000e+03
4.069000000000000000e+03
1.476000000000000000e+03
9.820000000000000000e+02
2.597000000000000000e+03
1.973000000000000000e+03
3.388000000000000000e+03
4.638000000000000000e+03
1.007000000000000000e+03
2.785000000000000000e+03
4.651000000000000000e+03
3.650000000000000000e+02
4.847000000000000000e+03
4.414000000000000000e+03
2.940000000000000000e+02
2.553000000000000000e+03
3.051000000000000000e+03
3.345000000000000000e+03
4.483000000000000000e+03
4.772000000000000000e+03
1.483000000000000000e+03
4.063000000000000000e+03
2.290000000000000000e+03
1.301000000000000000e+03
4.896000000000000000e+03
1.120000000000000000e+02
2.730000000000000000e+02
2.917000000000000000e+03
4.631000000000000000e+03
4.518000000000000000e+03
7.530000000000000000e+02
2.764000000000000000e+03
2.262000000000000000e+03
1.478000000000000000e+03
6.900000000000000000e+02
2.065000000000000000e+03
1.113000000000000000e+03
2.994000000000000000e+03
1.692000000000000000e+03
8.400000000000000000e+02
1.791000000000000000e+03
6.910000000000000000e+02
5.820000000000000000e+02
4.387000000000000000e+03
4.370000000000000000e+02
3.119000000000000000e+03
3.462000000000000000e+03
3.099000000000000000e+03
3.253000000000000000e+03
3.115000000000000000e+03
3.307000000000000000e+03
1.201000000000000000e+03
4.939000000000000000e+03
2.270000000000000000e+03
2.307000000000000000e+03
4.126000000000000000e+03
3.532000000000000000e+03
2.030000000000000000e+02
4.894000000000000000e+03
4.292000000000000000e+03
1.137000000000000000e+03
5.500000000000000000e+02
1.260000000000000000e+03
3.922000000000000000e+03
2.476000000000000000e+03
4.115000000000000000e+03
1.330000000000000000e+02
7.380000000000000000e+02
4.129000000000000000e+03
3.728000000000000000e+03
3.808000000000000000e+03
4.803000000000000000e+03
3.449000000000000000e+03
2.180000000000000000e+03
1.205000000000000000e+03
4.957000000000000000e+03
8.640000000000000000e+02
5.620000000000000000e+02
3.965000000000000000e+03
9.330000000000000000e+02
1.394000000000000000e+03
4.046000000000000000e+03
4.363000000000000000e+03
1.317000000000000000e+03
3.834000000000000000e+03
2.270000000000000000e+02
1.894000000000000000e+03
4.451000000000000000e+03
4.735000000000000000e+03
2.626000000000000000e+03
3.649000000000000000e+03
9.250000000000000000e+02
4.637000000000000000e+03
3.470000000000000000e+03
1.910000000000000000e+03
1.243000000000000000e+03
3.798000000000000000e+03
3.492000000000000000e+03
2.371000000000000000e+03
3.635000000000000000e+03
4.419000000000000000e+03
1.122000000000000000e+03
2.017000000000000000e+03
2.907000000000000000e+03
2.502000000000000000e+03
3.030000000000000000e+02
3.734000000000000000e+03
6.820000000000000000e+02
1.867000000000000000e+03
4.628000000000000000e+03
2.665000000000000000e+03
1.056000000000000000e+03
1.610000000000000000e+03
1.767000000000000000e+03
3.013000000000000000e+03
1.471000000000000000e+03
3.186000000000000000e+03
1.953000000000000000e+03
1.747000000000000000e+03
1.726000000000000000e+03
1.949000000000000000e+03
4.995000000000000000e+03
4.974000000000000000e+03
4.091000000000000000e+03
4.878000000000000000e+03
4.895000000000000000e+03
3.460000000000000000e+02
2.600000000000000000e+02
3.583000000000000000e+03
1.101000000000000000e+03
2.647000000000000000e+03
3.958000000000000000e+03
3.252000000000000000e+03
2.015000000000000000e+03
4.090000000000000000e+03
7.090000000000000000e+02
1.551000000000000000e+03
4.792000000000000000e+03
4.233000000000000000e+03
4.842000000000000000e+03
4.680000000000000000e+03
2.178000000000000000e+03
2.530000000000000000e+03
5.920000000000000000e+02
1.313000000000000000e+03
8.200000000000000000e+02
5.830000000000000000e+02
4.760000000000000000e+03
5.270000000000000000e+02
1.102000000000000000e+03
9.860000000000000000e+02
4.372000000000000000e+03
1.971000000000000000e+03
4.290000000000000000e+02
4.049000000000000000e+03
5.400000000000000000e+02
3.311000000000000000e+03
3.806000000000000000e+03
4.529000000000000000e+03
1.106000000000000000e+03
2.564000000000000000e+03
3.351000000000000000e+03
3.580000000000000000e+03
3.832000000000000000e+03
2.166000000000000000e+03
3.876000000000000000e+03
4.825000000000000000e+03
1.370000000000000000e+03
9.360000000000000000e+02
4.344000000000000000e+03
1.234000000000000000e+03
1.915000000000000000e+03
2.369000000000000000e+03
1.520000000000000000e+02
2.423000000000000000e+03
3.782000000000000000e+03
2.800000000000000000e+01
2.850000000000000000e+02
4.481000000000000000e+03
1.115000000000000000e+03
3.409000000000000000e+03
7.010000000000000000e+02
6.150000000000000000e+02
4.946000000000000000e+03
1.927000000000000000e+03
2.455000000000000000e+03
4.376000000000000000e+03
1.187000000000000000e+03
4.964000000000000000e+03
5.310000000000000000e+02
2.796000000000000000e+03
3.260000000000000000e+02
7.660000000000000000e+02
2.490000000000000000e+03
3.667000000000000000e+03
1.601000000000000000e+03
2.481000000000000000e+03
2.855000000000000000e+03
1.655000000000000000e+03
3.200000000000000000e+01
9.400000000000000000e+01
4.311000000000000000e+03
5.300000000000000000e+02
5.650000000000000000e+02
2.587000000000000000e+03
3.793000000000000000e+03
3.780000000000000000e+02
1.640000000000000000e+02
1.435000000000000000e+03
4.992000000000000000e+03
2.362000000000000000e+03
4.698000000000000000e+03
3.788000000000000000e+03
3.560000000000000000e+03
3.819000000000000000e+03
1.200000000000000000e+01
1.917000000000000000e+03
3.938000000000000000e+03
3.140000000000000000e+02
2.199000000000000000e+03
2.070000000000000000e+03
4.503000000000000000e+03
1.555000000000000000e+03
2.076000000000000000e+03
1.225000000000000000e+03
1.621000000000000000e+03
4.288000000000000000e+03
4.700000000000000000e+01
2.103000000000000000e+03
5.800000000000000000e+02
8.870000000000000000e+02
9.150000000000000000e+02
1.213000000000000000e+03
4.190000000000000000e+03
4.674000000000000000e+03
4.569000000000000000e+03
1.956000000000000000e+03
4.400000000000000000e+03
3.484000000000000000e+03
4.879000000000000000e+03
3.626000000000000000e+03
8.010000000000000000e+02
4.436000000000000000e+03
1.585000000000000000e+03
4.805000000000000000e+03
8.980000000000000000e+02
2.451000000000000000e+03
1.482000000000000000e+03
4.224000000000000000e+03
3.248000000000000000e+03
2.568000000000000000e+03
4.369000000000000000e+03
2.762000000000000000e+03
4.443000000000000000e+03
2.812000000000000000e+03
1.998000000000000000e+03
3.314000000000000000e+03
3.565000000000000000e+03
9.730000000000000000e+02
3.144000000000000000e+03
1.116000000000000000e+03
3.593000000000000000e+03
3.929000000000000000e+03
1.745000000000000000e+03
2.814000000000000000e+03
1.432000000000000000e+03
3.015000000000000000e+03
3.291000000000000000e+03
3.210000000000000000e+02
1.806000000000000000e+03
4.417000000000000000e+03
6.100000000000000000e+02
3.924000000000000000e+03
6.030000000000000000e+02
3.930000000000000000e+02
3.494000000000000000e+03
3.005000000000000000e+03
1.810000000000000000e+03
3.800000000000000000e+03
3.868000000000000000e+03
2.527000000000000000e+03
1.848000000000000000e+03
4.999000000000000000e+03
2.366000000000000000e+03
2.446000000000000000e+03
2.259000000000000000e+03
6.850000000000000000e+02
4.654000000000000000e+03
3.292000000000000000e+03
1.345000000000000000e+03
2.743000000000000000e+03
4.797000000000000000e+03
2.594000000000000000e+03
2.248000000000000000e+03
3.009000000000000000e+03
2.800000000000000000e+02
2.457000000000000000e+03
2.559000000000000000e+03
1.363000000000000000e+03
3.592000000000000000e+03
3.347000000000000000e+03
1.819000000000000000e+03
2.029000000000000000e+03
2.020000000000000000e+03
1.256000000000000000e+03
3.778000000000000000e+03
4.400000000000000000e+02
3.237000000000000000e+03
3.763000000000000000e+03
1.561000000000000000e+03
2.776000000000000000e+03
1.226000000000000000e+03
1.439000000000000000e+03
1.357000000000000000e+03
2.413000000000000000e+03
6.500000000000000000e+01
3.897000000000000000e+03
3.060000000000000000e+03
3.517000000000000000e+03
3.540000000000000000e+02
1.133000000000000000e+03
2.153000000000000000e+03
1.347000000000000000e+03
2.948000000000000000e+03
2.657000000000000000e+03
1.042000000000000000e+03
1.470000000000000000e+03
4.070000000000000000e+03
9.570000000000000000e+02
1.740000000000000000e+03
9.230000000000000000e+02
2.251000000000000000e+03
4.199000000000000000e+03
5.630000000000000000e+02
2.320000000000000000e+03
1.070000000000000000e+02
7.190000000000000000e+02
2.996000000000000000e+03
4.381000000000000000e+03
2.345000000000000000e+03
3.444000000000000000e+03
3.031000000000000000e+03
6.300000000000000000e+02
1.698000000000000000e+03
1.109000000000000000e+03
3.641000000000000000e+03
2.273000000000000000e+03
4.361000000000000000e+03
4.746000000000000000e+03
2.070000000000000000e+02
4.804000000000000000e+03
6.280000000000000000e+02
2.750000000000000000e+03
4.322000000000000000e+03
2.194000000000000000e+03
3.596000000000000000e+03
1.029000000000000000e+03
4.179000000000000000e+03
2.032000000000000000e+03
1.718000000000000000e+03
4.532000000000000000e+03
2.358000000000000000e+03
2.410000000000000000e+02
2.041000000000000000e+03
1.080000000000000000e+03
4.728000000000000000e+03
4.096000000000000000e+03
1.913000000000000000e+03
3.127000000000000000e+03
2.494000000000000000e+03
2.116000000000000000e+03
3.432000000000000000e+03
4.204000000000000000e+03
1.399000000000000000e+03
1.073000000000000000e+03
2.958000000000000000e+03
2.771000000000000000e+03
3.368000000000000000e+03
1.459000000000000000e+03
2.290000000000000000e+02
4.415000000000000000e+03
1.780000000000000000e+03
2.260000000000000000e+03
2.955000000000000000e+03
2.962000000000000000e+03
2.542000000000000000e+03
1.871000000000000000e+03
1.132000000000000000e+03
1.835000000000000000e+03
6.240000000000000000e+02
3.693000000000000000e+03
2.638000000000000000e+03
2.512000000000000000e+03
4.375000000000000000e+03
1.824000000000000000e+03
8.260000000000000000e+02
4.161000000000000000e+03
4.280000000000000000e+02
3.555000000000000000e+03
1.261000000000000000e+03
3.105000000000000000e+03
1.641000000000000000e+03
3.262000000000000000e+03
1.700000000000000000e+02
4.339000000000000000e+03
3.833000000000000000e+03
4.599000000000000000e+03
4.687000000000000000e+03
2.530000000000000000e+02
3.152000000000000000e+03
9.800000000000000000e+02
3.383000000000000000e+03
1.879000000000000000e+03
9.620000000000000000e+02
3.906000000000000000e+03
4.341000000000000000e+03
4.273000000000000000e+03
3.739000000000000000e+03
1.891000000000000000e+03
2.580000000000000000e+02
1.000000000000000000e+02
1.553000000000000000e+03
4.874000000000000000e+03
1.997000000000000000e+03
2.520000000000000000e+03
4.763000000000000000e+03
3.021000000000000000e+03
6.830000000000000000e+02
4.471000000000000000e+03
2.851000000000000000e+03
2.228000000000000000e+03
4.252000000000000000e+03
1.607000000000000000e+03
3.950000000000000000e+03
4.922000000000000000e+03
4.005000000000000000e+03
2.753000000000000000e+03
1.990000000000000000e+02
2.767000000000000000e+03
3.348000000000000000e+03
4.790000000000000000e+02
6.600000000000000000e+02
8.220000000000000000e+02
4.980000000000000000e+02
3.400000000000000000e+03
4.150000000000000000e+02
4.780000000000000000e+02
4.315000000000000000e+03
1.111000000000000000e+03
1.770000000000000000e+02
1.182000000000000000e+03
3.286000000000000000e+03
1.331000000000000000e+03
2.726000000000000000e+03
4.642000000000000000e+03
4.261000000000000000e+03
1.612000000000000000e+03
2.043000000000000000e+03
3.591000000000000000e+03
2.830000000000000000e+02
1.622000000000000000e+03
1.709000000000000000e+03
3.520000000000000000e+02
3.946000000000000000e+03
4.924000000000000000e+03
4.718000000000000000e+03
1.960000000000000000e+03
3.801000000000000000e+03
2.334000000000000000e+03
1.880000000000000000e+02
1.633000000000000000e+03
2.839000000000000000e+03
4.820000000000000000e+02
2.987000000000000000e+03
3.564000000000000000e+03
3.604000000000000000e+03
5.000000000000000000e+00
1.829000000000000000e+03
3.349000000000000000e+03
1.284000000000000000e+03
1.624000000000000000e+03
1.972000000000000000e+03
4.124000000000000000e+03
2.074000000000000000e+03
1.538000000000000000e+03
6.010000000000000000e+02
2.160000000000000000e+03
1.098000000000000000e+03
1.511000000000000000e+03
3.088000000000000000e+03
2.135000000000000000e+03
3.609000000000000000e+03
1.756000000000000000e+03
1.988000000000000000e+03
8.680000000000000000e+02
4.694000000000000000e+03
1.245000000000000000e+03
1.739000000000000000e+03
1.095000000000000000e+03
1.676000000000000000e+03
2.348000000000000000e+03
2.480000000000000000e+03
2.971000000000000000e+03
4.321000000000000000e+03
1.542000000000000000e+03
5.750000000000000000e+02
4.240000000000000000e+03
3.178000000000000000e+03
4.736000000000000000e+03
2.912000000000000000e+03
4.190000000000000000e+02
2.464000000000000000e+03
3.303000000000000000e+03
1.787000000000000000e+03
3.960000000000000000e+03
2.160000000000000000e+02
3.939000000000000000e+03
1.334000000000000000e+03
1.260000000000000000e+02
2.686000000000000000e+03
3.037000000000000000e+03
1.710000000000000000e+02
2.120000000000000000e+03
2.412000000000000000e+03
4.944000000000000000e+03
8.300000000000000000e+01
1.887000000000000000e+03
1.339000000000000000e+03
5.910000000000000000e+02
3.180000000000000000e+03
3.721000000000000000e+03
4.715000000000000000e+03
2.398000000000000000e+03
4.530000000000000000e+02
2.616000000000000000e+03
4.248000000000000000e+03
2.346000000000000000e+03
6.750000000000000000e+02
1.856000000000000000e+03
3.110000000000000000e+03
2.902000000000000000e+03
4.775000000000000000e+03
2.750000000000000000e+02
3.175000000000000000e+03
1.269000000000000000e+03
3.874000000000000000e+03
5.590000000000000000e+02
3.630000000000000000e+02
4.418000000000000000e+03
3.981000000000000000e+03
4.094000000000000000e+03
1.850000000000000000e+03
1.674000000000000000e+03
2.690000000000000000e+03
1.286000000000000000e+03
1.389000000000000000e+03
2.953000000000000000e+03
3.333000000000000000e+03
1.325000000000000000e+03
4.203000000000000000e+03
3.298000000000000000e+03
4.167000000000000000e+03
4.600000000000000000e+02
2.124000000000000000e+03
2.191000000000000000e+03
4.907000000000000000e+03
1.287000000000000000e+03
7.560000000000000000e+02
3.200000000000000000e+02
2.579000000000000000e+03
1.193000000000000000e+03
4.850000000000000000e+03
3.315000000000000000e+03
2.709000000000000000e+03
2.951000000000000000e+03
1.870000000000000000e+02
2.496000000000000000e+03
6.700000000000000000e+02
2.250000000000000000e+02
3.878000000000000000e+03
1.216000000000000000e+03
1.450000000000000000e+03
9.470000000000000000e+02
9.200000000000000000e+01
7.320000000000000000e+02
1.421000000000000000e+03
1.898000000000000000e+03
1.500000000000000000e+01
1.840000000000000000e+03
2.967000000000000000e+03
2.884000000000000000e+03
2.977000000000000000e+03
2.004000000000000000e+03
5.880000000000000000e+02
8.660000000000000000e+02
1.720000000000000000e+03
3.570000000000000000e+03
2.981000000000000000e+03
4.579000000000000000e+03
3.454000000000000000e+03
2.069000000000000000e+03
3.327000000000000000e+03
4.571000000000000000e+03
3.122000000000000000e+03
4.582000000000000000e+03
3.414000000000000000e+03
2.862000000000000000e+03
4.702000000000000000e+03
3.001000000000000000e+03
1.278000000000000000e+03
4.929000000000000000e+03
3.716000000000000000e+03
2.119000000000000000e+03
4.965000000000000000e+03
3.512000000000000000e+03
4.588000000000000000e+03
7.130000000000000000e+02
3.410000000000000000e+02
3.353000000000000000e+03
4.287000000000000000e+03
3.216000000000000000e+03
2.113000000000000000e+03
1.697000000000000000e+03
3.913000000000000000e+03
2.807000000000000000e+03
6.770000000000000000e+02
1.644000000000000000e+03
1.088000000000000000e+03
3.184000000000000000e+03
4.587000000000000000e+03
7.260000000000000000e+02
3.183000000000000000e+03
4.144000000000000000e+03
4.332000000000000000e+03
1.039000000000000000e+03
2.456000000000000000e+03
7.280000000000000000e+02
4.892000000000000000e+03
7.270000000000000000e+02
1.275000000000000000e+03
2.680000000000000000e+02
1.630000000000000000e+02
5.990000000000000000e+02
8.090000000000000000e+02
2.014000000000000000e+03
4.828000000000000000e+03
1.217000000000000000e+03
5.490000000000000000e+02
3.761000000000000000e+03
2.846000000000000000e+03
2.061000000000000000e+03
9.340000000000000000e+02
8.410000000000000000e+02
4.919000000000000000e+03
3.318000000000000000e+03
1.479000000000000000e+03
2.500000000000000000e+01
4.192000000000000000e+03
2.543000000000000000e+03
3.919000000000000000e+03
3.117000000000000000e+03
4.852000000000000000e+03
2.998000000000000000e+03
4.283000000000000000e+03
1.155000000000000000e+03
4.615000000000000000e+03
3.324000000000000000e+03
1.554000000000000000e+03
4.088000000000000000e+03
1.008000000000000000e+03
1.766000000000000000e+03
4.860000000000000000e+02
2.935000000000000000e+03
1.293000000000000000e+03
4.864000000000000000e+03
4.401000000000000000e+03
1.650000000000000000e+03
3.164000000000000000e+03
4.733000000000000000e+03
3.740000000000000000e+03
1.477000000000000000e+03
3.391000000000000000e+03
3.124000000000000000e+03
1.809000000000000000e+03
2.546000000000000000e+03
2.608000000000000000e+03
1.590000000000000000e+03
2.304000000000000000e+03
4.010000000000000000e+02
2.540000000000000000e+02
2.689000000000000000e+03
4.812000000000000000e+03
8.430000000000000000e+02
1.730000000000000000e+03
4.669000000000000000e+03
3.886000000000000000e+03
1.001000000000000000e+03
2.852000000000000000e+03
4.859000000000000000e+03
4.488000000000000000e+03
7.790000000000000000e+02
1.151000000000000000e+03
4.230000000000000000e+02
2.286000000000000000e+03
1.195000000000000000e+03
2.208000000000000000e+03
2.159000000000000000e+03
4.459000000000000000e+03
4.291000000000000000e+03
2.105000000000000000e+03
4.472000000000000000e+03
1.659000000000000000e+03
1.539000000000000000e+03
2.313000000000000000e+03
1.587000000000000000e+03
2.380000000000000000e+03
2.189000000000000000e+03
3.791000000000000000e+03
4.902000000000000000e+03
3.070000000000000000e+02
4.970000000000000000e+02
3.424000000000000000e+03
8.460000000000000000e+02
4.953000000000000000e+03
4.899000000000000000e+03
7.300000000000000000e+02
1.849000000000000000e+03
3.633000000000000000e+03
4.745000000000000000e+03
3.637000000000000000e+03
3.710000000000000000e+03
2.654000000000000000e+03
6.940000000000000000e+02
4.193000000000000000e+03
4.876000000000000000e+03
4.348000000000000000e+03
4.071000000000000000e+03
5.180000000000000000e+02
1.906000000000000000e+03
3.250000000000000000e+02
3.764000000000000000e+03
4.297000000000000000e+03
2.986000000000000000e+03
4.512000000000000000e+03
3.700000000000000000e+03
1.423000000000000000e+03
4.937000000000000000e+03
4.007000000000000000e+03
9.970000000000000000e+02
3.684000000000000000e+03
8.240000000000000000e+02
6.670000000000000000e+02
2.097000000000000000e+03
1.361000000000000000e+03
1.566000000000000000e+03
1.774000000000000000e+03
4.228000000000000000e+03
3.980000000000000000e+03
4.994000000000000000e+03
3.980000000000000000e+02
4.656000000000000000e+03
3.727000000000000000e+03
3.217000000000000000e+03
4.136000000000000000e+03
1.634000000000000000e+03
2.633000000000000000e+03
1.710000000000000000e+03
2.367000000000000000e+03
3.165000000000000000e+03
4.911000000000000000e+03
2.582000000000000000e+03
4.506000000000000000e+03
2.150000000000000000e+02
2.715000000000000000e+03
4.025000000000000000e+03
2.663000000000000000e+03
3.334000000000000000e+03
2.114000000000000000e+03
5.380000000000000000e+02
1.591000000000000000e+03
2.050000000000000000e+02
4.627000000000000000e+03
2.643000000000000000e+03
2.470000000000000000e+02
4.072000000000000000e+03
1.231000000000000000e+03
3.892000000000000000e+03
4.707000000000000000e+03
4.975000000000000000e+03
4.017000000000000000e+03
3.529000000000000000e+03
3.167000000000000000e+03
1.580000000000000000e+03
1.323000000000000000e+03
2.698000000000000000e+03
4.448000000000000000e+03
3.541000000000000000e+03
1.884000000000000000e+03
2.480000000000000000e+02
4.854000000000000000e+03
3.143000000000000000e+03
7.610000000000000000e+02
3.450000000000000000e+03
1.521000000000000000e+03
3.160000000000000000e+02
1.005000000000000000e+03
4.058000000000000000e+03
4.359000000000000000e+03
9.320000000000000000e+02
4.563000000000000000e+03
3.406000000000000000e+03
4.304000000000000000e+03
2.910000000000000000e+02
4.790000000000000000e+03
3.299000000000000000e+03
2.040000000000000000e+02
2.220000000000000000e+02
5.730000000000000000e+02
1.409000000000000000e+03
1.022000000000000000e+03
3.044000000000000000e+03
4.329000000000000000e+03
3.651000000000000000e+03
3.331000000000000000e+03
3.488000000000000000e+03
4.830000000000000000e+03
2.712000000000000000e+03
4.730000000000000000e+03
4.751000000000000000e+03
4.556000000000000000e+03
1.944000000000000000e+03
3.192000000000000000e+03
1.040000000000000000e+03
3.224000000000000000e+03
7.080000000000000000e+02
2.937000000000000000e+03
5.420000000000000000e+02
4.726000000000000000e+03
4.967000000000000000e+03
7.480000000000000000e+02
3.661000000000000000e+03
3.010000000000000000e+02
4.160000000000000000e+02
9.700000000000000000e+01
4.951000000000000000e+03
2.670000000000000000e+02
2.593000000000000000e+03
1.864000000000000000e+03
2.563000000000000000e+03
4.035000000000000000e+03
8.000000000000000000e+01
3.799000000000000000e+03
3.884000000000000000e+03
3.647000000000000000e+03
2.327000000000000000e+03
3.487000000000000000e+03
1.886000000000000000e+03
4.689000000000000000e+03
3.910000000000000000e+03
2.132000000000000000e+03
3.350000000000000000e+02
2.773000000000000000e+03
1.162000000000000000e+03
1.611000000000000000e+03
1.300000000000000000e+03
3.279000000000000000e+03
2.441000000000000000e+03
1.099000000000000000e+03
4.187000000000000000e+03
6.290000000000000000e+02
4.036000000000000000e+03
2.739000000000000000e+03
2.048000000000000000e+03
4.196000000000000000e+03
7.780000000000000000e+02
8.770000000000000000e+02
3.060000000000000000e+02
3.474000000000000000e+03
1.230000000000000000e+03
2.437000000000000000e+03
4.650000000000000000e+03
4.658000000000000000e+03
2.326000000000000000e+03
1.049000000000000000e+03
4.454000000000000000e+03
4.168000000000000000e+03
3.447000000000000000e+03
3.055000000000000000e+03
1.667000000000000000e+03
3.521000000000000000e+03
2.370000000000000000e+02
4.507000000000000000e+03
1.603000000000000000e+03
2.521000000000000000e+03
4.200000000000000000e+01
1.599000000000000000e+03
6.900000000000000000e+01
2.314000000000000000e+03
2.495000000000000000e+03
1.979000000000000000e+03
1.792000000000000000e+03
7.900000000000000000e+01
1.124000000000000000e+03
3.229000000000000000e+03
7.330000000000000000e+02
2.660000000000000000e+02
1.191000000000000000e+03
2.275000000000000000e+03
1.370000000000000000e+02
8.290000000000000000e+02
4.181000000000000000e+03
1.547000000000000000e+03
1.307000000000000000e+03
4.156000000000000000e+03
4.727000000000000000e+03
3.585000000000000000e+03
3.008000000000000000e+03
3.280000000000000000e+03
3.613000000000000000e+03
3.482000000000000000e+03
3.364000000000000000e+03
4.885000000000000000e+03
3.780000000000000000e+03
3.898000000000000000e+03
3.038000000000000000e+03
3.560000000000000000e+02
2.581000000000000000e+03
1.031000000000000000e+03
8.630000000000000000e+02
1.066000000000000000e+03
1.050000000000000000e+02
4.430000000000000000e+02
4.485000000000000000e+03
9.290000000000000000e+02
3.373000000000000000e+03
2.675000000000000000e+03
3.503000000000000000e+03
2.624000000000000000e+03
9.050000000000000000e+02
1.135000000000000000e+03
1.104000000000000000e+03
2.656000000000000000e+03
3.320000000000000000e+03
2.950000000000000000e+02
6.780000000000000000e+02
4.760000000000000000e+02
6.340000000000000000e+02
1.616000000000000000e+03
4.542000000000000000e+03
4.624000000000000000e+03
6.710000000000000000e+02
4.042000000000000000e+03
1.343000000000000000e+03
2.401000000000000000e+03
2.997000000000000000e+03
7.960000000000000000e+02
2.756000000000000000e+03
3.243000000000000000e+03
9.890000000000000000e+02
3.220000000000000000e+03
2.436000000000000000e+03
2.700000000000000000e+03
2.552000000000000000e+03
1.092000000000000000e+03
2.376000000000000000e+03
3.857000000000000000e+03
8.000000000000000000e+02
1.314000000000000000e+03
1.677000000000000000e+03
4.216000000000000000e+03
1.230000000000000000e+02
3.815000000000000000e+03
4.018000000000000000e+03
3.363000000000000000e+03
1.210000000000000000e+03
4.552000000000000000e+03
3.098000000000000000e+03
3.317000000000000000e+03
1.909000000000000000e+03
1.530000000000000000e+02
1.509000000000000000e+03
5.050000000000000000e+02
3.047000000000000000e+03
3.141000000000000000e+03
1.714000000000000000e+03
2.276000000000000000e+03
2.300000000000000000e+03
3.824000000000000000e+03
6.000000000000000000e+01
1.673000000000000000e+03
3.530000000000000000e+03
4.984000000000000000e+03
1.959000000000000000e+03
6.960000000000000000e+02
1.455000000000000000e+03
1.500000000000000000e+02
2.278000000000000000e+03
2.519000000000000000e+03
2.057000000000000000e+03
4.691000000000000000e+03
2.231000000000000000e+03
2.125000000000000000e+03
2.157000000000000000e+03
1.708000000000000000e+03
1.743000000000000000e+03
4.220000000000000000e+02
4.840000000000000000e+03
4.973000000000000000e+03
4.956000000000000000e+03
4.028000000000000000e+03
9.140000000000000000e+02
2.838000000000000000e+03
4.986000000000000000e+03
1.574000000000000000e+03
4.411000000000000000e+03
3.109000000000000000e+03
6.880000000000000000e+02
1.941000000000000000e+03
4.100000000000000000e+03
3.600000000000000000e+02
1.456000000000000000e+03
2.550000000000000000e+02
1.318000000000000000e+03
2.810000000000000000e+03
3.586000000000000000e+03
2.294000000000000000e+03
1.428000000000000000e+03
4.478000000000000000e+03
2.163000000000000000e+03
1.290000000000000000e+03
3.711000000000000000e+03
3.528000000000000000e+03
1.163000000000000000e+03
3.737000000000000000e+03
3.506000000000000000e+03
2.006000000000000000e+03
2.141000000000000000e+03
4.014000000000000000e+03
3.356000000000000000e+03
2.343000000000000000e+03
1.401000000000000000e+03
4.900000000000000000e+02
4.247000000000000000e+03
1.380000000000000000e+03
2.319000000000000000e+03
4.778000000000000000e+03
5.190000000000000000e+02
3.075000000000000000e+03
3.527000000000000000e+03
1.524000000000000000e+03
3.524000000000000000e+03
3.382000000000000000e+03
3.244000000000000000e+03
3.111000000000000000e+03
2.667000000000000000e+03
2.108000000000000000e+03
1.693000000000000000e+03
2.858000000000000000e+03
3.017000000000000000e+03
3.078000000000000000e+03
4.200000000000000000e+03
3.295000000000000000e+03
2.966000000000000000e+03
8.060000000000000000e+02
4.458000000000000000e+03
6.950000000000000000e+02
6.120000000000000000e+02
4.227000000000000000e+03
4.020000000000000000e+02
2.100000000000000000e+01
3.631000000000000000e+03
4.085000000000000000e+03
2.746000000000000000e+03
1.969000000000000000e+03
2.247000000000000000e+03
1.982000000000000000e+03
4.470000000000000000e+02
4.682000000000000000e+03
4.209000000000000000e+03
4.145000000000000000e+03
1.465000000000000000e+03
2.054000000000000000e+03
3.446000000000000000e+03
4.822000000000000000e+03
3.687000000000000000e+03
1.727000000000000000e+03
1.140000000000000000e+03
9.110000000000000000e+02
2.918000000000000000e+03
2.450000000000000000e+03
3.420000000000000000e+02
2.500000000000000000e+03
9.930000000000000000e+02
5.370000000000000000e+02
3.313000000000000000e+03
4.404000000000000000e+03
3.072000000000000000e+03
2.216000000000000000e+03
1.652000000000000000e+03
3.689000000000000000e+03
4.570000000000000000e+02
3.732000000000000000e+03
1.437000000000000000e+03
8.210000000000000000e+02
1.807000000000000000e+03
4.384000000000000000e+03
2.161000000000000000e+03
3.390000000000000000e+02
4.111000000000000000e+03
1.868000000000000000e+03
1.773000000000000000e+03
3.234000000000000000e+03
2.429000000000000000e+03
1.025000000000000000e+03
3.969000000000000000e+03
4.473000000000000000e+03
3.063000000000000000e+03
3.242000000000000000e+03
3.007000000000000000e+03
2.680000000000000000e+03
1.934000000000000000e+03
9.840000000000000000e+02
3.945000000000000000e+03
1.724000000000000000e+03
3.568000000000000000e+03
4.084000000000000000e+03
2.380000000000000000e+02
2.660000000000000000e+03
2.630000000000000000e+02
1.359000000000000000e+03
2.566000000000000000e+03
2.289000000000000000e+03
3.246000000000000000e+03
3.509000000000000000e+03
3.513000000000000000e+03
2.187000000000000000e+03
1.356000000000000000e+03
4.074000000000000000e+03
3.337000000000000000e+03
1.233000000000000000e+03
1.139000000000000000e+03
2.000000000000000000e+01
4.921000000000000000e+03
6.440000000000000000e+02
1.505000000000000000e+03
2.835000000000000000e+03
4.390000000000000000e+03
3.795000000000000000e+03
2.926000000000000000e+03
3.166000000000000000e+03
2.694000000000000000e+03
6.840000000000000000e+02
5.020000000000000000e+02
8.340000000000000000e+02
2.699000000000000000e+03
4.284000000000000000e+03
3.415000000000000000e+03
2.171000000000000000e+03
4.053000000000000000e+03
4.739000000000000000e+03
4.011000000000000000e+03
4.041000000000000000e+03
7.290000000000000000e+02
1.000000000000000000e+01
3.361000000000000000e+03
3.781000000000000000e+03
1.040000000000000000e+02
7.040000000000000000e+02
2.713000000000000000e+03
3.505000000000000000e+03
1.171000000000000000e+03
4.768000000000000000e+03
4.510000000000000000e+03
4.277000000000000000e+03
1.816000000000000000e+03
3.390000000000000000e+03
4.550000000000000000e+03
3.849000000000000000e+03
4.514000000000000000e+03
3.936000000000000000e+03
4.078000000000000000e+03
7.910000000000000000e+02
1.004000000000000000e+03
3.695000000000000000e+03
1.270000000000000000e+02
3.907000000000000000e+03
3.611000000000000000e+03
1.350000000000000000e+03
2.011000000000000000e+03
2.535000000000000000e+03
3.910000000000000000e+02
1.715000000000000000e+03
4.380000000000000000e+03
1.788000000000000000e+03
1.828000000000000000e+03
2.215000000000000000e+03
4.223000000000000000e+03
3.236000000000000000e+03
1.660000000000000000e+02
3.190000000000000000e+02
2.347000000000000000e+03
4.510000000000000000e+02
4.549000000000000000e+03
1.442000000000000000e+03
