1.852000000000000000e+03
9.060000000000000000e+02
3.954000000000000000e+03
1.611000000000000000e+03
1.142000000000000000e+03
3.517000000000000000e+03
3.527000000000000000e+03
2.093000000000000000e+03
3.537000000000000000e+03
1.163000000000000000e+03
3.540000000000000000e+03
2.080000000000000000e+03
1.177000000000000000e+03
1.206000000000000000e+03
2.022000000000000000e+03
3.588000000000000000e+03
4.149000000000000000e+03
2.015000000000000000e+03
3.509000000000000000e+03
3.507000000000000000e+03
3.505000000000000000e+03
3.492000000000000000e+03
4.335000000000000000e+03
9.720000000000000000e+02
2.730000000000000000e+02
1.030000000000000000e+03
1.053000000000000000e+03
2.237000000000000000e+03
3.424000000000000000e+03
2.650000000000000000e+02
3.440000000000000000e+03
1.096000000000000000e+03
2.580000000000000000e+02
1.110000000000000000e+03
4.223000000000000000e+03
2.530000000000000000e+02
2.173000000000000000e+03
1.999000000000000000e+03
1.241000000000000000e+03
3.637000000000000000e+03
9.530000000000000000e+02
1.858000000000000000e+03
3.933000000000000000e+03
1.558000000000000000e+03
1.561000000000000000e+03
1.829000000000000000e+03
1.567000000000000000e+03
1.633000000000000000e+03
1.639000000000000000e+03
1.760000000000000000e+02
1.806000000000000000e+03
1.656000000000000000e+03
1.683000000000000000e+03
1.777000000000000000e+03
1.710000000000000000e+03
1.711000000000000000e+03
1.520000000000000000e+03
1.400000000000000000e+02
1.390000000000000000e+02
1.861000000000000000e+03
1.252000000000000000e+03
1.279000000000000000e+03
1.917000000000000000e+03
1.383000000000000000e+03
2.100000000000000000e+02
3.672000000000000000e+03
1.892000000000000000e+03
1.170000000000000000e+02
1.889000000000000000e+03
1.399000000000000000e+03
1.437000000000000000e+03
3.987000000000000000e+03
1.483000000000000000e+03
3.693000000000000000e+03
3.697000000000000000e+03
1.869000000000000000e+03
1.280000000000000000e+02
3.365000000000000000e+03
2.294000000000000000e+03
2.324000000000000000e+03
5.730000000000000000e+02
6.230000000000000000e+02
3.056000000000000000e+03
4.772000000000000000e+03
3.330000000000000000e+02
2.678000000000000000e+03
4.548000000000000000e+03
3.121000000000000000e+03
2.642000000000000000e+03
6.840000000000000000e+02
2.634000000000000000e+03
6.930000000000000000e+02
2.613000000000000000e+03
3.362000000000000000e+03
4.783000000000000000e+03
3.039000000000000000e+03
2.771000000000000000e+03
2.773000000000000000e+03
4.650000000000000000e+03
4.736000000000000000e+03
4.729000000000000000e+03
2.905000000000000000e+03
2.942000000000000000e+03
2.871000000000000000e+03
4.260000000000000000e+02
4.290000000000000000e+02
7.150000000000000000e+02
4.310000000000000000e+02
2.848000000000000000e+03
2.828000000000000000e+03
2.985000000000000000e+03
4.670000000000000000e+02
2.809000000000000000e+03
5.030000000000000000e+02
2.999000000000000000e+03
4.694000000000000000e+03
3.160000000000000000e+02
3.143000000000000000e+03
3.169000000000000000e+03
3.305000000000000000e+03
2.397000000000000000e+03
7.240000000000000000e+02
4.805000000000000000e+03
4.409000000000000000e+03
2.386000000000000000e+03
2.410000000000000000e+03
4.390000000000000000e+03
6.700000000000000000e+01
3.341000000000000000e+03
4.810000000000000000e+03
4.366000000000000000e+03
3.357000000000000000e+03
9.330000000000000000e+02
4.387000000000000000e+03
4.430000000000000000e+03
2.396000000000000000e+03
5.500000000000000000e+01
2.566000000000000000e+03
7.320000000000000000e+02
7.330000000000000000e+02
4.500000000000000000e+01
3.267000000000000000e+03
3.235000000000000000e+03
3.070000000000000000e+02
1.640000000000000000e+02
2.473000000000000000e+03
8.250000000000000000e+02
4.434000000000000000e+03
4.793000000000000000e+03
2.461000000000000000e+03
4.692000000000000000e+03
3.353000000000000000e+03
1.802000000000000000e+03
1.368000000000000000e+03
3.965000000000000000e+03
2.498000000000000000e+03
4.369000000000000000e+03
4.790000000000000000e+03
5.090000000000000000e+02
2.257000000000000000e+03
1.590000000000000000e+03
1.718000000000000000e+03
1.543000000000000000e+03
3.993000000000000000e+03
4.039000000000000000e+03
3.138000000000000000e+03
4.778000000000000000e+03
1.313000000000000000e+03
1.021000000000000000e+03
4.359000000000000000e+03
4.555000000000000000e+03
8.290000000000000000e+02
7.010000000000000000e+02
1.362000000000000000e+03
6.200000000000000000e+02
4.579000000000000000e+03
3.046000000000000000e+03
2.181000000000000000e+03
5.520000000000000000e+02
1.403000000000000000e+03
2.780000000000000000e+03
4.561000000000000000e+03
2.040000000000000000e+02
7.130000000000000000e+02
1.255000000000000000e+03
2.550000000000000000e+02
3.469000000000000000e+03
1.134000000000000000e+03
7.810000000000000000e+02
4.438000000000000000e+03
2.051000000000000000e+03
1.076000000000000000e+03
4.125000000000000000e+03
1.201000000000000000e+03
2.460000000000000000e+03
4.150000000000000000e+03
3.406000000000000000e+03
2.514000000000000000e+03
2.578000000000000000e+03
2.589000000000000000e+03
1.950000000000000000e+03
8.180000000000000000e+02
1.310000000000000000e+02
3.444000000000000000e+03
4.898000000000000000e+03
2.349000000000000000e+03
2.916000000000000000e+03
1.780000000000000000e+02
2.960000000000000000e+03
3.875000000000000000e+03
1.706000000000000000e+03
3.850000000000000000e+02
3.788000000000000000e+03
3.888000000000000000e+03
4.946000000000000000e+03
1.571000000000000000e+03
1.610000000000000000e+02
2.288000000000000000e+03
1.759000000000000000e+03
1.825000000000000000e+03
2.864000000000000000e+03
4.674000000000000000e+03
3.710000000000000000e+03
1.590000000000000000e+02
1.532000000000000000e+03
3.960000000000000000e+03
1.340000000000000000e+02
2.738000000000000000e+03
3.878000000000000000e+03
3.465000000000000000e+03
4.900000000000000000e+01
3.951000000000000000e+03
4.523000000000000000e+03
3.691000000000000000e+03
4.452000000000000000e+03
4.986000000000000000e+03
1.886000000000000000e+03
1.116000000000000000e+03
3.210000000000000000e+02
5.430000000000000000e+02
2.958000000000000000e+03
2.708000000000000000e+03
2.262000000000000000e+03
1.837000000000000000e+03
5.100000000000000000e+02
3.687000000000000000e+03
2.470000000000000000e+02
4.285000000000000000e+03
9.270000000000000000e+02
1.600000000000000000e+01
8.400000000000000000e+01
4.413000000000000000e+03
1.010000000000000000e+03
3.708000000000000000e+03
2.328000000000000000e+03
4.695000000000000000e+03
2.446000000000000000e+03
8.620000000000000000e+02
3.356000000000000000e+03
1.767000000000000000e+03
4.796000000000000000e+03
2.906000000000000000e+03
4.190000000000000000e+02
4.270000000000000000e+02
2.957000000000000000e+03
2.844000000000000000e+03
4.750000000000000000e+02
4.870000000000000000e+02
5.130000000000000000e+02
6.450000000000000000e+02
3.111000000000000000e+03
6.870000000000000000e+02
3.149000000000000000e+03
2.599000000000000000e+03
2.513000000000000000e+03
7.530000000000000000e+02
3.227000000000000000e+03
7.640000000000000000e+02
7.700000000000000000e+02
4.794000000000000000e+03
4.441000000000000000e+03
2.638000000000000000e+03
4.746000000000000000e+03
7.900000000000000000e+01
1.181000000000000000e+03
4.174000000000000000e+03
1.203000000000000000e+03
4.922000000000000000e+03
4.155000000000000000e+03
4.919000000000000000e+03
4.143000000000000000e+03
1.486000000000000000e+03
4.057000000000000000e+03
3.615000000000000000e+03
4.061000000000000000e+03
1.351000000000000000e+03
1.939000000000000000e+03
4.081000000000000000e+03
4.082000000000000000e+03
2.326000000000000000e+03
2.260000000000000000e+02
1.818000000000000000e+03
4.130000000000000000e+03
1.310000000000000000e+03
2.087000000000000000e+03
3.513000000000000000e+03
4.907000000000000000e+03
1.479000000000000000e+03
9.650000000000000000e+02
3.726000000000000000e+03
4.000000000000000000e+03
9.830000000000000000e+02
3.902000000000000000e+03
1.912000000000000000e+03
1.830000000000000000e+02
9.940000000000000000e+02
1.761000000000000000e+03
4.041000000000000000e+03
4.270000000000000000e+03
3.849000000000000000e+03
1.387000000000000000e+03
3.447000000000000000e+03
3.765000000000000000e+03
4.955000000000000000e+03
3.870000000000000000e+02
4.137000000000000000e+03
1.780000000000000000e+03
4.807000000000000000e+03
1.838000000000000000e+03
1.265000000000000000e+03
4.203000000000000000e+03
4.894000000000000000e+03
1.230000000000000000e+02
8.490000000000000000e+02
2.170000000000000000e+02
8.550000000000000000e+02
4.962000000000000000e+03
3.742000000000000000e+03
2.357000000000000000e+03
3.797000000000000000e+03
4.845000000000000000e+03
1.520000000000000000e+02
4.119000000000000000e+03
2.312000000000000000e+03
2.808000000000000000e+03
1.293000000000000000e+03
3.500000000000000000e+02
4.273000000000000000e+03
2.391000000000000000e+03
3.426000000000000000e+03
3.070000000000000000e+03
4.913000000000000000e+03
4.527000000000000000e+03
7.300000000000000000e+02
3.930000000000000000e+02
4.868000000000000000e+03
1.715000000000000000e+03
1.465000000000000000e+03
2.341000000000000000e+03
1.083000000000000000e+03
4.236000000000000000e+03
2.475000000000000000e+03
1.325000000000000000e+03
8.430000000000000000e+02
6.960000000000000000e+02
2.919000000000000000e+03
8.300000000000000000e+01
4.895000000000000000e+03
2.430000000000000000e+02
3.648000000000000000e+03
8.230000000000000000e+02
4.598000000000000000e+03
4.177000000000000000e+03
2.755000000000000000e+03
2.006000000000000000e+03
3.212000000000000000e+03
4.060000000000000000e+02
1.396000000000000000e+03
3.219000000000000000e+03
3.283000000000000000e+03
1.405000000000000000e+03
1.057000000000000000e+03
6.000000000000000000e+01
4.010000000000000000e+03
4.361000000000000000e+03
1.402000000000000000e+03
2.556000000000000000e+03
3.100000000000000000e+01
1.435000000000000000e+03
2.921000000000000000e+03
2.676000000000000000e+03
2.435000000000000000e+03
3.526000000000000000e+03
3.758000000000000000e+03
1.616000000000000000e+03
1.217000000000000000e+03
4.996000000000000000e+03
3.941000000000000000e+03
4.958000000000000000e+03
1.773000000000000000e+03
3.790000000000000000e+03
4.323000000000000000e+03
7.720000000000000000e+02
3.723000000000000000e+03
1.356000000000000000e+03
2.285000000000000000e+03
2.660000000000000000e+03
4.720000000000000000e+03
4.109000000000000000e+03
4.709000000000000000e+03
4.009000000000000000e+03
4.608000000000000000e+03
3.998000000000000000e+03
9.880000000000000000e+02
3.105000000000000000e+03
8.560000000000000000e+02
1.534000000000000000e+03
1.137000000000000000e+03
4.265000000000000000e+03
2.930000000000000000e+02
4.430000000000000000e+02
4.016000000000000000e+03
1.122000000000000000e+03
4.724000000000000000e+03
1.785000000000000000e+03
1.948000000000000000e+03
4.129000000000000000e+03
3.190000000000000000e+02
1.728000000000000000e+03
4.342000000000000000e+03
2.966000000000000000e+03
1.346000000000000000e+03
4.960000000000000000e+02
3.300000000000000000e+02
4.929000000000000000e+03
3.329000000000000000e+03
7.000000000000000000e+00
1.308000000000000000e+03
1.390000000000000000e+03
4.399000000000000000e+03
4.347000000000000000e+03
1.855000000000000000e+03
2.290000000000000000e+02
4.157000000000000000e+03
3.957000000000000000e+03
4.857000000000000000e+03
1.735000000000000000e+03
1.510000000000000000e+03
3.104000000000000000e+03
7.960000000000000000e+02
4.510000000000000000e+03
1.973000000000000000e+03
1.045000000000000000e+03
4.308000000000000000e+03
3.376000000000000000e+03
1.447000000000000000e+03
6.670000000000000000e+02
3.753000000000000000e+03
4.397000000000000000e+03
4.209000000000000000e+03
3.240000000000000000e+02
2.150000000000000000e+02
4.058000000000000000e+03
1.352000000000000000e+03
4.383000000000000000e+03
4.402000000000000000e+03
1.336000000000000000e+03
4.496000000000000000e+03
4.821000000000000000e+03
4.051000000000000000e+03
4.298000000000000000e+03
2.210000000000000000e+02
6.810000000000000000e+02
6.710000000000000000e+02
4.537000000000000000e+03
4.817000000000000000e+03
4.311000000000000000e+03
9.390000000000000000e+02
4.023000000000000000e+03
9.800000000000000000e+02
4.538000000000000000e+03
1.428000000000000000e+03
4.815000000000000000e+03
4.853000000000000000e+03
1.321000000000000000e+03
4.476000000000000000e+03
1.316000000000000000e+03
1.151000000000000000e+03
1.159000000000000000e+03
8.340000000000000000e+02
1.179000000000000000e+03
4.431000000000000000e+03
1.132000000000000000e+03
1.193000000000000000e+03
4.433000000000000000e+03
4.437000000000000000e+03
4.442000000000000000e+03
4.444000000000000000e+03
2.920000000000000000e+02
1.228000000000000000e+03
4.840000000000000000e+03
4.134000000000000000e+03
1.254000000000000000e+03
3.030000000000000000e+02
8.650000000000000000e+02
4.250000000000000000e+03
7.880000000000000000e+02
4.102000000000000000e+03
4.096000000000000000e+03
4.092000000000000000e+03
7.870000000000000000e+02
4.257000000000000000e+03
4.260000000000000000e+03
4.475000000000000000e+03
4.421000000000000000e+03
4.332000000000000000e+03
1.642000000000000000e+03
1.452000000000000000e+03
2.519000000000000000e+03
3.244000000000000000e+03
5.100000000000000000e+01
2.455000000000000000e+03
2.431000000000000000e+03
3.280000000000000000e+03
3.296000000000000000e+03
3.304000000000000000e+03
2.381000000000000000e+03
3.323000000000000000e+03
2.368000000000000000e+03
2.356000000000000000e+03
2.344000000000000000e+03
2.334000000000000000e+03
2.304000000000000000e+03
3.378000000000000000e+03
8.200000000000000000e+01
3.418000000000000000e+03
2.233000000000000000e+03
3.436000000000000000e+03
3.443000000000000000e+03
2.524000000000000000e+03
3.451000000000000000e+03
2.533000000000000000e+03
3.199000000000000000e+03
2.890000000000000000e+03
2.880000000000000000e+03
2.952000000000000000e+03
2.971000000000000000e+03
2.824000000000000000e+03
2.797000000000000000e+03
4.983000000000000000e+03
2.779000000000000000e+03
3.036000000000000000e+03
2.739000000000000000e+03
2.720000000000000000e+03
3.089000000000000000e+03
2.679000000000000000e+03
3.124000000000000000e+03
3.125000000000000000e+03
3.127000000000000000e+03
3.600000000000000000e+01
3.147000000000000000e+03
2.576000000000000000e+03
2.568000000000000000e+03
3.195000000000000000e+03
2.535000000000000000e+03
4.007000000000000000e+03
3.468000000000000000e+03
3.485000000000000000e+03
3.732000000000000000e+03
1.816000000000000000e+03
1.787000000000000000e+03
4.890000000000000000e+03
3.773000000000000000e+03
1.744000000000000000e+03
3.794000000000000000e+03
4.773000000000000000e+03
1.702000000000000000e+03
1.693000000000000000e+03
1.671000000000000000e+03
1.623000000000000000e+03
3.907000000000000000e+03
1.579000000000000000e+03
1.578000000000000000e+03
3.918000000000000000e+03
3.928000000000000000e+03
1.530000000000000000e+03
1.524000000000000000e+03
1.508000000000000000e+03
3.977000000000000000e+03
4.900000000000000000e+03
2.161000000000000000e+03
3.727000000000000000e+03
1.865000000000000000e+03
3.488000000000000000e+03
3.493000000000000000e+03
2.135000000000000000e+03
2.111000000000000000e+03
3.522000000000000000e+03
3.543000000000000000e+03
2.042000000000000000e+03
3.575000000000000000e+03
4.920000000000000000e+03
2.017000000000000000e+03
2.010000000000000000e+03
3.599000000000000000e+03
3.623000000000000000e+03
3.635000000000000000e+03
1.947000000000000000e+03
4.915000000000000000e+03
1.927000000000000000e+03
1.918000000000000000e+03
3.680000000000000000e+03
4.908000000000000000e+03
1.872000000000000000e+03
1.450000000000000000e+02
6.180000000000000000e+02
0.000000000000000000e+00
4.734000000000000000e+03
5.140000000000000000e+02
4.742000000000000000e+03
4.130000000000000000e+02
4.741000000000000000e+03
4.490000000000000000e+02
5.070000000000000000e+02
4.230000000000000000e+02
4.645000000000000000e+03
3.450000000000000000e+02
4.600000000000000000e+03
4.170000000000000000e+02
4.592000000000000000e+03
4.754000000000000000e+03
4.728000000000000000e+03
5.110000000000000000e+02
6.160000000000000000e+02
5.470000000000000000e+02
5.480000000000000000e+02
6.030000000000000000e+02
4.626000000000000000e+03
4.700000000000000000e+03
4.880000000000000000e+02
3.490000000000000000e+02
4.910000000000000000e+02
4.390000000000000000e+02
2.850000000000000000e+02
2.139000000000000000e+03
1.318000000000000000e+03
1.778000000000000000e+03
8.130000000000000000e+02
4.088000000000000000e+03
4.306000000000000000e+03
1.514000000000000000e+03
3.321000000000000000e+03
1.470000000000000000e+02
3.349000000000000000e+03
3.640000000000000000e+02
8.100000000000000000e+01
4.497000000000000000e+03
4.379000000000000000e+03
1.237000000000000000e+03
2.606000000000000000e+03
2.648000000000000000e+03
4.833000000000000000e+03
1.000000000000000000e+03
3.230000000000000000e+03
1.853000000000000000e+03
2.406000000000000000e+03
2.710000000000000000e+03
1.284000000000000000e+03
4.488000000000000000e+03
4.357000000000000000e+03
3.441000000000000000e+03
4.647000000000000000e+03
1.074000000000000000e+03
3.743000000000000000e+03
2.546000000000000000e+03
1.223000000000000000e+03
3.807000000000000000e+03
4.667000000000000000e+03
4.068000000000000000e+03
4.042000000000000000e+03
4.251000000000000000e+03
4.732000000000000000e+03
4.381000000000000000e+03
4.220000000000000000e+02
3.358000000000000000e+03
2.197000000000000000e+03
2.510000000000000000e+02
7.050000000000000000e+02
4.122000000000000000e+03
4.291000000000000000e+03
4.313000000000000000e+03
5.490000000000000000e+02
3.265000000000000000e+03
1.712000000000000000e+03
7.780000000000000000e+02
4.435000000000000000e+03
4.030000000000000000e+02
2.918000000000000000e+03
8.480000000000000000e+02
2.926000000000000000e+03
4.510000000000000000e+02
4.530000000000000000e+02
6.860000000000000000e+02
4.445000000000000000e+03
4.376000000000000000e+03
4.451000000000000000e+03
4.126000000000000000e+03
2.522000000000000000e+03
1.675000000000000000e+03
8.500000000000000000e+01
4.279000000000000000e+03
3.095000000000000000e+03
1.011000000000000000e+03
7.760000000000000000e+02
1.214000000000000000e+03
4.930000000000000000e+03
4.937000000000000000e+03
4.525000000000000000e+03
2.115000000000000000e+03
4.003000000000000000e+03
1.823000000000000000e+03
1.952000000000000000e+03
4.360000000000000000e+03
4.033000000000000000e+03
2.154000000000000000e+03
1.374000000000000000e+03
4.249000000000000000e+03
3.326000000000000000e+03
6.800000000000000000e+01
2.700000000000000000e+03
9.930000000000000000e+02
1.841000000000000000e+03
3.894000000000000000e+03
1.085000000000000000e+03
3.698000000000000000e+03
3.372000000000000000e+03
1.630000000000000000e+03
1.397000000000000000e+03
4.490000000000000000e+03
3.236000000000000000e+03
3.077000000000000000e+03
4.173000000000000000e+03
4.964000000000000000e+03
2.540000000000000000e+03
4.997000000000000000e+03
1.690000000000000000e+02
2.858000000000000000e+03
3.596000000000000000e+03
9.310000000000000000e+02
2.255000000000000000e+03
1.864000000000000000e+03
7.460000000000000000e+02
4.520000000000000000e+02
3.580000000000000000e+03
2.417000000000000000e+03
1.634000000000000000e+03
3.107000000000000000e+03
3.570000000000000000e+02
2.245000000000000000e+03
3.387000000000000000e+03
9.540000000000000000e+02
2.877000000000000000e+03
2.831000000000000000e+03
9.910000000000000000e+02
2.174000000000000000e+03
4.044000000000000000e+03
1.180000000000000000e+02
7.500000000000000000e+02
4.264000000000000000e+03
1.303000000000000000e+03
4.194000000000000000e+03
3.882000000000000000e+03
1.280000000000000000e+03
4.491000000000000000e+03
1.731000000000000000e+03
4.367000000000000000e+03
2.395000000000000000e+03
2.901000000000000000e+03
4.006000000000000000e+03
2.745000000000000000e+03
1.017000000000000000e+03
1.513000000000000000e+03
2.390000000000000000e+03
3.434000000000000000e+03
1.200000000000000000e+01
1.366000000000000000e+03
3.452000000000000000e+03
2.182000000000000000e+03
1.800000000000000000e+01
3.617000000000000000e+03
1.444000000000000000e+03
1.848000000000000000e+03
2.318000000000000000e+03
2.100000000000000000e+01
4.672000000000000000e+03
3.189000000000000000e+03
3.760000000000000000e+02
8.750000000000000000e+02
1.949000000000000000e+03
3.237000000000000000e+03
4.482000000000000000e+03
3.872000000000000000e+03
9.710000000000000000e+02
3.718000000000000000e+03
4.599000000000000000e+03
4.103000000000000000e+03
4.539000000000000000e+03
3.162000000000000000e+03
4.679000000000000000e+03
3.960000000000000000e+02
6.120000000000000000e+02
1.145000000000000000e+03
4.364000000000000000e+03
2.440000000000000000e+03
3.712000000000000000e+03
6.780000000000000000e+02
3.740000000000000000e+02
3.571000000000000000e+03
3.900000000000000000e+03
4.687000000000000000e+03
4.825000000000000000e+03
3.055000000000000000e+03
6.790000000000000000e+02
1.101000000000000000e+03
3.156000000000000000e+03
2.761000000000000000e+03
3.828000000000000000e+03
2.070000000000000000e+03
2.008000000000000000e+03
3.739000000000000000e+03
2.897000000000000000e+03
3.896000000000000000e+03
3.603000000000000000e+03
3.800000000000000000e+01
3.906000000000000000e+03
2.291000000000000000e+03
3.010000000000000000e+03
3.071000000000000000e+03
6.770000000000000000e+02
2.746000000000000000e+03
2.707000000000000000e+03
1.730000000000000000e+03
4.727000000000000000e+03
3.223000000000000000e+03
2.044000000000000000e+03
2.847000000000000000e+03
4.070000000000000000e+02
5.950000000000000000e+02
5.220000000000000000e+02
2.418000000000000000e+03
3.255000000000000000e+03
3.234000000000000000e+03
6.900000000000000000e+02
4.326000000000000000e+03
2.466000000000000000e+03
3.359000000000000000e+03
1.794000000000000000e+03
1.996000000000000000e+03
7.300000000000000000e+01
1.180000000000000000e+03
8.840000000000000000e+02
1.637000000000000000e+03
1.041000000000000000e+03
3.256000000000000000e+03
4.761000000000000000e+03
3.409000000000000000e+03
1.453000000000000000e+03
3.516000000000000000e+03
3.610000000000000000e+03
1.749000000000000000e+03
2.973000000000000000e+03
4.471000000000000000e+03
1.154000000000000000e+03
4.448000000000000000e+03
9.400000000000000000e+02
1.474000000000000000e+03
1.420000000000000000e+02
4.800000000000000000e+03
2.392000000000000000e+03
3.976000000000000000e+03
2.559000000000000000e+03
4.460000000000000000e+02
3.792000000000000000e+03
6.360000000000000000e+02
1.320000000000000000e+03
1.782000000000000000e+03
4.730000000000000000e+02
6.500000000000000000e+02
1.717000000000000000e+03
3.300000000000000000e+01
1.075000000000000000e+03
4.830000000000000000e+03
4.320000000000000000e+02
4.254000000000000000e+03
1.411000000000000000e+03
2.903000000000000000e+03
2.700000000000000000e+01
6.490000000000000000e+02
4.763000000000000000e+03
2.635000000000000000e+03
3.242000000000000000e+03
9.470000000000000000e+02
1.344000000000000000e+03
2.034000000000000000e+03
1.275000000000000000e+03
3.528000000000000000e+03
3.578000000000000000e+03
3.034000000000000000e+03
1.079000000000000000e+03
1.574000000000000000e+03
3.909000000000000000e+03
2.020000000000000000e+02
3.004000000000000000e+03
4.466000000000000000e+03
1.770000000000000000e+03
5.810000000000000000e+02
3.684000000000000000e+03
4.703000000000000000e+03
4.786000000000000000e+03
4.775000000000000000e+03
4.710000000000000000e+02
2.203000000000000000e+03
1.542000000000000000e+03
1.929000000000000000e+03
2.060000000000000000e+02
1.612000000000000000e+03
3.114000000000000000e+03
2.158000000000000000e+03
1.250000000000000000e+02
1.625000000000000000e+03
2.254000000000000000e+03
4.532000000000000000e+03
2.860000000000000000e+02
4.683000000000000000e+03
3.989000000000000000e+03
8.780000000000000000e+02
1.563000000000000000e+03
7.090000000000000000e+02
2.305000000000000000e+03
1.022000000000000000e+03
4.811000000000000000e+03
3.851000000000000000e+03
2.740000000000000000e+02
3.817000000000000000e+03
3.160000000000000000e+03
3.819000000000000000e+03
2.956000000000000000e+03
2.689000000000000000e+03
1.800000000000000000e+02
8.240000000000000000e+02
4.872000000000000000e+03
1.250000000000000000e+03
1.487000000000000000e+03
3.833000000000000000e+03
8.370000000000000000e+02
4.700000000000000000e+02
4.356000000000000000e+03
2.883000000000000000e+03
3.123000000000000000e+03
1.708000000000000000e+03
3.626000000000000000e+03
3.460000000000000000e+03
4.207000000000000000e+03
2.086000000000000000e+03
1.157000000000000000e+03
3.669000000000000000e+03
7.350000000000000000e+02
4.885000000000000000e+03
3.135000000000000000e+03
8.870000000000000000e+02
4.921000000000000000e+03
1.060000000000000000e+02
9.690000000000000000e+02
2.469000000000000000e+03
2.327000000000000000e+03
4.643000000000000000e+03
5.060000000000000000e+02
4.982000000000000000e+03
4.949000000000000000e+03
4.604000000000000000e+03
1.194000000000000000e+03
1.331000000000000000e+03
9.090000000000000000e+02
3.540000000000000000e+02
9.430000000000000000e+02
3.370000000000000000e+02
4.343000000000000000e+03
1.990000000000000000e+02
2.908000000000000000e+03
2.337000000000000000e+03
1.933000000000000000e+03
1.736000000000000000e+03
2.219000000000000000e+03
4.352000000000000000e+03
7.490000000000000000e+02
4.197000000000000000e+03
6.680000000000000000e+02
3.694000000000000000e+03
3.041000000000000000e+03
4.628000000000000000e+03
4.283000000000000000e+03
4.370000000000000000e+03
1.463000000000000000e+03
2.272000000000000000e+03
2.043000000000000000e+03
9.850000000000000000e+02
4.108000000000000000e+03
8.140000000000000000e+02
4.334000000000000000e+03
2.319000000000000000e+03
4.340000000000000000e+03
3.392000000000000000e+03
2.005000000000000000e+03
5.380000000000000000e+02
1.281000000000000000e+03
3.670000000000000000e+02
3.824000000000000000e+03
3.633000000000000000e+03
2.460000000000000000e+02
8.680000000000000000e+02
3.429000000000000000e+03
4.262000000000000000e+03
2.030000000000000000e+02
1.921000000000000000e+03
2.123000000000000000e+03
3.769000000000000000e+03
2.340000000000000000e+02
3.650000000000000000e+02
1.081000000000000000e+03
1.433000000000000000e+03
1.615000000000000000e+03
3.551000000000000000e+03
4.659000000000000000e+03
1.419000000000000000e+03
9.200000000000000000e+01
3.757000000000000000e+03
3.639000000000000000e+03
2.747000000000000000e+03
2.282000000000000000e+03
2.277000000000000000e+03
3.086000000000000000e+03
1.804000000000000000e+03
1.042000000000000000e+03
1.585000000000000000e+03
2.553000000000000000e+03
4.035000000000000000e+03
2.132000000000000000e+03
1.920000000000000000e+03
1.018000000000000000e+03
2.497000000000000000e+03
2.993000000000000000e+03
1.094000000000000000e+03
3.974000000000000000e+03
2.403000000000000000e+03
4.610000000000000000e+02
4.841000000000000000e+03
4.904000000000000000e+03
5.360000000000000000e+02
3.717000000000000000e+03
3.569000000000000000e+03
1.592000000000000000e+03
4.400000000000000000e+02
4.740000000000000000e+02
1.087000000000000000e+03
4.684000000000000000e+03
3.924000000000000000e+03
1.185000000000000000e+03
1.375000000000000000e+03
1.178000000000000000e+03
2.134000000000000000e+03
4.827000000000000000e+03
2.041000000000000000e+03
3.572000000000000000e+03
3.750000000000000000e+03
4.025000000000000000e+03
3.523000000000000000e+03
2.491000000000000000e+03
2.464000000000000000e+03
1.282000000000000000e+03
1.090000000000000000e+03
1.070000000000000000e+02
6.170000000000000000e+02
7.190000000000000000e+02
8.530000000000000000e+02
2.826000000000000000e+03
2.200000000000000000e+01
2.651000000000000000e+03
2.914000000000000000e+03
2.654000000000000000e+03
8.740000000000000000e+02
4.558000000000000000e+03
2.857000000000000000e+03
3.360000000000000000e+02
3.067000000000000000e+03
7.570000000000000000e+02
2.879000000000000000e+03
6.150000000000000000e+02
4.301000000000000000e+03
4.613000000000000000e+03
4.795000000000000000e+03
9.810000000000000000e+02
2.947000000000000000e+03
3.020000000000000000e+03
3.789000000000000000e+03
3.110000000000000000e+03
2.889000000000000000e+03
3.261000000000000000e+03
4.127000000000000000e+03
4.310000000000000000e+03
2.698000000000000000e+03
2.965000000000000000e+03
4.089000000000000000e+03
2.668000000000000000e+03
3.969000000000000000e+03
2.143000000000000000e+03
3.487000000000000000e+03
3.120000000000000000e+03
4.453000000000000000e+03
2.810000000000000000e+03
2.626000000000000000e+03
3.874000000000000000e+03
3.260000000000000000e+03
2.281000000000000000e+03
5.590000000000000000e+02
4.371000000000000000e+03
3.038000000000000000e+03
3.393000000000000000e+03
4.834000000000000000e+03
1.355000000000000000e+03
8.510000000000000000e+02
2.242000000000000000e+03
9.510000000000000000e+02
4.813000000000000000e+03
2.865000000000000000e+03
4.074000000000000000e+03
4.472000000000000000e+03
9.380000000000000000e+02
3.703000000000000000e+03
4.701000000000000000e+03
3.272000000000000000e+03
3.720000000000000000e+02
3.831000000000000000e+03
2.434000000000000000e+03
1.640000000000000000e+03
4.517000000000000000e+03
3.864000000000000000e+03
4.680000000000000000e+02
1.322000000000000000e+03
4.721000000000000000e+03
2.517000000000000000e+03
2.515000000000000000e+03
2.252000000000000000e+03
2.802000000000000000e+03
1.002000000000000000e+03
4.686000000000000000e+03
2.310000000000000000e+02
4.121000000000000000e+03
3.396000000000000000e+03
3.660000000000000000e+03
4.118000000000000000e+03
1.925000000000000000e+03
9.960000000000000000e+02
3.518000000000000000e+03
1.278000000000000000e+03
3.226000000000000000e+03
4.660000000000000000e+02
3.412000000000000000e+03
4.800000000000000000e+01
1.902000000000000000e+03
2.479000000000000000e+03
1.440000000000000000e+02
2.705000000000000000e+03
2.867000000000000000e+03
2.426000000000000000e+03
3.289000000000000000e+03
2.765000000000000000e+03
4.712000000000000000e+03
4.662000000000000000e+03
3.955000000000000000e+03
1.507000000000000000e+03
1.594000000000000000e+03
8.660000000000000000e+02
4.953000000000000000e+03
2.195000000000000000e+03
1.527000000000000000e+03
1.531000000000000000e+03
1.533000000000000000e+03
1.775000000000000000e+03
3.448000000000000000e+03
1.541000000000000000e+03
4.250000000000000000e+02
7.510000000000000000e+02
1.620000000000000000e+02
3.470000000000000000e+02
4.808000000000000000e+03
4.258000000000000000e+03
1.559000000000000000e+03
3.903000000000000000e+03
5.000000000000000000e+02
3.961000000000000000e+03
2.371000000000000000e+03
1.796000000000000000e+03
1.733000000000000000e+03
7.120000000000000000e+02
4.720000000000000000e+02
2.411000000000000000e+03
3.808000000000000000e+03
3.299000000000000000e+03
1.440000000000000000e+03
1.441000000000000000e+03
2.165000000000000000e+03
4.802000000000000000e+03
3.054000000000000000e+03
2.849000000000000000e+03
2.156000000000000000e+03
9.010000000000000000e+02
3.737000000000000000e+03
3.883000000000000000e+03
3.983000000000000000e+03
3.744000000000000000e+03
3.315000000000000000e+03
3.747000000000000000e+03
7.270000000000000000e+02
1.488000000000000000e+03
3.970000000000000000e+03
4.803000000000000000e+03
2.307000000000000000e+03
8.930000000000000000e+02
6.600000000000000000e+02
4.591000000000000000e+03
1.981000000000000000e+03
1.093000000000000000e+03
2.639000000000000000e+03
1.204000000000000000e+03
3.101000000000000000e+03
1.977000000000000000e+03
3.541000000000000000e+03
4.737000000000000000e+03
2.603000000000000000e+03
4.557000000000000000e+03
3.350000000000000000e+02
5.620000000000000000e+02
4.733000000000000000e+03
3.179000000000000000e+03
3.136000000000000000e+03
1.207000000000000000e+03
2.601000000000000000e+03
1.044000000000000000e+03
4.192000000000000000e+03
4.831000000000000000e+03
4.185000000000000000e+03
2.047000000000000000e+03
4.202000000000000000e+03
4.175000000000000000e+03
4.818000000000000000e+03
4.276000000000000000e+03
1.117000000000000000e+03
3.191000000000000000e+03
4.208000000000000000e+03
4.271000000000000000e+03
8.600000000000000000e+01
3.228000000000000000e+03
4.961000000000000000e+03
3.832000000000000000e+03
2.725000000000000000e+03
3.170000000000000000e+03
3.963000000000000000e+03
1.324000000000000000e+03
9.000000000000000000e+02
2.810000000000000000e+02
4.439000000000000000e+03
1.920000000000000000e+02
2.681000000000000000e+03
4.851000000000000000e+03
2.620000000000000000e+03
1.876000000000000000e+03
3.430000000000000000e+02
2.583000000000000000e+03
1.424000000000000000e+03
2.029000000000000000e+03
3.782000000000000000e+03
3.119000000000000000e+03
2.130000000000000000e+02
1.328000000000000000e+03
1.659000000000000000e+03
3.658000000000000000e+03
1.725000000000000000e+03
3.822000000000000000e+03
2.752000000000000000e+03
2.838000000000000000e+03
2.959000000000000000e+03
9.230000000000000000e+02
3.342000000000000000e+03
2.783000000000000000e+03
7.670000000000000000e+02
3.834000000000000000e+03
1.211000000000000000e+03
2.463000000000000000e+03
2.715000000000000000e+03
3.411000000000000000e+03
3.458000000000000000e+03
3.871000000000000000e+03
2.870000000000000000e+02
3.667000000000000000e+03
3.943000000000000000e+03
1.035000000000000000e+03
7.690000000000000000e+02
3.442000000000000000e+03
2.240000000000000000e+03
1.140000000000000000e+02
4.970000000000000000e+02
3.400000000000000000e+03
3.222000000000000000e+03
3.382000000000000000e+03
1.522000000000000000e+03
1.006000000000000000e+03
2.241000000000000000e+03
2.757000000000000000e+03
3.174000000000000000e+03
4.412000000000000000e+03
3.801000000000000000e+03
3.721000000000000000e+03
1.899000000000000000e+03
3.800000000000000000e+03
2.240000000000000000e+02
3.860000000000000000e+03
3.290000000000000000e+03
2.961000000000000000e+03
3.520000000000000000e+02
3.137000000000000000e+03
2.929000000000000000e+03
4.654000000000000000e+03
2.502000000000000000e+03
1.583000000000000000e+03
9.460000000000000000e+02
1.813000000000000000e+03
5.210000000000000000e+02
4.424000000000000000e+03
1.343000000000000000e+03
3.884000000000000000e+03
2.780000000000000000e+02
3.897000000000000000e+03
1.820000000000000000e+03
6.040000000000000000e+02
2.500000000000000000e+02
7.560000000000000000e+02
3.129000000000000000e+03
2.010000000000000000e+02
2.249000000000000000e+03
1.648000000000000000e+03
4.586000000000000000e+03
1.555000000000000000e+03
1.196000000000000000e+03
3.775000000000000000e+03
4.233000000000000000e+03
2.217000000000000000e+03
2.125000000000000000e+03
2.050000000000000000e+03
3.096000000000000000e+03
3.128000000000000000e+03
1.844000000000000000e+03
3.152000000000000000e+03
2.653000000000000000e+03
2.720000000000000000e+02
4.585000000000000000e+03
1.380000000000000000e+02
2.045000000000000000e+03
2.180000000000000000e+02
3.413000000000000000e+03
2.612000000000000000e+03
3.243000000000000000e+03
4.863000000000000000e+03
4.002000000000000000e+03
4.976000000000000000e+03
2.267000000000000000e+03
2.280000000000000000e+03
1.242000000000000000e+03
1.700000000000000000e+03
3.707000000000000000e+03
1.916000000000000000e+03
2.587000000000000000e+03
5.600000000000000000e+01
6.050000000000000000e+02
2.703000000000000000e+03
3.194000000000000000e+03
1.007000000000000000e+03
4.300000000000000000e+03
1.330000000000000000e+02
1.961000000000000000e+03
4.788000000000000000e+03
9.190000000000000000e+02
3.630000000000000000e+03
3.093000000000000000e+03
2.370000000000000000e+02
6.800000000000000000e+02
4.789000000000000000e+03
4.008000000000000000e+03
2.941000000000000000e+03
2.232000000000000000e+03
9.700000000000000000e+01
4.380000000000000000e+03
2.266000000000000000e+03
2.033000000000000000e+03
3.904000000000000000e+03
1.979000000000000000e+03
2.736000000000000000e+03
4.075000000000000000e+03
1.267000000000000000e+03
4.038000000000000000e+03
9.250000000000000000e+02
3.892000000000000000e+03
4.877000000000000000e+03
5.540000000000000000e+02
9.070000000000000000e+02
5.300000000000000000e+01
1.432000000000000000e+03
2.840000000000000000e+02
6.950000000000000000e+02
4.226000000000000000e+03
9.770000000000000000e+02
1.364000000000000000e+03
2.637000000000000000e+03
4.957000000000000000e+03
1.369000000000000000e+03
4.644000000000000000e+03
1.251000000000000000e+03
4.820000000000000000e+02
3.774000000000000000e+03
1.389000000000000000e+03
4.200000000000000000e+01
3.573000000000000000e+03
1.470000000000000000e+03
1.197000000000000000e+03
2.372000000000000000e+03
1.619000000000000000e+03
4.658000000000000000e+03
1.066000000000000000e+03
4.952000000000000000e+03
4.515000000000000000e+03
3.587000000000000000e+03
1.350000000000000000e+03
2.300000000000000000e+02
1.414000000000000000e+03
3.879000000000000000e+03
4.094000000000000000e+03
9.360000000000000000e+02
4.620000000000000000e+02
2.994000000000000000e+03
2.756000000000000000e+03
4.085000000000000000e+03
1.660000000000000000e+03
1.647000000000000000e+03
2.026000000000000000e+03
3.562000000000000000e+03
3.008000000000000000e+03
1.012000000000000000e+03
3.715000000000000000e+03
2.157000000000000000e+03
4.355000000000000000e+03
4.304000000000000000e+03
3.108000000000000000e+03
4.162000000000000000e+03
2.105000000000000000e+03
1.249000000000000000e+03
2.882000000000000000e+03
