4.073000000000000000e+03
7.540000000000000000e+02
3.128000000000000000e+03
4.800000000000000000e+01
2.962000000000000000e+03
2.697000000000000000e+03
4.332000000000000000e+03
2.018000000000000000e+03
4.577000000000000000e+03
2.009000000000000000e+03
1.396000000000000000e+03
1.220000000000000000e+03
2.306000000000000000e+03
4.679000000000000000e+03
3.868000000000000000e+03
4.904000000000000000e+03
2.588000000000000000e+03
6.210000000000000000e+02
4.389000000000000000e+03
1.631000000000000000e+03
1.406000000000000000e+03
3.300000000000000000e+03
2.991000000000000000e+03
4.190000000000000000e+03
3.509000000000000000e+03
1.022000000000000000e+03
3.695000000000000000e+03
1.517000000000000000e+03
1.516000000000000000e+03
2.417000000000000000e+03
1.840000000000000000e+02
2.314000000000000000e+03
1.584000000000000000e+03
4.334000000000000000e+03
2.540000000000000000e+02
1.425000000000000000e+03
3.122000000000000000e+03
2.394000000000000000e+03
4.185000000000000000e+03
8.590000000000000000e+02
4.125000000000000000e+03
3.754000000000000000e+03
1.622000000000000000e+03
4.856000000000000000e+03
3.587000000000000000e+03
1.662000000000000000e+03
4.496000000000000000e+03
4.474000000000000000e+03
3.607000000000000000e+03
4.421000000000000000e+03
2.523000000000000000e+03
3.173000000000000000e+03
6.380000000000000000e+02
2.886000000000000000e+03
3.924000000000000000e+03
3.485000000000000000e+03
3.474000000000000000e+03
3.904000000000000000e+03
1.353000000000000000e+03
4.924000000000000000e+03
1.210000000000000000e+03
2.897000000000000000e+03
3.253000000000000000e+03
4.888000000000000000e+03
2.777000000000000000e+03
8.600000000000000000e+01
8.020000000000000000e+02
2.470000000000000000e+02
2.360000000000000000e+02
4.042000000000000000e+03
2.112000000000000000e+03
2.430000000000000000e+03
2.570000000000000000e+03
1.061000000000000000e+03
4.681000000000000000e+03
2.073000000000000000e+03
1.394000000000000000e+03
1.210000000000000000e+02
3.611000000000000000e+03
1.931000000000000000e+03
4.350000000000000000e+03
3.533000000000000000e+03
1.058000000000000000e+03
7.550000000000000000e+02
2.780000000000000000e+02
3.826000000000000000e+03
2.495000000000000000e+03
3.900000000000000000e+02
3.755000000000000000e+03
4.200000000000000000e+01
4.431000000000000000e+03
5.850000000000000000e+02
2.340000000000000000e+02
1.993000000000000000e+03
2.873000000000000000e+03
1.338000000000000000e+03
2.032000000000000000e+03
4.172000000000000000e+03
2.348000000000000000e+03
3.538000000000000000e+03
4.814000000000000000e+03
4.003000000000000000e+03
2.030000000000000000e+02
1.171000000000000000e+03
4.720000000000000000e+02
4.425000000000000000e+03
2.561000000000000000e+03
1.794000000000000000e+03
1.996000000000000000e+03
9.890000000000000000e+02
7.950000000000000000e+02
1.520000000000000000e+02
3.500000000000000000e+01
3.873000000000000000e+03
1.940000000000000000e+02
2.309000000000000000e+03
7.720000000000000000e+02
4.044000000000000000e+03
4.620000000000000000e+02
2.504000000000000000e+03
1.304000000000000000e+03
3.274000000000000000e+03
3.284000000000000000e+03
1.000000000000000000e+00
1.306000000000000000e+03
2.678000000000000000e+03
5.400000000000000000e+01
3.505000000000000000e+03
2.238000000000000000e+03
2.751000000000000000e+03
6.030000000000000000e+02
1.764000000000000000e+03
4.353000000000000000e+03
4.043000000000000000e+03
4.876000000000000000e+03
2.287000000000000000e+03
2.518000000000000000e+03
2.277000000000000000e+03
3.835000000000000000e+03
4.737000000000000000e+03
3.338000000000000000e+03
2.300000000000000000e+02
2.466000000000000000e+03
1.946000000000000000e+03
4.787000000000000000e+03
2.700000000000000000e+02
2.840000000000000000e+03
3.516000000000000000e+03
4.489000000000000000e+03
1.070000000000000000e+02
1.640000000000000000e+02
4.932000000000000000e+03
3.091000000000000000e+03
4.629000000000000000e+03
4.250000000000000000e+03
3.004000000000000000e+03
1.116000000000000000e+03
3.351000000000000000e+03
2.809000000000000000e+03
3.946000000000000000e+03
2.226000000000000000e+03
1.000000000000000000e+01
4.409000000000000000e+03
3.167000000000000000e+03
7.590000000000000000e+02
3.065000000000000000e+03
4.770000000000000000e+02
3.560000000000000000e+02
1.032000000000000000e+03
8.030000000000000000e+02
9.180000000000000000e+02
2.795000000000000000e+03
4.668000000000000000e+03
1.540000000000000000e+03
3.948000000000000000e+03
1.660000000000000000e+02
1.262000000000000000e+03
4.718000000000000000e+03
1.167000000000000000e+03
3.254000000000000000e+03
3.952000000000000000e+03
3.889000000000000000e+03
1.773000000000000000e+03
0.000000000000000000e+00
7.670000000000000000e+02
2.840000000000000000e+02
3.870000000000000000e+03
3.912000000000000000e+03
3.421000000000000000e+03
3.174000000000000000e+03
1.407000000000000000e+03
3.197000000000000000e+03
2.833000000000000000e+03
1.730000000000000000e+02
2.345000000000000000e+03
4.890000000000000000e+03
4.612000000000000000e+03
3.451000000000000000e+03
3.068000000000000000e+03
1.979000000000000000e+03
9.160000000000000000e+02
1.472000000000000000e+03
2.243000000000000000e+03
3.938000000000000000e+03
1.659000000000000000e+03
3.706000000000000000e+03
4.004000000000000000e+03
4.470000000000000000e+03
4.859000000000000000e+03
2.222000000000000000e+03
1.087000000000000000e+03
6.230000000000000000e+02
7.220000000000000000e+02
4.220000000000000000e+03
9.520000000000000000e+02
3.430000000000000000e+03
4.059000000000000000e+03
4.690000000000000000e+02
1.019000000000000000e+03
2.344000000000000000e+03
3.141000000000000000e+03
3.831000000000000000e+03
9.170000000000000000e+02
2.611000000000000000e+03
3.993000000000000000e+03
1.381000000000000000e+03
1.907000000000000000e+03
4.119000000000000000e+03
4.324000000000000000e+03
2.214000000000000000e+03
4.224000000000000000e+03
2.284000000000000000e+03
3.207000000000000000e+03
2.659000000000000000e+03
2.723000000000000000e+03
7.610000000000000000e+02
2.067000000000000000e+03
2.830000000000000000e+02
4.470000000000000000e+02
2.994000000000000000e+03
4.754000000000000000e+03
1.138000000000000000e+03
2.930000000000000000e+03
8.920000000000000000e+02
3.010000000000000000e+03
3.997000000000000000e+03
4.180000000000000000e+03
1.620000000000000000e+03
2.735000000000000000e+03
1.749000000000000000e+03
7.930000000000000000e+02
1.877000000000000000e+03
1.928000000000000000e+03
4.271000000000000000e+03
1.759000000000000000e+03
1.518000000000000000e+03
2.663000000000000000e+03
3.517000000000000000e+03
2.642000000000000000e+03
4.396000000000000000e+03
4.653000000000000000e+03
4.065000000000000000e+03
1.012000000000000000e+03
4.535000000000000000e+03
2.075000000000000000e+03
2.404000000000000000e+03
4.262000000000000000e+03
1.348000000000000000e+03
1.322000000000000000e+03
1.108000000000000000e+03
1.318000000000000000e+03
2.769000000000000000e+03
1.621000000000000000e+03
5.540000000000000000e+02
1.060000000000000000e+03
4.261000000000000000e+03
3.119000000000000000e+03
5.450000000000000000e+02
2.475000000000000000e+03
2.572000000000000000e+03
4.969000000000000000e+03
4.692000000000000000e+03
2.000000000000000000e+03
4.369000000000000000e+03
7.800000000000000000e+02
4.250000000000000000e+02
3.825000000000000000e+03
4.398000000000000000e+03
6.640000000000000000e+02
3.682000000000000000e+03
2.453000000000000000e+03
4.201000000000000000e+03
2.220000000000000000e+02
4.050000000000000000e+02
2.338000000000000000e+03
4.436000000000000000e+03
3.610000000000000000e+03
3.067000000000000000e+03
1.363000000000000000e+03
1.828000000000000000e+03
1.729000000000000000e+03
3.402000000000000000e+03
1.319000000000000000e+03
4.646000000000000000e+03
4.541000000000000000e+03
9.490000000000000000e+02
1.790000000000000000e+02
1.250000000000000000e+02
4.053000000000000000e+03
3.501000000000000000e+03
2.726000000000000000e+03
2.328000000000000000e+03
1.947000000000000000e+03
2.380000000000000000e+02
4.308000000000000000e+03
4.411000000000000000e+03
4.995000000000000000e+03
2.847000000000000000e+03
4.905000000000000000e+03
4.968000000000000000e+03
3.617000000000000000e+03
1.194000000000000000e+03
6.660000000000000000e+02
3.396000000000000000e+03
4.138000000000000000e+03
3.249000000000000000e+03
4.242000000000000000e+03
1.456000000000000000e+03
1.110000000000000000e+03
6.000000000000000000e+00
4.900000000000000000e+01
1.225000000000000000e+03
1.872000000000000000e+03
2.826000000000000000e+03
2.512000000000000000e+03
4.728000000000000000e+03
1.047000000000000000e+03
3.231000000000000000e+03
2.486000000000000000e+03
4.703000000000000000e+03
3.939000000000000000e+03
1.035000000000000000e+03
2.853000000000000000e+03
4.000000000000000000e+02
2.138000000000000000e+03
1.657000000000000000e+03
1.360000000000000000e+03
3.981000000000000000e+03
9.110000000000000000e+02
7.260000000000000000e+02
1.914000000000000000e+03
4.674000000000000000e+03
1.712000000000000000e+03
4.745000000000000000e+03
4.651000000000000000e+03
4.147000000000000000e+03
4.841000000000000000e+03
5.690000000000000000e+02
3.414000000000000000e+03
2.318000000000000000e+03
5.970000000000000000e+02
1.856000000000000000e+03
2.405000000000000000e+03
7.980000000000000000e+02
5.700000000000000000e+02
2.995000000000000000e+03
4.853000000000000000e+03
1.237000000000000000e+03
4.076000000000000000e+03
8.230000000000000000e+02
3.727000000000000000e+03
1.071000000000000000e+03
3.609000000000000000e+03
2.245000000000000000e+03
2.160000000000000000e+02
4.466000000000000000e+03
3.276000000000000000e+03
4.844000000000000000e+03
2.763000000000000000e+03
8.160000000000000000e+02
2.802000000000000000e+03
3.428000000000000000e+03
2.395000000000000000e+03
6.060000000000000000e+02
3.435000000000000000e+03
2.880000000000000000e+02
1.379000000000000000e+03
9.870000000000000000e+02
2.839000000000000000e+03
3.820000000000000000e+02
1.164000000000000000e+03
1.219000000000000000e+03
4.550000000000000000e+02
5.160000000000000000e+02
8.250000000000000000e+02
1.015000000000000000e+03
2.386000000000000000e+03
1.554000000000000000e+03
6.460000000000000000e+02
2.576000000000000000e+03
2.412000000000000000e+03
3.155000000000000000e+03
2.943000000000000000e+03
3.595000000000000000e+03
2.508000000000000000e+03
3.664000000000000000e+03
1.358000000000000000e+03
2.100000000000000000e+01
4.811000000000000000e+03
2.581000000000000000e+03
2.060000000000000000e+02
1.129000000000000000e+03
1.445000000000000000e+03
3.582000000000000000e+03
4.540000000000000000e+02
3.986000000000000000e+03
3.730000000000000000e+03
1.617000000000000000e+03
4.817000000000000000e+03
4.756000000000000000e+03
1.940000000000000000e+03
2.690000000000000000e+02
4.134000000000000000e+03
1.402000000000000000e+03
3.455000000000000000e+03
2.500000000000000000e+02
3.170000000000000000e+03
2.498000000000000000e+03
1.733000000000000000e+03
7.900000000000000000e+01
1.739000000000000000e+03
1.632000000000000000e+03
2.132000000000000000e+03
3.944000000000000000e+03
7.040000000000000000e+02
6.140000000000000000e+02
1.768000000000000000e+03
3.951000000000000000e+03
1.230000000000000000e+02
2.401000000000000000e+03
3.663000000000000000e+03
3.719000000000000000e+03
4.889000000000000000e+03
7.660000000000000000e+02
4.982000000000000000e+03
3.915000000000000000e+03
8.830000000000000000e+02
1.176000000000000000e+03
2.094000000000000000e+03
2.166000000000000000e+03
4.317000000000000000e+03
8.700000000000000000e+01
2.821000000000000000e+03
1.420000000000000000e+03
1.021000000000000000e+03
3.480000000000000000e+03
3.377000000000000000e+03
4.780000000000000000e+02
1.786000000000000000e+03
3.722000000000000000e+03
1.383000000000000000e+03
7.170000000000000000e+02
2.946000000000000000e+03
3.949000000000000000e+03
2.888000000000000000e+03
3.186000000000000000e+03
2.201000000000000000e+03
8.340000000000000000e+02
2.139000000000000000e+03
2.213000000000000000e+03
2.149000000000000000e+03
4.476000000000000000e+03
3.003000000000000000e+03
4.130000000000000000e+03
4.919000000000000000e+03
3.043000000000000000e+03
5.410000000000000000e+02
3.014000000000000000e+03
3.905000000000000000e+03
1.760000000000000000e+03
1.452000000000000000e+03
3.942000000000000000e+03
1.066000000000000000e+03
2.541000000000000000e+03
2.366000000000000000e+03
4.542000000000000000e+03
2.731000000000000000e+03
3.630000000000000000e+03
4.800000000000000000e+03
4.294000000000000000e+03
4.525000000000000000e+03
9.750000000000000000e+02
1.943000000000000000e+03
1.561000000000000000e+03
4.806000000000000000e+03
4.035000000000000000e+03
3.734000000000000000e+03
4.694000000000000000e+03
4.908000000000000000e+03
3.389000000000000000e+03
1.776000000000000000e+03
3.129000000000000000e+03
2.805000000000000000e+03
3.070000000000000000e+03
3.042000000000000000e+03
6.990000000000000000e+02
3.077000000000000000e+03
1.495000000000000000e+03
3.050000000000000000e+03
1.489000000000000000e+03
2.587000000000000000e+03
1.490000000000000000e+03
2.420000000000000000e+03
7.990000000000000000e+02
8.670000000000000000e+02
9.300000000000000000e+02
1.236000000000000000e+03
2.334000000000000000e+03
1.531000000000000000e+03
1.244000000000000000e+03
2.640000000000000000e+03
2.633000000000000000e+03
3.030000000000000000e+03
2.384000000000000000e+03
3.008000000000000000e+03
2.623000000000000000e+03
1.250000000000000000e+03
9.410000000000000000e+02
3.027000000000000000e+03
1.488000000000000000e+03
1.525000000000000000e+03
3.085000000000000000e+03
3.098000000000000000e+03
1.470000000000000000e+03
3.157000000000000000e+03
1.374000000000000000e+03
1.361000000000000000e+03
2.478000000000000000e+03
2.558000000000000000e+03
2.479000000000000000e+03
1.343000000000000000e+03
2.556000000000000000e+03
3.172000000000000000e+03
1.336000000000000000e+03
1.335000000000000000e+03
9.050000000000000000e+02
3.181000000000000000e+03
2.483000000000000000e+03
1.312000000000000000e+03
3.156000000000000000e+03
2.563000000000000000e+03
2.565000000000000000e+03
3.149000000000000000e+03
1.568000000000000000e+03
3.116000000000000000e+03
1.458000000000000000e+03
6.780000000000000000e+02
2.425000000000000000e+03
3.121000000000000000e+03
2.433000000000000000e+03
1.475000000000000000e+03
2.571000000000000000e+03
2.439000000000000000e+03
1.403000000000000000e+03
2.455000000000000000e+03
3.147000000000000000e+03
2.566000000000000000e+03
3.148000000000000000e+03
1.397000000000000000e+03
1.421000000000000000e+03
2.986000000000000000e+03
2.985000000000000000e+03
1.587000000000000000e+03
2.761000000000000000e+03
2.755000000000000000e+03
2.753000000000000000e+03
1.115000000000000000e+03
1.117000000000000000e+03
1.934000000000000000e+03
1.102000000000000000e+03
2.852000000000000000e+03
2.197000000000000000e+03
8.180000000000000000e+02
1.141000000000000000e+03
2.866000000000000000e+03
2.868000000000000000e+03
8.200000000000000000e+02
1.923000000000000000e+03
1.969000000000000000e+03
1.025000000000000000e+03
2.154000000000000000e+03
2.071000000000000000e+03
1.049000000000000000e+03
2.117000000000000000e+03
2.053000000000000000e+03
2.030000000000000000e+03
2.780000000000000000e+03
2.804000000000000000e+03
1.084000000000000000e+03
2.003000000000000000e+03
1.990000000000000000e+03
1.976000000000000000e+03
2.764000000000000000e+03
1.975000000000000000e+03
1.972000000000000000e+03
2.816000000000000000e+03
1.007000000000000000e+03
1.855000000000000000e+03
2.875000000000000000e+03
1.839000000000000000e+03
2.945000000000000000e+03
2.679000000000000000e+03
2.311000000000000000e+03
7.410000000000000000e+02
2.677000000000000000e+03
2.947000000000000000e+03
1.201000000000000000e+03
1.675000000000000000e+03
2.960000000000000000e+03
1.644000000000000000e+03
1.642000000000000000e+03
2.980000000000000000e+03
9.680000000000000000e+02
2.323000000000000000e+03
8.000000000000000000e+02
2.282000000000000000e+03
2.649000000000000000e+03
2.716000000000000000e+03
8.320000000000000000e+02
1.155000000000000000e+03
2.876000000000000000e+03
1.817000000000000000e+03
1.805000000000000000e+03
1.800000000000000000e+03
2.267000000000000000e+03
1.777000000000000000e+03
1.182000000000000000e+03
2.268000000000000000e+03
9.880000000000000000e+02
2.893000000000000000e+03
1.771000000000000000e+03
9.840000000000000000e+02
2.276000000000000000e+03
2.894000000000000000e+03
1.193000000000000000e+03
2.333000000000000000e+03
3.163000000000000000e+03
4.214000000000000000e+03
4.631000000000000000e+03
4.615000000000000000e+03
2.480000000000000000e+02
5.360000000000000000e+02
3.508000000000000000e+03
4.604000000000000000e+03
4.375000000000000000e+03
3.500000000000000000e+03
4.589000000000000000e+03
4.382000000000000000e+03
4.930000000000000000e+03
1.540000000000000000e+02
4.383000000000000000e+03
2.600000000000000000e+01
2.400000000000000000e+02
3.815000000000000000e+03
4.840000000000000000e+03
3.498000000000000000e+03
1.390000000000000000e+02
4.644000000000000000e+03
3.424000000000000000e+03
4.650000000000000000e+02
4.351000000000000000e+03
1.220000000000000000e+02
4.685000000000000000e+03
3.876000000000000000e+03
3.443000000000000000e+03
3.446000000000000000e+03
1.260000000000000000e+02
4.260000000000000000e+02
5.600000000000000000e+01
1.500000000000000000e+01
1.270000000000000000e+02
4.374000000000000000e+03
2.490000000000000000e+02
4.647000000000000000e+03
5.470000000000000000e+02
4.410000000000000000e+02
4.686000000000000000e+03
4.917000000000000000e+03
4.414000000000000000e+03
3.740000000000000000e+03
3.677000000000000000e+03
4.485000000000000000e+03
1.910000000000000000e+02
4.850000000000000000e+02
4.199000000000000000e+03
3.694000000000000000e+03
3.669000000000000000e+03
4.445000000000000000e+03
3.736000000000000000e+03
3.705000000000000000e+03
4.450000000000000000e+03
3.708000000000000000e+03
4.455000000000000000e+03
3.720000000000000000e+03
3.726000000000000000e+03
4.460000000000000000e+03
1.830000000000000000e+02
4.509000000000000000e+03
3.742000000000000000e+03
3.809000000000000000e+03
3.549000000000000000e+03
3.561000000000000000e+03
3.803000000000000000e+03
4.415000000000000000e+03
3.790000000000000000e+03
4.524000000000000000e+03
3.789000000000000000e+03
4.435000000000000000e+03
3.788000000000000000e+03
2.130000000000000000e+02
4.440000000000000000e+03
4.918000000000000000e+03
3.615000000000000000e+03
5.000000000000000000e+02
3.757000000000000000e+03
3.751000000000000000e+03
4.550000000000000000e+03
4.870000000000000000e+03
3.892000000000000000e+03
5.650000000000000000e+02
4.739000000000000000e+03
4.291000000000000000e+03
4.061000000000000000e+03
3.277000000000000000e+03
3.278000000000000000e+03
3.279000000000000000e+03
4.052000000000000000e+03
6.200000000000000000e+02
4.879000000000000000e+03
3.291000000000000000e+03
4.321000000000000000e+03
3.297000000000000000e+03
4.048000000000000000e+03
4.347000000000000000e+03
2.800000000000000000e+02
4.809000000000000000e+03
4.300000000000000000e+03
3.272000000000000000e+03
4.093000000000000000e+03
4.096000000000000000e+03
4.228000000000000000e+03
4.193000000000000000e+03
4.257000000000000000e+03
4.991000000000000000e+03
3.223000000000000000e+03
4.258000000000000000e+03
4.777000000000000000e+03
4.159000000000000000e+03
3.259000000000000000e+03
4.143000000000000000e+03
3.020000000000000000e+02
4.990000000000000000e+03
3.261000000000000000e+03
4.765000000000000000e+03
3.266000000000000000e+03
4.288000000000000000e+03
4.108000000000000000e+03
4.031000000000000000e+03
3.301000000000000000e+03
4.453000000000000000e+03
4.717000000000000000e+03
3.970000000000000000e+03
6.800000000000000000e+01
1.150000000000000000e+02
4.342000000000000000e+03
3.385000000000000000e+03
4.346000000000000000e+03
3.390000000000000000e+03
3.978000000000000000e+03
3.391000000000000000e+03
3.980000000000000000e+02
6.700000000000000000e+01
4.688000000000000000e+03
3.405000000000000000e+03
3.925000000000000000e+03
2.630000000000000000e+02
3.913000000000000000e+03
3.392000000000000000e+03
4.336000000000000000e+03
2.670000000000000000e+02
4.007000000000000000e+03
3.326000000000000000e+03
3.680000000000000000e+02
3.334000000000000000e+03
4.710000000000000000e+03
4.907000000000000000e+03
4.973000000000000000e+03
3.200000000000000000e+01
3.360000000000000000e+03
4.697000000000000000e+03
2.790000000000000000e+02
4.698000000000000000e+03
4.878000000000000000e+03
2.573000000000000000e+03
3.878000000000000000e+03
9.260000000000000000e+02
1.936000000000000000e+03
4.544000000000000000e+03
2.472000000000000000e+03
8.510000000000000000e+02
3.543000000000000000e+03
4.335000000000000000e+03
4.285000000000000000e+03
1.226000000000000000e+03
1.299000000000000000e+03
4.774000000000000000e+03
5.620000000000000000e+02
3.314000000000000000e+03
4.295000000000000000e+03
2.748000000000000000e+03
1.514000000000000000e+03
1.300000000000000000e+01
1.641000000000000000e+03
3.471000000000000000e+03
3.095000000000000000e+03
9.900000000000000000e+02
2.709000000000000000e+03
4.782000000000000000e+03
1.140000000000000000e+03
4.790000000000000000e+02
8.500000000000000000e+01
1.808000000000000000e+03
3.299000000000000000e+03
1.039000000000000000e+03
8.190000000000000000e+02
3.990000000000000000e+02
4.182000000000000000e+03
2.998000000000000000e+03
1.863000000000000000e+03
4.563000000000000000e+03
4.981000000000000000e+03
1.829000000000000000e+03
2.740000000000000000e+02
4.129000000000000000e+03
4.898000000000000000e+03
2.124000000000000000e+03
3.022000000000000000e+03
3.963000000000000000e+03
4.459000000000000000e+03
4.404000000000000000e+03
4.340000000000000000e+03
3.218000000000000000e+03
2.520000000000000000e+02
7.340000000000000000e+02
1.838000000000000000e+03
1.925000000000000000e+03
4.578000000000000000e+03
3.087000000000000000e+03
3.366000000000000000e+03
3.270000000000000000e+03
3.733000000000000000e+03
3.017000000000000000e+03
3.526000000000000000e+03
4.371000000000000000e+03
2.524000000000000000e+03
2.973000000000000000e+03
3.522000000000000000e+03
4.116000000000000000e+03
3.375000000000000000e+03
5.240000000000000000e+02
1.926000000000000000e+03
6.180000000000000000e+02
2.814000000000000000e+03
2.070000000000000000e+02
3.518000000000000000e+03
4.871000000000000000e+03
2.013000000000000000e+03
3.833000000000000000e+03
3.674000000000000000e+03
4.238000000000000000e+03
3.026000000000000000e+03
4.707000000000000000e+03
1.266000000000000000e+03
4.327000000000000000e+03
2.980000000000000000e+02
1.010000000000000000e+03
1.640000000000000000e+03
4.025000000000000000e+03
3.323000000000000000e+03
3.063000000000000000e+03
1.409000000000000000e+03
1.952000000000000000e+03
3.071000000000000000e+03
3.187000000000000000e+03
2.298000000000000000e+03
8.100000000000000000e+01
3.236000000000000000e+03
8.900000000000000000e+01
4.264000000000000000e+03
9.530000000000000000e+02
2.270000000000000000e+03
4.895000000000000000e+03
3.313000000000000000e+03
1.234000000000000000e+03
2.257000000000000000e+03
6.670000000000000000e+02
3.135000000000000000e+03
6.160000000000000000e+02
4.735000000000000000e+03
3.104000000000000000e+03
2.219000000000000000e+03
3.580000000000000000e+02
2.423000000000000000e+03
1.592000000000000000e+03
7.010000000000000000e+02
3.408000000000000000e+03
1.016000000000000000e+03
1.320000000000000000e+02
2.456000000000000000e+03
3.856000000000000000e+03
2.092000000000000000e+03
2.440000000000000000e+02
4.473000000000000000e+03
2.290000000000000000e+02
4.405000000000000000e+03
1.297000000000000000e+03
1.865000000000000000e+03
1.800000000000000000e+01
3.798000000000000000e+03
5.100000000000000000e+02
8.300000000000000000e+02
4.522000000000000000e+03
2.699000000000000000e+03
2.700000000000000000e+03
1.919000000000000000e+03
1.920000000000000000e+03
1.737000000000000000e+03
4.441000000000000000e+03
2.129000000000000000e+03
7.390000000000000000e+02
3.971000000000000000e+03
2.167000000000000000e+03
3.011000000000000000e+03
3.850000000000000000e+02
3.870000000000000000e+02
2.993000000000000000e+03
2.746000000000000000e+03
2.521000000000000000e+03
3.458000000000000000e+03
1.026000000000000000e+03
3.907000000000000000e+03
2.978000000000000000e+03
2.152000000000000000e+03
4.348000000000000000e+03
1.676000000000000000e+03
1.037000000000000000e+03
1.695000000000000000e+03
3.441000000000000000e+03
3.419000000000000000e+03
3.627000000000000000e+03
3.267000000000000000e+03
1.648000000000000000e+03
2.778000000000000000e+03
2.079000000000000000e+03
1.906000000000000000e+03
3.930000000000000000e+03
1.184000000000000000e+03
4.132000000000000000e+03
9.350000000000000000e+02
2.890000000000000000e+03
9.600000000000000000e+02
2.193000000000000000e+03
1.076000000000000000e+03
3.864000000000000000e+03
2.160000000000000000e+03
2.917000000000000000e+03
4.533000000000000000e+03
7.740000000000000000e+02
1.560000000000000000e+02
4.388000000000000000e+03
2.413000000000000000e+03
3.160000000000000000e+03
3.521000000000000000e+03
9.860000000000000000e+02
3.573000000000000000e+03
1.643000000000000000e+03
1.760000000000000000e+02
3.196000000000000000e+03
1.524000000000000000e+03
3.400000000000000000e+03
1.962000000000000000e+03
4.779000000000000000e+03
2.869000000000000000e+03
3.519000000000000000e+03
7.870000000000000000e+02
8.620000000000000000e+02
3.670000000000000000e+02
1.858000000000000000e+03
8.820000000000000000e+02
4.911000000000000000e+03
2.465000000000000000e+03
9.630000000000000000e+02
1.106000000000000000e+03
1.901000000000000000e+03
3.209000000000000000e+03
2.600000000000000000e+02
4.527000000000000000e+03
3.828000000000000000e+03
4.605000000000000000e+03
1.113000000000000000e+03
7.360000000000000000e+02
3.973000000000000000e+03
1.327000000000000000e+03
4.046000000000000000e+03
4.742000000000000000e+03
1.604000000000000000e+03
3.286000000000000000e+03
3.333000000000000000e+03
5.290000000000000000e+02
1.451000000000000000e+03
2.691000000000000000e+03
2.035000000000000000e+03
3.700000000000000000e+01
3.732000000000000000e+03
2.902000000000000000e+03
3.886000000000000000e+03
4.820000000000000000e+03
1.834000000000000000e+03
2.608000000000000000e+03
4.931000000000000000e+03
7.630000000000000000e+02
2.063000000000000000e+03
1.378000000000000000e+03
2.711000000000000000e+03
3.979000000000000000e+03
2.715000000000000000e+03
1.034000000000000000e+03
7.350000000000000000e+02
4.822000000000000000e+03
3.166000000000000000e+03
1.453000000000000000e+03
4.910000000000000000e+03
1.112000000000000000e+03
1.376000000000000000e+03
4.513000000000000000e+03
6.500000000000000000e+01
5.320000000000000000e+02
1.780000000000000000e+03
4.803000000000000000e+03
9.210000000000000000e+02
5.980000000000000000e+02
1.521000000000000000e+03
4.680000000000000000e+02
3.525000000000000000e+03
1.896000000000000000e+03
4.401000000000000000e+03
8.560000000000000000e+02
2.865000000000000000e+03
1.137000000000000000e+03
3.885000000000000000e+03
1.796000000000000000e+03
3.050000000000000000e+02
1.530000000000000000e+03
4.750000000000000000e+03
9.340000000000000000e+02
4.971000000000000000e+03
4.571000000000000000e+03
3.810000000000000000e+02
1.040000000000000000e+03
1.661000000000000000e+03
2.115000000000000000e+03
3.457000000000000000e+03
3.151000000000000000e+03
2.274000000000000000e+03
1.580000000000000000e+02
1.465000000000000000e+03
2.283000000000000000e+03
2.593000000000000000e+03
4.808000000000000000e+03
3.640000000000000000e+02
1.876000000000000000e+03
3.589000000000000000e+03
2.505000000000000000e+03
2.656000000000000000e+03
2.969000000000000000e+03
2.043000000000000000e+03
3.894000000000000000e+03
1.200000000000000000e+02
3.689000000000000000e+03
2.353000000000000000e+03
1.966000000000000000e+03
3.188000000000000000e+03
1.812000000000000000e+03
1.265000000000000000e+03
2.673000000000000000e+03
2.390000000000000000e+02
2.252000000000000000e+03
3.893000000000000000e+03
2.084000000000000000e+03
4.448000000000000000e+03
2.942000000000000000e+03
4.847000000000000000e+03
3.350000000000000000e+02
2.741000000000000000e+03
9.640000000000000000e+02
6.270000000000000000e+02
2.787000000000000000e+03
3.228000000000000000e+03
7.680000000000000000e+02
6.650000000000000000e+02
7.370000000000000000e+02
4.207000000000000000e+03
2.295000000000000000e+03
1.938000000000000000e+03
2.742000000000000000e+03
4.490000000000000000e+02
4.569000000000000000e+03
2.601000000000000000e+03
3.656000000000000000e+03
2.774000000000000000e+03
3.955000000000000000e+03
1.074000000000000000e+03
4.588000000000000000e+03
1.175000000000000000e+03
4.835000000000000000e+03
8.600000000000000000e+02
1.057000000000000000e+03
3.440000000000000000e+02
3.685000000000000000e+03
4.915000000000000000e+03
4.711000000000000000e+03
2.374000000000000000e+03
8.810000000000000000e+02
2.076000000000000000e+03
2.418000000000000000e+03
1.924000000000000000e+03
3.507000000000000000e+03
3.922000000000000000e+03
2.329000000000000000e+03
4.511000000000000000e+03
4.606000000000000000e+03
2.342000000000000000e+03
1.428000000000000000e+03
1.761000000000000000e+03
2.126000000000000000e+03
1.922000000000000000e+03
3.368000000000000000e+03
2.008000000000000000e+03
3.602000000000000000e+03
4.506000000000000000e+03
1.740000000000000000e+03
2.096000000000000000e+03
4.200000000000000000e+03
2.605000000000000000e+03
1.347000000000000000e+03
2.263000000000000000e+03
1.529000000000000000e+03
2.896000000000000000e+03
3.699000000000000000e+03
4.508000000000000000e+03
1.991000000000000000e+03
2.426000000000000000e+03
1.700000000000000000e+02
2.110000000000000000e+02
4.793000000000000000e+03
4.280000000000000000e+03
3.715000000000000000e+03
1.133000000000000000e+03
9.920000000000000000e+02
2.270000000000000000e+02
1.912000000000000000e+03
2.054000000000000000e+03
3.783000000000000000e+03
5.730000000000000000e+02
7.560000000000000000e+02
4.443000000000000000e+03
1.004000000000000000e+03
2.250000000000000000e+03
3.896000000000000000e+03
2.619000000000000000e+03
2.773000000000000000e+03
3.510000000000000000e+02
3.657000000000000000e+03
4.135000000000000000e+03
1.937000000000000000e+03
4.377000000000000000e+03
2.854000000000000000e+03
3.541000000000000000e+03
1.351000000000000000e+03
1.380000000000000000e+02
2.085000000000000000e+03
3.060000000000000000e+03
3.363000000000000000e+03
3.115000000000000000e+03
2.125000000000000000e+03
6.100000000000000000e+01
6.190000000000000000e+02
3.390000000000000000e+02
2.450000000000000000e+03
9.200000000000000000e+01
4.929000000000000000e+03
4.852000000000000000e+03
1.793000000000000000e+03
3.987000000000000000e+03
8.690000000000000000e+02
2.145000000000000000e+03
2.796000000000000000e+03
4.186000000000000000e+03
3.491000000000000000e+03
1.800000000000000000e+02
1.126000000000000000e+03
4.714000000000000000e+03
1.978000000000000000e+03
1.809000000000000000e+03
3.837000000000000000e+03
4.439000000000000000e+03
5.830000000000000000e+02
2.603000000000000000e+03
1.088000000000000000e+03
4.842000000000000000e+03
1.785000000000000000e+03
4.001000000000000000e+03
2.958000000000000000e+03
4.420000000000000000e+03
2.477000000000000000e+03
4.598000000000000000e+03
1.218000000000000000e+03
5.080000000000000000e+02
2.269000000000000000e+03
4.212000000000000000e+03
4.622000000000000000e+03
2.316000000000000000e+03
4.768000000000000000e+03
3.229000000000000000e+03
4.478000000000000000e+03
4.564000000000000000e+03
4.297000000000000000e+03
1.268000000000000000e+03
2.173000000000000000e+03
1.510000000000000000e+03
1.874000000000000000e+03
2.100000000000000000e+03
1.694000000000000000e+03
8.470000000000000000e+02
4.270000000000000000e+03
4.141000000000000000e+03
6.980000000000000000e+02
3.668000000000000000e+03
4.916000000000000000e+03
6.020000000000000000e+02
3.161000000000000000e+03
4.763000000000000000e+03
3.345000000000000000e+03
2.644000000000000000e+03
2.275000000000000000e+03
2.497000000000000000e+03
4.266000000000000000e+03
2.610000000000000000e+02
2.870000000000000000e+03
2.824000000000000000e+03
6.290000000000000000e+02
4.633000000000000000e+03
1.044000000000000000e+03
2.236000000000000000e+03
1.248000000000000000e+03
4.360000000000000000e+02
1.289000000000000000e+03
3.923000000000000000e+03
2.187000000000000000e+03
3.058000000000000000e+03
2.661000000000000000e+03
1.288000000000000000e+03
2.830000000000000000e+03
1.011000000000000000e+03
3.881000000000000000e+03
1.415000000000000000e+03
1.036000000000000000e+03
4.695000000000000000e+03
1.170000000000000000e+02
1.734000000000000000e+03
7.250000000000000000e+02
1.795000000000000000e+03
2.310000000000000000e+02
3.616000000000000000e+03
4.122000000000000000e+03
1.670000000000000000e+03
1.055000000000000000e+03
3.222000000000000000e+03
2.655000000000000000e+03
4.326000000000000000e+03
5.270000000000000000e+02
4.549000000000000000e+03
1.130000000000000000e+03
1.789000000000000000e+03
1.818000000000000000e+03
2.600000000000000000e+03
4.734000000000000000e+03
3.990000000000000000e+03
2.887000000000000000e+03
3.470000000000000000e+03
2.836000000000000000e+03
4.014000000000000000e+03
4.330000000000000000e+02
3.903000000000000000e+03
4.883000000000000000e+03
2.146000000000000000e+03
1.822000000000000000e+03
1.774000000000000000e+03
9.510000000000000000e+02
1.315000000000000000e+03
3.019000000000000000e+03
3.036000000000000000e+03
1.845000000000000000e+03
2.019000000000000000e+03
3.282000000000000000e+03
3.776000000000000000e+03
4.999000000000000000e+03
1.804000000000000000e+03
1.474000000000000000e+03
1.050000000000000000e+03
9.810000000000000000e+02
2.014000000000000000e+03
4.457000000000000000e+03
3.347000000000000000e+03
3.977000000000000000e+03
1.880000000000000000e+02
9.770000000000000000e+02
4.075000000000000000e+03
1.149000000000000000e+03
8.420000000000000000e+02
1.227000000000000000e+03
1.360000000000000000e+02
2.669000000000000000e+03
2.285000000000000000e+03
3.029000000000000000e+03
8.890000000000000000e+02
4.562000000000000000e+03
3.369000000000000000e+03
2.544000000000000000e+03
1.160000000000000000e+02
3.099000000000000000e+03
7.600000000000000000e+01
3.423000000000000000e+03
1.478000000000000000e+03
3.711000000000000000e+03
7.180000000000000000e+02
2.368000000000000000e+03
7.030000000000000000e+02
6.970000000000000000e+02
1.806000000000000000e+03
2.337000000000000000e+03
2.535000000000000000e+03
1.735000000000000000e+03
2.319000000000000000e+03
2.992000000000000000e+03
4.400000000000000000e+01
3.824000000000000000e+03
2.482000000000000000e+03
5.330000000000000000e+02
4.112000000000000000e+03
2.750000000000000000e+03
1.020000000000000000e+02
3.246000000000000000e+03
2.949000000000000000e+03
1.321000000000000000e+03
3.319000000000000000e+03
2.037000000000000000e+03
1.411000000000000000e+03
4.816000000000000000e+03
1.890000000000000000e+02
4.632000000000000000e+03
4.965000000000000000e+03
4.753000000000000000e+03
4.556000000000000000e+03
4.239000000000000000e+03
2.719000000000000000e+03
3.807000000000000000e+03
3.335000000000000000e+03
1.259000000000000000e+03
1.994000000000000000e+03
3.821000000000000000e+03
1.850000000000000000e+02
2.941000000000000000e+03
1.868000000000000000e+03
3.512000000000000000e+03
9.570000000000000000e+02
1.180000000000000000e+03
2.940000000000000000e+03
1.174000000000000000e+03
1.506000000000000000e+03
2.490000000000000000e+03
2.303000000000000000e+03
1.009000000000000000e+03
7.240000000000000000e+02
3.811000000000000000e+03
4.801000000000000000e+03
4.153000000000000000e+03
1.854000000000000000e+03
1.480000000000000000e+02
4.340000000000000000e+02
4.386000000000000000e+03
3.683000000000000000e+03
3.659000000000000000e+03
1.395000000000000000e+03
3.760000000000000000e+03
1.030000000000000000e+02
2.554000000000000000e+03
2.221000000000000000e+03
1.846000000000000000e+03
3.947000000000000000e+03
4.654000000000000000e+03
4.619000000000000000e+03
2.462000000000000000e+03
3.340000000000000000e+02
9.280000000000000000e+02
4.323000000000000000e+03
4.460000000000000000e+02
3.164000000000000000e+03
1.464000000000000000e+03
3.243000000000000000e+03
3.473000000000000000e+03
6.470000000000000000e+02
8.680000000000000000e+02
1.671000000000000000e+03
3.425000000000000000e+03
1.046000000000000000e+03
1.459000000000000000e+03
3.082000000000000000e+03
1.658000000000000000e+03
2.799000000000000000e+03
3.633000000000000000e+03
7.100000000000000000e+02
4.581000000000000000e+03
3.566000000000000000e+03
1.380000000000000000e+03
4.070000000000000000e+03
2.850000000000000000e+02
4.137000000000000000e+03
1.915000000000000000e+03
1.253000000000000000e+03
4.150000000000000000e+02
4.954000000000000000e+03
1.619000000000000000e+03
2.356000000000000000e+03
3.294000000000000000e+03
2.733000000000000000e+03
3.005000000000000000e+03
1.704000000000000000e+03
2.643000000000000000e+03
1.081000000000000000e+03
2.046000000000000000e+03
1.792000000000000000e+03
2.385000000000000000e+03
2.204000000000000000e+03
1.024000000000000000e+03
4.627000000000000000e+03
4.148000000000000000e+03
3.110000000000000000e+02
1.590000000000000000e+03
5.120000000000000000e+02
1.018000000000000000e+03
4.887000000000000000e+03
4.362000000000000000e+03
1.073000000000000000e+03
3.492000000000000000e+03
4.970000000000000000e+03
9.470000000000000000e+02
4.938000000000000000e+03
4.005000000000000000e+03
4.354000000000000000e+03
2.921000000000000000e+03
4.366000000000000000e+03
3.288000000000000000e+03
2.745000000000000000e+03
5.710000000000000000e+02
2.767000000000000000e+03
2.912000000000000000e+03
2.072000000000000000e+03
2.652000000000000000e+03
4.687000000000000000e+03
9.430000000000000000e+02
2.688000000000000000e+03
1.757000000000000000e+03
4.023000000000000000e+03
2.010000000000000000e+02
2.815000000000000000e+03
3.470000000000000000e+02
2.260000000000000000e+03
2.808000000000000000e+03
4.892000000000000000e+03
3.968000000000000000e+03
1.418000000000000000e+03
2.346000000000000000e+03
3.613000000000000000e+03
3.081000000000000000e+03
1.736000000000000000e+03
6.600000000000000000e+01
2.629000000000000000e+03
4.910000000000000000e+02
2.646000000000000000e+03
1.509000000000000000e+03
2.718000000000000000e+03
2.906000000000000000e+03
1.980000000000000000e+03
1.986000000000000000e+03
3.052000000000000000e+03
1.513000000000000000e+03
7.750000000000000000e+02
4.378000000000000000e+03
4.877000000000000000e+03
1.199000000000000000e+03
1.920000000000000000e+02
2.756000000000000000e+03
3.427000000000000000e+03
2.785000000000000000e+03
3.315000000000000000e+03
2.843000000000000000e+03
1.623000000000000000e+03
3.529000000000000000e+03
2.925000000000000000e+03
8.400000000000000000e+02
1.191000000000000000e+03
2.506000000000000000e+03
4.599000000000000000e+03
1.013000000000000000e+03
3.704000000000000000e+03
4.361000000000000000e+03
4.762000000000000000e+03
1.280000000000000000e+02
4.979000000000000000e+03
1.646000000000000000e+03
5.720000000000000000e+02
3.580000000000000000e+03
4.949000000000000000e+03
3.494000000000000000e+03
4.766000000000000000e+03
1.563000000000000000e+03
3.619000000000000000e+03
4.168000000000000000e+03
4.799000000000000000e+03
1.471000000000000000e+03
3.730000000000000000e+02
1.356000000000000000e+03
3.510000000000000000e+03
3.049000000000000000e+03
2.900000000000000000e+03
1.691000000000000000e+03
1.634000000000000000e+03
1.660000000000000000e+03
5.640000000000000000e+02
4.957000000000000000e+03
2.609000000000000000e+03
2.178000000000000000e+03
6.370000000000000000e+02
3.621000000000000000e+03
1.904000000000000000e+03
7.730000000000000000e+02
4.050000000000000000e+03
2.891000000000000000e+03
2.922000000000000000e+03
3.393000000000000000e+03
3.467000000000000000e+03
4.103000000000000000e+03
1.309000000000000000e+03
3.858000000000000000e+03
1.080000000000000000e+02
2.940000000000000000e+02
4.500000000000000000e+03
5.580000000000000000e+02
4.067000000000000000e+03
4.104000000000000000e+03
1.700000000000000000e+01
7.780000000000000000e+02
5.930000000000000000e+02
2.427000000000000000e+03
2.206000000000000000e+03
4.776000000000000000e+03
4.670000000000000000e+02
1.170000000000000000e+03
4.117000000000000000e+03
1.603000000000000000e+03
1.738000000000000000e+03
4.583000000000000000e+03
1.006000000000000000e+03
4.635000000000000000e+03
1.449000000000000000e+03
1.154000000000000000e+03
1.534000000000000000e+03
1.221000000000000000e+03
3.432000000000000000e+03
3.487000000000000000e+03
1.232000000000000000e+03
4.601000000000000000e+03
2.749000000000000000e+03
2.701000000000000000e+03
7.200000000000000000e+02
4.719000000000000000e+03
3.270000000000000000e+02
4.424000000000000000e+03
4.781000000000000000e+03
1.496000000000000000e+03
6.090000000000000000e+02
4.701000000000000000e+03
4.813000000000000000e+03
4.278000000000000000e+03
1.499000000000000000e+03
9.800000000000000000e+02
3.330000000000000000e+02
3.331000000000000000e+03
1.342000000000000000e+03
5.530000000000000000e+02
4.671000000000000000e+03
4.209000000000000000e+03
3.838000000000000000e+03
1.581000000000000000e+03
4.319000000000000000e+03
4.724000000000000000e+03
3.088000000000000000e+03
2.526000000000000000e+03
4.829000000000000000e+03
2.248000000000000000e+03
3.038000000000000000e+03
3.869000000000000000e+03
6.250000000000000000e+02
4.458000000000000000e+03
3.829000000000000000e+03
1.814000000000000000e+03
4.825000000000000000e+03
1.967000000000000000e+03
3.840000000000000000e+02
3.562000000000000000e+03
9.500000000000000000e+02
3.025000000000000000e+03
4.000000000000000000e+00
3.792000000000000000e+03
4.560000000000000000e+03
2.999000000000000000e+03
2.341000000000000000e+03
2.618000000000000000e+03
3.830000000000000000e+02
3.465000000000000000e+03
4.573000000000000000e+03
3.653000000000000000e+03
1.880000000000000000e+03
2.460000000000000000e+03
3.001000000000000000e+03
1.339000000000000000e+03
3.717000000000000000e+03
1.960000000000000000e+03
4.980000000000000000e+02
3.530000000000000000e+02
2.705000000000000000e+03
8.100000000000000000e+02
2.907000000000000000e+03
5.860000000000000000e+02
2.208000000000000000e+03
4.275000000000000000e+03
3.880000000000000000e+02
6.150000000000000000e+02
1.802000000000000000e+03
3.037000000000000000e+03
1.728000000000000000e+03
8.640000000000000000e+02
3.184000000000000000e+03
5.750000000000000000e+02
1.466000000000000000e+03
1.446000000000000000e+03
6.860000000000000000e+02
4.115000000000000000e+03
4.387000000000000000e+03
2.583000000000000000e+03
3.921000000000000000e+03
2.381000000000000000e+03
1.690000000000000000e+02
3.564000000000000000e+03
3.980000000000000000e+03
8.390000000000000000e+02
2.074000000000000000e+03
2.812000000000000000e+03
1.992000000000000000e+03
3.839000000000000000e+03
4.539000000000000000e+03
3.593000000000000000e+03
2.242000000000000000e+03
2.555000000000000000e+03
1.862000000000000000e+03
2.000000000000000000e+02
1.487000000000000000e+03
4.231000000000000000e+03
4.948000000000000000e+03
9.790000000000000000e+02
2.431000000000000000e+03
4.950000000000000000e+02
1.797000000000000000e+03
3.605000000000000000e+03
3.193000000000000000e+03
5.060000000000000000e+02
8.570000000000000000e+02
1.366000000000000000e+03
4.925000000000000000e+03
3.950000000000000000e+03
4.127000000000000000e+03
2.515000000000000000e+03
3.150000000000000000e+02
4.727000000000000000e+03
8.800000000000000000e+01
3.848000000000000000e+03
4.254000000000000000e+03
8.900000000000000000e+02
3.125000000000000000e+03
6.580000000000000000e+02
5.140000000000000000e+02
2.227000000000000000e+03
3.579000000000000000e+03
1.252000000000000000e+03
4.197000000000000000e+03
4.732000000000000000e+03
4.365000000000000000e+03
4.520000000000000000e+03
3.967000000000000000e+03
1.916000000000000000e+03
4.216000000000000000e+03
2.141000000000000000e+03
3.462000000000000000e+03
4.022000000000000000e+03
4.279000000000000000e+03
4.020000000000000000e+03
4.438000000000000000e+03
1.258000000000000000e+03
1.989000000000000000e+03
3.867000000000000000e+03
3.448000000000000000e+03
2.596000000000000000e+03
4.819000000000000000e+03
2.972000000000000000e+03
4.040000000000000000e+03
4.857000000000000000e+03
3.200000000000000000e+03
1.079000000000000000e+03
1.655000000000000000e+03
3.210000000000000000e+02
1.382000000000000000e+03
2.721000000000000000e+03
4.345000000000000000e+03
8.210000000000000000e+02
4.006000000000000000e+03
4.399000000000000000e+03
1.282000000000000000e+03
2.939000000000000000e+03
5.030000000000000000e+02
1.722000000000000000e+03
4.488000000000000000e+03
3.862000000000000000e+03
4.863000000000000000e+03
3.599000000000000000e+03
4.169000000000000000e+03
2.069000000000000000e+03
2.042000000000000000e+03
1.788000000000000000e+03
3.382000000000000000e+03
2.410000000000000000e+03
1.710000000000000000e+02
2.184000000000000000e+03
2.180000000000000000e+03
3.972000000000000000e+03
2.848000000000000000e+03
2.050000000000000000e+02
1.798000000000000000e+03
4.909000000000000000e+03
4.166000000000000000e+03
1.770000000000000000e+02
2.120000000000000000e+02
8.450000000000000000e+02
3.340000000000000000e+03
3.015000000000000000e+03
3.461000000000000000e+03
1.242000000000000000e+03
4.350000000000000000e+02
2.871000000000000000e+03
1.965000000000000000e+03
4.017000000000000000e+03
4.452000000000000000e+03
4.530000000000000000e+02
1.062000000000000000e+03
1.094000000000000000e+03
2.631000000000000000e+03
4.648000000000000000e+03
1.545000000000000000e+03
3.542000000000000000e+03
2.355000000000000000e+03
7.000000000000000000e+02
2.190000000000000000e+03
2.859000000000000000e+03
5.920000000000000000e+02
1.971000000000000000e+03
2.825000000000000000e+03
3.612000000000000000e+03
4.726000000000000000e+03
1.392000000000000000e+03
1.898000000000000000e+03
1.528000000000000000e+03
4.507000000000000000e+03
2.116000000000000000e+03
4.237000000000000000e+03
1.373000000000000000e+03
4.882000000000000000e+03
4.072000000000000000e+03
4.130000000000000000e+02
1.349000000000000000e+03
4.300000000000000000e+01
1.599000000000000000e+03
2.841000000000000000e+03
3.961000000000000000e+03
2.120000000000000000e+03
4.036000000000000000e+03
2.562000000000000000e+03
1.023000000000000000e+03
2.253000000000000000e+03
3.534000000000000000e+03
2.754000000000000000e+03
3.162000000000000000e+03
9.760000000000000000e+02
2.237000000000000000e+03
1.369000000000000000e+03
7.710000000000000000e+02
1.000000000000000000e+02
2.560000000000000000e+02
4.820000000000000000e+02
2.061000000000000000e+03
8.980000000000000000e+02
3.766000000000000000e+03
4.614000000000000000e+03
2.789000000000000000e+03
1.850000000000000000e+03
3.608000000000000000e+03
3.407000000000000000e+03
1.859000000000000000e+03
4.750000000000000000e+02
3.240000000000000000e+03
1.782000000000000000e+03
3.383000000000000000e+03
1.310000000000000000e+02
3.420000000000000000e+02
3.378000000000000000e+03
3.109000000000000000e+03
6.720000000000000000e+02
1.911000000000000000e+03
3.800000000000000000e+02
2.163000000000000000e+03
2.680000000000000000e+03
1.577000000000000000e+03
2.579000000000000000e+03
2.617000000000000000e+03
4.771000000000000000e+03
4.247000000000000000e+03
3.983000000000000000e+03
2.123000000000000000e+03
1.709000000000000000e+03
4.547000000000000000e+03
5.150000000000000000e+02
3.960000000000000000e+02
3.040000000000000000e+03
3.929000000000000000e+03
2.205000000000000000e+03
1.419000000000000000e+03
6.130000000000000000e+02
9.460000000000000000e+02
4.451000000000000000e+03
4.299000000000000000e+03
3.310000000000000000e+03
1.500000000000000000e+03
3.045000000000000000e+03
1.056000000000000000e+03
1.548000000000000000e+03
4.433000000000000000e+03
3.555000000000000000e+03
1.111000000000000000e+03
2.254000000000000000e+03
4.173000000000000000e+03
2.411000000000000000e+03
2.665000000000000000e+03
1.678000000000000000e+03
1.235000000000000000e+03
3.210000000000000000e+03
4.268000000000000000e+03
1.290000000000000000e+02
1.582000000000000000e+03
1.556000000000000000e+03
4.498000000000000000e+03
1.755000000000000000e+03
2.954000000000000000e+03
1.389000000000000000e+03
3.819000000000000000e+03
2.770000000000000000e+03
3.321000000000000000e+03
2.599000000000000000e+03
3.320000000000000000e+02
2.098000000000000000e+03
4.534000000000000000e+03
3.675000000000000000e+03
3.767000000000000000e+03
6.900000000000000000e+02
4.128000000000000000e+03
2.713000000000000000e+03
3.238000000000000000e+03
4.775000000000000000e+03
3.641000000000000000e+03
4.554000000000000000e+03
2.105000000000000000e+03
4.974000000000000000e+03
3.381000000000000000e+03
3.438000000000000000e+03
1.579000000000000000e+03
4.066000000000000000e+03
6.070000000000000000e+02
2.747000000000000000e+03
6.220000000000000000e+02
3.337000000000000000e+03
8.480000000000000000e+02
2.882000000000000000e+03
7.000000000000000000e+01
2.936000000000000000e+03
9.100000000000000000e+02
2.927000000000000000e+03
1.572000000000000000e+03
2.935000000000000000e+03
3.283000000000000000e+03
1.422000000000000000e+03
3.144000000000000000e+03
2.710000000000000000e+02
3.252000000000000000e+03
1.816000000000000000e+03
5.820000000000000000e+02
3.460000000000000000e+03
2.625000000000000000e+03
2.447000000000000000e+03
3.624000000000000000e+03
3.974000000000000000e+03
3.729000000000000000e+03
1.820000000000000000e+02
4.696000000000000000e+03
2.159000000000000000e+03
2.543000000000000000e+03
2.657000000000000000e+03
1.122000000000000000e+03
4.592000000000000000e+03
2.299000000000000000e+03
2.487000000000000000e+03
3.074000000000000000e+03
4.958000000000000000e+03
1.893000000000000000e+03
3.703000000000000000e+03
1.050000000000000000e+02
1.121000000000000000e+03
4.761000000000000000e+03
4.993000000000000000e+03
4.943000000000000000e+03
4.607000000000000000e+03
2.641000000000000000e+03
3.350000000000000000e+03
5.110000000000000000e+02
1.593000000000000000e+03
8.260000000000000000e+02
1.703000000000000000e+03
5.510000000000000000e+02
1.580000000000000000e+03
5.790000000000000000e+02
2.582000000000000000e+03
1.223000000000000000e+03
3.603000000000000000e+03
2.435000000000000000e+03
3.577000000000000000e+03
9.700000000000000000e+01
4.747000000000000000e+03
1.970000000000000000e+03
3.449000000000000000e+03
3.208000000000000000e+03
1.370000000000000000e+03
7.190000000000000000e+02
3.680000000000000000e+03
4.530000000000000000e+03
4.124000000000000000e+03
4.610000000000000000e+02
2.040000000000000000e+03
5.990000000000000000e+02
3.403000000000000000e+03
4.677000000000000000e+03
5.800000000000000000e+02
4.673000000000000000e+03
3.713000000000000000e+03
3.078000000000000000e+03
1.666000000000000000e+03
1.501000000000000000e+03
5.010000000000000000e+02
3.854000000000000000e+03
3.552000000000000000e+03
1.550000000000000000e+03
1.942000000000000000e+03
1.984000000000000000e+03
8.170000000000000000e+02
2.229000000000000000e+03
3.472000000000000000e+03
1.185000000000000000e+03
4.150000000000000000e+03
4.934000000000000000e+03
2.971000000000000000e+03
1.536000000000000000e+03
4.018000000000000000e+03
3.000000000000000000e+01
3.660000000000000000e+03
4.947000000000000000e+03
1.653000000000000000e+03
9.360000000000000000e+02
1.667000000000000000e+03
1.067000000000000000e+03
2.302000000000000000e+03
3.786000000000000000e+03
3.059000000000000000e+03
2.489000000000000000e+03
1.977000000000000000e+03
4.078000000000000000e+03
3.812000000000000000e+03
3.401000000000000000e+03
3.920000000000000000e+02
4.110000000000000000e+02
3.200000000000000000e+02
3.846000000000000000e+03
5.870000000000000000e+02
3.342000000000000000e+03
8.540000000000000000e+02
3.013000000000000000e+03
2.784000000000000000e+03
7.460000000000000000e+02
4.833000000000000000e+03
4.440000000000000000e+02
2.689000000000000000e+03
2.519000000000000000e+03
4.553000000000000000e+03
4.020000000000000000e+02
4.865000000000000000e+03
4.045000000000000000e+03
1.857000000000000000e+03
2.959000000000000000e+03
1.005000000000000000e+03
1.003000000000000000e+03
1.097000000000000000e+03
5.070000000000000000e+02
4.367000000000000000e+03
4.428000000000000000e+03
2.820000000000000000e+02
3.666000000000000000e+03
4.161000000000000000e+03
2.950000000000000000e+02
3.376000000000000000e+03
4.966000000000000000e+03
3.758000000000000000e+03
2.791000000000000000e+03
4.422000000000000000e+03
3.496000000000000000e+03
2.660000000000000000e+03
4.570000000000000000e+03
1.214000000000000000e+03
1.507000000000000000e+03
3.531000000000000000e+03
4.802000000000000000e+03
3.216000000000000000e+03
2.148000000000000000e+03
4.213000000000000000e+03
4.357000000000000000e+03
2.200000000000000000e+03
2.399000000000000000e+03
3.495000000000000000e+03
2.297000000000000000e+03
3.721000000000000000e+03
1.961000000000000000e+03
1.033000000000000000e+03
1.680000000000000000e+03
3.877000000000000000e+03
2.759000000000000000e+03
1.544000000000000000e+03
1.629000000000000000e+03
1.692000000000000000e+03
5.000000000000000000e+00
2.296000000000000000e+03
1.213000000000000000e+03
2.410000000000000000e+02
4.226000000000000000e+03
4.492000000000000000e+03
2.024000000000000000e+03
1.665000000000000000e+03
1.566000000000000000e+03
4.700000000000000000e+03
8.150000000000000000e+02
2.851000000000000000e+03
1.586000000000000000e+03
4.860000000000000000e+02
1.195000000000000000e+03
3.033000000000000000e+03
2.066000000000000000e+03
2.542000000000000000e+03
1.460000000000000000e+02
4.922000000000000000e+03
4.084000000000000000e+03
4.012000000000000000e+03
7.430000000000000000e+02
2.241000000000000000e+03
6.770000000000000000e+02
2.730000000000000000e+03
4.669000000000000000e+03
4.077000000000000000e+03
2.569000000000000000e+03
3.201000000000000000e+03
4.730000000000000000e+02
5.040000000000000000e+02
6.870000000000000000e+02
1.215000000000000000e+03
2.396000000000000000e+03
2.224000000000000000e+03
3.018000000000000000e+03
2.704000000000000000e+03
1.048000000000000000e+03
6.340000000000000000e+02
5.250000000000000000e+02
1.895000000000000000e+03
4.984000000000000000e+03
1.330000000000000000e+02
9.060000000000000000e+02
2.080000000000000000e+03
3.358000000000000000e+03
8.080000000000000000e+02
4.868000000000000000e+03
9.600000000000000000e+01
7.600000000000000000e+02
1.656000000000000000e+03
1.882000000000000000e+03
2.664000000000000000e+03
3.176000000000000000e+03
7.050000000000000000e+02
3.620000000000000000e+02
7.800000000000000000e+01
3.571000000000000000e+03
1.390000000000000000e+03
1.045000000000000000e+03
1.887000000000000000e+03
4.174000000000000000e+03
2.892000000000000000e+03
2.828000000000000000e+03
4.680000000000000000e+03
2.235000000000000000e+03
2.548000000000000000e+03
4.280000000000000000e+02
3.219000000000000000e+03
3.679000000000000000e+03
1.608000000000000000e+03
4.051000000000000000e+03
2.343000000000000000e+03
8.750000000000000000e+02
3.089000000000000000e+03
4.311000000000000000e+03
1.884000000000000000e+03
3.648000000000000000e+03
3.906000000000000000e+03
1.626000000000000000e+03
3.950000000000000000e+02
3.180000000000000000e+02
3.133000000000000000e+03
3.830000000000000000e+03
3.520000000000000000e+03
2.056000000000000000e+03
3.920000000000000000e+03
3.280000000000000000e+02
1.831000000000000000e+03
4.260000000000000000e+03
1.790000000000000000e+03
6.280000000000000000e+02
3.130000000000000000e+03
4.945000000000000000e+03
2.910000000000000000e+02
3.739000000000000000e+03
3.652000000000000000e+03
1.468000000000000000e+03
5.370000000000000000e+02
1.040000000000000000e+02
2.086000000000000000e+03
3.686000000000000000e+03
6.350000000000000000e+02
4.637000000000000000e+03
3.693000000000000000e+03
3.620000000000000000e+03
7.770000000000000000e+02
3.745000000000000000e+03
1.903000000000000000e+03
2.180000000000000000e+02
1.187000000000000000e+03
2.406000000000000000e+03
4.964000000000000000e+03
2.568000000000000000e+03
4.286000000000000000e+03
4.709000000000000000e+03
2.320000000000000000e+02
4.921000000000000000e+03
3.024000000000000000e+03
1.410000000000000000e+02
3.780000000000000000e+03
9.650000000000000000e+02
3.260000000000000000e+02
5.940000000000000000e+02
5.400000000000000000e+02
1.772000000000000000e+03
1.092000000000000000e+03
1.953000000000000000e+03
4.274000000000000000e+03
1.560000000000000000e+03
1.720000000000000000e+03
4.446000000000000000e+03
4.328000000000000000e+03
1.888000000000000000e+03
4.190000000000000000e+02
4.621000000000000000e+03
7.970000000000000000e+02
5.570000000000000000e+02
4.850000000000000000e+03
9.000000000000000000e+00
3.791000000000000000e+03
4.864000000000000000e+03
3.943000000000000000e+03
4.175000000000000000e+03
4.060000000000000000e+02
2.170000000000000000e+02
3.110000000000000000e+03
4.338000000000000000e+03
1.103000000000000000e+03
3.478000000000000000e+03
9.950000000000000000e+02
2.371000000000000000e+03
2.706000000000000000e+03
3.818000000000000000e+03
4.595000000000000000e+03
3.927000000000000000e+03
2.273000000000000000e+03
8.770000000000000000e+02
1.664000000000000000e+03
3.926000000000000000e+03
3.199000000000000000e+03
1.246000000000000000e+03
4.468000000000000000e+03
1.295000000000000000e+03
7.890000000000000000e+02
3.308000000000000000e+03
4.139000000000000000e+03
4.314000000000000000e+03
2.736000000000000000e+03
2.607000000000000000e+03
4.827000000000000000e+03
2.002000000000000000e+03
4.837000000000000000e+03
3.553000000000000000e+03
1.751000000000000000e+03
1.864000000000000000e+03
2.110000000000000000e+03
4.609000000000000000e+03
1.930000000000000000e+02
1.455000000000000000e+03
3.778000000000000000e+03
4.855000000000000000e+03
4.602000000000000000e+03
5.800000000000000000e+01
1.696000000000000000e+03
2.470000000000000000e+03
3.054000000000000000e+03
4.256000000000000000e+03
1.633000000000000000e+03
2.121000000000000000e+03
5.600000000000000000e+02
3.600000000000000000e+02
4.854000000000000000e+03
4.769000000000000000e+03
3.120000000000000000e+02
4.427000000000000000e+03
4.047000000000000000e+03
2.698000000000000000e+03
2.513000000000000000e+03
1.068000000000000000e+03
4.215000000000000000e+03
3.486000000000000000e+03
2.722000000000000000e+03
2.636000000000000000e+03
3.887000000000000000e+03
2.449000000000000000e+03
2.534000000000000000e+03
4.625000000000000000e+03
2.862000000000000000e+03
3.678000000000000000e+03
4.580000000000000000e+02
2.322000000000000000e+03
3.667000000000000000e+03
2.357000000000000000e+03
8.220000000000000000e+02
4.746000000000000000e+03
4.798000000000000000e+03
4.194000000000000000e+03
3.139000000000000000e+03
1.148000000000000000e+03
9.930000000000000000e+02
2.370000000000000000e+02
2.398000000000000000e+03
3.910000000000000000e+03
1.352000000000000000e+03
1.682000000000000000e+03
2.574000000000000000e+03
1.477000000000000000e+03
1.334000000000000000e+03
3.055000000000000000e+03
3.843000000000000000e+03
9.120000000000000000e+02
4.821000000000000000e+03
4.029000000000000000e+03
2.557000000000000000e+03
1.589000000000000000e+03
4.267000000000000000e+03
4.034000000000000000e+03
2.461000000000000000e+03
8.370000000000000000e+02
2.082000000000000000e+03
1.099000000000000000e+03
5.170000000000000000e+02
3.131000000000000000e+03
4.248000000000000000e+03
1.086000000000000000e+03
9.300000000000000000e+01
2.511000000000000000e+03
3.031000000000000000e+03
4.107000000000000000e+03
1.124000000000000000e+03
2.190000000000000000e+02
3.994000000000000000e+03
1.905000000000000000e+03
4.204000000000000000e+03
1.918000000000000000e+03
3.823000000000000000e+03
2.918000000000000000e+03
3.698000000000000000e+03
4.094000000000000000e+03
4.998000000000000000e+03
1.853000000000000000e+03
1.956000000000000000e+03
1.910000000000000000e+03
3.537000000000000000e+03
3.762000000000000000e+03
3.902000000000000000e+03
2.591000000000000000e+03
1.700000000000000000e+03
4.304000000000000000e+03
7.070000000000000000e+02
2.244000000000000000e+03
4.783000000000000000e+03
6.300000000000000000e+02
9.500000000000000000e+01
8.120000000000000000e+02
1.387000000000000000e+03
9.820000000000000000e+02
4.120000000000000000e+03
1.616000000000000000e+03
1.144000000000000000e+03
4.402000000000000000e+03
8.910000000000000000e+02
2.422000000000000000e+03
1.202000000000000000e+03
8.840000000000000000e+02
7.880000000000000000e+02
3.175000000000000000e+03
3.650000000000000000e+03
4.920000000000000000e+02
4.183000000000000000e+03
1.393000000000000000e+03
2.198000000000000000e+03
4.689000000000000000e+03
3.696000000000000000e+03
4.848000000000000000e+03
2.308000000000000000e+03
6.570000000000000000e+02
2.905000000000000000e+03
2.280000000000000000e+02
7.490000000000000000e+02
3.140000000000000000e+02
3.777000000000000000e+03
5.380000000000000000e+02
1.166000000000000000e+03
8.380000000000000000e+02
1.150000000000000000e+03
7.620000000000000000e+02
2.097000000000000000e+03
3.227000000000000000e+03
1.612000000000000000e+03
9.710000000000000000e+02
5.770000000000000000e+02
3.814000000000000000e+03
2.970000000000000000e+02
4.962000000000000000e+03
2.114000000000000000e+03
2.373000000000000000e+03
6.730000000000000000e+02
2.029000000000000000e+03
4.307000000000000000e+03
7.530000000000000000e+02
3.073000000000000000e+03
3.344000000000000000e+03
1.190000000000000000e+03
4.111000000000000000e+03
1.944000000000000000e+03
9.900000000000000000e+01
2.589000000000000000e+03
4.504000000000000000e+03
2.757000000000000000e+03
4.923000000000000000e+03
9.580000000000000000e+02
2.996000000000000000e+03
2.476000000000000000e+03
3.523000000000000000e+03
1.708000000000000000e+03
4.089000000000000000e+03
3.728000000000000000e+03
1.981000000000000000e+03
2.724000000000000000e+03
5.180000000000000000e+02
4.098000000000000000e+03
2.822000000000000000e+03
3.890000000000000000e+03
2.594000000000000000e+03
2.434000000000000000e+03
1.726000000000000000e+03
3.318000000000000000e+03
3.416000000000000000e+03
2.150000000000000000e+02
4.616000000000000000e+03
2.797000000000000000e+03
3.370000000000000000e+03
1.718000000000000000e+03
4.755000000000000000e+03
3.800000000000000000e+01
3.154000000000000000e+03
9.200000000000000000e+02
3.324000000000000000e+03
3.244000000000000000e+03
2.168000000000000000e+03
2.779000000000000000e+03
3.528000000000000000e+03
2.403000000000000000e+03
4.079000000000000000e+03
2.920000000000000000e+03
1.957000000000000000e+03
3.357000000000000000e+03
1.913000000000000000e+03
1.601000000000000000e+03
9.800000000000000000e+01
1.999000000000000000e+03
3.177000000000000000e+03
1.813000000000000000e+03
5.630000000000000000e+02
1.435000000000000000e+03
4.516000000000000000e+03
1.272000000000000000e+03
4.418000000000000000e+03
4.584000000000000000e+03
2.878000000000000000e+03
1.732000000000000000e+03
4.988000000000000000e+03
1.645000000000000000e+03
2.393000000000000000e+03
2.818000000000000000e+03
3.710000000000000000e+03
1.439000000000000000e+03
4.559000000000000000e+03
2.803000000000000000e+03
1.413000000000000000e+03
4.960000000000000000e+02
4.032000000000000000e+03
3.352000000000000000e+03
4.462000000000000000e+03
9.240000000000000000e+02
1.158000000000000000e+03
3.741000000000000000e+03
4.858000000000000000e+03
1.104000000000000000e+03
1.502000000000000000e+03
1.585000000000000000e+03
1.100000000000000000e+03
2.730000000000000000e+02
3.296000000000000000e+03
9.940000000000000000e+02
1.803000000000000000e+03
2.737000000000000000e+03
2.983000000000000000e+03
2.023000000000000000e+03
3.690000000000000000e+02
4.503000000000000000e+03
4.920000000000000000e+03
1.217000000000000000e+03
3.192000000000000000e+03
1.204000000000000000e+03
4.693000000000000000e+03
4.860000000000000000e+03
2.768000000000000000e+03
2.255000000000000000e+03
3.570000000000000000e+02
3.452000000000000000e+03
4.339000000000000000e+03
2.169000000000000000e+03
1.350000000000000000e+02
4.063000000000000000e+03
4.579000000000000000e+03
8.440000000000000000e+02
1.077000000000000000e+03
4.230000000000000000e+03
4.447000000000000000e+03
1.639000000000000000e+03
5.610000000000000000e+02
1.450000000000000000e+02
4.665000000000000000e+03
2.361000000000000000e+03
1.274000000000000000e+03
3.124000000000000000e+03
4.690000000000000000e+03
1.293000000000000000e+03
7.140000000000000000e+02
9.550000000000000000e+02
4.618000000000000000e+03
1.143000000000000000e+03
4.830000000000000000e+02
4.900000000000000000e+03
1.547000000000000000e+03
2.640000000000000000e+02
9.620000000000000000e+02
4.483000000000000000e+03
4.495000000000000000e+03
4.269000000000000000e+03
4.211000000000000000e+03
3.120000000000000000e+03
2.179000000000000000e+03
1.190000000000000000e+02
2.762000000000000000e+03
4.408000000000000000e+03
4.655000000000000000e+03
2.339000000000000000e+03
8.350000000000000000e+02
2.837000000000000000e+03
4.933000000000000000e+03
1.127000000000000000e+03
2.111000000000000000e+03
2.058000000000000000e+03
2.823000000000000000e+03
2.305000000000000000e+03
3.859000000000000000e+03
1.970000000000000000e+02
2.758000000000000000e+03
5.840000000000000000e+02
4.142000000000000000e+03
4.406000000000000000e+03
7.310000000000000000e+02
4.630000000000000000e+03
1.298000000000000000e+03
9.370000000000000000e+02
3.724000000000000000e+03
