3.356000000000000000e+03
2.034000000000000000e+03
1.357000000000000000e+03
1.338000000000000000e+03
4.666000000000000000e+03
4.786000000000000000e+03
3.743000000000000000e+03
1.892000000000000000e+03
2.853000000000000000e+03
1.520000000000000000e+02
2.087000000000000000e+03
6.700000000000000000e+02
3.825000000000000000e+03
2.674000000000000000e+03
1.034000000000000000e+03
1.578000000000000000e+03
2.538000000000000000e+03
2.009000000000000000e+03
4.332000000000000000e+03
2.099000000000000000e+03
4.577000000000000000e+03
2.678000000000000000e+03
1.000000000000000000e+00
2.200000000000000000e+02
6.010000000000000000e+02
3.775000000000000000e+03
1.719000000000000000e+03
1.715000000000000000e+03
3.969000000000000000e+03
3.281000000000000000e+03
3.111000000000000000e+03
2.480000000000000000e+02
4.832000000000000000e+03
4.205000000000000000e+03
2.454000000000000000e+03
4.656000000000000000e+03
4.134000000000000000e+03
1.744000000000000000e+03
2.495000000000000000e+03
7.990000000000000000e+02
2.567000000000000000e+03
4.507000000000000000e+03
3.784000000000000000e+03
1.447000000000000000e+03
5.650000000000000000e+02
4.185000000000000000e+03
2.304000000000000000e+03
2.780000000000000000e+02
1.065000000000000000e+03
4.300000000000000000e+03
4.660000000000000000e+02
3.351000000000000000e+03
2.239000000000000000e+03
3.904000000000000000e+03
3.536000000000000000e+03
1.675000000000000000e+03
3.924000000000000000e+03
1.698000000000000000e+03
4.978000000000000000e+03
9.520000000000000000e+02
4.287000000000000000e+03
3.938000000000000000e+03
8.270000000000000000e+02
3.628000000000000000e+03
3.371000000000000000e+03
3.185000000000000000e+03
3.697000000000000000e+03
1.791000000000000000e+03
2.847000000000000000e+03
4.700000000000000000e+01
2.510000000000000000e+02
3.662000000000000000e+03
4.432000000000000000e+03
3.860000000000000000e+02
2.344000000000000000e+03
3.891000000000000000e+03
1.505000000000000000e+03
1.831000000000000000e+03
7.510000000000000000e+02
3.206000000000000000e+03
3.308000000000000000e+03
1.537000000000000000e+03
4.897000000000000000e+03
2.409000000000000000e+03
4.393000000000000000e+03
4.544000000000000000e+03
3.496000000000000000e+03
6.240000000000000000e+02
2.615000000000000000e+03
3.514000000000000000e+03
4.800000000000000000e+03
3.082000000000000000e+03
7.270000000000000000e+02
3.354000000000000000e+03
4.340000000000000000e+02
1.886000000000000000e+03
3.049000000000000000e+03
4.528000000000000000e+03
2.890000000000000000e+02
1.803000000000000000e+03
2.759000000000000000e+03
3.487000000000000000e+03
4.706000000000000000e+03
3.673000000000000000e+03
5.340000000000000000e+02
4.119000000000000000e+03
1.048000000000000000e+03
8.600000000000000000e+02
4.890000000000000000e+03
3.270000000000000000e+02
4.092000000000000000e+03
4.488000000000000000e+03
3.993000000000000000e+03
2.342000000000000000e+03
4.248000000000000000e+03
1.870000000000000000e+02
3.961000000000000000e+03
5.300000000000000000e+01
2.645000000000000000e+03
2.962000000000000000e+03
1.318000000000000000e+03
2.781000000000000000e+03
4.041000000000000000e+03
3.870000000000000000e+03
1.869000000000000000e+03
2.000000000000000000e+00
4.989000000000000000e+03
3.512000000000000000e+03
3.661000000000000000e+03
2.641000000000000000e+03
1.219000000000000000e+03
2.610000000000000000e+02
4.513000000000000000e+03
4.731000000000000000e+03
1.868000000000000000e+03
2.046000000000000000e+03
2.050000000000000000e+02
4.527000000000000000e+03
4.090000000000000000e+03
3.864000000000000000e+03
8.040000000000000000e+02
2.127000000000000000e+03
2.554000000000000000e+03
5.120000000000000000e+02
4.519000000000000000e+03
3.734000000000000000e+03
1.376000000000000000e+03
1.787000000000000000e+03
2.330000000000000000e+02
2.900000000000000000e+03
2.033000000000000000e+03
3.363000000000000000e+03
3.944000000000000000e+03
3.375000000000000000e+03
4.898000000000000000e+03
2.769000000000000000e+03
3.508000000000000000e+03
4.765000000000000000e+03
2.311000000000000000e+03
4.396000000000000000e+03
3.925000000000000000e+03
1.047000000000000000e+03
3.200000000000000000e+01
3.627000000000000000e+03
1.182000000000000000e+03
2.425000000000000000e+03
3.579000000000000000e+03
7.350000000000000000e+02
1.458000000000000000e+03
2.440000000000000000e+03
2.334000000000000000e+03
1.740000000000000000e+03
5.760000000000000000e+02
4.398000000000000000e+03
4.100000000000000000e+03
1.736000000000000000e+03
1.494000000000000000e+03
2.994000000000000000e+03
3.174000000000000000e+03
3.237000000000000000e+03
2.562000000000000000e+03
3.900000000000000000e+01
4.570000000000000000e+02
4.941000000000000000e+03
3.080000000000000000e+02
2.550000000000000000e+02
6.680000000000000000e+02
6.350000000000000000e+02
4.743000000000000000e+03
1.449000000000000000e+03
2.126000000000000000e+03
1.680000000000000000e+03
4.635000000000000000e+03
4.689000000000000000e+03
4.640000000000000000e+02
4.278000000000000000e+03
1.880000000000000000e+03
3.670000000000000000e+03
1.760000000000000000e+03
4.920000000000000000e+03
3.848000000000000000e+03
3.369000000000000000e+03
3.696000000000000000e+03
3.210000000000000000e+02
2.690000000000000000e+03
4.650000000000000000e+03
4.580000000000000000e+02
1.650000000000000000e+02
3.426000000000000000e+03
2.048000000000000000e+03
1.224000000000000000e+03
1.333000000000000000e+03
1.306000000000000000e+03
2.953000000000000000e+03
4.220000000000000000e+03
1.091000000000000000e+03
1.043000000000000000e+03
2.990000000000000000e+03
4.940000000000000000e+02
2.402000000000000000e+03
3.435000000000000000e+03
3.867000000000000000e+03
2.626000000000000000e+03
4.501000000000000000e+03
3.509000000000000000e+03
2.478000000000000000e+03
4.261000000000000000e+03
4.364000000000000000e+03
1.531000000000000000e+03
1.910000000000000000e+02
3.132000000000000000e+03
3.322000000000000000e+03
2.556000000000000000e+03
1.662000000000000000e+03
3.771000000000000000e+03
2.417000000000000000e+03
3.112000000000000000e+03
1.750000000000000000e+02
4.469000000000000000e+03
2.575000000000000000e+03
3.598000000000000000e+03
7.040000000000000000e+02
3.989000000000000000e+03
3.937000000000000000e+03
2.241000000000000000e+03
2.385000000000000000e+03
4.450000000000000000e+02
3.093000000000000000e+03
7.180000000000000000e+02
4.530000000000000000e+02
3.733000000000000000e+03
3.270000000000000000e+03
7.170000000000000000e+02
1.176000000000000000e+03
4.489000000000000000e+03
2.217000000000000000e+03
4.722000000000000000e+03
1.684000000000000000e+03
2.980000000000000000e+02
4.192000000000000000e+03
2.942000000000000000e+03
4.044000000000000000e+03
1.154000000000000000e+03
2.758000000000000000e+03
7.800000000000000000e+01
4.420000000000000000e+03
4.555000000000000000e+03
1.106000000000000000e+03
2.907000000000000000e+03
3.736000000000000000e+03
4.060000000000000000e+02
1.890000000000000000e+03
2.923000000000000000e+03
2.160000000000000000e+02
3.480000000000000000e+02
3.819000000000000000e+03
3.612000000000000000e+03
3.883000000000000000e+03
1.646000000000000000e+03
4.307000000000000000e+03
2.116000000000000000e+03
2.983000000000000000e+03
2.255000000000000000e+03
9.930000000000000000e+02
4.328000000000000000e+03
1.501000000000000000e+03
2.729000000000000000e+03
2.705000000000000000e+03
2.697000000000000000e+03
2.635000000000000000e+03
3.329000000000000000e+03
1.557000000000000000e+03
1.057000000000000000e+03
3.582000000000000000e+03
2.133000000000000000e+03
3.709000000000000000e+03
1.052000000000000000e+03
4.104000000000000000e+03
1.810000000000000000e+02
5.600000000000000000e+01
1.584000000000000000e+03
4.888000000000000000e+03
1.921000000000000000e+03
3.113000000000000000e+03
1.054000000000000000e+03
4.930000000000000000e+03
1.394000000000000000e+03
3.985000000000000000e+03
6.000000000000000000e+02
1.416000000000000000e+03
4.100000000000000000e+02
3.326000000000000000e+03
2.372000000000000000e+03
3.467000000000000000e+03
1.238000000000000000e+03
9.100000000000000000e+02
2.199000000000000000e+03
4.771000000000000000e+03
4.965000000000000000e+03
1.170000000000000000e+03
2.055000000000000000e+03
4.256000000000000000e+03
3.910000000000000000e+02
2.971000000000000000e+03
2.879000000000000000e+03
9.880000000000000000e+02
9.650000000000000000e+02
2.936000000000000000e+03
3.902000000000000000e+03
7.530000000000000000e+02
1.898000000000000000e+03
4.500000000000000000e+03
3.830000000000000000e+03
1.556000000000000000e+03
2.660000000000000000e+03
2.836000000000000000e+03
4.795000000000000000e+03
4.447000000000000000e+03
4.533000000000000000e+03
3.762000000000000000e+03
4.582000000000000000e+03
4.570000000000000000e+03
2.560000000000000000e+03
2.591000000000000000e+03
1.694000000000000000e+03
2.422000000000000000e+03
2.145000000000000000e+03
1.947000000000000000e+03
3.316000000000000000e+03
1.308000000000000000e+03
8.000000000000000000e+01
2.394000000000000000e+03
7.370000000000000000e+02
5.050000000000000000e+02
3.428000000000000000e+03
2.535000000000000000e+03
2.643000000000000000e+03
7.950000000000000000e+02
3.196000000000000000e+03
3.068000000000000000e+03
8.460000000000000000e+02
2.596000000000000000e+03
1.185000000000000000e+03
1.945000000000000000e+03
3.188000000000000000e+03
1.778000000000000000e+03
2.778000000000000000e+03
2.776000000000000000e+03
1.843000000000000000e+03
4.015000000000000000e+03
1.681000000000000000e+03
4.496000000000000000e+03
3.779000000000000000e+03
3.592000000000000000e+03
1.169000000000000000e+03
2.672000000000000000e+03
3.976000000000000000e+03
7.860000000000000000e+02
4.793000000000000000e+03
4.620000000000000000e+02
2.174000000000000000e+03
2.271000000000000000e+03
6.060000000000000000e+02
3.410000000000000000e+03
6.290000000000000000e+02
1.907000000000000000e+03
2.399000000000000000e+03
3.309000000000000000e+03
8.550000000000000000e+02
3.722000000000000000e+03
1.724000000000000000e+03
4.859000000000000000e+03
1.792000000000000000e+03
1.982000000000000000e+03
2.380000000000000000e+02
2.019000000000000000e+03
1.568000000000000000e+03
4.999000000000000000e+03
4.871000000000000000e+03
4.296000000000000000e+03
4.844000000000000000e+03
1.050000000000000000e+03
4.448000000000000000e+03
3.708000000000000000e+03
3.939000000000000000e+03
2.727000000000000000e+03
2.112000000000000000e+03
4.703000000000000000e+03
2.405000000000000000e+03
6.380000000000000000e+02
3.463000000000000000e+03
3.360000000000000000e+03
2.893000000000000000e+03
2.512000000000000000e+03
2.470000000000000000e+02
3.754000000000000000e+03
1.817000000000000000e+03
3.122000000000000000e+03
4.116000000000000000e+03
2.777000000000000000e+03
2.656000000000000000e+03
3.109000000000000000e+03
4.525000000000000000e+03
2.297000000000000000e+03
1.790000000000000000e+02
3.651000000000000000e+03
6.720000000000000000e+02
9.490000000000000000e+02
5.880000000000000000e+02
3.459000000000000000e+03
2.621000000000000000e+03
3.141000000000000000e+03
9.350000000000000000e+02
2.549000000000000000e+03
7.230000000000000000e+02
2.403000000000000000e+03
4.550000000000000000e+02
5.320000000000000000e+02
3.211000000000000000e+03
3.774000000000000000e+03
4.232000000000000000e+03
8.930000000000000000e+02
1.486000000000000000e+03
2.200000000000000000e+03
4.140000000000000000e+03
3.390000000000000000e+02
2.147000000000000000e+03
4.033000000000000000e+03
1.301000000000000000e+03
3.394000000000000000e+03
3.678000000000000000e+03
6.980000000000000000e+02
9.570000000000000000e+02
8.890000000000000000e+02
4.880000000000000000e+03
2.941000000000000000e+03
2.358000000000000000e+03
5.950000000000000000e+02
4.466000000000000000e+03
2.789000000000000000e+03
2.795000000000000000e+03
1.086000000000000000e+03
1.834000000000000000e+03
2.824000000000000000e+03
1.099000000000000000e+03
2.124000000000000000e+03
4.699000000000000000e+03
1.862000000000000000e+03
1.861000000000000000e+03
4.606000000000000000e+03
4.966000000000000000e+03
1.491000000000000000e+03
4.230000000000000000e+02
1.599000000000000000e+03
3.652000000000000000e+03
3.350000000000000000e+02
2.680000000000000000e+03
2.935000000000000000e+03
1.572000000000000000e+03
1.786000000000000000e+03
2.748000000000000000e+03
2.435000000000000000e+03
3.565000000000000000e+03
2.462000000000000000e+03
4.727000000000000000e+03
2.006000000000000000e+03
3.570000000000000000e+03
9.580000000000000000e+02
3.310000000000000000e+03
4.700000000000000000e+02
2.967000000000000000e+03
4.095000000000000000e+03
3.038000000000000000e+03
4.740000000000000000e+03
2.534000000000000000e+03
3.752000000000000000e+03
3.480000000000000000e+03
4.668000000000000000e+03
2.975000000000000000e+03
1.716000000000000000e+03
1.924000000000000000e+03
3.432000000000000000e+03
2.188000000000000000e+03
1.062000000000000000e+03
7.700000000000000000e+01
4.985000000000000000e+03
2.501000000000000000e+03
4.049000000000000000e+03
3.633000000000000000e+03
1.405000000000000000e+03
3.666000000000000000e+03
8.500000000000000000e+02
3.659000000000000000e+03
4.105000000000000000e+03
1.344000000000000000e+03
1.121000000000000000e+03
6.860000000000000000e+02
1.235000000000000000e+03
4.567000000000000000e+03
2.310000000000000000e+02
4.050000000000000000e+02
4.623000000000000000e+03
4.734000000000000000e+03
4.329000000000000000e+03
3.646000000000000000e+03
2.972000000000000000e+03
2.085000000000000000e+03
1.388000000000000000e+03
2.104000000000000000e+03
2.906000000000000000e+03
2.747000000000000000e+03
1.180000000000000000e+03
2.158000000000000000e+03
2.687000000000000000e+03
1.680000000000000000e+02
2.701000000000000000e+03
3.337000000000000000e+03
5.080000000000000000e+02
1.619000000000000000e+03
5.190000000000000000e+02
2.584000000000000000e+03
1.094000000000000000e+03
1.940000000000000000e+03
2.787000000000000000e+03
4.076000000000000000e+03
1.402000000000000000e+03
3.788000000000000000e+03
3.346000000000000000e+03
3.816000000000000000e+03
2.390000000000000000e+02
3.116000000000000000e+03
1.617000000000000000e+03
4.841000000000000000e+03
3.065000000000000000e+03
4.918000000000000000e+03
4.901000000000000000e+03
1.483000000000000000e+03
4.425000000000000000e+03
4.729000000000000000e+03
1.614000000000000000e+03
2.132000000000000000e+03
4.103000000000000000e+03
4.775000000000000000e+03
1.660000000000000000e+03
1.925000000000000000e+03
8.480000000000000000e+02
3.840000000000000000e+02
2.796000000000000000e+03
6.390000000000000000e+02
4.186000000000000000e+03
4.000000000000000000e+03
6.490000000000000000e+02
1.960000000000000000e+03
4.882000000000000000e+03
4.461000000000000000e+03
3.404000000000000000e+03
3.180000000000000000e+02
3.990000000000000000e+02
3.692000000000000000e+03
1.028000000000000000e+03
3.820000000000000000e+02
4.477000000000000000e+03
1.620000000000000000e+02
4.173000000000000000e+03
3.245000000000000000e+03
3.358000000000000000e+03
2.163000000000000000e+03
3.595000000000000000e+03
8.900000000000000000e+01
3.166000000000000000e+03
4.861000000000000000e+03
1.965000000000000000e+03
3.905000000000000000e+03
2.996000000000000000e+03
2.990000000000000000e+02
2.791000000000000000e+03
1.373000000000000000e+03
1.056000000000000000e+03
3.187000000000000000e+03
4.576000000000000000e+03
3.920000000000000000e+03
3.888000000000000000e+03
3.703000000000000000e+03
3.296000000000000000e+03
1.335000000000000000e+03
6.340000000000000000e+02
2.207000000000000000e+03
4.868000000000000000e+03
6.770000000000000000e+02
9.100000000000000000e+01
4.090000000000000000e+02
1.696000000000000000e+03
1.640000000000000000e+03
3.881000000000000000e+03
4.096000000000000000e+03
2.002000000000000000e+03
6.300000000000000000e+02
6.570000000000000000e+02
1.919000000000000000e+03
2.848000000000000000e+03
3.811000000000000000e+03
3.807000000000000000e+03
2.690000000000000000e+02
3.759000000000000000e+03
4.709000000000000000e+03
4.367000000000000000e+03
1.130000000000000000e+02
4.747000000000000000e+03
2.148000000000000000e+03
4.739000000000000000e+03
3.491000000000000000e+03
2.418000000000000000e+03
1.092000000000000000e+03
3.423000000000000000e+03
4.350000000000000000e+02
1.478000000000000000e+03
1.887000000000000000e+03
3.558000000000000000e+03
2.111000000000000000e+03
2.029000000000000000e+03
3.135000000000000000e+03
1.809000000000000000e+03
8.470000000000000000e+02
7.190000000000000000e+02
1.906000000000000000e+03
2.269000000000000000e+03
2.699000000000000000e+03
1.755000000000000000e+03
4.446000000000000000e+03
7.130000000000000000e+02
2.023000000000000000e+03
2.691000000000000000e+03
1.265000000000000000e+03
4.900000000000000000e+03
2.206000000000000000e+03
1.805000000000000000e+03
2.487000000000000000e+03
3.039000000000000000e+03
3.129000000000000000e+03
2.749000000000000000e+03
4.950000000000000000e+02
3.210000000000000000e+03
9.600000000000000000e+01
4.069000000000000000e+03
2.373000000000000000e+03
1.880000000000000000e+02
2.671000000000000000e+03
2.609000000000000000e+03
1.482000000000000000e+03
3.745000000000000000e+03
1.161000000000000000e+03
2.989000000000000000e+03
3.744000000000000000e+03
1.309000000000000000e+03
5.800000000000000000e+02
4.181000000000000000e+03
4.160000000000000000e+02
4.780000000000000000e+03
1.131000000000000000e+03
1.128000000000000000e+03
2.209000000000000000e+03
2.638000000000000000e+03
3.148000000000000000e+03
2.807000000000000000e+03
3.303000000000000000e+03
3.948000000000000000e+03
4.740000000000000000e+02
8.850000000000000000e+02
2.934000000000000000e+03
1.210000000000000000e+02
4.509000000000000000e+03
3.079000000000000000e+03
3.090000000000000000e+03
2.436000000000000000e+03
4.803000000000000000e+03
4.522000000000000000e+03
3.305000000000000000e+03
2.634000000000000000e+03
2.631000000000000000e+03
6.530000000000000000e+02
2.281000000000000000e+03
3.908000000000000000e+03
4.118000000000000000e+03
2.547000000000000000e+03
8.280000000000000000e+02
3.507000000000000000e+03
4.607000000000000000e+03
3.674000000000000000e+03
3.449000000000000000e+03
1.148000000000000000e+03
2.386000000000000000e+03
2.497000000000000000e+03
5.520000000000000000e+02
1.743000000000000000e+03
2.920000000000000000e+02
1.283000000000000000e+03
3.016000000000000000e+03
3.021000000000000000e+03
4.274000000000000000e+03
1.341000000000000000e+03
3.250000000000000000e+03
2.088000000000000000e+03
2.383000000000000000e+03
4.260000000000000000e+03
1.060000000000000000e+02
1.462000000000000000e+03
3.232000000000000000e+03
6.300000000000000000e+01
2.453000000000000000e+03
4.910000000000000000e+03
3.468000000000000000e+03
1.353000000000000000e+03
3.229000000000000000e+03
1.580000000000000000e+02
6.270000000000000000e+02
2.070000000000000000e+03
4.730000000000000000e+02
7.500000000000000000e+01
2.015000000000000000e+03
4.648000000000000000e+03
3.027000000000000000e+03
4.585000000000000000e+03
4.027000000000000000e+03
4.038000000000000000e+03
1.424000000000000000e+03
4.399000000000000000e+03
1.672000000000000000e+03
2.079000000000000000e+03
1.857000000000000000e+03
4.968000000000000000e+03
2.486000000000000000e+03
2.282000000000000000e+03
4.654000000000000000e+03
2.516000000000000000e+03
1.270000000000000000e+03
3.427000000000000000e+03
5.110000000000000000e+02
1.730000000000000000e+02
4.080000000000000000e+03
2.603000000000000000e+03
4.829000000000000000e+03
3.653000000000000000e+03
1.119000000000000000e+03
1.728000000000000000e+03
3.748000000000000000e+03
4.497000000000000000e+03
2.840000000000000000e+02
2.751000000000000000e+03
4.353000000000000000e+03
2.715000000000000000e+03
2.920000000000000000e+03
4.827000000000000000e+03
3.975000000000000000e+03
1.392000000000000000e+03
2.560000000000000000e+02
4.755000000000000000e+03
1.582000000000000000e+03
1.772000000000000000e+03
8.440000000000000000e+02
1.593000000000000000e+03
2.511000000000000000e+03
1.763000000000000000e+03
9.370000000000000000e+02
4.783000000000000000e+03
1.369000000000000000e+03
1.616000000000000000e+03
2.072000000000000000e+03
1.973000000000000000e+03
3.877000000000000000e+03
4.852000000000000000e+03
2.607000000000000000e+03
2.490000000000000000e+03
1.550000000000000000e+03
4.237000000000000000e+03
1.190000000000000000e+02
2.449000000000000000e+03
2.339000000000000000e+03
2.031000000000000000e+03
5.620000000000000000e+02
4.018000000000000000e+03
4.962000000000000000e+03
2.489000000000000000e+03
5.510000000000000000e+02
1.500000000000000000e+03
4.922000000000000000e+03
4.929000000000000000e+03
1.411000000000000000e+03
3.534000000000000000e+03
1.077000000000000000e+03
1.818000000000000000e+03
1.330000000000000000e+02
1.110000000000000000e+02
1.146000000000000000e+03
3.017000000000000000e+03
2.410000000000000000e+03
3.640000000000000000e+02
2.521000000000000000e+03
4.643000000000000000e+03
4.815000000000000000e+03
4.150000000000000000e+03
2.456000000000000000e+03
2.912000000000000000e+03
2.242000000000000000e+03
2.970000000000000000e+02
3.378000000000000000e+03
1.485000000000000000e+03
3.656000000000000000e+03
1.499000000000000000e+03
2.719000000000000000e+03
3.996000000000000000e+03
3.958000000000000000e+03
1.391000000000000000e+03
3.699000000000000000e+03
5.000000000000000000e+01
3.914000000000000000e+03
2.987000000000000000e+03
5.920000000000000000e+02
2.173000000000000000e+03
3.675000000000000000e+03
4.097000000000000000e+03
1.510000000000000000e+03
2.100000000000000000e+03
7.240000000000000000e+02
1.461000000000000000e+03
4.040000000000000000e+03
2.602000000000000000e+03
6.480000000000000000e+02
4.873000000000000000e+03
3.516000000000000000e+03
4.061000000000000000e+03
1.836000000000000000e+03
7.000000000000000000e+01
1.122000000000000000e+03
6.370000000000000000e+02
5.790000000000000000e+02
1.075000000000000000e+03
3.980000000000000000e+03
4.581000000000000000e+03
1.385000000000000000e+03
2.066000000000000000e+03
4.860000000000000000e+02
1.904000000000000000e+03
1.647000000000000000e+03
3.382000000000000000e+03
1.134000000000000000e+03
3.400000000000000000e+01
3.366000000000000000e+03
3.268000000000000000e+03
1.315000000000000000e+03
1.595000000000000000e+03
2.892000000000000000e+03
6.940000000000000000e+02
3.298000000000000000e+03
4.203000000000000000e+03
3.860000000000000000e+03
3.650000000000000000e+02
2.842000000000000000e+03
3.740000000000000000e+02
5.100000000000000000e+01
4.429000000000000000e+03
3.373000000000000000e+03
2.118000000000000000e+03
7.570000000000000000e+02
2.662000000000000000e+03
2.568000000000000000e+03
1.258000000000000000e+03
4.541000000000000000e+03
2.012000000000000000e+03
2.308000000000000000e+03
4.720000000000000000e+02
4.019000000000000000e+03
4.974000000000000000e+03
3.584000000000000000e+03
9.790000000000000000e+02
3.521000000000000000e+03
7.320000000000000000e+02
1.010000000000000000e+02
4.083000000000000000e+03
4.764000000000000000e+03
2.227000000000000000e+03
3.761000000000000000e+03
1.663000000000000000e+03
3.789000000000000000e+03
2.886000000000000000e+03
4.342000000000000000e+03
1.489000000000000000e+03
4.804000000000000000e+03
4.633000000000000000e+03
4.636000000000000000e+03
3.067000000000000000e+03
2.220000000000000000e+03
9.980000000000000000e+02
7.580000000000000000e+02
2.303000000000000000e+03
2.320000000000000000e+02
4.986000000000000000e+03
2.614000000000000000e+03
1.448000000000000000e+03
2.637000000000000000e+03
1.748000000000000000e+03
2.123000000000000000e+03
2.829000000000000000e+03
4.195000000000000000e+03
3.682000000000000000e+03
3.909000000000000000e+03
6.890000000000000000e+02
2.152000000000000000e+03
1.870000000000000000e+03
1.865000000000000000e+03
1.856000000000000000e+03
1.430000000000000000e+03
3.622000000000000000e+03
3.098000000000000000e+03
4.347000000000000000e+03
1.470000000000000000e+03
9.840000000000000000e+02
4.281000000000000000e+03
1.490000000000000000e+03
3.757000000000000000e+03
2.030000000000000000e+03
3.614000000000000000e+03
3.231000000000000000e+03
1.771000000000000000e+03
4.289000000000000000e+03
1.359000000000000000e+03
1.250000000000000000e+03
2.384000000000000000e+03
2.995000000000000000e+03
3.981000000000000000e+03
1.063000000000000000e+03
3.918000000000000000e+03
1.049000000000000000e+03
1.976000000000000000e+03
3.669000000000000000e+03
4.147000000000000000e+03
1.117000000000000000e+03
3.030000000000000000e+03
9.010000000000000000e+02
5.200000000000000000e+02
8.670000000000000000e+02
4.537000000000000000e+03
4.651000000000000000e+03
2.800000000000000000e+01
4.640000000000000000e+03
4.591000000000000000e+03
4.853000000000000000e+03
4.760000000000000000e+03
2.600000000000000000e+01
4.453000000000000000e+03
2.240000000000000000e+02
4.485000000000000000e+03
4.973000000000000000e+03
4.550000000000000000e+03
3.750000000000000000e+02
8.860000000000000000e+02
1.960000000000000000e+02
4.000000000000000000e+02
4.658000000000000000e+03
2.597000000000000000e+03
4.556000000000000000e+03
4.993000000000000000e+03
2.004000000000000000e+03
5.200000000000000000e+01
3.293000000000000000e+03
1.030000000000000000e+03
6.320000000000000000e+02
1.427000000000000000e+03
4.627000000000000000e+03
3.827000000000000000e+03
4.700000000000000000e+03
2.894000000000000000e+03
3.556000000000000000e+03
1.404000000000000000e+03
1.872000000000000000e+03
1.592000000000000000e+03
1.055000000000000000e+03
4.680000000000000000e+03
3.923000000000000000e+03
4.932000000000000000e+03
3.251000000000000000e+03
3.810000000000000000e+03
7.300000000000000000e+01
3.800000000000000000e+03
4.460000000000000000e+02
4.089000000000000000e+03
3.024000000000000000e+03
1.393000000000000000e+03
3.314000000000000000e+03
2.578000000000000000e+03
4.847000000000000000e+03
1.081000000000000000e+03
1.784000000000000000e+03
3.384000000000000000e+03
8.260000000000000000e+02
7.490000000000000000e+02
1.959000000000000000e+03
2.954000000000000000e+03
4.130000000000000000e+02
1.202000000000000000e+03
4.072000000000000000e+03
2.299000000000000000e+03
1.000000000000000000e+01
4.022000000000000000e+03
4.300000000000000000e+02
3.767000000000000000e+03
2.870000000000000000e+02
2.070000000000000000e+02
3.715000000000000000e+03
1.912000000000000000e+03
2.396000000000000000e+03
3.150000000000000000e+03
2.249000000000000000e+03
4.919000000000000000e+03
3.542000000000000000e+03
4.948000000000000000e+03
3.520000000000000000e+03
1.913000000000000000e+03
2.121000000000000000e+03
1.326000000000000000e+03
3.088000000000000000e+03
3.465000000000000000e+03
4.070000000000000000e+03
7.730000000000000000e+02
1.863000000000000000e+03
1.767000000000000000e+03
2.955000000000000000e+03
4.280000000000000000e+03
8.070000000000000000e+02
2.319000000000000000e+03
4.573000000000000000e+03
1.003000000000000000e+03
4.720000000000000000e+03
4.561000000000000000e+03
3.500000000000000000e+01
4.343000000000000000e+03
4.452000000000000000e+03
4.756000000000000000e+03
4.137000000000000000e+03
2.014000000000000000e+03
4.345000000000000000e+03
2.721000000000000000e+03
1.560000000000000000e+03
8.210000000000000000e+02
2.658000000000000000e+03
2.187000000000000000e+03
1.268000000000000000e+03
2.204000000000000000e+03
3.953000000000000000e+03
1.600000000000000000e+03
4.478000000000000000e+03
3.062000000000000000e+03
4.239000000000000000e+03
4.430000000000000000e+02
3.619000000000000000e+03
3.557000000000000000e+03
1.650000000000000000e+03
4.006000000000000000e+03
2.181000000000000000e+03
1.380000000000000000e+03
4.034000000000000000e+03
4.100000000000000000e+01
1.110000000000000000e+03
4.451000000000000000e+03
2.812000000000000000e+03
1.103000000000000000e+03
4.939000000000000000e+03
2.784000000000000000e+03
1.173000000000000000e+03
4.153000000000000000e+03
1.194000000000000000e+03
2.833000000000000000e+03
1.225000000000000000e+03
4.164000000000000000e+03
1.607000000000000000e+03
1.453000000000000000e+03
2.477000000000000000e+03
2.431000000000000000e+03
5.170000000000000000e+02
5.070000000000000000e+02
3.440000000000000000e+03
4.677000000000000000e+03
4.694000000000000000e+03
3.470000000000000000e+03
2.345000000000000000e+03
4.330000000000000000e+02
2.337000000000000000e+03
2.149000000000000000e+03
3.593000000000000000e+03
2.180000000000000000e+03
3.571000000000000000e+03
2.494000000000000000e+03
2.440000000000000000e+02
5.860000000000000000e+02
3.284000000000000000e+03
4.036000000000000000e+03
4.907000000000000000e+03
4.979000000000000000e+03
7.440000000000000000e+02
4.012000000000000000e+03
1.640000000000000000e+02
4.883000000000000000e+03
2.370000000000000000e+02
1.139000000000000000e+03
1.710000000000000000e+02
6.870000000000000000e+02
1.638000000000000000e+03
6.800000000000000000e+02
1.890000000000000000e+02
1.708000000000000000e+03
4.890000000000000000e+02
1.479000000000000000e+03
3.311000000000000000e+03
4.540000000000000000e+02
9.060000000000000000e+02
3.538000000000000000e+03
1.083000000000000000e+03
2.119000000000000000e+03
4.504000000000000000e+03
1.884000000000000000e+03
2.114000000000000000e+03
2.594000000000000000e+03
4.933000000000000000e+03
5.770000000000000000e+02
2.582000000000000000e+03
3.077000000000000000e+03
2.138000000000000000e+03
4.681000000000000000e+03
3.023000000000000000e+03
4.211000000000000000e+03
1.726000000000000000e+03
2.943000000000000000e+03
7.890000000000000000e+02
8.240000000000000000e+02
2.229000000000000000e+03
1.252000000000000000e+03
4.822000000000000000e+03
4.227000000000000000e+03
2.854000000000000000e+03
7.800000000000000000e+02
1.657000000000000000e+03
5.990000000000000000e+02
1.130000000000000000e+03
4.761000000000000000e+03
1.548000000000000000e+03
5.270000000000000000e+02
1.970000000000000000e+03
4.802000000000000000e+03
1.204000000000000000e+03
7.660000000000000000e+02
4.084000000000000000e+03
2.762000000000000000e+03
5.610000000000000000e+02
3.758000000000000000e+03
2.750000000000000000e+02
1.274000000000000000e+03
4.776000000000000000e+03
3.698000000000000000e+03
2.543000000000000000e+03
3.910000000000000000e+03
4.311000000000000000e+03
2.823000000000000000e+03
4.483000000000000000e+03
3.679000000000000000e+03
4.051000000000000000e+03
1.127000000000000000e+03
2.058000000000000000e+03
9.940000000000000000e+02
1.577000000000000000e+03
1.187000000000000000e+03
3.528000000000000000e+03
3.553000000000000000e+03
1.100000000000000000e+01
1.629000000000000000e+03
3.962000000000000000e+03
3.020000000000000000e+03
2.756000000000000000e+03
2.688000000000000000e+03
3.348000000000000000e+03
6.280000000000000000e+02
2.728000000000000000e+03
1.653000000000000000e+03
3.880000000000000000e+02
2.493000000000000000e+03
3.974000000000000000e+03
2.318000000000000000e+03
1.512000000000000000e+03
7.590000000000000000e+02
3.102000000000000000e+03
3.414000000000000000e+03
4.564000000000000000e+03
2.248000000000000000e+03
3.523000000000000000e+03
2.179000000000000000e+03
1.070000000000000000e+03
1.282000000000000000e+03
2.617000000000000000e+03
1.349000000000000000e+03
4.017000000000000000e+03
2.171000000000000000e+03
9.610000000000000000e+02
1.257000000000000000e+03
3.007000000000000000e+03
3.013000000000000000e+03
7.970000000000000000e+02
3.091000000000000000e+03
3.931000000000000000e+03
2.105000000000000000e+03
3.543000000000000000e+03
1.226000000000000000e+03
2.740000000000000000e+02
5.980000000000000000e+02
1.560000000000000000e+02
1.588000000000000000e+03
1.502000000000000000e+03
1.263000000000000000e+03
5.660000000000000000e+02
1.143000000000000000e+03
4.995000000000000000e+03
1.100000000000000000e+03
1.768000000000000000e+03
1.487000000000000000e+03
2.657000000000000000e+03
2.555000000000000000e+03
4.930000000000000000e+02
3.246000000000000000e+03
1.020000000000000000e+02
3.438000000000000000e+03
4.928000000000000000e+03
3.721000000000000000e+03
1.711000000000000000e+03
1.586000000000000000e+03
4.148000000000000000e+03
3.641000000000000000e+03
1.722000000000000000e+03
4.063000000000000000e+03
3.486000000000000000e+03
1.734000000000000000e+03
2.810000000000000000e+03
3.176000000000000000e+03
2.605000000000000000e+03
2.664000000000000000e+03
1.648000000000000000e+03
1.822000000000000000e+03
1.097000000000000000e+03
5.700000000000000000e+02
1.928000000000000000e+03
2.574000000000000000e+03
4.381000000000000000e+03
3.199000000000000000e+03
4.865000000000000000e+03
7.000000000000000000e+02
1.352000000000000000e+03
1.334000000000000000e+03
8.390000000000000000e+02
1.733000000000000000e+03
2.236000000000000000e+03
3.403000000000000000e+03
3.839000000000000000e+03
1.380000000000000000e+02
1.585000000000000000e+03
5.680000000000000000e+02
1.195000000000000000e+03
4.372000000000000000e+03
1.076000000000000000e+03
4.357000000000000000e+03
2.225000000000000000e+03
1.026000000000000000e+03
3.120000000000000000e+03
4.998000000000000000e+03
4.821000000000000000e+03
1.864000000000000000e+03
1.174000000000000000e+03
3.739000000000000000e+03
3.130000000000000000e+03
4.887000000000000000e+03
3.110000000000000000e+03
3.863000000000000000e+03
4.338000000000000000e+03
4.020000000000000000e+03
3.800000000000000000e+01
2.737000000000000000e+03
3.728000000000000000e+03
9.400000000000000000e+01
5.330000000000000000e+02
2.275000000000000000e+03
3.805000000000000000e+03
4.355000000000000000e+03
4.910000000000000000e+02
2.629000000000000000e+03
3.552000000000000000e+03
3.599000000000000000e+03
1.295000000000000000e+03
3.832000000000000000e+03
4.055000000000000000e+03
2.965000000000000000e+03
7.430000000000000000e+02
1.850000000000000000e+03
3.078000000000000000e+03
7.920000000000000000e+02
2.211000000000000000e+03
2.763000000000000000e+03
3.935000000000000000e+03
2.065000000000000000e+03
2.704000000000000000e+03
2.357000000000000000e+03
1.144000000000000000e+03
1.203000000000000000e+03
2.279000000000000000e+03
1.970000000000000000e+02
4.838000000000000000e+03
4.427000000000000000e+03
1.600000000000000000e+01
3.610000000000000000e+03
2.482000000000000000e+03
3.605000000000000000e+03
4.418000000000000000e+03
3.479000000000000000e+03
1.895000000000000000e+03
2.162000000000000000e+03
4.595000000000000000e+03
2.882000000000000000e+03
4.001000000000000000e+03
9.420000000000000000e+02
1.395000000000000000e+03
4.580000000000000000e+03
3.657000000000000000e+03
3.317000000000000000e+03
4.801000000000000000e+03
3.843000000000000000e+03
1.971000000000000000e+03
3.222000000000000000e+03
2.825000000000000000e+03
3.099000000000000000e+03
3.177000000000000000e+03
1.039000000000000000e+03
5.750000000000000000e+02
2.968000000000000000e+03
3.267000000000000000e+03
3.031000000000000000e+03
8.750000000000000000e+02
4.458000000000000000e+03
3.690000000000000000e+02
1.853000000000000000e+03
1.439000000000000000e+03
1.732000000000000000e+03
1.700000000000000000e+03
1.015000000000000000e+03
3.676000000000000000e+03
2.169000000000000000e+03
1.751000000000000000e+03
2.646000000000000000e+03
2.283000000000000000e+03
1.633000000000000000e+03
4.701000000000000000e+03
2.730000000000000000e+02
3.850000000000000000e+03
8.370000000000000000e+02
1.157000000000000000e+03
3.108000000000000000e+03
3.896000000000000000e+03
5.640000000000000000e+02
1.071000000000000000e+03
8.540000000000000000e+02
4.304000000000000000e+03
4.226000000000000000e+03
4.920000000000000000e+02
1.451000000000000000e+03
1.035000000000000000e+03
1.720000000000000000e+02
4.987000000000000000e+03
4.900000000000000000e+01
4.991000000000000000e+03
4.745000000000000000e+03
3.561000000000000000e+03
4.753000000000000000e+03
1.958000000000000000e+03
1.536000000000000000e+03
2.553000000000000000e+03
1.796000000000000000e+03
2.427000000000000000e+03
2.600000000000000000e+03
1.994000000000000000e+03
2.036000000000000000e+03
4.168000000000000000e+03
2.774000000000000000e+03
3.693000000000000000e+03
1.217000000000000000e+03
2.141000000000000000e+03
1.390000000000000000e+03
1.942000000000000000e+03
2.862000000000000000e+03
1.989000000000000000e+03
6.230000000000000000e+02
7.060000000000000000e+02
1.381000000000000000e+03
1.720000000000000000e+03
1.670000000000000000e+03
1.534000000000000000e+03
4.746000000000000000e+03
1.327000000000000000e+03
1.692000000000000000e+03
3.456000000000000000e+03
4.437000000000000000e+03
1.031000000000000000e+03
1.838000000000000000e+03
2.037000000000000000e+03
9.800000000000000000e+02
4.988000000000000000e+03
2.361000000000000000e+03
4.863000000000000000e+03
4.094000000000000000e+03
4.597000000000000000e+03
3.890000000000000000e+03
3.747000000000000000e+03
4.275000000000000000e+03
3.208000000000000000e+03
3.420000000000000000e+02
3.724000000000000000e+03
3.342000000000000000e+03
4.738000000000000000e+03
7.360000000000000000e+02
4.468000000000000000e+03
3.320000000000000000e+03
1.625000000000000000e+03
2.335000000000000000e+03
8.980000000000000000e+02
1.762000000000000000e+03
2.316000000000000000e+03
4.045000000000000000e+03
1.612000000000000000e+03
3.280000000000000000e+02
4.269000000000000000e+03
2.371000000000000000e+03
1.797000000000000000e+03
1.911000000000000000e+03
3.151000000000000000e+03
1.132000000000000000e+03
1.066000000000000000e+03
2.185000000000000000e+03
3.577000000000000000e+03
1.961000000000000000e+03
4.182000000000000000e+03
1.382000000000000000e+03
2.476000000000000000e+03
5.630000000000000000e+02
4.943000000000000000e+03
4.691000000000000000e+03
2.513000000000000000e+03
3.416000000000000000e+03
2.828000000000000000e+03
2.905000000000000000e+03
4.174000000000000000e+03
2.074000000000000000e+03
2.542000000000000000e+03
1.823000000000000000e+03
2.865000000000000000e+03
3.608000000000000000e+03
2.925000000000000000e+03
1.977000000000000000e+03
4.938000000000000000e+03
4.970000000000000000e+03
1.914000000000000000e+03
4.944000000000000000e+03
4.603000000000000000e+03
2.519000000000000000e+03
2.080000000000000000e+03
3.525000000000000000e+03
3.760000000000000000e+03
1.246000000000000000e+03
4.674000000000000000e+03
3.443000000000000000e+03
3.600000000000000000e+02
5.840000000000000000e+02
4.855000000000000000e+03
4.495000000000000000e+03
2.086000000000000000e+03
8.840000000000000000e+02
2.718000000000000000e+03
4.209000000000000000e+03
2.731000000000000000e+03
3.949000000000000000e+03
3.920000000000000000e+02
3.324000000000000000e+03
3.603000000000000000e+03
9.460000000000000000e+02
3.926000000000000000e+03
1.639000000000000000e+03
1.544000000000000000e+03
1.601000000000000000e+03
2.589000000000000000e+03
3.943000000000000000e+03
9.550000000000000000e+02
3.318000000000000000e+03
3.471000000000000000e+03
3.750000000000000000e+03
1.918000000000000000e+03
3.154000000000000000e+03
4.390000000000000000e+02
1.999000000000000000e+03
3.037000000000000000e+03
4.204000000000000000e+03
1.190000000000000000e+03
1.700000000000000000e+01
4.060000000000000000e+03
6.020000000000000000e+02
7.880000000000000000e+02
8.770000000000000000e+02
4.820000000000000000e+02
3.319000000000000000e+03
1.291000000000000000e+03
3.882000000000000000e+03
2.150000000000000000e+02
2.738000000000000000e+03
4.669000000000000000e+03
2.193000000000000000e+03
4.693000000000000000e+03
3.854000000000000000e+03
3.344000000000000000e+03
3.814000000000000000e+03
2.636000000000000000e+03
2.000000000000000000e+02
4.120000000000000000e+03
1.992000000000000000e+03
4.622000000000000000e+03
1.984000000000000000e+03
4.492000000000000000e+03
4.517000000000000000e+03
2.380000000000000000e+03
3.162000000000000000e+03
8.150000000000000000e+02
5.870000000000000000e+02
2.959000000000000000e+03
1.686000000000000000e+03
3.929000000000000000e+03
3.667000000000000000e+03
7.680000000000000000e+02
4.539000000000000000e+03
4.408000000000000000e+03
2.850000000000000000e+02
3.680000000000000000e+03
4.377000000000000000e+03
4.579000000000000000e+03
2.717000000000000000e+03
3.227000000000000000e+03
3.791000000000000000e+03
3.089000000000000000e+03
4.078000000000000000e+03
8.220000000000000000e+02
1.915000000000000000e+03
1.068000000000000000e+03
1.004000000000000000e+03
2.779000000000000000e+03
1.987000000000000000e+03
9.820000000000000000e+02
2.294000000000000000e+03
3.648000000000000000e+03
3.664000000000000000e+03
1.658000000000000000e+03
4.578000000000000000e+03
1.166000000000000000e+03
2.579000000000000000e+03
4.098000000000000000e+03
2.724000000000000000e+03
9.000000000000000000e+00
3.127000000000000000e+03
1.628000000000000000e+03
2.506000000000000000e+03
3.704000000000000000e+03
3.052000000000000000e+03
1.986000000000000000e+03
4.828000000000000000e+03
2.843000000000000000e+03
1.555000000000000000e+03
2.222000000000000000e+03
9.950000000000000000e+02
2.437000000000000000e+03
2.263000000000000000e+03
3.942000000000000000e+03
3.238000000000000000e+03
5.040000000000000000e+02
2.230000000000000000e+03
2.820000000000000000e+02
3.011000000000000000e+03
3.576000000000000000e+03
1.036000000000000000e+03
1.573000000000000000e+03
8.960000000000000000e+02
1.545000000000000000e+03
8.380000000000000000e+02
5.720000000000000000e+02
4.067000000000000000e+03
2.922000000000000000e+03
2.768000000000000000e+03
5.570000000000000000e+02
4.601000000000000000e+03
4.854000000000000000e+03
4.066000000000000000e+03
4.242000000000000000e+03
1.436000000000000000e+03
8.120000000000000000e+02
5.600000000000000000e+02
4.438000000000000000e+03
7.140000000000000000e+02
3.249000000000000000e+03
2.168000000000000000e+03
4.665000000000000000e+03
3.029000000000000000e+03
4.107000000000000000e+03
1.316000000000000000e+03
1.000000000000000000e+03
4.348000000000000000e+03
2.024000000000000000e+03
3.710000000000000000e+03
3.616000000000000000e+03
3.370000000000000000e+03
2.927000000000000000e+03
3.381000000000000000e+03
3.998000000000000000e+03
4.984000000000000000e+03
4.268000000000000000e+03
3.620000000000000000e+03
3.650000000000000000e+03
3.609000000000000000e+03
4.964000000000000000e+03
4.029000000000000000e+03
9.130000000000000000e+02
4.741000000000000000e+03
4.949000000000000000e+03
4.436000000000000000e+03
2.343000000000000000e+03
4.279000000000000000e+03
3.927000000000000000e+03
1.936000000000000000e+03
4.945000000000000000e+03
4.215000000000000000e+03
1.905000000000000000e+03
9.360000000000000000e+02
3.244000000000000000e+03
1.800000000000000000e+02
2.244000000000000000e+03
4.176000000000000000e+03
4.142000000000000000e+03
4.047000000000000000e+03
4.230000000000000000e+03
1.957000000000000000e+03
1.790000000000000000e+03
3.131000000000000000e+03
1.415000000000000000e+03
1.072000000000000000e+03
1.626000000000000000e+03
3.133000000000000000e+03
4.980000000000000000e+02
1.547000000000000000e+03
4.864000000000000000e+03
4.510000000000000000e+03
3.950000000000000000e+02
1.910000000000000000e+03
9.500000000000000000e+01
1.422000000000000000e+03
3.207000000000000000e+03
9.710000000000000000e+02
1.566000000000000000e+03
4.516000000000000000e+03
7.870000000000000000e+02
2.472000000000000000e+03
4.810000000000000000e+03
2.822000000000000000e+03
1.350000000000000000e+02
2.393000000000000000e+03
1.623000000000000000e+03
4.616000000000000000e+03
2.797000000000000000e+03
4.462000000000000000e+03
1.859000000000000000e+03
4.609000000000000000e+03
1.474000000000000000e+03
2.253000000000000000e+03
1.023000000000000000e+03
3.448000000000000000e+03
4.290000000000000000e+02
4.690000000000000000e+03
2.757000000000000000e+03
3.663000000000000000e+03
3.570000000000000000e+02
4.267000000000000000e+03
1.435000000000000000e+03
1.293000000000000000e+03
2.305000000000000000e+03
3.124000000000000000e+03
3.906000000000000000e+03
2.698000000000000000e+03
2.733000000000000000e+03
9.620000000000000000e+02
9.140000000000000000e+02
5.180000000000000000e+02
2.557000000000000000e+03
3.055000000000000000e+03
1.150000000000000000e+03
2.461000000000000000e+03
3.830000000000000000e+02
4.997000000000000000e+03
1.589000000000000000e+03
4.339000000000000000e+03
4.201000000000000000e+03
2.220000000000000000e+02
1.828000000000000000e+03
2.110000000000000000e+03
1.170000000000000000e+02
3.144000000000000000e+03
2.910000000000000000e+02
3.283000000000000000e+03
3.580000000000000000e+03
3.562000000000000000e+03
4.766000000000000000e+03
1.656000000000000000e+03
5.530000000000000000e+02
3.140000000000000000e+02
1.272000000000000000e+03
3.812000000000000000e+03
1.033000000000000000e+03
2.097000000000000000e+03
3.415000000000000000e+03
3.252000000000000000e+03
4.630000000000000000e+03
1.820000000000000000e+02
1.450000000000000000e+02
1.477000000000000000e+03
1.104000000000000000e+03
4.858000000000000000e+03
9.500000000000000000e+02
4.000000000000000000e+00
1.682000000000000000e+03
3.859000000000000000e+03
4.860000000000000000e+03
4.183000000000000000e+03
4.837000000000000000e+03
4.406000000000000000e+03
1.298000000000000000e+03
4.141000000000000000e+03
3.025000000000000000e+03
4.122000000000000000e+03
9.120000000000000000e+02
1.718000000000000000e+03
1.129000000000000000e+03
5.380000000000000000e+02
