2.310000000000000000e+02
3.331000000000000000e+03
7.030000000000000000e+02
1.417000000000000000e+03
9.710000000000000000e+02
6.800000000000000000e+02
4.635000000000000000e+03
1.613000000000000000e+03
3.675000000000000000e+03
8.370000000000000000e+02
1.903000000000000000e+03
4.539000000000000000e+03
1.700000000000000000e+03
2.338000000000000000e+03
4.223000000000000000e+03
2.671000000000000000e+03
4.227000000000000000e+03
4.902000000000000000e+03
5.270000000000000000e+02
3.478000000000000000e+03
4.590000000000000000e+02
2.234000000000000000e+03
4.659000000000000000e+03
5.840000000000000000e+02
1.633000000000000000e+03
3.507000000000000000e+03
1.946000000000000000e+03
6.760000000000000000e+02
2.793000000000000000e+03
2.742000000000000000e+03
2.160000000000000000e+02
2.331000000000000000e+03
4.423000000000000000e+03
1.225000000000000000e+03
1.952000000000000000e+03
3.230000000000000000e+03
4.053000000000000000e+03
4.622000000000000000e+03
2.746000000000000000e+03
4.834000000000000000e+03
4.661000000000000000e+03
1.780000000000000000e+03
3.641000000000000000e+03
2.903000000000000000e+03
9.230000000000000000e+02
3.909000000000000000e+03
4.060000000000000000e+02
4.128000000000000000e+03
2.724000000000000000e+03
2.632000000000000000e+03
3.608000000000000000e+03
2.586000000000000000e+03
5.020000000000000000e+02
9.630000000000000000e+02
2.428000000000000000e+03
7.750000000000000000e+02
1.980000000000000000e+03
1.832000000000000000e+03
2.439000000000000000e+03
3.189000000000000000e+03
4.757000000000000000e+03
1.156000000000000000e+03
3.399000000000000000e+03
3.840000000000000000e+03
2.232000000000000000e+03
1.466000000000000000e+03
1.413000000000000000e+03
3.093000000000000000e+03
2.237000000000000000e+03
3.526000000000000000e+03
3.064000000000000000e+03
5.010000000000000000e+02
1.437000000000000000e+03
2.619000000000000000e+03
4.610000000000000000e+02
8.970000000000000000e+02
2.984000000000000000e+03
3.994000000000000000e+03
2.591000000000000000e+03
2.500000000000000000e+02
1.273000000000000000e+03
4.250000000000000000e+02
6.510000000000000000e+02
9.470000000000000000e+02
4.382000000000000000e+03
3.017000000000000000e+03
1.959000000000000000e+03
2.911000000000000000e+03
3.403000000000000000e+03
1.399000000000000000e+03
4.360000000000000000e+02
4.371000000000000000e+03
1.628000000000000000e+03
4.747000000000000000e+03
4.052000000000000000e+03
1.349000000000000000e+03
4.055000000000000000e+03
7.420000000000000000e+02
9.160000000000000000e+02
2.562000000000000000e+03
4.459000000000000000e+03
8.620000000000000000e+02
2.507000000000000000e+03
3.931000000000000000e+03
3.474000000000000000e+03
2.401000000000000000e+03
3.407000000000000000e+03
2.890000000000000000e+02
2.359000000000000000e+03
9.850000000000000000e+02
2.280000000000000000e+02
4.859000000000000000e+03
3.792000000000000000e+03
4.242000000000000000e+03
4.238000000000000000e+03
1.260000000000000000e+03
2.762000000000000000e+03
4.199000000000000000e+03
4.956000000000000000e+03
3.616000000000000000e+03
2.051000000000000000e+03
1.030000000000000000e+02
3.365000000000000000e+03
6.350000000000000000e+02
4.109000000000000000e+03
4.362000000000000000e+03
4.302000000000000000e+03
7.880000000000000000e+02
3.558000000000000000e+03
4.556000000000000000e+03
3.638000000000000000e+03
1.536000000000000000e+03
2.920000000000000000e+02
1.634000000000000000e+03
3.743000000000000000e+03
3.042000000000000000e+03
4.408000000000000000e+03
2.148000000000000000e+03
1.516000000000000000e+03
4.330000000000000000e+03
6.070000000000000000e+02
4.470000000000000000e+03
2.805000000000000000e+03
1.595000000000000000e+03
4.270000000000000000e+02
1.482000000000000000e+03
2.404000000000000000e+03
2.357000000000000000e+03
3.739000000000000000e+03
2.278000000000000000e+03
1.734000000000000000e+03
1.954000000000000000e+03
1.766000000000000000e+03
3.832000000000000000e+03
2.630000000000000000e+02
2.250000000000000000e+03
4.518000000000000000e+03
6.660000000000000000e+02
2.026000000000000000e+03
1.725000000000000000e+03
2.627000000000000000e+03
4.460000000000000000e+03
2.716000000000000000e+03
7.000000000000000000e+01
3.990000000000000000e+02
2.790000000000000000e+03
1.214000000000000000e+03
3.580000000000000000e+02
3.191000000000000000e+03
3.500000000000000000e+01
1.143000000000000000e+03
4.299000000000000000e+03
2.966000000000000000e+03
4.421000000000000000e+03
2.977000000000000000e+03
1.013000000000000000e+03
2.920000000000000000e+03
5.510000000000000000e+02
4.447000000000000000e+03
1.580000000000000000e+03
2.552000000000000000e+03
4.928000000000000000e+03
4.918000000000000000e+03
1.562000000000000000e+03
3.483000000000000000e+03
2.471000000000000000e+03
1.240000000000000000e+02
3.454000000000000000e+03
4.113000000000000000e+03
4.079000000000000000e+03
1.605000000000000000e+03
2.474000000000000000e+03
1.629000000000000000e+03
1.125000000000000000e+03
3.050000000000000000e+02
5.410000000000000000e+02
4.866000000000000000e+03
1.300000000000000000e+01
2.878000000000000000e+03
4.855000000000000000e+03
4.230000000000000000e+03
1.986000000000000000e+03
3.661000000000000000e+03
3.239000000000000000e+03
4.034000000000000000e+03
1.939000000000000000e+03
2.930000000000000000e+02
4.772000000000000000e+03
4.104000000000000000e+03
5.470000000000000000e+02
3.794000000000000000e+03
2.672000000000000000e+03
8.400000000000000000e+01
9.670000000000000000e+02
2.655000000000000000e+03
4.476000000000000000e+03
1.800000000000000000e+03
1.831000000000000000e+03
1.104000000000000000e+03
8.030000000000000000e+02
4.417000000000000000e+03
1.396000000000000000e+03
1.295000000000000000e+03
1.033000000000000000e+03
2.004000000000000000e+03
1.772000000000000000e+03
4.720000000000000000e+02
2.961000000000000000e+03
3.565000000000000000e+03
5.340000000000000000e+02
2.956000000000000000e+03
1.640000000000000000e+02
2.438000000000000000e+03
3.088000000000000000e+03
6.680000000000000000e+02
2.946000000000000000e+03
3.159000000000000000e+03
6.010000000000000000e+02
1.140000000000000000e+02
2.580000000000000000e+03
4.700000000000000000e+01
3.441000000000000000e+03
4.549000000000000000e+03
6.820000000000000000e+02
4.688000000000000000e+03
3.061000000000000000e+03
1.570000000000000000e+02
1.321000000000000000e+03
1.441000000000000000e+03
1.568000000000000000e+03
4.040000000000000000e+03
4.604000000000000000e+03
4.351000000000000000e+03
5.640000000000000000e+02
3.840000000000000000e+02
1.382000000000000000e+03
2.597000000000000000e+03
1.248000000000000000e+03
4.980000000000000000e+03
6.410000000000000000e+02
4.041000000000000000e+03
4.061000000000000000e+03
1.603000000000000000e+03
1.942000000000000000e+03
3.043000000000000000e+03
4.222000000000000000e+03
4.782000000000000000e+03
4.647000000000000000e+03
7.360000000000000000e+02
2.145000000000000000e+03
1.233000000000000000e+03
4.551000000000000000e+03
2.009000000000000000e+03
2.528000000000000000e+03
4.600000000000000000e+02
1.679000000000000000e+03
4.935000000000000000e+03
1.106000000000000000e+03
3.878000000000000000e+03
1.928000000000000000e+03
1.289000000000000000e+03
3.315000000000000000e+03
8.270000000000000000e+02
4.912000000000000000e+03
6.970000000000000000e+02
9.080000000000000000e+02
2.239000000000000000e+03
1.840000000000000000e+03
4.395000000000000000e+03
1.653000000000000000e+03
3.837000000000000000e+03
9.840000000000000000e+02
1.170000000000000000e+02
2.227000000000000000e+03
4.372000000000000000e+03
4.186000000000000000e+03
8.990000000000000000e+02
4.558000000000000000e+03
7.140000000000000000e+02
2.106000000000000000e+03
2.980000000000000000e+03
2.361000000000000000e+03
1.320000000000000000e+02
4.137000000000000000e+03
1.179000000000000000e+03
2.907000000000000000e+03
1.467000000000000000e+03
3.200000000000000000e+01
4.464000000000000000e+03
1.266000000000000000e+03
2.483000000000000000e+03
6.800000000000000000e+01
2.421000000000000000e+03
2.109000000000000000e+03
1.899000000000000000e+03
3.812000000000000000e+03
2.363000000000000000e+03
3.630000000000000000e+03
4.733000000000000000e+03
4.768000000000000000e+03
4.019000000000000000e+03
4.426000000000000000e+03
1.858000000000000000e+03
4.957000000000000000e+03
4.950000000000000000e+03
1.553000000000000000e+03
3.305000000000000000e+03
1.715000000000000000e+03
4.080000000000000000e+03
3.688000000000000000e+03
4.031000000000000000e+03
8.550000000000000000e+02
2.536000000000000000e+03
2.050000000000000000e+03
4.900000000000000000e+02
1.424000000000000000e+03
4.952000000000000000e+03
1.027000000000000000e+03
3.649000000000000000e+03
2.599000000000000000e+03
3.567000000000000000e+03
3.787000000000000000e+03
3.650000000000000000e+02
6.310000000000000000e+02
3.999000000000000000e+03
3.167000000000000000e+03
1.119000000000000000e+03
3.066000000000000000e+03
1.582000000000000000e+03
2.310000000000000000e+03
1.666000000000000000e+03
8.090000000000000000e+02
2.876000000000000000e+03
1.799000000000000000e+03
8.100000000000000000e+01
4.700000000000000000e+02
7.460000000000000000e+02
4.462000000000000000e+03
2.708000000000000000e+03
1.186000000000000000e+03
1.647000000000000000e+03
3.491000000000000000e+03
4.824000000000000000e+03
2.216000000000000000e+03
3.058000000000000000e+03
3.163000000000000000e+03
2.682000000000000000e+03
1.776000000000000000e+03
3.870000000000000000e+02
2.412000000000000000e+03
1.261000000000000000e+03
3.057000000000000000e+03
8.750000000000000000e+02
1.867000000000000000e+03
4.342000000000000000e+03
1.630000000000000000e+03
1.263000000000000000e+03
4.844000000000000000e+03
2.618000000000000000e+03
4.256000000000000000e+03
2.798000000000000000e+03
7.240000000000000000e+02
1.597000000000000000e+03
1.876000000000000000e+03
2.040000000000000000e+02
2.103000000000000000e+03
4.424000000000000000e+03
4.491000000000000000e+03
4.770000000000000000e+02
4.826000000000000000e+03
8.680000000000000000e+02
1.200000000000000000e+03
9.060000000000000000e+02
3.360000000000000000e+03
2.968000000000000000e+03
3.900000000000000000e+01
2.795000000000000000e+03
5.130000000000000000e+02
3.449000000000000000e+03
1.624000000000000000e+03
4.760000000000000000e+03
5.900000000000000000e+01
1.874000000000000000e+03
4.086000000000000000e+03
3.080000000000000000e+03
3.246000000000000000e+03
4.336000000000000000e+03
3.749000000000000000e+03
2.210000000000000000e+03
3.980000000000000000e+02
4.494000000000000000e+03
1.877000000000000000e+03
2.279000000000000000e+03
1.829000000000000000e+03
3.830000000000000000e+02
2.301000000000000000e+03
3.271000000000000000e+03
2.518000000000000000e+03
4.933000000000000000e+03
4.796000000000000000e+03
1.453000000000000000e+03
1.444000000000000000e+03
5.220000000000000000e+02
2.733000000000000000e+03
3.780000000000000000e+02
8.480000000000000000e+02
4.611000000000000000e+03
1.908000000000000000e+03
4.387000000000000000e+03
3.735000000000000000e+03
3.892000000000000000e+03
9.500000000000000000e+01
1.545000000000000000e+03
2.490000000000000000e+02
2.011000000000000000e+03
2.853000000000000000e+03
1.057000000000000000e+03
4.343000000000000000e+03
7.190000000000000000e+02
1.728000000000000000e+03
3.515000000000000000e+03
3.050000000000000000e+03
1.138000000000000000e+03
1.410000000000000000e+03
2.675000000000000000e+03
6.180000000000000000e+02
2.844000000000000000e+03
1.834000000000000000e+03
3.336000000000000000e+03
3.360000000000000000e+02
1.304000000000000000e+03
4.716000000000000000e+03
1.678000000000000000e+03
2.030000000000000000e+02
7.870000000000000000e+02
8.660000000000000000e+02
2.154000000000000000e+03
1.334000000000000000e+03
3.150000000000000000e+03
2.208000000000000000e+03
2.517000000000000000e+03
4.640000000000000000e+03
1.152000000000000000e+03
3.180000000000000000e+03
1.368000000000000000e+03
4.663000000000000000e+03
8.710000000000000000e+02
2.465000000000000000e+03
4.115000000000000000e+03
1.868000000000000000e+03
3.073000000000000000e+03
2.926000000000000000e+03
8.140000000000000000e+02
3.077000000000000000e+03
3.573000000000000000e+03
3.192000000000000000e+03
1.681000000000000000e+03
3.499000000000000000e+03
2.603000000000000000e+03
2.150000000000000000e+02
3.841000000000000000e+03
2.200000000000000000e+03
5.820000000000000000e+02
3.944000000000000000e+03
1.969000000000000000e+03
1.369000000000000000e+03
2.485000000000000000e+03
4.780000000000000000e+02
2.327000000000000000e+03
1.883000000000000000e+03
4.579000000000000000e+03
1.540000000000000000e+03
1.329000000000000000e+03
2.616000000000000000e+03
2.427000000000000000e+03
9.180000000000000000e+02
1.197000000000000000e+03
3.285000000000000000e+03
4.480000000000000000e+03
4.591000000000000000e+03
4.508000000000000000e+03
4.337000000000000000e+03
2.979000000000000000e+03
4.792000000000000000e+03
2.572000000000000000e+03
4.155000000000000000e+03
3.160000000000000000e+03
5.300000000000000000e+01
4.182000000000000000e+03
3.343000000000000000e+03
3.764000000000000000e+03
6.060000000000000000e+02
2.082000000000000000e+03
1.300000000000000000e+02
1.040000000000000000e+02
7.970000000000000000e+02
1.052000000000000000e+03
5.770000000000000000e+02
8.290000000000000000e+02
1.122000000000000000e+03
3.181000000000000000e+03
9.700000000000000000e+01
4.162000000000000000e+03
1.502000000000000000e+03
2.431000000000000000e+03
2.193000000000000000e+03
2.126000000000000000e+03
8.240000000000000000e+02
4.067000000000000000e+03
2.250000000000000000e+02
2.055000000000000000e+03
4.864000000000000000e+03
2.120000000000000000e+03
4.493000000000000000e+03
3.709000000000000000e+03
4.483000000000000000e+03
2.975000000000000000e+03
3.595000000000000000e+03
3.881000000000000000e+03
1.164000000000000000e+03
1.253000000000000000e+03
1.311000000000000000e+03
1.316000000000000000e+03
1.800000000000000000e+01
1.079000000000000000e+03
1.134000000000000000e+03
1.161000000000000000e+03
3.307000000000000000e+03
5.200000000000000000e+01
3.692000000000000000e+03
1.120000000000000000e+02
3.856000000000000000e+03
2.299000000000000000e+03
2.328000000000000000e+03
4.800000000000000000e+03
4.131000000000000000e+03
2.304000000000000000e+03
2.277000000000000000e+03
4.630000000000000000e+03
1.875000000000000000e+03
4.520000000000000000e+02
1.426000000000000000e+03
3.711000000000000000e+03
7.300000000000000000e+01
1.672000000000000000e+03
6.100000000000000000e+02
3.143000000000000000e+03
1.468000000000000000e+03
2.522000000000000000e+03
3.771000000000000000e+03
2.983000000000000000e+03
2.332000000000000000e+03
3.539000000000000000e+03
4.999000000000000000e+03
5.420000000000000000e+02
1.641000000000000000e+03
2.772000000000000000e+03
1.474000000000000000e+03
2.477000000000000000e+03
1.076000000000000000e+03
3.506000000000000000e+03
3.321000000000000000e+03
4.727000000000000000e+03
4.809000000000000000e+03
3.890000000000000000e+02
1.700000000000000000e+02
1.205000000000000000e+03
4.232000000000000000e+03
3.085000000000000000e+03
2.849000000000000000e+03
3.263000000000000000e+03
4.344000000000000000e+03
2.035000000000000000e+03
4.373000000000000000e+03
3.056000000000000000e+03
1.066000000000000000e+03
2.998000000000000000e+03
2.097000000000000000e+03
4.201000000000000000e+03
5.800000000000000000e+01
4.295000000000000000e+03
2.781000000000000000e+03
1.860000000000000000e+03
9.860000000000000000e+02
2.170000000000000000e+03
1.092000000000000000e+03
3.379000000000000000e+03
5.780000000000000000e+02
2.613000000000000000e+03
1.099000000000000000e+03
3.138000000000000000e+03
1.337000000000000000e+03
4.065000000000000000e+03
2.312000000000000000e+03
7.130000000000000000e+02
3.801000000000000000e+03
6.600000000000000000e+02
3.620000000000000000e+03
3.533000000000000000e+03
3.257000000000000000e+03
4.693000000000000000e+03
3.842000000000000000e+03
4.560000000000000000e+03
1.061000000000000000e+03
1.151000000000000000e+03
4.331000000000000000e+03
3.754000000000000000e+03
4.897000000000000000e+03
4.311000000000000000e+03
2.728000000000000000e+03
8.320000000000000000e+02
2.249000000000000000e+03
3.296000000000000000e+03
2.527000000000000000e+03
4.142000000000000000e+03
3.055000000000000000e+03
2.529000000000000000e+03
1.275000000000000000e+03
4.580000000000000000e+02
3.153000000000000000e+03
4.173000000000000000e+03
2.633000000000000000e+03
2.938000000000000000e+03
2.443000000000000000e+03
5.550000000000000000e+02
3.602000000000000000e+03
4.672000000000000000e+03
4.383000000000000000e+03
1.909000000000000000e+03
1.372000000000000000e+03
3.571000000000000000e+03
1.394000000000000000e+03
3.287000000000000000e+03
1.192000000000000000e+03
3.740000000000000000e+03
1.753000000000000000e+03
8.600000000000000000e+02
2.894000000000000000e+03
2.001000000000000000e+03
1.768000000000000000e+03
1.001000000000000000e+03
7.330000000000000000e+02
3.194000000000000000e+03
3.521000000000000000e+03
7.800000000000000000e+01
6.160000000000000000e+02
2.761000000000000000e+03
3.009000000000000000e+03
4.365000000000000000e+03
4.212000000000000000e+03
4.786000000000000000e+03
8.340000000000000000e+02
2.213000000000000000e+03
3.084000000000000000e+03
8.390000000000000000e+02
3.623000000000000000e+03
2.190000000000000000e+03
3.920000000000000000e+03
3.481000000000000000e+03
2.493000000000000000e+03
2.138000000000000000e+03
3.205000000000000000e+03
3.676000000000000000e+03
2.078000000000000000e+03
4.229000000000000000e+03
1.112000000000000000e+03
1.667000000000000000e+03
3.013000000000000000e+03
1.586000000000000000e+03
1.698000000000000000e+03
4.136000000000000000e+03
8.700000000000000000e+02
2.060000000000000000e+03
2.139000000000000000e+03
3.198000000000000000e+03
1.660000000000000000e+03
4.100000000000000000e+02
4.360000000000000000e+03
4.970000000000000000e+03
3.170000000000000000e+02
4.315000000000000000e+03
8.130000000000000000e+02
3.452000000000000000e+03
4.143000000000000000e+03
1.609000000000000000e+03
3.236000000000000000e+03
2.784000000000000000e+03
4.120000000000000000e+03
3.821000000000000000e+03
2.743000000000000000e+03
3.220000000000000000e+03
4.390000000000000000e+02
2.415000000000000000e+03
3.923000000000000000e+03
4.410000000000000000e+03
4.452000000000000000e+03
1.288000000000000000e+03
1.270000000000000000e+03
3.510000000000000000e+02
1.080000000000000000e+02
2.220000000000000000e+02
1.529000000000000000e+03
3.001000000000000000e+03
4.921000000000000000e+03
2.198000000000000000e+03
3.636000000000000000e+03
2.809000000000000000e+03
7.110000000000000000e+02
1.713000000000000000e+03
4.690000000000000000e+02
1.272000000000000000e+03
3.948000000000000000e+03
4.524000000000000000e+03
2.820000000000000000e+03
6.400000000000000000e+01
3.029000000000000000e+03
3.226000000000000000e+03
2.449000000000000000e+03
4.850000000000000000e+03
3.893000000000000000e+03
4.519000000000000000e+03
4.925000000000000000e+03
2.803000000000000000e+03
3.682000000000000000e+03
4.433000000000000000e+03
2.460000000000000000e+02
3.062000000000000000e+03
5.860000000000000000e+02
4.876000000000000000e+03
2.000000000000000000e+02
1.872000000000000000e+03
3.053000000000000000e+03
4.851000000000000000e+03
1.430000000000000000e+03
8.000000000000000000e+00
4.449000000000000000e+03
2.791000000000000000e+03
3.425000000000000000e+03
1.491000000000000000e+03
2.689000000000000000e+03
1.068000000000000000e+03
4.341000000000000000e+03
3.984000000000000000e+03
3.052000000000000000e+03
3.413000000000000000e+03
2.081000000000000000e+03
4.304000000000000000e+03
3.140000000000000000e+03
4.983000000000000000e+03
2.985000000000000000e+03
1.774000000000000000e+03
4.400000000000000000e+03
4.245000000000000000e+03
4.158000000000000000e+03
2.287000000000000000e+03
1.770000000000000000e+03
2.886000000000000000e+03
3.867000000000000000e+03
1.198000000000000000e+03
2.584000000000000000e+03
4.745000000000000000e+03
4.097000000000000000e+03
2.356000000000000000e+03
3.755000000000000000e+03
1.580000000000000000e+02
3.392000000000000000e+03
3.190000000000000000e+02
3.817000000000000000e+03
2.511000000000000000e+03
3.366000000000000000e+03
4.406000000000000000e+03
1.050000000000000000e+02
9.660000000000000000e+02
1.902000000000000000e+03
3.402000000000000000e+03
3.619000000000000000e+03
4.544000000000000000e+03
3.912000000000000000e+03
1.727000000000000000e+03
3.199000000000000000e+03
4.849000000000000000e+03
3.910000000000000000e+03
4.606000000000000000e+03
3.772000000000000000e+03
4.442000000000000000e+03
9.820000000000000000e+02
3.869000000000000000e+03
4.062000000000000000e+03
1.054000000000000000e+03
1.328000000000000000e+03
3.915000000000000000e+03
2.229000000000000000e+03
3.023000000000000000e+03
2.410000000000000000e+02
2.993000000000000000e+03
3.809000000000000000e+03
1.006000000000000000e+03
1.843000000000000000e+03
8.360000000000000000e+02
1.130000000000000000e+02
1.011000000000000000e+03
6.700000000000000000e+01
9.400000000000000000e+01
1.201000000000000000e+03
1.335000000000000000e+03
3.583000000000000000e+03
1.626000000000000000e+03
3.700000000000000000e+01
1.404000000000000000e+03
7.480000000000000000e+02
1.410000000000000000e+02
3.335000000000000000e+03
1.065000000000000000e+03
1.074000000000000000e+03
1.751000000000000000e+03
1.806000000000000000e+03
1.643000000000000000e+03
2.480000000000000000e+03
2.091000000000000000e+03
3.355000000000000000e+03
2.379000000000000000e+03
3.466000000000000000e+03
3.946000000000000000e+03
2.997000000000000000e+03
1.483000000000000000e+03
2.012000000000000000e+03
1.357000000000000000e+03
4.710000000000000000e+02
4.260000000000000000e+02
4.135000000000000000e+03
3.961000000000000000e+03
3.082000000000000000e+03
1.850000000000000000e+02
2.621000000000000000e+03
1.531000000000000000e+03
1.460000000000000000e+02
3.418000000000000000e+03
2.935000000000000000e+03
1.978000000000000000e+03
4.326000000000000000e+03
4.656000000000000000e+03
1.380000000000000000e+02
4.420000000000000000e+03
2.247000000000000000e+03
2.650000000000000000e+02
4.194000000000000000e+03
3.954000000000000000e+03
3.981000000000000000e+03
3.299000000000000000e+03
5.720000000000000000e+02
2.176000000000000000e+03
2.978000000000000000e+03
4.715000000000000000e+03
3.410000000000000000e+02
3.046000000000000000e+03
1.501000000000000000e+03
4.804000000000000000e+03
3.512000000000000000e+03
9.780000000000000000e+02
4.420000000000000000e+02
5.060000000000000000e+02
2.350000000000000000e+03
5.500000000000000000e+01
3.826000000000000000e+03
3.170000000000000000e+03
1.132000000000000000e+03
4.951000000000000000e+03
5.620000000000000000e+02
4.484000000000000000e+03
4.313000000000000000e+03
1.901000000000000000e+03
4.280000000000000000e+03
1.767000000000000000e+03
1.669000000000000000e+03
4.821000000000000000e+03
4.538000000000000000e+03
2.072000000000000000e+03
4.873000000000000000e+03
1.067000000000000000e+03
1.347000000000000000e+03
4.072000000000000000e+03
4.410000000000000000e+02
4.251000000000000000e+03
1.973000000000000000e+03
3.430000000000000000e+03
4.184000000000000000e+03
2.200000000000000000e+02
1.247000000000000000e+03
1.340000000000000000e+03
1.072000000000000000e+03
1.126000000000000000e+03
2.313000000000000000e+03
4.177000000000000000e+03
1.191000000000000000e+03
1.660000000000000000e+02
9.500000000000000000e+02
4.090000000000000000e+03
1.500000000000000000e+02
1.650000000000000000e+03
1.730000000000000000e+03
7.580000000000000000e+02
4.023000000000000000e+03
3.067000000000000000e+03
8.190000000000000000e+02
1.828000000000000000e+03
2.829000000000000000e+03
6.280000000000000000e+02
1.619000000000000000e+03
3.301000000000000000e+03
2.756000000000000000e+03
3.115000000000000000e+03
3.933000000000000000e+03
1.813000000000000000e+03
4.996000000000000000e+03
3.940000000000000000e+03
3.860000000000000000e+03
1.677000000000000000e+03
8.120000000000000000e+02
3.145000000000000000e+03
2.776000000000000000e+03
4.598000000000000000e+03
1.538000000000000000e+03
2.792000000000000000e+03
1.648000000000000000e+03
3.294000000000000000e+03
1.438000000000000000e+03
1.980000000000000000e+02
3.500000000000000000e+03
1.825000000000000000e+03
1.891000000000000000e+03
2.760000000000000000e+02
3.722000000000000000e+03
4.000000000000000000e+01
3.554000000000000000e+03
4.960000000000000000e+02
2.592000000000000000e+03
4.856000000000000000e+03
3.002000000000000000e+03
4.220000000000000000e+02
4.597000000000000000e+03
4.432000000000000000e+03
3.146000000000000000e+03
2.446000000000000000e+03
4.510000000000000000e+03
1.947000000000000000e+03
4.492000000000000000e+03
3.119000000000000000e+03
4.860000000000000000e+03
8.460000000000000000e+02
2.560000000000000000e+02
9.680000000000000000e+02
3.780000000000000000e+03
2.274000000000000000e+03
4.885000000000000000e+03
4.812000000000000000e+03
1.303000000000000000e+03
2.508000000000000000e+03
2.996000000000000000e+03
3.572000000000000000e+03
6.590000000000000000e+02
2.919000000000000000e+03
1.172000000000000000e+03
4.070000000000000000e+02
4.274000000000000000e+03
2.089000000000000000e+03
3.133000000000000000e+03
8.570000000000000000e+02
3.476000000000000000e+03
1.174000000000000000e+03
3.094000000000000000e+03
1.280000000000000000e+03
4.261000000000000000e+03
4.561000000000000000e+03
3.965000000000000000e+03
3.781000000000000000e+03
4.560000000000000000e+02
2.464000000000000000e+03
8.810000000000000000e+02
3.376000000000000000e+03
3.140000000000000000e+02
4.512000000000000000e+03
2.130000000000000000e+02
4.477000000000000000e+03
4.570000000000000000e+03
1.425000000000000000e+03
4.112000000000000000e+03
1.524000000000000000e+03
9.800000000000000000e+01
3.302000000000000000e+03
2.943000000000000000e+03
1.270000000000000000e+02
3.200000000000000000e+02
2.763000000000000000e+03
9.640000000000000000e+02
1.964000000000000000e+03
3.694000000000000000e+03
1.623000000000000000e+03
3.151000000000000000e+03
4.702000000000000000e+03
4.839000000000000000e+03
1.793000000000000000e+03
3.793000000000000000e+03
4.310000000000000000e+03
4.953000000000000000e+03
3.700000000000000000e+03
3.991000000000000000e+03
2.945000000000000000e+03
2.569000000000000000e+03
4.303000000000000000e+03
4.160000000000000000e+03
8.610000000000000000e+02
1.510000000000000000e+03
7.210000000000000000e+02
3.609000000000000000e+03
4.168000000000000000e+03
4.807000000000000000e+03
4.691000000000000000e+03
4.626000000000000000e+03
6.190000000000000000e+02
4.157000000000000000e+03
2.734000000000000000e+03
4.054000000000000000e+03
3.563000000000000000e+03
2.905000000000000000e+03
2.788000000000000000e+03
3.902000000000000000e+03
1.745000000000000000e+03
3.232000000000000000e+03
4.841000000000000000e+03
4.557000000000000000e+03
2.378000000000000000e+03
1.911000000000000000e+03
7.270000000000000000e+02
2.385000000000000000e+03
1.971000000000000000e+03
4.797000000000000000e+03
4.968000000000000000e+03
4.651000000000000000e+03
3.858000000000000000e+03
4.306000000000000000e+03
1.554000000000000000e+03
1.943000000000000000e+03
2.186000000000000000e+03
2.766000000000000000e+03
3.284000000000000000e+03
5.150000000000000000e+02
2.949000000000000000e+03
1.235000000000000000e+03
1.287000000000000000e+03
3.270000000000000000e+03
1.523000000000000000e+03
3.871000000000000000e+03
2.840000000000000000e+02
1.701000000000000000e+03
4.777000000000000000e+03
4.431000000000000000e+03
1.364000000000000000e+03
2.101000000000000000e+03
2.067000000000000000e+03
4.962000000000000000e+03
4.577000000000000000e+03
1.188000000000000000e+03
4.529000000000000000e+03
2.500000000000000000e+03
3.388000000000000000e+03
1.977000000000000000e+03
3.547000000000000000e+03
3.607000000000000000e+03
4.465000000000000000e+03
2.146000000000000000e+03
3.120000000000000000e+03
4.021000000000000000e+03
5.580000000000000000e+02
3.175000000000000000e+03
3.008000000000000000e+03
3.774000000000000000e+03
4.910000000000000000e+02
3.044000000000000000e+03
2.400000000000000000e+01
2.892000000000000000e+03
4.594000000000000000e+03
3.947000000000000000e+03
3.966000000000000000e+03
1.985000000000000000e+03
3.500000000000000000e+02
2.687000000000000000e+03
2.016000000000000000e+03
3.250000000000000000e+02
4.409000000000000000e+03
4.965000000000000000e+03
1.845000000000000000e+03
4.305000000000000000e+03
2.897000000000000000e+03
3.149000000000000000e+03
2.094000000000000000e+03
1.176000000000000000e+03
4.950000000000000000e+02
1.513000000000000000e+03
9.440000000000000000e+02
1.002000000000000000e+03
1.602000000000000000e+03
2.677000000000000000e+03
2.953000000000000000e+03
3.349000000000000000e+03
2.566000000000000000e+03
4.314000000000000000e+03
1.071000000000000000e+03
4.401000000000000000e+03
3.000000000000000000e+03
4.676000000000000000e+03
6.440000000000000000e+02
3.660000000000000000e+02
2.184000000000000000e+03
3.604000000000000000e+03
2.647000000000000000e+03
3.341000000000000000e+03
2.744000000000000000e+03
2.931000000000000000e+03
5.040000000000000000e+02
4.654000000000000000e+03
3.880000000000000000e+02
3.430000000000000000e+02
1.640000000000000000e+03
2.368000000000000000e+03
1.407000000000000000e+03
4.466000000000000000e+03
2.069000000000000000e+03
2.575000000000000000e+03
4.899000000000000000e+03
3.424000000000000000e+03
3.903000000000000000e+03
2.748000000000000000e+03
1.912000000000000000e+03
4.711000000000000000e+03
8.330000000000000000e+02
9.000000000000000000e+00
1.652000000000000000e+03
3.708000000000000000e+03
4.032000000000000000e+03
3.615000000000000000e+03
2.696000000000000000e+03
4.159000000000000000e+03
1.419000000000000000e+03
3.250000000000000000e+03
3.637000000000000000e+03
3.845000000000000000e+03
1.470000000000000000e+03
1.131000000000000000e+03
3.508000000000000000e+03
1.819000000000000000e+03
3.164000000000000000e+03
4.150000000000000000e+03
4.350000000000000000e+02
3.059000000000000000e+03
3.846000000000000000e+03
8.600000000000000000e+01
4.125000000000000000e+03
2.663000000000000000e+03
2.059000000000000000e+03
1.608000000000000000e+03
2.128000000000000000e+03
3.160000000000000000e+02
1.344000000000000000e+03
2.269000000000000000e+03
2.350000000000000000e+02
2.141000000000000000e+03
2.688000000000000000e+03
9.580000000000000000e+02
3.950000000000000000e+02
1.844000000000000000e+03
4.014000000000000000e+03
1.890000000000000000e+03
4.388000000000000000e+03
5.360000000000000000e+02
4.630000000000000000e+02
4.780000000000000000e+03
5.030000000000000000e+02
4.857000000000000000e+03
2.561000000000000000e+03
4.506000000000000000e+03
2.990000000000000000e+02
1.549000000000000000e+03
1.420000000000000000e+02
4.029000000000000000e+03
4.094000000000000000e+03
1.087000000000000000e+03
4.123000000000000000e+03
3.640000000000000000e+03
2.608000000000000000e+03
8.800000000000000000e+01
4.568000000000000000e+03
2.157000000000000000e+03
3.870000000000000000e+03
2.610000000000000000e+02
4.270000000000000000e+03
1.900000000000000000e+01
4.040000000000000000e+02
1.342000000000000000e+03
3.172000000000000000e+03
1.697000000000000000e+03
3.498000000000000000e+03
2.030000000000000000e+03
3.504000000000000000e+03
2.370000000000000000e+03
4.138000000000000000e+03
3.323000000000000000e+03
4.134000000000000000e+03
3.633000000000000000e+03
4.120000000000000000e+02
2.858000000000000000e+03
3.930000000000000000e+03
2.767000000000000000e+03
5.200000000000000000e+02
4.333000000000000000e+03
3.865000000000000000e+03
1.556000000000000000e+03
4.116000000000000000e+03
4.783000000000000000e+03
1.606000000000000000e+03
3.195000000000000000e+03
4.402000000000000000e+03
1.107000000000000000e+03
3.147000000000000000e+03
3.904000000000000000e+03
4.329000000000000000e+03
9.910000000000000000e+02
4.361000000000000000e+03
7.830000000000000000e+02
1.599000000000000000e+03
2.641000000000000000e+03
1.888000000000000000e+03
3.899000000000000000e+03
2.842000000000000000e+03
4.218000000000000000e+03
1.976000000000000000e+03
3.987000000000000000e+03
8.000000000000000000e+02
4.755000000000000000e+03
6.000000000000000000e+01
4.169000000000000000e+03
7.540000000000000000e+02
7.250000000000000000e+02
3.919000000000000000e+03
3.763000000000000000e+03
3.833000000000000000e+03
4.078000000000000000e+03
1.518000000000000000e+03
1.492000000000000000e+03
3.770000000000000000e+02
2.771000000000000000e+03
4.595000000000000000e+03
4.726000000000000000e+03
2.342000000000000000e+03
1.565000000000000000e+03
2.266000000000000000e+03
1.737000000000000000e+03
4.719000000000000000e+03
4.567000000000000000e+03
2.612000000000000000e+03
2.056000000000000000e+03
4.103000000000000000e+03
2.637000000000000000e+03
4.790000000000000000e+03
4.803000000000000000e+03
3.751000000000000000e+03
2.859000000000000000e+03
4.564000000000000000e+03
3.998000000000000000e+03
2.127000000000000000e+03
4.653000000000000000e+03
2.490000000000000000e+03
1.378000000000000000e+03
1.090000000000000000e+03
1.387000000000000000e+03
4.428000000000000000e+03
8.770000000000000000e+02
3.220000000000000000e+02
1.748000000000000000e+03
1.196000000000000000e+03
3.038000000000000000e+03
1.015000000000000000e+03
1.340000000000000000e+02
1.116000000000000000e+03
4.321000000000000000e+03
1.544000000000000000e+03
2.553000000000000000e+03
1.930000000000000000e+02
5.590000000000000000e+02
4.051000000000000000e+03
1.460000000000000000e+03
3.822000000000000000e+03
4.829000000000000000e+03
1.550000000000000000e+03
3.831000000000000000e+03
1.687000000000000000e+03
1.056000000000000000e+03
2.723000000000000000e+03
2.201000000000000000e+03
6.150000000000000000e+02
2.638000000000000000e+03
2.617000000000000000e+03
4.356000000000000000e+03
6.530000000000000000e+02
1.503000000000000000e+03
1.463000000000000000e+03
2.774000000000000000e+03
2.360000000000000000e+02
1.167000000000000000e+03
9.040000000000000000e+02
5.310000000000000000e+02
4.813000000000000000e+03
2.902000000000000000e+03
9.100000000000000000e+02
3.097000000000000000e+03
3.827000000000000000e+03
2.693000000000000000e+03
4.020000000000000000e+03
3.132000000000000000e+03
2.256000000000000000e+03
4.320000000000000000e+03
4.681000000000000000e+03
1.207000000000000000e+03
1.887000000000000000e+03
4.840000000000000000e+03
4.404000000000000000e+03
4.456000000000000000e+03
1.927000000000000000e+03
3.992000000000000000e+03
3.681000000000000000e+03
6.120000000000000000e+02
2.571000000000000000e+03
3.979000000000000000e+03
7.550000000000000000e+02
4.770000000000000000e+03
1.998000000000000000e+03
3.484000000000000000e+03
2.402000000000000000e+03
4.010000000000000000e+02
2.226000000000000000e+03
6.390000000000000000e+02
9.540000000000000000e+02
1.625000000000000000e+03
3.621000000000000000e+03
3.041000000000000000e+03
4.400000000000000000e+02
2.550000000000000000e+02
7.080000000000000000e+02
6.490000000000000000e+02
3.650000000000000000e+03
3.914000000000000000e+03
3.177000000000000000e+03
4.066000000000000000e+03
2.700000000000000000e+03
3.351000000000000000e+03
2.419000000000000000e+03
4.942000000000000000e+03
4.265000000000000000e+03
4.298000000000000000e+03
2.491000000000000000e+03
2.270000000000000000e+03
3.434000000000000000e+03
1.088000000000000000e+03
3.723000000000000000e+03
3.527000000000000000e+03
4.358000000000000000e+03
4.496000000000000000e+03
4.400000000000000000e+01
1.346000000000000000e+03
3.265000000000000000e+03
3.900000000000000000e+03
3.942000000000000000e+03
1.075000000000000000e+03
4.217000000000000000e+03
7.200000000000000000e+01
1.995000000000000000e+03
3.070000000000000000e+03
3.345000000000000000e+03
3.210000000000000000e+03
2.836000000000000000e+03
2.916000000000000000e+03
2.364000000000000000e+03
1.489000000000000000e+03
4.220000000000000000e+03
3.934000000000000000e+03
4.781000000000000000e+03
3.553000000000000000e+03
6.720000000000000000e+02
3.502000000000000000e+03
1.388000000000000000e+03
4.911000000000000000e+03
4.275000000000000000e+03
2.317000000000000000e+03
4.585000000000000000e+03
2.939000000000000000e+03
2.800000000000000000e+02
1.940000000000000000e+03
6.610000000000000000e+02
9.790000000000000000e+02
3.988000000000000000e+03
2.172000000000000000e+03
7.650000000000000000e+02
3.501000000000000000e+03
4.397000000000000000e+03
1.000000000000000000e+03
7.500000000000000000e+02
4.545000000000000000e+03
2.601000000000000000e+03
1.497000000000000000e+03
9.770000000000000000e+02
5.740000000000000000e+02
2.753000000000000000e+03
3.415000000000000000e+03
1.380000000000000000e+03
1.890000000000000000e+02
4.800000000000000000e+01
3.129000000000000000e+03
3.810000000000000000e+03
8.920000000000000000e+02
3.037000000000000000e+03
2.152000000000000000e+03
3.100000000000000000e+03
4.599000000000000000e+03
2.556000000000000000e+03
2.248000000000000000e+03
2.596000000000000000e+03
2.981000000000000000e+03
1.689000000000000000e+03
2.541000000000000000e+03
3.625000000000000000e+03
4.722000000000000000e+03
1.566000000000000000e+03
9.520000000000000000e+02
3.556000000000000000e+03
4.725000000000000000e+03
4.710000000000000000e+03
4.077000000000000000e+03
1.578000000000000000e+03
4.988000000000000000e+03
4.026000000000000000e+03
9.300000000000000000e+01
2.991000000000000000e+03
2.880000000000000000e+02
7.230000000000000000e+02
1.878000000000000000e+03
1.494000000000000000e+03
2.123000000000000000e+03
1.007000000000000000e+03
2.475000000000000000e+03
4.378000000000000000e+03
2.261000000000000000e+03
2.479000000000000000e+03
4.660000000000000000e+02
3.003000000000000000e+03
3.848000000000000000e+03
5.960000000000000000e+02
2.950000000000000000e+02
3.471000000000000000e+03
1.111000000000000000e+03
4.698000000000000000e+03
3.773000000000000000e+03
3.744000000000000000e+03
7.810000000000000000e+02
2.223000000000000000e+03
3.807000000000000000e+03
4.975000000000000000e+03
3.586000000000000000e+03
3.601000000000000000e+03
3.470000000000000000e+03
1.341000000000000000e+03
9.420000000000000000e+02
1.498000000000000000e+03
2.690000000000000000e+02
4.498000000000000000e+03
2.643000000000000000e+03
3.188000000000000000e+03
4.893000000000000000e+03
4.753000000000000000e+03
1.950000000000000000e+02
7.900000000000000000e+01
3.905000000000000000e+03
1.671000000000000000e+03
3.364000000000000000e+03
3.505000000000000000e+03
2.879000000000000000e+03
4.740000000000000000e+03
3.861000000000000000e+03
2.551000000000000000e+03
1.350000000000000000e+03
3.186000000000000000e+03
4.827000000000000000e+03
7.960000000000000000e+02
5.690000000000000000e+02
1.086000000000000000e+03
2.433000000000000000e+03
3.363000000000000000e+03
4.213000000000000000e+03
2.537000000000000000e+03
2.759000000000000000e+03
3.154000000000000000e+03
4.310000000000000000e+02
1.600000000000000000e+01
1.258000000000000000e+03
1.036000000000000000e+03
1.390000000000000000e+02
4.686000000000000000e+03
2.050000000000000000e+02
2.482000000000000000e+03
2.122000000000000000e+03
4.552000000000000000e+03
3.581000000000000000e+03
3.327000000000000000e+03
4.500000000000000000e+02
1.839000000000000000e+03
4.002000000000000000e+03
4.982000000000000000e+03
4.852000000000000000e+03
4.819000000000000000e+03
1.060000000000000000e+03
2.755000000000000000e+03
4.370000000000000000e+02
2.800000000000000000e+01
1.091000000000000000e+03
4.429000000000000000e+03
3.397000000000000000e+03
4.578000000000000000e+03
2.720000000000000000e+03
4.070000000000000000e+03
3.791000000000000000e+03
1.590000000000000000e+02
5.890000000000000000e+02
4.787000000000000000e+03
7.470000000000000000e+02
3.440000000000000000e+02
3.233000000000000000e+03
2.877000000000000000e+03
3.390000000000000000e+03
2.871000000000000000e+03
4.773000000000000000e+03
2.739000000000000000e+03
3.635000000000000000e+03
4.638000000000000000e+03
3.110000000000000000e+03
4.870000000000000000e+02
4.211000000000000000e+03
1.029000000000000000e+03
4.511000000000000000e+03
3.706000000000000000e+03
1.854000000000000000e+03
2.872000000000000000e+03
7.670000000000000000e+02
1.596000000000000000e+03
4.224000000000000000e+03
4.013000000000000000e+03
1.551000000000000000e+03
2.625000000000000000e+03
3.297000000000000000e+03
4.735000000000000000e+03
6.700000000000000000e+02
2.891000000000000000e+03
4.703000000000000000e+03
2.530000000000000000e+02
1.830000000000000000e+02
2.710000000000000000e+02
8.590000000000000000e+02
1.330000000000000000e+02
1.960000000000000000e+03
2.860000000000000000e+02
2.703000000000000000e+03
2.233000000000000000e+03
3.748000000000000000e+03
7.860000000000000000e+02
2.394000000000000000e+03
1.657000000000000000e+03
4.617000000000000000e+03
3.178000000000000000e+03
4.160000000000000000e+02
3.139000000000000000e+03
1.456000000000000000e+03
4.743000000000000000e+03
2.729000000000000000e+03
3.896000000000000000e+03
7.630000000000000000e+02
2.815000000000000000e+03
2.450000000000000000e+03
2.790000000000000000e+02
1.383000000000000000e+03
4.705000000000000000e+03
5.110000000000000000e+02
3.202000000000000000e+03
1.150000000000000000e+03
4.050000000000000000e+03
1.712000000000000000e+03
2.718000000000000000e+03
4.502000000000000000e+03
2.810000000000000000e+02
2.173000000000000000e+03
1.900000000000000000e+02
1.298000000000000000e+03
2.504000000000000000e+03
4.258000000000000000e+03
1.588000000000000000e+03
1.722000000000000000e+03
1.600000000000000000e+03
3.939000000000000000e+03
1.389000000000000000e+03
4.744000000000000000e+03
2.358000000000000000e+03
1.256000000000000000e+03
5.930000000000000000e+02
3.378000000000000000e+03
1.421000000000000000e+03
3.420000000000000000e+02
3.993000000000000000e+03
3.989000000000000000e+03
4.881000000000000000e+03
2.113000000000000000e+03
4.845000000000000000e+03
4.195000000000000000e+03
8.780000000000000000e+02
5.520000000000000000e+02
1.397000000000000000e+03
3.275000000000000000e+03
2.345000000000000000e+03
2.325000000000000000e+03
1.612000000000000000e+03
7.770000000000000000e+02
6.740000000000000000e+02
2.826000000000000000e+03
3.495000000000000000e+03
3.320000000000000000e+03
3.906000000000000000e+03
4.454000000000000000e+03
3.851000000000000000e+03
9.690000000000000000e+02
7.980000000000000000e+02
4.000000000000000000e+00
3.490000000000000000e+02
2.380000000000000000e+03
5.000000000000000000e+00
1.925000000000000000e+03
3.853000000000000000e+03
2.757000000000000000e+03
3.203000000000000000e+03
4.954000000000000000e+03
4.446000000000000000e+03
4.156000000000000000e+03
9.550000000000000000e+02
3.437000000000000000e+03
2.770000000000000000e+02
4.548000000000000000e+03
1.159000000000000000e+03
1.021000000000000000e+03
5.530000000000000000e+02
2.525000000000000000e+03
2.434000000000000000e+03
1.000000000000000000e+01
2.901000000000000000e+03
3.244000000000000000e+03
2.835000000000000000e+03
2.180000000000000000e+03
3.306000000000000000e+03
2.598000000000000000e+03
3.665000000000000000e+03
1.537000000000000000e+03
9.250000000000000000e+02
4.741000000000000000e+03
1.661000000000000000e+03
1.662000000000000000e+03
3.910000000000000000e+02
1.162000000000000000e+03
9.800000000000000000e+02
3.540000000000000000e+03
8.720000000000000000e+02
3.730000000000000000e+02
7.510000000000000000e+02
4.450000000000000000e+03
4.763000000000000000e+03
3.834000000000000000e+03
2.780000000000000000e+03
2.178000000000000000e+03
1.635000000000000000e+03
3.921000000000000000e+03
4.243000000000000000e+03
4.241000000000000000e+03
3.830000000000000000e+03
9.220000000000000000e+02
1.539000000000000000e+03
3.945000000000000000e+03
4.030000000000000000e+02
6.220000000000000000e+02
3.155000000000000000e+03
4.253000000000000000e+03
1.685000000000000000e+03
1.398000000000000000e+03
3.240000000000000000e+02
4.646000000000000000e+03
9.270000000000000000e+02
4.528000000000000000e+03
3.517000000000000000e+03
2.436000000000000000e+03
3.891000000000000000e+03
4.898000000000000000e+03
2.875000000000000000e+03
1.761000000000000000e+03
4.292000000000000000e+03
4.729000000000000000e+03
3.380000000000000000e+03
3.432000000000000000e+03
1.422000000000000000e+03
4.739000000000000000e+03
2.092000000000000000e+03
2.806000000000000000e+03
4.640000000000000000e+02
3.312000000000000000e+03
3.957000000000000000e+03
1.418000000000000000e+03
3.065000000000000000e+03
2.068000000000000000e+03
3.687000000000000000e+03
7.560000000000000000e+02
1.305000000000000000e+03
3.405000000000000000e+03
4.707000000000000000e+03
1.743000000000000000e+03
6.640000000000000000e+02
3.529000000000000000e+03
4.922000000000000000e+03
2.514000000000000000e+03
1.557000000000000000e+03
6.300000000000000000e+01
4.850000000000000000e+02
2.170000000000000000e+02
2.137000000000000000e+03
3.644000000000000000e+03
7.350000000000000000e+02
3.342000000000000000e+03
2.033000000000000000e+03
3.166000000000000000e+03
3.674000000000000000e+03
4.985000000000000000e+03
2.577000000000000000e+03
2.524000000000000000e+03
3.489000000000000000e+03
1.345000000000000000e+03
4.949000000000000000e+03
1.286000000000000000e+03
2.987000000000000000e+03
3.420000000000000000e+03
7.220000000000000000e+02
4.030000000000000000e+03
1.650000000000000000e+02
3.703000000000000000e+03
2.863000000000000000e+03
1.370000000000000000e+03
4.226000000000000000e+03
4.730000000000000000e+03
4.279000000000000000e+03
3.419000000000000000e+03
1.073000000000000000e+03
9.830000000000000000e+02
3.137000000000000000e+03
2.071000000000000000e+03
3.670000000000000000e+02
2.391000000000000000e+03
3.693000000000000000e+03
2.496000000000000000e+03
3.614000000000000000e+03
3.970000000000000000e+03
9.130000000000000000e+02
3.962000000000000000e+03
2.476000000000000000e+03
3.705000000000000000e+03
1.058000000000000000e+03
4.723000000000000000e+03
1.705000000000000000e+03
2.036000000000000000e+03
6.900000000000000000e+01
4.799000000000000000e+03
3.628000000000000000e+03
2.701000000000000000e+03
4.412000000000000000e+03
1.230000000000000000e+02
1.484000000000000000e+03
1.514000000000000000e+03
3.300000000000000000e+01
3.806000000000000000e+03
1.600000000000000000e+02
2.660000000000000000e+03
3.514000000000000000e+03
3.482000000000000000e+03
3.230000000000000000e+02
4.286000000000000000e+03
1.366000000000000000e+03
2.501000000000000000e+03
3.326000000000000000e+03
2.453000000000000000e+03
4.680000000000000000e+02
3.368000000000000000e+03
1.910000000000000000e+02
2.166000000000000000e+03
1.173000000000000000e+03
1.721000000000000000e+03
2.642000000000000000e+03
3.150000000000000000e+02
1.591000000000000000e+03
3.509000000000000000e+03
1.716000000000000000e+03
3.579000000000000000e+03
8.200000000000000000e+01
1.842000000000000000e+03
6.470000000000000000e+02
6.100000000000000000e+01
2.235000000000000000e+03
2.620000000000000000e+03
4.872000000000000000e+03
3.020000000000000000e+03
4.414000000000000000e+03
4.069000000000000000e+03
1.576000000000000000e+03
5.810000000000000000e+02
3.814000000000000000e+03
4.348000000000000000e+03
2.594000000000000000e+03
3.492000000000000000e+03
1.098000000000000000e+03
1.278000000000000000e+03
1.792000000000000000e+03
1.409000000000000000e+03
2.099000000000000000e+03
2.750000000000000000e+02
2.096000000000000000e+03
2.182000000000000000e+03
3.456000000000000000e+03
1.618000000000000000e+03
9.330000000000000000e+02
3.047000000000000000e+03
4.025000000000000000e+03
2.468000000000000000e+03
1.217000000000000000e+03
4.619000000000000000e+03
2.006000000000000000e+03
1.607000000000000000e+03
1.312000000000000000e+03
5.430000000000000000e+02
1.190000000000000000e+03
4.419000000000000000e+03
1.558000000000000000e+03
6.330000000000000000e+02
4.720000000000000000e+03
3.227000000000000000e+03
4.679000000000000000e+03
1.284000000000000000e+03
3.683000000000000000e+03
1.731000000000000000e+03
8.740000000000000000e+02
4.391000000000000000e+03
1.957000000000000000e+03
1.285000000000000000e+03
4.017000000000000000e+03
1.994000000000000000e+03
4.847000000000000000e+03
3.730000000000000000e+03
7.400000000000000000e+02
4.696000000000000000e+03
1.898000000000000000e+03
1.184000000000000000e+03
2.747000000000000000e+03
3.016000000000000000e+03
3.510000000000000000e+03
3.885000000000000000e+03
1.803000000000000000e+03
4.791000000000000000e+03
3.596000000000000000e+03
1.941000000000000000e+03
4.196000000000000000e+03
4.043000000000000000e+03
1.367000000000000000e+03
1.259000000000000000e+03
