3.479000000000000000e+03
4.090000000000000000e+03
4.071000000000000000e+03
4.934000000000000000e+03
1.860000000000000000e+03
1.900000000000000000e+03
2.288000000000000000e+03
2.210000000000000000e+02
2.532000000000000000e+03
2.859000000000000000e+03
1.902000000000000000e+03
3.364000000000000000e+03
4.439000000000000000e+03
7.500000000000000000e+02
3.517000000000000000e+03
4.036000000000000000e+03
4.079000000000000000e+03
4.710000000000000000e+03
3.068000000000000000e+03
7.490000000000000000e+02
4.289000000000000000e+03
1.895000000000000000e+03
4.124000000000000000e+03
3.102000000000000000e+03
2.550000000000000000e+02
4.808000000000000000e+03
3.090000000000000000e+02
7.120000000000000000e+02
4.183000000000000000e+03
2.313000000000000000e+03
2.521000000000000000e+03
4.626000000000000000e+03
2.317000000000000000e+03
3.590000000000000000e+02
2.566000000000000000e+03
2.031000000000000000e+03
3.460000000000000000e+03
4.997000000000000000e+03
3.837000000000000000e+03
2.606000000000000000e+03
1.797000000000000000e+03
4.633000000000000000e+03
4.637000000000000000e+03
1.399000000000000000e+03
3.585000000000000000e+03
1.487000000000000000e+03
3.305000000000000000e+03
2.510000000000000000e+03
8.430000000000000000e+02
4.552000000000000000e+03
4.759000000000000000e+03
1.273000000000000000e+03
1.768000000000000000e+03
3.622000000000000000e+03
1.758000000000000000e+03
1.488000000000000000e+03
3.747000000000000000e+03
4.962000000000000000e+03
3.015000000000000000e+03
4.529000000000000000e+03
3.221000000000000000e+03
2.311000000000000000e+03
3.946000000000000000e+03
2.462000000000000000e+03
2.467000000000000000e+03
2.369000000000000000e+03
3.704000000000000000e+03
1.050000000000000000e+02
2.309000000000000000e+03
1.669000000000000000e+03
4.781000000000000000e+03
1.135000000000000000e+03
4.677000000000000000e+03
3.757000000000000000e+03
4.598000000000000000e+03
3.730000000000000000e+02
3.325000000000000000e+03
3.199000000000000000e+03
4.337000000000000000e+03
3.804000000000000000e+03
3.022000000000000000e+03
4.870000000000000000e+02
4.565000000000000000e+03
3.774000000000000000e+03
2.767000000000000000e+03
1.260000000000000000e+02
1.579000000000000000e+03
9.840000000000000000e+02
1.385000000000000000e+03
2.753000000000000000e+03
3.709000000000000000e+03
5.700000000000000000e+02
1.457000000000000000e+03
4.542000000000000000e+03
4.184000000000000000e+03
4.227000000000000000e+03
4.744000000000000000e+03
1.769000000000000000e+03
4.511000000000000000e+03
2.902000000000000000e+03
8.580000000000000000e+02
7.180000000000000000e+02
2.968000000000000000e+03
1.410000000000000000e+02
2.675000000000000000e+03
2.329000000000000000e+03
4.913000000000000000e+03
1.922000000000000000e+03
4.724000000000000000e+03
4.794000000000000000e+03
9.300000000000000000e+01
7.920000000000000000e+02
2.676000000000000000e+03
2.995000000000000000e+03
4.493000000000000000e+03
1.003000000000000000e+03
3.209000000000000000e+03
4.905000000000000000e+03
2.570000000000000000e+03
5.530000000000000000e+02
3.181000000000000000e+03
4.446000000000000000e+03
3.912000000000000000e+03
2.520000000000000000e+02
4.443000000000000000e+03
3.879000000000000000e+03
9.300000000000000000e+02
3.011000000000000000e+03
1.230000000000000000e+02
4.280000000000000000e+02
3.999000000000000000e+03
4.008000000000000000e+03
4.058000000000000000e+03
4.338000000000000000e+03
3.226000000000000000e+03
9.080000000000000000e+02
1.008000000000000000e+03
8.420000000000000000e+02
1.128000000000000000e+03
3.935000000000000000e+03
1.910000000000000000e+02
1.277000000000000000e+03
3.329000000000000000e+03
5.100000000000000000e+02
4.346000000000000000e+03
1.575000000000000000e+03
3.281000000000000000e+03
2.891000000000000000e+03
2.185000000000000000e+03
4.543000000000000000e+03
4.076000000000000000e+03
2.156000000000000000e+03
1.711000000000000000e+03
3.355000000000000000e+03
4.327000000000000000e+03
2.406000000000000000e+03
3.379000000000000000e+03
5.170000000000000000e+02
1.501000000000000000e+03
6.580000000000000000e+02
3.453000000000000000e+03
2.719000000000000000e+03
6.600000000000000000e+01
4.188000000000000000e+03
2.365000000000000000e+03
3.683000000000000000e+03
1.217000000000000000e+03
4.920000000000000000e+03
9.580000000000000000e+02
7.870000000000000000e+02
1.150000000000000000e+02
2.740000000000000000e+03
1.658000000000000000e+03
2.861000000000000000e+03
1.403000000000000000e+03
3.289000000000000000e+03
3.274000000000000000e+03
4.419000000000000000e+03
1.104000000000000000e+03
4.210000000000000000e+02
2.721000000000000000e+03
4.361000000000000000e+03
1.760000000000000000e+02
1.105000000000000000e+03
3.030000000000000000e+02
1.637000000000000000e+03
4.333000000000000000e+03
1.718000000000000000e+03
3.000000000000000000e+02
2.717000000000000000e+03
6.270000000000000000e+02
4.324000000000000000e+03
3.546000000000000000e+03
1.030000000000000000e+03
1.723000000000000000e+03
3.854000000000000000e+03
6.460000000000000000e+02
4.171000000000000000e+03
1.292000000000000000e+03
3.313000000000000000e+03
4.509000000000000000e+03
3.537000000000000000e+03
3.339000000000000000e+03
2.109000000000000000e+03
8.250000000000000000e+02
4.540000000000000000e+03
1.049000000000000000e+03
2.671000000000000000e+03
5.160000000000000000e+02
3.599000000000000000e+03
1.110000000000000000e+03
9.380000000000000000e+02
1.000000000000000000e+02
1.301000000000000000e+03
1.373000000000000000e+03
1.275000000000000000e+03
3.177000000000000000e+03
1.952000000000000000e+03
3.989000000000000000e+03
1.743000000000000000e+03
4.499000000000000000e+03
1.840000000000000000e+02
1.748000000000000000e+03
4.531000000000000000e+03
9.140000000000000000e+02
4.650000000000000000e+02
3.529000000000000000e+03
2.145000000000000000e+03
1.771000000000000000e+03
4.521000000000000000e+03
1.857000000000000000e+03
8.780000000000000000e+02
4.197000000000000000e+03
1.221000000000000000e+03
2.696000000000000000e+03
1.651000000000000000e+03
4.149000000000000000e+03
1.930000000000000000e+02
1.120000000000000000e+03
9.050000000000000000e+02
2.378000000000000000e+03
2.217000000000000000e+03
1.172000000000000000e+03
3.651000000000000000e+03
4.799000000000000000e+03
3.399000000000000000e+03
1.261000000000000000e+03
3.466000000000000000e+03
3.087000000000000000e+03
2.139000000000000000e+03
3.555000000000000000e+03
3.341000000000000000e+03
2.799000000000000000e+03
2.271000000000000000e+03
4.569000000000000000e+03
2.214000000000000000e+03
3.014000000000000000e+03
2.450000000000000000e+02
3.458000000000000000e+03
3.850000000000000000e+02
3.058000000000000000e+03
2.905000000000000000e+03
1.570000000000000000e+03
4.019000000000000000e+03
3.594000000000000000e+03
3.334000000000000000e+03
4.773000000000000000e+03
2.032000000000000000e+03
2.516000000000000000e+03
4.354000000000000000e+03
4.687000000000000000e+03
5.400000000000000000e+01
9.830000000000000000e+02
4.536000000000000000e+03
8.700000000000000000e+01
2.084000000000000000e+03
3.688000000000000000e+03
2.259000000000000000e+03
4.360000000000000000e+02
3.338000000000000000e+03
2.988000000000000000e+03
7.460000000000000000e+02
4.283000000000000000e+03
2.304000000000000000e+03
3.614000000000000000e+03
3.235000000000000000e+03
6.220000000000000000e+02
9.680000000000000000e+02
6.570000000000000000e+02
4.538000000000000000e+03
4.697000000000000000e+03
2.136000000000000000e+03
3.680000000000000000e+02
3.528000000000000000e+03
8.050000000000000000e+02
1.901000000000000000e+03
1.921000000000000000e+03
4.402000000000000000e+03
3.240000000000000000e+03
1.460000000000000000e+03
3.888000000000000000e+03
2.996000000000000000e+03
2.979000000000000000e+03
1.713000000000000000e+03
5.500000000000000000e+01
4.182000000000000000e+03
4.572000000000000000e+03
4.612000000000000000e+03
2.037000000000000000e+03
6.650000000000000000e+02
4.151000000000000000e+03
3.033000000000000000e+03
4.445000000000000000e+03
1.438000000000000000e+03
1.141000000000000000e+03
4.779000000000000000e+03
9.270000000000000000e+02
8.530000000000000000e+02
3.160000000000000000e+02
2.096000000000000000e+03
3.043000000000000000e+03
4.568000000000000000e+03
3.347000000000000000e+03
4.602000000000000000e+03
4.400000000000000000e+01
9.650000000000000000e+02
8.650000000000000000e+02
4.774000000000000000e+03
1.397000000000000000e+03
4.987000000000000000e+03
8.120000000000000000e+02
3.337000000000000000e+03
3.307000000000000000e+03
3.055000000000000000e+03
3.010000000000000000e+02
3.132000000000000000e+03
3.977000000000000000e+03
3.025000000000000000e+03
4.427000000000000000e+03
3.510000000000000000e+02
4.043000000000000000e+03
4.546000000000000000e+03
2.576000000000000000e+03
2.221000000000000000e+03
1.982000000000000000e+03
2.672000000000000000e+03
1.588000000000000000e+03
3.441000000000000000e+03
2.541000000000000000e+03
3.901000000000000000e+03
4.086000000000000000e+03
3.587000000000000000e+03
3.983000000000000000e+03
2.542000000000000000e+03
1.363000000000000000e+03
2.351000000000000000e+03
3.825000000000000000e+03
2.249000000000000000e+03
3.590000000000000000e+03
4.455000000000000000e+03
4.441000000000000000e+03
4.198000000000000000e+03
2.430000000000000000e+03
3.703000000000000000e+03
2.977000000000000000e+03
1.486000000000000000e+03
3.896000000000000000e+03
1.455000000000000000e+03
3.887000000000000000e+03
1.793000000000000000e+03
2.456000000000000000e+03
2.036000000000000000e+03
4.408000000000000000e+03
3.026000000000000000e+03
1.470000000000000000e+03
2.797000000000000000e+03
4.570000000000000000e+03
4.209000000000000000e+03
2.346000000000000000e+03
4.070000000000000000e+03
2.258000000000000000e+03
8.820000000000000000e+02
2.444000000000000000e+03
1.425000000000000000e+03
1.650000000000000000e+03
4.940000000000000000e+03
3.083000000000000000e+03
3.607000000000000000e+03
2.290000000000000000e+02
3.632000000000000000e+03
1.628000000000000000e+03
1.154000000000000000e+03
2.673000000000000000e+03
3.142000000000000000e+03
1.288000000000000000e+03
2.234000000000000000e+03
2.390000000000000000e+03
6.970000000000000000e+02
1.610000000000000000e+03
1.760000000000000000e+03
3.257000000000000000e+03
3.620000000000000000e+03
2.382000000000000000e+03
2.660000000000000000e+02
1.781000000000000000e+03
2.297000000000000000e+03
2.909000000000000000e+03
4.434000000000000000e+03
2.827000000000000000e+03
3.980000000000000000e+03
9.090000000000000000e+02
5.640000000000000000e+02
2.820000000000000000e+03
6.450000000000000000e+02
1.940000000000000000e+02
2.639000000000000000e+03
3.610000000000000000e+02
3.706000000000000000e+03
2.412000000000000000e+03
2.448000000000000000e+03
5.800000000000000000e+01
1.335000000000000000e+03
3.103000000000000000e+03
3.790000000000000000e+03
3.536000000000000000e+03
9.230000000000000000e+02
2.674000000000000000e+03
1.671000000000000000e+03
3.760000000000000000e+03
4.685000000000000000e+03
1.379000000000000000e+03
1.430000000000000000e+02
2.501000000000000000e+03
1.127000000000000000e+03
1.070000000000000000e+02
4.700000000000000000e+03
5.510000000000000000e+02
3.427000000000000000e+03
3.570000000000000000e+03
4.221000000000000000e+03
3.794000000000000000e+03
1.169000000000000000e+03
1.160000000000000000e+02
1.092000000000000000e+03
4.239000000000000000e+03
4.899000000000000000e+03
4.074000000000000000e+03
8.700000000000000000e+02
4.069000000000000000e+03
3.393000000000000000e+03
4.236000000000000000e+03
2.398000000000000000e+03
4.362000000000000000e+03
1.960000000000000000e+02
3.213000000000000000e+03
2.469000000000000000e+03
1.968000000000000000e+03
1.442000000000000000e+03
3.243000000000000000e+03
3.340000000000000000e+02
4.902000000000000000e+03
2.274000000000000000e+03
1.582000000000000000e+03
1.976000000000000000e+03
7.640000000000000000e+02
2.450000000000000000e+03
3.600000000000000000e+01
1.444000000000000000e+03
4.449000000000000000e+03
5.000000000000000000e+02
3.467000000000000000e+03
4.020000000000000000e+02
4.886000000000000000e+03
2.959000000000000000e+03
2.743000000000000000e+03
4.949000000000000000e+03
7.710000000000000000e+02
4.771000000000000000e+03
4.271000000000000000e+03
4.717000000000000000e+03
1.929000000000000000e+03
2.809000000000000000e+03
1.315000000000000000e+03
4.763000000000000000e+03
3.950000000000000000e+02
2.254000000000000000e+03
2.670000000000000000e+03
1.305000000000000000e+03
1.950000000000000000e+03
4.561000000000000000e+03
1.540000000000000000e+03
2.756000000000000000e+03
3.085000000000000000e+03
4.675000000000000000e+03
1.210000000000000000e+02
4.448000000000000000e+03
2.679000000000000000e+03
4.820000000000000000e+02
1.175000000000000000e+03
3.518000000000000000e+03
1.456000000000000000e+03
1.063000000000000000e+03
2.386000000000000000e+03
2.585000000000000000e+03
2.771000000000000000e+03
1.357000000000000000e+03
4.104000000000000000e+03
3.691000000000000000e+03
1.284000000000000000e+03
4.220000000000000000e+03
1.453000000000000000e+03
2.903000000000000000e+03
4.850000000000000000e+03
4.869000000000000000e+03
5.370000000000000000e+02
2.630000000000000000e+03
4.140000000000000000e+03
3.498000000000000000e+03
8.020000000000000000e+02
3.569000000000000000e+03
8.960000000000000000e+02
3.532000000000000000e+03
2.395000000000000000e+03
3.705000000000000000e+03
1.573000000000000000e+03
4.758000000000000000e+03
1.589000000000000000e+03
1.909000000000000000e+03
1.971000000000000000e+03
8.710000000000000000e+02
2.623000000000000000e+03
2.544000000000000000e+03
3.189000000000000000e+03
2.312000000000000000e+03
2.843000000000000000e+03
7.850000000000000000e+02
4.928000000000000000e+03
7.830000000000000000e+02
8.300000000000000000e+02
3.291000000000000000e+03
3.762000000000000000e+03
4.370000000000000000e+03
2.264000000000000000e+03
3.681000000000000000e+03
3.821000000000000000e+03
1.518000000000000000e+03
1.344000000000000000e+03
1.120000000000000000e+02
8.160000000000000000e+02
8.300000000000000000e+01
4.596000000000000000e+03
2.681000000000000000e+03
9.950000000000000000e+02
1.680000000000000000e+03
4.576000000000000000e+03
3.908000000000000000e+03
1.297000000000000000e+03
4.650000000000000000e+03
1.564000000000000000e+03
3.679000000000000000e+03
2.837000000000000000e+03
1.220000000000000000e+02
4.010000000000000000e+02
9.750000000000000000e+02
3.397000000000000000e+03
2.804000000000000000e+03
3.465000000000000000e+03
2.703000000000000000e+03
3.433000000000000000e+03
2.117000000000000000e+03
3.646000000000000000e+03
3.269000000000000000e+03
1.414000000000000000e+03
6.510000000000000000e+02
2.580000000000000000e+03
1.819000000000000000e+03
4.785000000000000000e+03
4.761000000000000000e+03
2.181000000000000000e+03
3.495000000000000000e+03
2.252000000000000000e+03
2.273000000000000000e+03
2.800000000000000000e+03
4.325000000000000000e+03
4.083000000000000000e+03
1.613000000000000000e+03
1.107000000000000000e+03
2.596000000000000000e+03
4.082000000000000000e+03
2.605000000000000000e+03
3.062000000000000000e+03
2.155000000000000000e+03
3.323000000000000000e+03
4.284000000000000000e+03
4.103000000000000000e+03
1.751000000000000000e+03
2.060000000000000000e+02
4.742000000000000000e+03
4.262000000000000000e+03
1.481000000000000000e+03
2.626000000000000000e+03
1.965000000000000000e+03
3.963000000000000000e+03
3.176000000000000000e+03
3.331000000000000000e+03
1.918000000000000000e+03
4.351000000000000000e+03
4.092000000000000000e+03
4.929000000000000000e+03
4.670000000000000000e+02
3.290000000000000000e+03
2.930000000000000000e+02
4.430000000000000000e+03
1.040000000000000000e+03
3.215000000000000000e+03
2.844000000000000000e+03
3.886000000000000000e+03
2.549000000000000000e+03
1.187000000000000000e+03
2.830000000000000000e+02
1.019000000000000000e+03
5.740000000000000000e+02
3.862000000000000000e+03
4.005000000000000000e+03
1.515000000000000000e+03
4.106000000000000000e+03
7.470000000000000000e+02
2.645000000000000000e+03
2.810000000000000000e+02
2.689000000000000000e+03
4.400000000000000000e+03
7.170000000000000000e+02
3.317000000000000000e+03
5.230000000000000000e+02
9.400000000000000000e+02
1.625000000000000000e+03
3.440000000000000000e+02
4.792000000000000000e+03
3.832000000000000000e+03
3.288000000000000000e+03
3.597000000000000000e+03
6.470000000000000000e+02
3.817000000000000000e+03
8.770000000000000000e+02
3.519000000000000000e+03
3.727000000000000000e+03
1.606000000000000000e+03
4.009000000000000000e+03
1.340000000000000000e+02
2.649000000000000000e+03
4.457000000000000000e+03
1.878000000000000000e+03
1.809000000000000000e+03
1.461000000000000000e+03
4.783000000000000000e+03
1.031000000000000000e+03
2.897000000000000000e+03
1.015000000000000000e+03
3.018000000000000000e+03
3.760000000000000000e+02
2.755000000000000000e+03
3.196000000000000000e+03
9.280000000000000000e+02
2.040000000000000000e+02
4.490000000000000000e+03
1.906000000000000000e+03
4.290000000000000000e+03
2.836000000000000000e+03
3.395000000000000000e+03
4.172000000000000000e+03
3.285000000000000000e+03
1.599000000000000000e+03
4.100000000000000000e+02
2.091000000000000000e+03
2.135000000000000000e+03
6.610000000000000000e+02
1.640000000000000000e+03
4.876000000000000000e+03
2.794000000000000000e+03
3.816000000000000000e+03
2.056000000000000000e+03
2.970000000000000000e+03
2.552000000000000000e+03
4.230000000000000000e+02
6.790000000000000000e+02
4.336000000000000000e+03
2.652000000000000000e+03
1.661000000000000000e+03
2.565000000000000000e+03
4.040000000000000000e+03
4.203000000000000000e+03
4.760000000000000000e+02
1.875000000000000000e+03
1.880000000000000000e+02
4.406000000000000000e+03
1.021000000000000000e+03
4.525000000000000000e+03
4.175000000000000000e+03
3.734000000000000000e+03
8.390000000000000000e+02
3.663000000000000000e+03
1.616000000000000000e+03
3.577000000000000000e+03
2.246000000000000000e+03
4.560000000000000000e+02
2.483000000000000000e+03
2.680000000000000000e+02
2.177000000000000000e+03
2.435000000000000000e+03
3.027000000000000000e+03
3.570000000000000000e+02
4.710000000000000000e+02
1.887000000000000000e+03
4.968000000000000000e+03
2.324000000000000000e+03
3.671000000000000000e+03
2.618000000000000000e+03
3.552000000000000000e+03
4.722000000000000000e+03
3.661000000000000000e+03
1.745000000000000000e+03
1.583000000000000000e+03
4.117000000000000000e+03
8.800000000000000000e+01
4.586000000000000000e+03
3.797000000000000000e+03
6.030000000000000000e+02
4.097000000000000000e+03
2.190000000000000000e+02
1.155000000000000000e+03
1.056000000000000000e+03
1.892000000000000000e+03
4.429000000000000000e+03
4.244000000000000000e+03
2.148000000000000000e+03
4.440000000000000000e+03
2.818000000000000000e+03
1.617000000000000000e+03
7.400000000000000000e+02
3.993000000000000000e+03
2.370000000000000000e+02
2.886000000000000000e+03
3.104000000000000000e+03
1.038000000000000000e+03
1.052000000000000000e+03
4.407000000000000000e+03
4.600000000000000000e+03
3.003000000000000000e+03
4.176000000000000000e+03
4.567000000000000000e+03
3.340000000000000000e+03
6.100000000000000000e+01
3.299000000000000000e+03
2.789000000000000000e+03
1.472000000000000000e+03
2.388000000000000000e+03
5.420000000000000000e+02
9.160000000000000000e+02
1.531000000000000000e+03
1.171000000000000000e+03
2.489000000000000000e+03
3.931000000000000000e+03
7.610000000000000000e+02
4.818000000000000000e+03
4.589000000000000000e+03
3.164000000000000000e+03
1.307000000000000000e+03
2.761000000000000000e+03
4.307000000000000000e+03
1.810000000000000000e+03
2.120000000000000000e+03
3.188000000000000000e+03
1.089000000000000000e+03
2.632000000000000000e+03
3.255000000000000000e+03
3.910000000000000000e+03
2.093000000000000000e+03
3.326000000000000000e+03
3.262000000000000000e+03
2.164000000000000000e+03
2.577000000000000000e+03
2.545000000000000000e+03
3.515000000000000000e+03
4.459000000000000000e+03
2.000000000000000000e+01
3.357000000000000000e+03
4.516000000000000000e+03
3.138000000000000000e+03
4.825000000000000000e+03
1.775000000000000000e+03
3.820000000000000000e+03
4.281000000000000000e+03
1.053000000000000000e+03
1.509000000000000000e+03
4.310000000000000000e+03
4.680000000000000000e+03
4.714000000000000000e+03
2.850000000000000000e+02
1.310000000000000000e+02
4.369000000000000000e+03
2.625000000000000000e+03
1.197000000000000000e+03
8.000000000000000000e+00
1.460000000000000000e+02
7.440000000000000000e+02
1.644000000000000000e+03
4.514000000000000000e+03
4.738000000000000000e+03
3.368000000000000000e+03
7.480000000000000000e+02
2.646000000000000000e+03
3.420000000000000000e+02
1.525000000000000000e+03
2.512000000000000000e+03
3.423000000000000000e+03
4.600000000000000000e+02
1.867000000000000000e+03
2.651000000000000000e+03
4.080000000000000000e+02
6.820000000000000000e+02
3.264000000000000000e+03
2.000000000000000000e+03
2.071000000000000000e+03
2.656000000000000000e+03
4.415000000000000000e+03
1.524000000000000000e+03
2.966000000000000000e+03
1.721000000000000000e+03
3.750000000000000000e+03
4.730000000000000000e+03
4.424000000000000000e+03
1.514000000000000000e+03
7.580000000000000000e+02
4.322000000000000000e+03
2.657000000000000000e+03
1.984000000000000000e+03
1.441000000000000000e+03
3.248000000000000000e+03
3.031000000000000000e+03
3.784000000000000000e+03
1.861000000000000000e+03
4.357000000000000000e+03
5.410000000000000000e+02
7.600000000000000000e+01
3.786000000000000000e+03
3.913000000000000000e+03
1.603000000000000000e+03
6.850000000000000000e+02
3.592000000000000000e+03
3.576000000000000000e+03
3.857000000000000000e+03
2.950000000000000000e+03
3.542000000000000000e+03
1.278000000000000000e+03
4.583000000000000000e+03
5.550000000000000000e+02
2.101000000000000000e+03
2.301000000000000000e+03
3.148000000000000000e+03
4.725000000000000000e+03
1.541000000000000000e+03
4.481000000000000000e+03
2.778000000000000000e+03
4.992000000000000000e+03
3.883000000000000000e+03
2.006000000000000000e+03
2.325000000000000000e+03
2.862000000000000000e+03
4.963000000000000000e+03
3.348000000000000000e+03
1.680000000000000000e+02
2.239000000000000000e+03
3.426000000000000000e+03
4.214000000000000000e+03
2.713000000000000000e+03
4.925000000000000000e+03
3.606000000000000000e+03
1.090000000000000000e+02
2.343000000000000000e+03
1.190000000000000000e+03
2.433000000000000000e+03
4.377000000000000000e+03
7.820000000000000000e+02
5.940000000000000000e+02
2.601000000000000000e+03
1.020000000000000000e+03
2.812000000000000000e+03
1.940000000000000000e+03
4.053000000000000000e+03
7.280000000000000000e+02
4.972000000000000000e+03
3.900000000000000000e+03
2.186000000000000000e+03
3.310000000000000000e+03
1.670000000000000000e+02
6.760000000000000000e+02
4.136000000000000000e+03
1.080000000000000000e+02
4.030000000000000000e+02
1.210000000000000000e+03
2.244000000000000000e+03
2.954000000000000000e+03
5.460000000000000000e+02
8.480000000000000000e+02
3.082000000000000000e+03
3.139000000000000000e+03
2.558000000000000000e+03
2.800000000000000000e+02
4.816000000000000000e+03
2.111000000000000000e+03
2.686000000000000000e+03
4.478000000000000000e+03
1.000000000000000000e+01
4.680000000000000000e+02
4.442000000000000000e+03
2.470000000000000000e+02
3.674000000000000000e+03
1.291000000000000000e+03
4.743000000000000000e+03
4.034000000000000000e+03
3.456000000000000000e+03
1.833000000000000000e+03
2.350000000000000000e+03
3.178000000000000000e+03
4.702000000000000000e+03
1.916000000000000000e+03
3.822000000000000000e+03
8.850000000000000000e+02
2.207000000000000000e+03
1.241000000000000000e+03
6.780000000000000000e+02
3.108000000000000000e+03
4.734000000000000000e+03
4.573000000000000000e+03
4.964000000000000000e+03
3.562000000000000000e+03
3.845000000000000000e+03
3.625000000000000000e+03
4.656000000000000000e+03
4.838000000000000000e+03
3.012000000000000000e+03
4.423000000000000000e+03
4.100000000000000000e+03
4.033000000000000000e+03
1.656000000000000000e+03
1.229000000000000000e+03
3.763000000000000000e+03
1.194000000000000000e+03
1.741000000000000000e+03
1.923000000000000000e+03
1.450000000000000000e+02
3.450000000000000000e+02
4.144000000000000000e+03
3.145000000000000000e+03
1.717000000000000000e+03
2.777000000000000000e+03
2.356000000000000000e+03
4.550000000000000000e+03
4.835000000000000000e+03
4.148000000000000000e+03
2.819000000000000000e+03
4.413000000000000000e+03
2.131000000000000000e+03
1.884000000000000000e+03
2.360000000000000000e+02
5.000000000000000000e+01
3.259000000000000000e+03
2.328000000000000000e+03
2.376000000000000000e+03
6.010000000000000000e+02
4.120000000000000000e+03
3.314000000000000000e+03
2.641000000000000000e+03
2.661000000000000000e+03
7.550000000000000000e+02
2.525000000000000000e+03
2.611000000000000000e+03
3.723000000000000000e+03
1.620000000000000000e+02
2.250000000000000000e+03
1.707000000000000000e+03
3.260000000000000000e+03
1.400000000000000000e+03
5.260000000000000000e+02
9.060000000000000000e+02
2.493000000000000000e+03
4.969000000000000000e+03
