2.967000000000000000e+03
3.018000000000000000e+03
3.675000000000000000e+03
4.885000000000000000e+03
2.596000000000000000e+03
1.988000000000000000e+03
2.715000000000000000e+03
2.010000000000000000e+02
2.230000000000000000e+03
1.089000000000000000e+03
1.111000000000000000e+03
2.920000000000000000e+03
2.726000000000000000e+03
2.731000000000000000e+03
2.913000000000000000e+03
2.167000000000000000e+03
1.200000000000000000e+03
4.065000000000000000e+03
2.746000000000000000e+03
1.971000000000000000e+03
1.980000000000000000e+03
3.384000000000000000e+03
1.272000000000000000e+03
2.098000000000000000e+03
2.086000000000000000e+03
3.924000000000000000e+03
1.433000000000000000e+03
3.883000000000000000e+03
1.466000000000000000e+03
3.868000000000000000e+03
2.238000000000000000e+03
2.707000000000000000e+03
1.498000000000000000e+03
4.698000000000000000e+03
2.555000000000000000e+03
3.087000000000000000e+03
6.110000000000000000e+02
2.449000000000000000e+03
2.425000000000000000e+03
3.155000000000000000e+03
4.759000000000000000e+03
2.401000000000000000e+03
3.178000000000000000e+03
7.570000000000000000e+02
2.389000000000000000e+03
1.043000000000000000e+03
7.760000000000000000e+02
8.300000000000000000e+02
2.961000000000000000e+03
4.339000000000000000e+03
8.780000000000000000e+02
2.672000000000000000e+03
3.234000000000000000e+03
2.315000000000000000e+03
4.808000000000000000e+03
9.520000000000000000e+02
9.640000000000000000e+02
2.693000000000000000e+03
4.229000000000000000e+03
2.850000000000000000e+02
3.519000000000000000e+03
2.836000000000000000e+03
4.192000000000000000e+03
4.971000000000000000e+03
1.732000000000000000e+03
1.794000000000000000e+03
3.719000000000000000e+03
3.668000000000000000e+03
3.725000000000000000e+03
3.655000000000000000e+03
3.785000000000000000e+03
3.618000000000000000e+03
1.776000000000000000e+03
4.406000000000000000e+03
2.388000000000000000e+03
1.224000000000000000e+03
1.900000000000000000e+02
4.913000000000000000e+03
1.617000000000000000e+03
2.700000000000000000e+03
1.357000000000000000e+03
3.690000000000000000e+03
3.422000000000000000e+03
6.560000000000000000e+02
3.106000000000000000e+03
1.610000000000000000e+02
3.997000000000000000e+03
1.929000000000000000e+03
3.170000000000000000e+03
4.412000000000000000e+03
6.490000000000000000e+02
9.960000000000000000e+02
4.955000000000000000e+03
1.006000000000000000e+03
2.704000000000000000e+03
2.549000000000000000e+03
4.972000000000000000e+03
4.862000000000000000e+03
4.552000000000000000e+03
1.250000000000000000e+03
4.566000000000000000e+03
3.091000000000000000e+03
3.676000000000000000e+03
2.709000000000000000e+03
2.277000000000000000e+03
1.341000000000000000e+03
8.830000000000000000e+02
3.207000000000000000e+03
3.820000000000000000e+02
3.658000000000000000e+03
3.650000000000000000e+02
4.896000000000000000e+03
1.278000000000000000e+03
4.299000000000000000e+03
2.400000000000000000e+01
4.282000000000000000e+03
7.870000000000000000e+02
9.770000000000000000e+02
4.825000000000000000e+03
2.730000000000000000e+03
1.151000000000000000e+03
1.045000000000000000e+03
9.020000000000000000e+02
2.283000000000000000e+03
8.470000000000000000e+02
3.423000000000000000e+03
6.430000000000000000e+02
1.944000000000000000e+03
3.320000000000000000e+02
6.070000000000000000e+02
1.360000000000000000e+03
4.538000000000000000e+03
4.550000000000000000e+03
3.882000000000000000e+03
5.210000000000000000e+02
1.740000000000000000e+03
2.300000000000000000e+02
2.474000000000000000e+03
9.650000000000000000e+02
1.400000000000000000e+03
1.548000000000000000e+03
2.184000000000000000e+03
1.601000000000000000e+03
9.300000000000000000e+02
3.354000000000000000e+03
5.770000000000000000e+02
2.928000000000000000e+03
1.577000000000000000e+03
1.994000000000000000e+03
4.194000000000000000e+03
4.520000000000000000e+03
1.966000000000000000e+03
2.702000000000000000e+03
3.701000000000000000e+03
3.485000000000000000e+03
1.524000000000000000e+03
2.159000000000000000e+03
2.262000000000000000e+03
4.154000000000000000e+03
2.423000000000000000e+03
2.768000000000000000e+03
7.850000000000000000e+02
4.602000000000000000e+03
3.753000000000000000e+03
3.227000000000000000e+03
4.452000000000000000e+03
3.393000000000000000e+03
9.720000000000000000e+02
3.642000000000000000e+03
4.302000000000000000e+03
2.461000000000000000e+03
3.897000000000000000e+03
2.809000000000000000e+03
4.190000000000000000e+02
1.560000000000000000e+03
4.600000000000000000e+01
4.462000000000000000e+03
1.779000000000000000e+03
3.901000000000000000e+03
4.036000000000000000e+03
2.362000000000000000e+03
3.078000000000000000e+03
4.537000000000000000e+03
2.690000000000000000e+03
4.715000000000000000e+03
2.675000000000000000e+03
4.228000000000000000e+03
3.206000000000000000e+03
3.920000000000000000e+02
1.917000000000000000e+03
2.027000000000000000e+03
1.675000000000000000e+03
3.905000000000000000e+03
2.138000000000000000e+03
4.055000000000000000e+03
2.115000000000000000e+03
1.423000000000000000e+03
3.525000000000000000e+03
5.090000000000000000e+02
3.840000000000000000e+02
3.542000000000000000e+03
4.380000000000000000e+03
3.260000000000000000e+03
1.753000000000000000e+03
9.430000000000000000e+02
4.297000000000000000e+03
4.530000000000000000e+03
1.050000000000000000e+03
3.368000000000000000e+03
1.856000000000000000e+03
4.363000000000000000e+03
6.750000000000000000e+02
1.000000000000000000e+03
1.303000000000000000e+03
1.576000000000000000e+03
4.638000000000000000e+03
4.365000000000000000e+03
2.944000000000000000e+03
3.689000000000000000e+03
1.454000000000000000e+03
2.160000000000000000e+03
3.650000000000000000e+03
1.153000000000000000e+03
3.169000000000000000e+03
3.700000000000000000e+02
2.895000000000000000e+03
3.624000000000000000e+03
1.600000000000000000e+01
1.946000000000000000e+03
4.416000000000000000e+03
2.825000000000000000e+03
4.618000000000000000e+03
4.060000000000000000e+02
4.307000000000000000e+03
3.070000000000000000e+03
3.994000000000000000e+03
3.977000000000000000e+03
2.877000000000000000e+03
2.826000000000000000e+03
3.754000000000000000e+03
4.479000000000000000e+03
3.906000000000000000e+03
3.947000000000000000e+03
2.722000000000000000e+03
2.034000000000000000e+03
1.763000000000000000e+03
2.651000000000000000e+03
3.157000000000000000e+03
3.020000000000000000e+02
5.800000000000000000e+02
2.199000000000000000e+03
2.378000000000000000e+03
1.160000000000000000e+03
3.381000000000000000e+03
2.284000000000000000e+03
3.800000000000000000e+01
2.340000000000000000e+02
4.859000000000000000e+03
4.276000000000000000e+03
2.302000000000000000e+03
4.692000000000000000e+03
4.887000000000000000e+03
1.173000000000000000e+03
2.190000000000000000e+02
9.380000000000000000e+02
4.144000000000000000e+03
5.160000000000000000e+02
2.564000000000000000e+03
3.784000000000000000e+03
4.779000000000000000e+03
4.461000000000000000e+03
2.009000000000000000e+03
2.215000000000000000e+03
4.484000000000000000e+03
4.714000000000000000e+03
1.041000000000000000e+03
3.517000000000000000e+03
3.190000000000000000e+02
2.436000000000000000e+03
2.008000000000000000e+03
2.179000000000000000e+03
2.708000000000000000e+03
1.158000000000000000e+03
6.870000000000000000e+02
9.850000000000000000e+02
3.060000000000000000e+03
9.000000000000000000e+01
4.731000000000000000e+03
2.874000000000000000e+03
5.650000000000000000e+02
2.477000000000000000e+03
3.410000000000000000e+02
4.567000000000000000e+03
1.517000000000000000e+03
1.440000000000000000e+03
2.619000000000000000e+03
2.796000000000000000e+03
1.991000000000000000e+03
6.240000000000000000e+02
1.719000000000000000e+03
4.511000000000000000e+03
5.100000000000000000e+02
3.100000000000000000e+01
4.199000000000000000e+03
1.468000000000000000e+03
2.537000000000000000e+03
1.168000000000000000e+03
2.830000000000000000e+03
2.334000000000000000e+03
4.660000000000000000e+03
1.091000000000000000e+03
4.270000000000000000e+02
1.289000000000000000e+03
2.673000000000000000e+03
4.230000000000000000e+02
1.815000000000000000e+03
1.702000000000000000e+03
3.024000000000000000e+03
2.200000000000000000e+03
1.285000000000000000e+03
2.000000000000000000e+00
2.861000000000000000e+03
3.388000000000000000e+03
2.540000000000000000e+02
2.106000000000000000e+03
7.000000000000000000e+01
2.774000000000000000e+03
8.520000000000000000e+02
2.349000000000000000e+03
1.549000000000000000e+03
4.201000000000000000e+03
3.649000000000000000e+03
2.263000000000000000e+03
3.694000000000000000e+03
2.911000000000000000e+03
3.000000000000000000e+00
2.760000000000000000e+03
4.500000000000000000e+02
4.645000000000000000e+03
1.589000000000000000e+03
1.354000000000000000e+03
2.280000000000000000e+03
4.056000000000000000e+03
4.813000000000000000e+03
1.883000000000000000e+03
2.567000000000000000e+03
3.036000000000000000e+03
2.270000000000000000e+03
1.595000000000000000e+03
3.241000000000000000e+03
8.400000000000000000e+01
6.600000000000000000e+02
6.020000000000000000e+02
1.826000000000000000e+03
8.920000000000000000e+02
1.997000000000000000e+03
5.950000000000000000e+02
1.280000000000000000e+03
2.469000000000000000e+03
1.166000000000000000e+03
2.162000000000000000e+03
4.985000000000000000e+03
1.793000000000000000e+03
3.166000000000000000e+03
3.890000000000000000e+03
4.804000000000000000e+03
2.827000000000000000e+03
2.946000000000000000e+03
3.827000000000000000e+03
9.080000000000000000e+02
3.556000000000000000e+03
1.695000000000000000e+03
1.025000000000000000e+03
3.619000000000000000e+03
3.365000000000000000e+03
4.354000000000000000e+03
4.137000000000000000e+03
3.857000000000000000e+03
2.511000000000000000e+03
3.596000000000000000e+03
1.399000000000000000e+03
1.049000000000000000e+03
1.640000000000000000e+03
1.299000000000000000e+03
1.975000000000000000e+03
4.033000000000000000e+03
2.341000000000000000e+03
1.761000000000000000e+03
7.700000000000000000e+02
3.135000000000000000e+03
6.400000000000000000e+02
1.530000000000000000e+03
4.532000000000000000e+03
1.645000000000000000e+03
4.436000000000000000e+03
3.627000000000000000e+03
1.715000000000000000e+03
4.586000000000000000e+03
1.380000000000000000e+02
1.817000000000000000e+03
2.326000000000000000e+03
2.998000000000000000e+03
3.782000000000000000e+03
4.555000000000000000e+03
2.492000000000000000e+03
1.063000000000000000e+03
1.080000000000000000e+02
3.022000000000000000e+03
4.852000000000000000e+03
4.058000000000000000e+03
2.597000000000000000e+03
1.298000000000000000e+03
2.635000000000000000e+03
2.313000000000000000e+03
5.810000000000000000e+02
1.251000000000000000e+03
2.001000000000000000e+03
3.232000000000000000e+03
2.922000000000000000e+03
1.870000000000000000e+03
4.044000000000000000e+03
7.410000000000000000e+02
1.853000000000000000e+03
1.844000000000000000e+03
1.099000000000000000e+03
6.670000000000000000e+02
4.528000000000000000e+03
3.526000000000000000e+03
6.600000000000000000e+01
3.360000000000000000e+02
5.730000000000000000e+02
1.646000000000000000e+03
3.095000000000000000e+03
3.250000000000000000e+02
3.786000000000000000e+03
3.167000000000000000e+03
4.388000000000000000e+03
1.046000000000000000e+03
3.631000000000000000e+03
2.257000000000000000e+03
3.263000000000000000e+03
4.261000000000000000e+03
4.019000000000000000e+03
4.329000000000000000e+03
2.076000000000000000e+03
4.993000000000000000e+03
5.200000000000000000e+02
2.025000000000000000e+03
2.978000000000000000e+03
7.010000000000000000e+02
3.006000000000000000e+03
5.170000000000000000e+02
4.223000000000000000e+03
6.090000000000000000e+02
3.477000000000000000e+03
3.068000000000000000e+03
2.089000000000000000e+03
2.653000000000000000e+03
4.457000000000000000e+03
3.851000000000000000e+03
2.892000000000000000e+03
8.410000000000000000e+02
3.480000000000000000e+02
4.882000000000000000e+03
4.608000000000000000e+03
5.030000000000000000e+02
3.164000000000000000e+03
3.948000000000000000e+03
2.337000000000000000e+03
8.660000000000000000e+02
1.028000000000000000e+03
2.151000000000000000e+03
8.890000000000000000e+02
2.145000000000000000e+03
4.473000000000000000e+03
4.155000000000000000e+03
4.270000000000000000e+03
1.391000000000000000e+03
3.840000000000000000e+03
3.330000000000000000e+03
3.612000000000000000e+03
3.621000000000000000e+03
1.747000000000000000e+03
2.866000000000000000e+03
4.949000000000000000e+03
2.561000000000000000e+03
2.290000000000000000e+03
3.060000000000000000e+02
4.573000000000000000e+03
2.548000000000000000e+03
4.745000000000000000e+03
2.847000000000000000e+03
4.505000000000000000e+03
3.797000000000000000e+03
1.282000000000000000e+03
2.934000000000000000e+03
8.310000000000000000e+02
3.362000000000000000e+03
2.818000000000000000e+03
3.198000000000000000e+03
3.047000000000000000e+03
4.943000000000000000e+03
1.384000000000000000e+03
4.465000000000000000e+03
4.249000000000000000e+03
2.791000000000000000e+03
3.408000000000000000e+03
4.510000000000000000e+02
8.640000000000000000e+02
3.893000000000000000e+03
1.015000000000000000e+03
4.984000000000000000e+03
3.371000000000000000e+03
1.128000000000000000e+03
2.703000000000000000e+03
3.527000000000000000e+03
2.368000000000000000e+03
3.101000000000000000e+03
4.694000000000000000e+03
4.510000000000000000e+03
9.220000000000000000e+02
3.677000000000000000e+03
8.370000000000000000e+02
1.624000000000000000e+03
1.958000000000000000e+03
4.364000000000000000e+03
3.110000000000000000e+03
2.840000000000000000e+02
4.766000000000000000e+03
2.655000000000000000e+03
2.058000000000000000e+03
6.540000000000000000e+02
2.240000000000000000e+03
2.442000000000000000e+03
3.249000000000000000e+03
1.630000000000000000e+02
2.068000000000000000e+03
4.864000000000000000e+03
1.877000000000000000e+03
2.971000000000000000e+03
3.912000000000000000e+03
2.739000000000000000e+03
4.891000000000000000e+03
9.320000000000000000e+02
1.026000000000000000e+03
3.498000000000000000e+03
1.890000000000000000e+03
2.208000000000000000e+03
2.095000000000000000e+03
4.358000000000000000e+03
4.605000000000000000e+03
4.471000000000000000e+03
1.471000000000000000e+03
1.369000000000000000e+03
1.331000000000000000e+03
4.970000000000000000e+02
4.489000000000000000e+03
6.320000000000000000e+02
3.872000000000000000e+03
4.286000000000000000e+03
4.450000000000000000e+02
2.254000000000000000e+03
2.460000000000000000e+03
3.564000000000000000e+03
4.456000000000000000e+03
8.530000000000000000e+02
4.272000000000000000e+03
3.143000000000000000e+03
4.430000000000000000e+03
4.034000000000000000e+03
2.087000000000000000e+03
2.994000000000000000e+03
1.772000000000000000e+03
2.830000000000000000e+02
2.307000000000000000e+03
2.948000000000000000e+03
1.677000000000000000e+03
3.475000000000000000e+03
4.222000000000000000e+03
1.245000000000000000e+03
1.900000000000000000e+01
3.604000000000000000e+03
4.981000000000000000e+03
4.547000000000000000e+03
2.779000000000000000e+03
4.318000000000000000e+03
4.073000000000000000e+03
4.707000000000000000e+03
4.927000000000000000e+03
5.750000000000000000e+02
5.120000000000000000e+02
4.166000000000000000e+03
3.313000000000000000e+03
7.650000000000000000e+02
6.860000000000000000e+02
4.920000000000000000e+03
4.006000000000000000e+03
3.673000000000000000e+03
2.030000000000000000e+02
2.177000000000000000e+03
3.053000000000000000e+03
2.261000000000000000e+03
4.682000000000000000e+03
3.566000000000000000e+03
2.191000000000000000e+03
1.065000000000000000e+03
2.040000000000000000e+02
7.120000000000000000e+02
3.294000000000000000e+03
2.399000000000000000e+03
1.307000000000000000e+03
1.118000000000000000e+03
3.692000000000000000e+03
3.660000000000000000e+02
4.668000000000000000e+03
2.210000000000000000e+03
2.925000000000000000e+03
1.699000000000000000e+03
2.246000000000000000e+03
4.506000000000000000e+03
4.610000000000000000e+03
2.765000000000000000e+03
4.830000000000000000e+02
2.278000000000000000e+03
4.322000000000000000e+03
6.000000000000000000e+01
4.744000000000000000e+03
3.185000000000000000e+03
1.822000000000000000e+03
1.440000000000000000e+02
8.080000000000000000e+02
3.430000000000000000e+03
5.620000000000000000e+02
4.897000000000000000e+03
1.457000000000000000e+03
1.283000000000000000e+03
7.000000000000000000e+00
1.136000000000000000e+03
4.052000000000000000e+03
1.293000000000000000e+03
2.585000000000000000e+03
4.107000000000000000e+03
4.043000000000000000e+03
3.273000000000000000e+03
1.916000000000000000e+03
2.448000000000000000e+03
1.100000000000000000e+01
1.642000000000000000e+03
2.832000000000000000e+03
4.656000000000000000e+03
1.076000000000000000e+03
2.748000000000000000e+03
1.240000000000000000e+02
3.296000000000000000e+03
2.229000000000000000e+03
3.093000000000000000e+03
3.272000000000000000e+03
1.119000000000000000e+03
3.265000000000000000e+03
2.602000000000000000e+03
3.221000000000000000e+03
3.146000000000000000e+03
3.798000000000000000e+03
2.296000000000000000e+03
4.814000000000000000e+03
4.081000000000000000e+03
3.964000000000000000e+03
1.681000000000000000e+03
3.453000000000000000e+03
4.920000000000000000e+02
2.904000000000000000e+03
2.790000000000000000e+03
3.317000000000000000e+03
8.130000000000000000e+02
3.938000000000000000e+03
5.700000000000000000e+02
3.704000000000000000e+03
3.959000000000000000e+03
2.579000000000000000e+03
8.500000000000000000e+02
4.399000000000000000e+03
2.348000000000000000e+03
7.700000000000000000e+01
1.039000000000000000e+03
1.297000000000000000e+03
4.933000000000000000e+03
2.696000000000000000e+03
4.737000000000000000e+03
3.540000000000000000e+02
3.120000000000000000e+03
5.410000000000000000e+02
4.160000000000000000e+03
3.900000000000000000e+03
4.671000000000000000e+03
3.418000000000000000e+03
4.424000000000000000e+03
6.850000000000000000e+02
3.765000000000000000e+03
2.142000000000000000e+03
1.931000000000000000e+03
6.790000000000000000e+02
2.327000000000000000e+03
8.040000000000000000e+02
4.010000000000000000e+03
4.298000000000000000e+03
3.476000000000000000e+03
2.258000000000000000e+03
1.226000000000000000e+03
4.675000000000000000e+03
4.838000000000000000e+03
2.083000000000000000e+03
8.590000000000000000e+02
3.529000000000000000e+03
1.230000000000000000e+03
1.526000000000000000e+03
4.000000000000000000e+01
4.241000000000000000e+03
4.123000000000000000e+03
2.134000000000000000e+03
2.080000000000000000e+03
1.802000000000000000e+03
1.901000000000000000e+03
3.950000000000000000e+03
2.929000000000000000e+03
4.587000000000000000e+03
2.460000000000000000e+02
3.751000000000000000e+03
3.589000000000000000e+03
4.130000000000000000e+02
3.949000000000000000e+03
4.066000000000000000e+03
1.373000000000000000e+03
1.110000000000000000e+02
1.540000000000000000e+03
3.076000000000000000e+03
3.220000000000000000e+02
1.828000000000000000e+03
5.270000000000000000e+02
1.664000000000000000e+03
2.720000000000000000e+02
1.829000000000000000e+03
4.279000000000000000e+03
4.477000000000000000e+03
4.717000000000000000e+03
1.202000000000000000e+03
3.500000000000000000e+02
2.719000000000000000e+03
4.068000000000000000e+03
1.480000000000000000e+03
2.380000000000000000e+02
4.622000000000000000e+03
9.560000000000000000e+02
4.149000000000000000e+03
1.504000000000000000e+03
1.356000000000000000e+03
4.309000000000000000e+03
2.067000000000000000e+03
1.606000000000000000e+03
4.681000000000000000e+03
1.215000000000000000e+03
2.496000000000000000e+03
2.035000000000000000e+03
3.561000000000000000e+03
4.954000000000000000e+03
4.522000000000000000e+03
1.143000000000000000e+03
4.549000000000000000e+03
2.743000000000000000e+03
3.605000000000000000e+03
6.050000000000000000e+02
2.376000000000000000e+03
4.188000000000000000e+03
3.322000000000000000e+03
1.558000000000000000e+03
4.351000000000000000e+03
3.383000000000000000e+03
2.135000000000000000e+03
6.120000000000000000e+02
4.414000000000000000e+03
3.601000000000000000e+03
8.250000000000000000e+02
4.002000000000000000e+03
2.234000000000000000e+03
3.003000000000000000e+03
1.640000000000000000e+02
1.207000000000000000e+03
4.331000000000000000e+03
4.741000000000000000e+03
3.600000000000000000e+02
4.291000000000000000e+03
2.050000000000000000e+03
1.021000000000000000e+03
1.520000000000000000e+03
2.950000000000000000e+02
9.090000000000000000e+02
1.094000000000000000e+03
1.744000000000000000e+03
3.953000000000000000e+03
4.243000000000000000e+03
2.214000000000000000e+03
1.129000000000000000e+03
9.270000000000000000e+02
1.124000000000000000e+03
3.210000000000000000e+02
1.462000000000000000e+03
1.556000000000000000e+03
1.928000000000000000e+03
2.501000000000000000e+03
9.340000000000000000e+02
1.908000000000000000e+03
2.113000000000000000e+03
1.123000000000000000e+03
3.581000000000000000e+03
4.371000000000000000e+03
2.426000000000000000e+03
3.180000000000000000e+03
8.350000000000000000e+02
3.004000000000000000e+03
2.019000000000000000e+03
4.616000000000000000e+03
3.247000000000000000e+03
2.147000000000000000e+03
1.478000000000000000e+03
9.480000000000000000e+02
1.879000000000000000e+03
1.338000000000000000e+03
2.640000000000000000e+03
3.811000000000000000e+03
4.841000000000000000e+03
4.485000000000000000e+03
4.419000000000000000e+03
7.720000000000000000e+02
3.780000000000000000e+02
3.614000000000000000e+03
2.931000000000000000e+03
3.801000000000000000e+03
2.093000000000000000e+03
1.010000000000000000e+02
1.007000000000000000e+03
7.770000000000000000e+02
1.108000000000000000e+03
4.076000000000000000e+03
4.630000000000000000e+03
2.930000000000000000e+02
7.680000000000000000e+02
9.170000000000000000e+02
1.685000000000000000e+03
1.489000000000000000e+03
1.811000000000000000e+03
4.078000000000000000e+03
2.405000000000000000e+03
1.090000000000000000e+03
1.090000000000000000e+02
7.970000000000000000e+02
2.153000000000000000e+03
3.025000000000000000e+03
4.792000000000000000e+03
3.555000000000000000e+03
1.837000000000000000e+03
7.710000000000000000e+02
4.130000000000000000e+03
9.300000000000000000e+01
1.823000000000000000e+03
1.453000000000000000e+03
2.887000000000000000e+03
3.017000000000000000e+03
3.579000000000000000e+03
3.884000000000000000e+03
3.216000000000000000e+03
2.218000000000000000e+03
3.256000000000000000e+03
3.278000000000000000e+03
1.415000000000000000e+03
2.343000000000000000e+03
1.861000000000000000e+03
3.974000000000000000e+03
5.010000000000000000e+02
3.395000000000000000e+03
4.687000000000000000e+03
3.681000000000000000e+03
4.727000000000000000e+03
1.658000000000000000e+03
4.700000000000000000e+02
4.513000000000000000e+03
3.328000000000000000e+03
4.256000000000000000e+03
8.610000000000000000e+02
4.176000000000000000e+03
9.180000000000000000e+02
3.339000000000000000e+03
1.540000000000000000e+02
4.593000000000000000e+03
1.717000000000000000e+03
2.822000000000000000e+03
4.930000000000000000e+03
2.397000000000000000e+03
3.554000000000000000e+03
4.064000000000000000e+03
4.560000000000000000e+03
3.757000000000000000e+03
1.960000000000000000e+02
4.387000000000000000e+03
2.404000000000000000e+03
2.459000000000000000e+03
4.350000000000000000e+02
3.183000000000000000e+03
5.570000000000000000e+02
2.010000000000000000e+03
5.500000000000000000e+01
2.385000000000000000e+03
3.182000000000000000e+03
4.733000000000000000e+03
3.372000000000000000e+03
1.912000000000000000e+03
6.270000000000000000e+02
4.554000000000000000e+03
4.084000000000000000e+03
3.638000000000000000e+03
2.453000000000000000e+03
4.740000000000000000e+02
4.128000000000000000e+03
3.026000000000000000e+03
1.684000000000000000e+03
1.726000000000000000e+03
3.259000000000000000e+03
4.410000000000000000e+02
3.990000000000000000e+03
4.219000000000000000e+03
3.986000000000000000e+03
4.111000000000000000e+03
1.800000000000000000e+01
2.717000000000000000e+03
1.660000000000000000e+03
3.507000000000000000e+03
2.606000000000000000e+03
4.214000000000000000e+03
3.740000000000000000e+02
2.633000000000000000e+03
3.240000000000000000e+03
9.010000000000000000e+02
4.646000000000000000e+03
5.470000000000000000e+02
1.250000000000000000e+02
4.516000000000000000e+03
1.420000000000000000e+03
1.102000000000000000e+03
7.590000000000000000e+02
7.910000000000000000e+02
6.900000000000000000e+02
4.431000000000000000e+03
4.185000000000000000e+03
4.273000000000000000e+03
6.200000000000000000e+01
1.567000000000000000e+03
2.575000000000000000e+03
4.964000000000000000e+03
9.030000000000000000e+02
1.013000000000000000e+03
2.940000000000000000e+03
2.000000000000000000e+02
1.765000000000000000e+03
8.400000000000000000e+02
2.761000000000000000e+03
5.710000000000000000e+02
3.496000000000000000e+03
8.450000000000000000e+02
1.294000000000000000e+03
4.050000000000000000e+03
8.000000000000000000e+00
1.729000000000000000e+03
2.297000000000000000e+03
3.709000000000000000e+03
3.718000000000000000e+03
4.180000000000000000e+02
1.154000000000000000e+03
6.230000000000000000e+02
2.468000000000000000e+03
3.005000000000000000e+03
2.984000000000000000e+03
2.560000000000000000e+03
3.487000000000000000e+03
4.855000000000000000e+03
3.632000000000000000e+03
3.115000000000000000e+03
4.197000000000000000e+03
3.390000000000000000e+02
3.567000000000000000e+03
4.039000000000000000e+03
3.282000000000000000e+03
4.847000000000000000e+03
6.180000000000000000e+02
1.945000000000000000e+03
8.710000000000000000e+02
4.769000000000000000e+03
1.984000000000000000e+03
2.132000000000000000e+03
4.518000000000000000e+03
2.642000000000000000e+03
2.846000000000000000e+03
4.418000000000000000e+03
2.879000000000000000e+03
2.858000000000000000e+03
2.149000000000000000e+03
1.308000000000000000e+03
2.915000000000000000e+03
3.344000000000000000e+03
1.608000000000000000e+03
1.716000000000000000e+03
2.210000000000000000e+02
4.362000000000000000e+03
1.031000000000000000e+03
4.980000000000000000e+02
2.964000000000000000e+03
8.010000000000000000e+02
2.205000000000000000e+03
1.754000000000000000e+03
2.342000000000000000e+03
2.671000000000000000e+03
4.685000000000000000e+03
7.200000000000000000e+01
1.501000000000000000e+03
4.557000000000000000e+03
4.975000000000000000e+03
8.970000000000000000e+02
1.009000000000000000e+03
5.800000000000000000e+01
4.740000000000000000e+03
3.176000000000000000e+03
4.122000000000000000e+03
1.618000000000000000e+03
7.740000000000000000e+02
3.648000000000000000e+03
4.890000000000000000e+02
3.927000000000000000e+03
3.606000000000000000e+03
8.070000000000000000e+02
1.020000000000000000e+03
2.024000000000000000e+03
1.523000000000000000e+03
3.392000000000000000e+03
2.312000000000000000e+03
2.688000000000000000e+03
4.564000000000000000e+03
2.490000000000000000e+02
4.355000000000000000e+03
4.242000000000000000e+03
3.379000000000000000e+03
3.804000000000000000e+03
2.853000000000000000e+03
3.400000000000000000e+01
3.297000000000000000e+03
3.440000000000000000e+02
1.860000000000000000e+03
1.105000000000000000e+03
3.037000000000000000e+03
1.280000000000000000e+02
6.880000000000000000e+02
1.522000000000000000e+03
2.614000000000000000e+03
1.110000000000000000e+03
3.538000000000000000e+03
1.564000000000000000e+03
3.260000000000000000e+02
4.447000000000000000e+03
3.894000000000000000e+03
4.816000000000000000e+03
1.159000000000000000e+03
2.445000000000000000e+03
4.350000000000000000e+03
3.560000000000000000e+02
4.089000000000000000e+03
2.623000000000000000e+03
7.030000000000000000e+02
4.317000000000000000e+03
1.527000000000000000e+03
4.762000000000000000e+03
1.514000000000000000e+03
4.619000000000000000e+03
1.911000000000000000e+03
1.390000000000000000e+02
1.377000000000000000e+03
4.165000000000000000e+03
4.963000000000000000e+03
2.801000000000000000e+03
4.220000000000000000e+03
2.643000000000000000e+03
1.336000000000000000e+03
1.813000000000000000e+03
2.683000000000000000e+03
6.700000000000000000e+02
1.670000000000000000e+02
1.443000000000000000e+03
7.830000000000000000e+02
7.840000000000000000e+02
1.180000000000000000e+02
1.869000000000000000e+03
3.629000000000000000e+03
2.954000000000000000e+03
4.579000000000000000e+03
3.969000000000000000e+03
1.557000000000000000e+03
4.959000000000000000e+03
2.749000000000000000e+03
4.735000000000000000e+03
1.741000000000000000e+03
4.875000000000000000e+03
2.211000000000000000e+03
3.079000000000000000e+03
4.561000000000000000e+03
3.318000000000000000e+03
3.666000000000000000e+03
2.910000000000000000e+02
4.061000000000000000e+03
8.460000000000000000e+02
4.623000000000000000e+03
4.806000000000000000e+03
2.975000000000000000e+03
4.976000000000000000e+03
4.613000000000000000e+03
3.706000000000000000e+03
2.370000000000000000e+03
4.295000000000000000e+03
2.295000000000000000e+03
1.796000000000000000e+03
9.670000000000000000e+02
4.509000000000000000e+03
3.845000000000000000e+03
1.962000000000000000e+03
7.930000000000000000e+02
1.225000000000000000e+03
8.550000000000000000e+02
3.274000000000000000e+03
1.500000000000000000e+03
1.355000000000000000e+03
9.800000000000000000e+02
2.840000000000000000e+03
2.247000000000000000e+03
4.926000000000000000e+03
1.482000000000000000e+03
1.920000000000000000e+03
1.125000000000000000e+03
1.092000000000000000e+03
1.131000000000000000e+03
6.700000000000000000e+01
1.643000000000000000e+03
2.320000000000000000e+02
2.029000000000000000e+03
3.936000000000000000e+03
3.083000000000000000e+03
2.100000000000000000e+01
3.269000000000000000e+03
2.943000000000000000e+03
2.424000000000000000e+03
4.434000000000000000e+03
3.810000000000000000e+03
1.838000000000000000e+03
2.200000000000000000e+01
9.910000000000000000e+02
9.410000000000000000e+02
2.412000000000000000e+03
2.398000000000000000e+03
2.272000000000000000e+03
3.722000000000000000e+03
2.727000000000000000e+03
3.728000000000000000e+03
7.430000000000000000e+02
2.530000000000000000e+02
2.689000000000000000e+03
1.484000000000000000e+03
1.061000000000000000e+03
1.707000000000000000e+03
3.412000000000000000e+03
5.660000000000000000e+02
4.413000000000000000e+03
4.106000000000000000e+03
2.122000000000000000e+03
4.397000000000000000e+03
1.552000000000000000e+03
4.063000000000000000e+03
3.574000000000000000e+03
2.220000000000000000e+03
4.828000000000000000e+03
