7.900000000000000000e+02
3.697000000000000000e+03
1.173000000000000000e+03
2.180000000000000000e+02
3.864000000000000000e+03
2.900000000000000000e+03
4.445000000000000000e+03
1.811000000000000000e+03
1.135000000000000000e+03
1.480000000000000000e+02
2.860000000000000000e+03
3.133000000000000000e+03
4.140000000000000000e+02
4.442000000000000000e+03
4.935000000000000000e+03
3.013000000000000000e+03
3.403000000000000000e+03
3.146000000000000000e+03
1.517000000000000000e+03
3.294000000000000000e+03
3.090000000000000000e+03
2.571000000000000000e+03
2.405000000000000000e+03
4.845000000000000000e+03
3.000000000000000000e+00
9.300000000000000000e+02
4.561000000000000000e+03
3.663000000000000000e+03
2.894000000000000000e+03
4.112000000000000000e+03
4.373000000000000000e+03
2.359000000000000000e+03
3.282000000000000000e+03
2.193000000000000000e+03
1.899000000000000000e+03
3.816000000000000000e+03
3.009000000000000000e+03
3.635000000000000000e+03
9.680000000000000000e+02
9.720000000000000000e+02
4.745000000000000000e+03
2.033000000000000000e+03
3.206000000000000000e+03
3.527000000000000000e+03
4.313000000000000000e+03
2.621000000000000000e+03
3.290000000000000000e+03
3.535000000000000000e+03
8.230000000000000000e+02
8.190000000000000000e+02
1.227000000000000000e+03
2.454000000000000000e+03
2.990000000000000000e+03
3.194000000000000000e+03
8.090000000000000000e+02
3.292000000000000000e+03
4.184000000000000000e+03
2.152000000000000000e+03
6.440000000000000000e+02
1.090000000000000000e+02
3.500000000000000000e+01
3.297000000000000000e+03
4.339000000000000000e+03
1.003000000000000000e+03
2.461000000000000000e+03
8.430000000000000000e+02
3.969000000000000000e+03
4.636000000000000000e+03
1.248000000000000000e+03
4.233000000000000000e+03
4.855000000000000000e+03
3.475000000000000000e+03
1.816000000000000000e+03
2.309000000000000000e+03
3.243000000000000000e+03
4.860000000000000000e+03
1.292000000000000000e+03
2.960000000000000000e+02
3.488000000000000000e+03
3.494000000000000000e+03
1.817000000000000000e+03
3.030000000000000000e+02
3.909000000000000000e+03
4.212000000000000000e+03
4.267000000000000000e+03
1.261000000000000000e+03
4.272000000000000000e+03
3.221000000000000000e+03
3.512000000000000000e+03
2.881000000000000000e+03
2.802000000000000000e+03
2.113000000000000000e+03
4.101000000000000000e+03
2.880000000000000000e+03
3.514000000000000000e+03
3.515000000000000000e+03
8.550000000000000000e+02
3.518000000000000000e+03
1.396000000000000000e+03
2.559000000000000000e+03
3.100000000000000000e+03
3.999000000000000000e+03
1.913000000000000000e+03
6.780000000000000000e+02
5.130000000000000000e+02
1.398000000000000000e+03
2.540000000000000000e+03
2.185000000000000000e+03
1.673000000000000000e+03
3.591000000000000000e+03
5.160000000000000000e+02
4.434000000000000000e+03
4.718000000000000000e+03
1.159000000000000000e+03
4.429000000000000000e+03
2.222000000000000000e+03
3.400000000000000000e+03
4.139000000000000000e+03
2.630000000000000000e+02
7.230000000000000000e+02
4.900000000000000000e+01
2.908000000000000000e+03
4.785000000000000000e+03
3.751000000000000000e+03
2.865000000000000000e+03
7.070000000000000000e+02
4.565000000000000000e+03
1.902000000000000000e+03
4.782000000000000000e+03
1.043000000000000000e+03
1.144000000000000000e+03
3.585000000000000000e+03
7.510000000000000000e+02
4.798000000000000000e+03
2.856000000000000000e+03
2.410000000000000000e+02
1.418000000000000000e+03
1.446000000000000000e+03
6.600000000000000000e+02
3.312000000000000000e+03
4.928000000000000000e+03
1.696000000000000000e+03
2.550000000000000000e+03
3.311000000000000000e+03
9.300000000000000000e+01
3.424000000000000000e+03
3.427000000000000000e+03
1.005000000000000000e+03
4.603000000000000000e+03
3.691000000000000000e+03
4.449000000000000000e+03
2.851000000000000000e+03
1.813000000000000000e+03
4.939000000000000000e+03
7.540000000000000000e+02
1.444000000000000000e+03
3.576000000000000000e+03
2.000000000000000000e+01
4.155000000000000000e+03
1.848000000000000000e+03
4.130000000000000000e+02
4.304000000000000000e+03
4.878000000000000000e+03
4.924000000000000000e+03
2.658000000000000000e+03
1.990000000000000000e+02
1.784000000000000000e+03
4.309000000000000000e+03
3.867000000000000000e+03
2.236000000000000000e+03
4.281000000000000000e+03
1.379000000000000000e+03
2.290000000000000000e+02
3.347000000000000000e+03
1.870000000000000000e+02
2.608000000000000000e+03
1.153000000000000000e+03
2.211000000000000000e+03
2.498000000000000000e+03
2.579000000000000000e+03
1.830000000000000000e+02
3.430000000000000000e+03
2.508000000000000000e+03
7.270000000000000000e+02
2.179000000000000000e+03
2.320000000000000000e+03
5.900000000000000000e+01
3.432000000000000000e+03
5.140000000000000000e+02
1.320000000000000000e+02
7.340000000000000000e+02
1.579000000000000000e+03
2.217000000000000000e+03
2.487000000000000000e+03
4.344000000000000000e+03
2.902000000000000000e+03
2.898000000000000000e+03
1.958000000000000000e+03
2.643000000000000000e+03
1.714000000000000000e+03
4.102000000000000000e+03
7.780000000000000000e+02
4.010000000000000000e+03
4.762000000000000000e+03
1.707000000000000000e+03
1.016000000000000000e+03
2.400000000000000000e+02
1.679000000000000000e+03
2.510000000000000000e+02
1.452000000000000000e+03
1.941000000000000000e+03
3.768000000000000000e+03
2.322000000000000000e+03
2.495000000000000000e+03
1.992000000000000000e+03
1.477000000000000000e+03
5.260000000000000000e+02
3.759000000000000000e+03
3.023000000000000000e+03
4.965000000000000000e+03
1.496000000000000000e+03
1.965000000000000000e+03
5.540000000000000000e+02
7.570000000000000000e+02
4.320000000000000000e+02
4.624000000000000000e+03
9.810000000000000000e+02
1.755000000000000000e+03
8.340000000000000000e+02
9.340000000000000000e+02
4.530000000000000000e+02
7.920000000000000000e+02
2.584000000000000000e+03
4.895000000000000000e+03
1.376000000000000000e+03
1.530000000000000000e+02
1.863000000000000000e+03
4.841000000000000000e+03
4.655000000000000000e+03
2.778000000000000000e+03
1.772000000000000000e+03
4.618000000000000000e+03
3.652000000000000000e+03
2.888000000000000000e+03
1.695000000000000000e+03
2.544000000000000000e+03
5.370000000000000000e+02
5.080000000000000000e+02
1.164000000000000000e+03
1.587000000000000000e+03
1.141000000000000000e+03
1.566000000000000000e+03
3.946000000000000000e+03
4.588000000000000000e+03
4.780000000000000000e+02
6.250000000000000000e+02
4.448000000000000000e+03
8.900000000000000000e+02
4.609000000000000000e+03
4.000000000000000000e+03
3.800000000000000000e+01
4.691000000000000000e+03
4.664000000000000000e+03
4.775000000000000000e+03
3.051000000000000000e+03
3.632000000000000000e+03
7.770000000000000000e+02
4.661000000000000000e+03
3.543000000000000000e+03
2.316000000000000000e+03
4.884000000000000000e+03
2.535000000000000000e+03
3.446000000000000000e+03
3.241000000000000000e+03
1.340000000000000000e+03
2.940000000000000000e+03
4.268000000000000000e+03
3.480000000000000000e+03
1.103000000000000000e+03
5.840000000000000000e+02
4.991000000000000000e+03
2.742000000000000000e+03
3.414000000000000000e+03
2.441000000000000000e+03
2.345000000000000000e+03
4.911000000000000000e+03
1.986000000000000000e+03
2.560000000000000000e+02
3.320000000000000000e+03
7.870000000000000000e+02
4.003000000000000000e+03
9.260000000000000000e+02
2.933000000000000000e+03
2.369000000000000000e+03
4.707000000000000000e+03
3.551000000000000000e+03
2.970000000000000000e+03
3.236000000000000000e+03
4.713000000000000000e+03
2.420000000000000000e+03
1.953000000000000000e+03
3.987000000000000000e+03
2.447000000000000000e+03
2.784000000000000000e+03
3.314000000000000000e+03
2.247000000000000000e+03
1.535000000000000000e+03
4.244000000000000000e+03
4.742000000000000000e+03
4.038000000000000000e+03
1.479000000000000000e+03
4.235000000000000000e+03
5.770000000000000000e+02
4.298000000000000000e+03
2.818000000000000000e+03
3.495000000000000000e+03
3.134000000000000000e+03
2.028000000000000000e+03
4.831000000000000000e+03
3.087000000000000000e+03
4.353000000000000000e+03
3.926000000000000000e+03
1.732000000000000000e+03
7.120000000000000000e+02
4.727000000000000000e+03
4.030000000000000000e+03
4.103000000000000000e+03
4.073000000000000000e+03
2.404000000000000000e+03
4.723000000000000000e+03
5.400000000000000000e+01
4.000000000000000000e+02
1.229000000000000000e+03
2.314000000000000000e+03
3.930000000000000000e+03
2.312000000000000000e+03
2.616000000000000000e+03
2.286000000000000000e+03
2.116000000000000000e+03
3.222000000000000000e+03
2.077000000000000000e+03
1.550000000000000000e+02
4.995000000000000000e+03
4.444000000000000000e+03
2.391000000000000000e+03
7.140000000000000000e+02
3.636000000000000000e+03
3.188000000000000000e+03
1.430000000000000000e+02
1.447000000000000000e+03
2.625000000000000000e+03
3.372000000000000000e+03
7.590000000000000000e+02
4.299000000000000000e+03
4.176000000000000000e+03
3.141000000000000000e+03
3.350000000000000000e+03
4.491000000000000000e+03
3.528000000000000000e+03
3.678000000000000000e+03
2.302000000000000000e+03
3.408000000000000000e+03
3.603000000000000000e+03
2.821000000000000000e+03
2.240000000000000000e+03
1.450000000000000000e+03
1.276000000000000000e+03
2.483000000000000000e+03
1.157000000000000000e+03
4.903000000000000000e+03
4.893000000000000000e+03
1.449000000000000000e+03
4.291000000000000000e+03
1.250000000000000000e+03
1.922000000000000000e+03
2.463000000000000000e+03
3.883000000000000000e+03
3.334000000000000000e+03
3.554000000000000000e+03
2.120000000000000000e+03
3.555000000000000000e+03
1.711000000000000000e+03
9.180000000000000000e+02
1.366000000000000000e+03
2.164000000000000000e+03
2.191000000000000000e+03
1.758000000000000000e+03
4.870000000000000000e+02
8.270000000000000000e+02
2.070000000000000000e+03
4.297000000000000000e+03
3.215000000000000000e+03
4.572000000000000000e+03
1.500000000000000000e+02
4.573000000000000000e+03
3.918000000000000000e+03
4.607000000000000000e+03
4.390000000000000000e+02
3.217000000000000000e+03
4.730000000000000000e+02
1.439000000000000000e+03
3.900000000000000000e+03
2.200000000000000000e+03
8.640000000000000000e+02
2.139000000000000000e+03
1.800000000000000000e+03
8.170000000000000000e+02
1.505000000000000000e+03
4.940000000000000000e+02
2.682000000000000000e+03
2.230000000000000000e+02
3.298000000000000000e+03
1.607000000000000000e+03
3.470000000000000000e+02
4.479000000000000000e+03
1.993000000000000000e+03
3.402000000000000000e+03
2.274000000000000000e+03
1.214000000000000000e+03
1.984000000000000000e+03
3.642000000000000000e+03
3.399000000000000000e+03
2.717000000000000000e+03
1.842000000000000000e+03
4.190000000000000000e+03
4.503000000000000000e+03
1.909000000000000000e+03
5.860000000000000000e+02
1.960000000000000000e+03
1.577000000000000000e+03
3.273000000000000000e+03
2.582000000000000000e+03
3.271000000000000000e+03
3.720000000000000000e+03
4.563000000000000000e+03
4.086000000000000000e+03
1.948000000000000000e+03
1.880000000000000000e+02
4.361000000000000000e+03
1.342000000000000000e+03
4.949000000000000000e+03
4.012000000000000000e+03
3.166000000000000000e+03
4.236000000000000000e+03
1.029000000000000000e+03
3.072000000000000000e+03
3.794000000000000000e+03
3.570000000000000000e+02
4.977000000000000000e+03
2.200000000000000000e+02
2.196000000000000000e+03
4.241000000000000000e+03
2.138000000000000000e+03
1.716000000000000000e+03
2.443000000000000000e+03
1.790000000000000000e+03
3.765000000000000000e+03
1.608000000000000000e+03
4.225000000000000000e+03
2.990000000000000000e+02
4.336000000000000000e+03
4.330000000000000000e+02
3.042000000000000000e+03
5.190000000000000000e+02
4.451000000000000000e+03
1.914000000000000000e+03
1.075000000000000000e+03
3.340000000000000000e+03
4.683000000000000000e+03
1.094000000000000000e+03
2.030000000000000000e+03
1.700000000000000000e+03
6.110000000000000000e+02
2.765000000000000000e+03
1.821000000000000000e+03
4.985000000000000000e+03
4.366000000000000000e+03
3.688000000000000000e+03
3.629000000000000000e+03
1.800000000000000000e+01
2.212000000000000000e+03
3.163000000000000000e+03
2.172000000000000000e+03
1.661000000000000000e+03
1.583000000000000000e+03
2.266000000000000000e+03
3.682000000000000000e+03
1.541000000000000000e+03
2.715000000000000000e+03
4.497000000000000000e+03
2.180000000000000000e+03
1.420000000000000000e+03
4.952000000000000000e+03
1.669000000000000000e+03
5.960000000000000000e+02
4.885000000000000000e+03
1.854000000000000000e+03
2.160000000000000000e+02
2.023000000000000000e+03
2.844000000000000000e+03
1.767000000000000000e+03
4.410000000000000000e+02
3.421000000000000000e+03
3.318000000000000000e+03
2.430000000000000000e+03
4.145000000000000000e+03
3.360000000000000000e+02
3.330000000000000000e+03
8.320000000000000000e+02
4.666000000000000000e+03
1.370000000000000000e+03
1.170000000000000000e+02
1.972000000000000000e+03
3.150000000000000000e+02
2.515000000000000000e+03
2.880000000000000000e+02
2.890000000000000000e+02
3.199000000000000000e+03
9.800000000000000000e+01
1.713000000000000000e+03
1.017000000000000000e+03
3.821000000000000000e+03
3.991000000000000000e+03
2.088000000000000000e+03
5.000000000000000000e+01
5.000000000000000000e+02
1.300000000000000000e+01
9.000000000000000000e+00
4.531000000000000000e+03
5.970000000000000000e+02
1.106000000000000000e+03
2.561000000000000000e+03
1.876000000000000000e+03
3.959000000000000000e+03
4.040000000000000000e+02
3.997000000000000000e+03
1.404000000000000000e+03
3.928000000000000000e+03
8.600000000000000000e+01
1.280000000000000000e+03
4.580000000000000000e+03
1.560000000000000000e+02
2.089000000000000000e+03
4.685000000000000000e+03
1.180000000000000000e+03
3.837000000000000000e+03
5.400000000000000000e+02
4.883000000000000000e+03
3.460000000000000000e+02
4.356000000000000000e+03
8.370000000000000000e+02
2.793000000000000000e+03
3.063000000000000000e+03
1.798000000000000000e+03
4.046000000000000000e+03
3.970000000000000000e+02
4.362000000000000000e+03
4.104000000000000000e+03
4.520000000000000000e+03
1.552000000000000000e+03
4.790000000000000000e+03
3.707000000000000000e+03
2.460000000000000000e+02
4.301000000000000000e+03
1.053000000000000000e+03
2.476000000000000000e+03
2.008000000000000000e+03
2.946000000000000000e+03
1.514000000000000000e+03
3.563000000000000000e+03
2.080000000000000000e+02
1.603000000000000000e+03
4.327000000000000000e+03
3.000000000000000000e+01
1.124000000000000000e+03
4.886000000000000000e+03
3.836000000000000000e+03
2.750000000000000000e+03
3.180000000000000000e+02
3.501000000000000000e+03
5.790000000000000000e+02
2.800000000000000000e+02
1.771000000000000000e+03
3.040000000000000000e+02
2.209000000000000000e+03
3.602000000000000000e+03
4.227000000000000000e+03
6.490000000000000000e+02
2.780000000000000000e+03
4.533000000000000000e+03
3.435000000000000000e+03
2.061000000000000000e+03
3.907000000000000000e+03
1.105000000000000000e+03
2.297000000000000000e+03
1.665000000000000000e+03
3.516000000000000000e+03
2.499000000000000000e+03
1.840000000000000000e+02
2.699000000000000000e+03
2.100000000000000000e+01
3.770000000000000000e+03
3.621000000000000000e+03
4.820000000000000000e+02
2.552000000000000000e+03
1.770000000000000000e+02
2.680000000000000000e+03
3.449000000000000000e+03
1.294000000000000000e+03
2.598000000000000000e+03
3.078000000000000000e+03
1.730000000000000000e+02
4.766000000000000000e+03
2.992000000000000000e+03
2.190000000000000000e+03
4.960000000000000000e+02
1.198000000000000000e+03
1.007000000000000000e+03
1.000000000000000000e+01
4.597000000000000000e+03
9.090000000000000000e+02
1.708000000000000000e+03
5.170000000000000000e+02
4.170000000000000000e+02
3.308000000000000000e+03
1.440000000000000000e+02
3.277000000000000000e+03
4.480000000000000000e+02
4.392000000000000000e+03
4.679000000000000000e+03
4.586000000000000000e+03
4.447000000000000000e+03
2.062000000000000000e+03
1.470000000000000000e+03
8.810000000000000000e+02
2.751000000000000000e+03
3.600000000000000000e+03
2.669000000000000000e+03
1.561000000000000000e+03
3.620000000000000000e+03
3.096000000000000000e+03
3.781000000000000000e+03
1.900000000000000000e+01
9.410000000000000000e+02
3.242000000000000000e+03
3.208000000000000000e+03
4.475000000000000000e+03
2.743000000000000000e+03
3.561000000000000000e+03
4.847000000000000000e+03
8.670000000000000000e+02
2.662000000000000000e+03
9.870000000000000000e+02
5.680000000000000000e+02
4.121000000000000000e+03
2.356000000000000000e+03
4.377000000000000000e+03
1.421000000000000000e+03
1.104000000000000000e+03
2.680000000000000000e+02
5.510000000000000000e+02
1.529000000000000000e+03
1.138000000000000000e+03
8.740000000000000000e+02
3.700000000000000000e+02
9.780000000000000000e+02
1.362000000000000000e+03
3.846000000000000000e+03
4.416000000000000000e+03
2.038000000000000000e+03
4.228000000000000000e+03
4.393000000000000000e+03
9.580000000000000000e+02
1.190000000000000000e+03
9.280000000000000000e+02
3.139000000000000000e+03
1.700000000000000000e+01
4.032000000000000000e+03
4.520000000000000000e+02
4.900000000000000000e+02
4.513000000000000000e+03
4.440000000000000000e+03
2.406000000000000000e+03
4.015000000000000000e+03
8.950000000000000000e+02
4.204000000000000000e+03
1.191000000000000000e+03
4.930000000000000000e+02
1.570000000000000000e+03
3.665000000000000000e+03
2.603000000000000000e+03
3.534000000000000000e+03
3.897000000000000000e+03
4.120000000000000000e+02
3.841000000000000000e+03
5.580000000000000000e+02
6.990000000000000000e+02
1.525000000000000000e+03
2.424000000000000000e+03
4.932000000000000000e+03
8.100000000000000000e+02
1.570000000000000000e+02
6.020000000000000000e+02
1.078000000000000000e+03
4.795000000000000000e+03
1.709000000000000000e+03
3.630000000000000000e+02
9.890000000000000000e+02
5.280000000000000000e+02
3.513000000000000000e+03
4.801000000000000000e+03
3.054000000000000000e+03
4.050000000000000000e+03
1.996000000000000000e+03
1.147000000000000000e+03
4.490000000000000000e+02
4.270000000000000000e+03
2.012000000000000000e+03
2.065000000000000000e+03
2.363000000000000000e+03
3.370000000000000000e+03
3.568000000000000000e+03
4.105000000000000000e+03
3.964000000000000000e+03
2.351000000000000000e+03
1.332000000000000000e+03
1.720000000000000000e+03
2.740000000000000000e+03
1.926000000000000000e+03
6.370000000000000000e+02
1.687000000000000000e+03
2.310000000000000000e+02
3.562000000000000000e+03
2.668000000000000000e+03
3.774000000000000000e+03
2.110000000000000000e+03
1.588000000000000000e+03
4.119000000000000000e+03
4.300000000000000000e+03
2.641000000000000000e+03
4.670000000000000000e+03
1.433000000000000000e+03
4.961000000000000000e+03
5.600000000000000000e+01
4.879000000000000000e+03
5.360000000000000000e+02
4.613000000000000000e+03
2.596000000000000000e+03
9.210000000000000000e+02
2.103000000000000000e+03
3.761000000000000000e+03
1.215000000000000000e+03
1.249000000000000000e+03
4.220000000000000000e+03
3.362000000000000000e+03
2.148000000000000000e+03
4.827000000000000000e+03
3.980000000000000000e+02
1.660000000000000000e+02
1.747000000000000000e+03
2.310000000000000000e+03
1.670000000000000000e+02
3.018000000000000000e+03
2.837000000000000000e+03
3.371000000000000000e+03
3.472000000000000000e+03
1.025000000000000000e+03
1.219000000000000000e+03
3.810000000000000000e+02
4.773000000000000000e+03
