2.298000000000000000e+03
4.481000000000000000e+03
6.030000000000000000e+02
3.488000000000000000e+03
9.740000000000000000e+02
1.736000000000000000e+03
3.219000000000000000e+03
2.968000000000000000e+03
1.787000000000000000e+03
2.180000000000000000e+03
4.920000000000000000e+03
3.152000000000000000e+03
3.975000000000000000e+03
4.571000000000000000e+03
2.582000000000000000e+03
1.534000000000000000e+03
5.200000000000000000e+01
1.132000000000000000e+03
4.384000000000000000e+03
6.920000000000000000e+02
3.057000000000000000e+03
4.650000000000000000e+02
8.280000000000000000e+02
2.095000000000000000e+03
4.095000000000000000e+03
1.865000000000000000e+03
4.184000000000000000e+03
3.702000000000000000e+03
1.391000000000000000e+03
1.347000000000000000e+03
4.888000000000000000e+03
9.700000000000000000e+02
2.566000000000000000e+03
2.458000000000000000e+03
2.200000000000000000e+02
1.669000000000000000e+03
4.992000000000000000e+03
5.940000000000000000e+02
4.398000000000000000e+03
2.901000000000000000e+03
4.445000000000000000e+03
3.316000000000000000e+03
1.457000000000000000e+03
1.703000000000000000e+03
9.310000000000000000e+02
1.181000000000000000e+03
2.900000000000000000e+02
3.396000000000000000e+03
3.095000000000000000e+03
1.382000000000000000e+03
1.884000000000000000e+03
1.261000000000000000e+03
3.020000000000000000e+02
1.128000000000000000e+03
4.246000000000000000e+03
2.020000000000000000e+02
4.795000000000000000e+03
3.543000000000000000e+03
8.750000000000000000e+02
4.668000000000000000e+03
3.918000000000000000e+03
8.370000000000000000e+02
3.623000000000000000e+03
2.760000000000000000e+03
3.982000000000000000e+03
1.220000000000000000e+03
1.915000000000000000e+03
3.017000000000000000e+03
3.243000000000000000e+03
2.695000000000000000e+03
2.108000000000000000e+03
1.452000000000000000e+03
4.503000000000000000e+03
2.672000000000000000e+03
2.367000000000000000e+03
5.470000000000000000e+02
3.661000000000000000e+03
1.779000000000000000e+03
3.870000000000000000e+02
1.674000000000000000e+03
1.008000000000000000e+03
2.300000000000000000e+03
1.605000000000000000e+03
4.495000000000000000e+03
4.772000000000000000e+03
1.219000000000000000e+03
5.380000000000000000e+02
4.632000000000000000e+03
4.971000000000000000e+03
2.961000000000000000e+03
4.452000000000000000e+03
2.383000000000000000e+03
1.844000000000000000e+03
2.025000000000000000e+03
2.440000000000000000e+03
4.767000000000000000e+03
2.158000000000000000e+03
3.088000000000000000e+03
2.310000000000000000e+03
4.451000000000000000e+03
1.845000000000000000e+03
2.308000000000000000e+03
4.088000000000000000e+03
3.159000000000000000e+03
3.357000000000000000e+03
7.160000000000000000e+02
2.870000000000000000e+02
3.398000000000000000e+03
3.932000000000000000e+03
4.122000000000000000e+03
4.006000000000000000e+03
1.877000000000000000e+03
9.430000000000000000e+02
4.817000000000000000e+03
3.331000000000000000e+03
1.643000000000000000e+03
2.479000000000000000e+03
1.649000000000000000e+03
1.252000000000000000e+03
4.405000000000000000e+03
4.255000000000000000e+03
1.943000000000000000e+03
9.990000000000000000e+02
1.188000000000000000e+03
4.301000000000000000e+03
2.664000000000000000e+03
4.874000000000000000e+03
8.890000000000000000e+02
1.177000000000000000e+03
4.118000000000000000e+03
2.890000000000000000e+03
4.877000000000000000e+03
1.942000000000000000e+03
3.878000000000000000e+03
6.260000000000000000e+02
3.515000000000000000e+03
1.860000000000000000e+02
2.903000000000000000e+03
2.906000000000000000e+03
4.239000000000000000e+03
4.141000000000000000e+03
2.154000000000000000e+03
2.328000000000000000e+03
3.270000000000000000e+03
5.280000000000000000e+02
9.050000000000000000e+02
2.700000000000000000e+02
2.481000000000000000e+03
1.682000000000000000e+03
4.151000000000000000e+03
2.364000000000000000e+03
3.285000000000000000e+03
1.194000000000000000e+03
2.478000000000000000e+03
4.640000000000000000e+03
2.480000000000000000e+03
2.379000000000000000e+03
3.314000000000000000e+03
1.698000000000000000e+03
1.688000000000000000e+03
7.740000000000000000e+02
2.851000000000000000e+03
4.550000000000000000e+02
1.233000000000000000e+03
2.012000000000000000e+03
3.272000000000000000e+03
4.264000000000000000e+03
1.121000000000000000e+03
2.552000000000000000e+03
8.990000000000000000e+02
4.368000000000000000e+03
3.835000000000000000e+03
5.480000000000000000e+02
3.134000000000000000e+03
3.598000000000000000e+03
3.610000000000000000e+02
2.009000000000000000e+03
3.916000000000000000e+03
2.435000000000000000e+03
1.616000000000000000e+03
7.000000000000000000e+01
3.085000000000000000e+03
4.086000000000000000e+03
4.085000000000000000e+03
4.347000000000000000e+03
3.372000000000000000e+03
4.573000000000000000e+03
2.106000000000000000e+03
1.907000000000000000e+03
1.334000000000000000e+03
1.180000000000000000e+02
1.754000000000000000e+03
8.440000000000000000e+02
3.462000000000000000e+03
1.794000000000000000e+03
1.138000000000000000e+03
1.328000000000000000e+03
1.039000000000000000e+03
4.068000000000000000e+03
3.352000000000000000e+03
3.653000000000000000e+03
7.320000000000000000e+02
1.200000000000000000e+02
2.746000000000000000e+03
1.040000000000000000e+02
3.160000000000000000e+03
2.195000000000000000e+03
1.034000000000000000e+03
7.090000000000000000e+02
2.083000000000000000e+03
3.355000000000000000e+03
1.371000000000000000e+03
4.490000000000000000e+03
4.797000000000000000e+03
3.700000000000000000e+03
1.489000000000000000e+03
4.547000000000000000e+03
1.517000000000000000e+03
2.208000000000000000e+03
1.393000000000000000e+03
2.528000000000000000e+03
1.356000000000000000e+03
1.526000000000000000e+03
2.101000000000000000e+03
4.545000000000000000e+03
4.112000000000000000e+03
1.364000000000000000e+03
2.973000000000000000e+03
2.980000000000000000e+03
4.591000000000000000e+03
2.042000000000000000e+03
4.222000000000000000e+03
2.305000000000000000e+03
2.174000000000000000e+03
1.578000000000000000e+03
3.796000000000000000e+03
3.894000000000000000e+03
4.322000000000000000e+03
4.603000000000000000e+03
3.722000000000000000e+03
3.648000000000000000e+03
4.466000000000000000e+03
7.870000000000000000e+02
4.338000000000000000e+03
2.945000000000000000e+03
2.919000000000000000e+03
4.470000000000000000e+03
2.959000000000000000e+03
1.014000000000000000e+03
9.560000000000000000e+02
4.000000000000000000e+01
2.965000000000000000e+03
2.957000000000000000e+03
4.236000000000000000e+03
2.648000000000000000e+03
1.568000000000000000e+03
1.785000000000000000e+03
2.916000000000000000e+03
3.890000000000000000e+02
3.973000000000000000e+03
1.718000000000000000e+03
3.798000000000000000e+03
1.690000000000000000e+02
3.450000000000000000e+02
3.736000000000000000e+03
3.597000000000000000e+03
1.608000000000000000e+03
2.475000000000000000e+03
3.118000000000000000e+03
3.000000000000000000e+01
8.600000000000000000e+01
1.029000000000000000e+03
3.605000000000000000e+03
2.805000000000000000e+03
2.145000000000000000e+03
4.939000000000000000e+03
4.587000000000000000e+03
1.081000000000000000e+03
1.152000000000000000e+03
2.062000000000000000e+03
3.143000000000000000e+03
1.273000000000000000e+03
3.390000000000000000e+02
1.700000000000000000e+03
4.539000000000000000e+03
4.462000000000000000e+03
4.336000000000000000e+03
3.100000000000000000e+01
6.250000000000000000e+02
4.207000000000000000e+03
4.682000000000000000e+03
3.523000000000000000e+03
2.471000000000000000e+03
4.339000000000000000e+03
4.677000000000000000e+03
1.872000000000000000e+03
4.705000000000000000e+03
4.690000000000000000e+02
3.897000000000000000e+03
3.490000000000000000e+03
4.713000000000000000e+03
2.541000000000000000e+03
4.388000000000000000e+03
2.544000000000000000e+03
3.483000000000000000e+03
2.546000000000000000e+03
4.460000000000000000e+02
2.547000000000000000e+03
4.440000000000000000e+02
1.040000000000000000e+03
1.041000000000000000e+03
4.375000000000000000e+03
1.017000000000000000e+03
4.760000000000000000e+02
4.770000000000000000e+02
3.880000000000000000e+03
1.902000000000000000e+03
1.899000000000000000e+03
2.483000000000000000e+03
2.484000000000000000e+03
9.950000000000000000e+02
4.990000000000000000e+02
4.970000000000000000e+02
3.518000000000000000e+03
1.001000000000000000e+03
1.003000000000000000e+03
3.893000000000000000e+03
4.694000000000000000e+03
3.513000000000000000e+03
4.389000000000000000e+03
1.013000000000000000e+03
2.511000000000000000e+03
4.406000000000000000e+03
2.496000000000000000e+03
3.609000000000000000e+03
1.919000000000000000e+03
8.240000000000000000e+02
2.067000000000000000e+03
3.778000000000000000e+03
4.563000000000000000e+03
2.217000000000000000e+03
8.310000000000000000e+02
2.061000000000000000e+03
3.682000000000000000e+03
8.380000000000000000e+02
3.781000000000000000e+03
2.198000000000000000e+03
4.576000000000000000e+03
2.240000000000000000e+03
4.475000000000000000e+03
2.250000000000000000e+03
2.055000000000000000e+03
4.583000000000000000e+03
8.490000000000000000e+02
2.278000000000000000e+03
6.630000000000000000e+02
6.620000000000000000e+02
4.588000000000000000e+03
6.760000000000000000e+02
2.283000000000000000e+03
3.773000000000000000e+03
7.110000000000000000e+02
3.739000000000000000e+03
2.126000000000000000e+03
7.690000000000000000e+02
4.522000000000000000e+03
4.519000000000000000e+03
3.734000000000000000e+03
4.518000000000000000e+03
3.729000000000000000e+03
2.155000000000000000e+03
2.159000000000000000e+03
4.493000000000000000e+03
7.440000000000000000e+02
3.750000000000000000e+03
2.109000000000000000e+03
7.330000000000000000e+02
4.543000000000000000e+03
2.186000000000000000e+03
7.260000000000000000e+02
3.755000000000000000e+03
8.020000000000000000e+02
3.767000000000000000e+03
2.081000000000000000e+03
2.120000000000000000e+03
8.510000000000000000e+02
2.287000000000000000e+03
2.040000000000000000e+03
2.377000000000000000e+03
4.447000000000000000e+03
3.823000000000000000e+03
9.190000000000000000e+02
5.690000000000000000e+02
4.644000000000000000e+03
3.574000000000000000e+03
3.838000000000000000e+03
9.300000000000000000e+02
3.564000000000000000e+03
3.812000000000000000e+03
1.963000000000000000e+03
4.654000000000000000e+03
4.425000000000000000e+03
2.428000000000000000e+03
5.510000000000000000e+02
4.423000000000000000e+03
2.431000000000000000e+03
4.421000000000000000e+03
9.630000000000000000e+02
3.867000000000000000e+03
5.350000000000000000e+02
2.419000000000000000e+03
5.860000000000000000e+02
2.360000000000000000e+03
2.356000000000000000e+03
6.480000000000000000e+02
8.640000000000000000e+02
8.660000000000000000e+02
3.632000000000000000e+03
6.390000000000000000e+02
4.601000000000000000e+03
3.627000000000000000e+03
3.625000000000000000e+03
4.606000000000000000e+03
3.799000000000000000e+03
3.800000000000000000e+03
4.610000000000000000e+03
6.180000000000000000e+02
6.170000000000000000e+02
3.802000000000000000e+03
8.820000000000000000e+02
2.021000000000000000e+03
3.807000000000000000e+03
8.880000000000000000e+02
4.400000000000000000e+02
6.040000000000000000e+02
4.449000000000000000e+03
3.602000000000000000e+03
2.455000000000000000e+03
3.910000000000000000e+03
7.660000000000000000e+02
4.724000000000000000e+03
4.849000000000000000e+03
4.962000000000000000e+03
4.850000000000000000e+03
4.851000000000000000e+03
4.168000000000000000e+03
3.054000000000000000e+03
1.665000000000000000e+03
3.912000000000000000e+03
2.250000000000000000e+02
3.053000000000000000e+03
3.052000000000000000e+03
6.400000000000000000e+01
4.019000000000000000e+03
4.257000000000000000e+03
4.864000000000000000e+03
1.645000000000000000e+03
4.031000000000000000e+03
4.245000000000000000e+03
1.266000000000000000e+03
1.628000000000000000e+03
4.878000000000000000e+03
4.036000000000000000e+03
3.255000000000000000e+03
1.625000000000000000e+03
1.272000000000000000e+03
2.380000000000000000e+02
3.253000000000000000e+03
1.675000000000000000e+03
2.460000000000000000e+02
1.178000000000000000e+03
1.179000000000000000e+03
1.713000000000000000e+03
3.995000000000000000e+03
4.977000000000000000e+03
1.704000000000000000e+03
1.702000000000000000e+03
2.791000000000000000e+03
1.699000000000000000e+03
4.097000000000000000e+03
2.800000000000000000e+03
2.640000000000000000e+02
2.803000000000000000e+03
1.410000000000000000e+03
2.807000000000000000e+03
4.162000000000000000e+03
4.500000000000000000e+01
1.406000000000000000e+03
1.405000000000000000e+03
4.968000000000000000e+03
2.820000000000000000e+03
1.203000000000000000e+03
1.491000000000000000e+03
2.839000000000000000e+03
4.279000000000000000e+03
2.844000000000000000e+03
4.160000000000000000e+03
4.960000000000000000e+03
2.900000000000000000e+03
4.067000000000000000e+03
4.955000000000000000e+03
2.977000000000000000e+03
1.326000000000000000e+03
1.250000000000000000e+02
1.240000000000000000e+02
3.199000000000000000e+03
1.562000000000000000e+03
4.204000000000000000e+03
4.922000000000000000e+03
1.502000000000000000e+03
1.506000000000000000e+03
4.925000000000000000e+03
4.926000000000000000e+03
4.200000000000000000e+03
1.100000000000000000e+02
4.928000000000000000e+03
1.080000000000000000e+02
1.050000000000000000e+02
2.997000000000000000e+03
4.936000000000000000e+03
9.700000000000000000e+01
4.102000000000000000e+03
3.013000000000000000e+03
3.184000000000000000e+03
1.322000000000000000e+03
1.384000000000000000e+03
2.970000000000000000e+03
1.571000000000000000e+03
2.902000000000000000e+03
1.620000000000000000e+03
3.242000000000000000e+03
1.750000000000000000e+02
6.800000000000000000e+01
4.895000000000000000e+03
1.297000000000000000e+03
4.959000000000000000e+03
4.108000000000000000e+03
3.232000000000000000e+03
3.050000000000000000e+03
1.587000000000000000e+03
3.226000000000000000e+03
2.940000000000000000e+03
1.302000000000000000e+03
1.580000000000000000e+02
2.947000000000000000e+03
4.056000000000000000e+03
4.221000000000000000e+03
4.219000000000000000e+03
2.953000000000000000e+03
1.460000000000000000e+02
4.957000000000000000e+03
1.314000000000000000e+03
1.498000000000000000e+03
2.969000000000000000e+03
1.480000000000000000e+03
4.829000000000000000e+03
3.413000000000000000e+03
3.960000000000000000e+02
2.609000000000000000e+03
2.621000000000000000e+03
3.434000000000000000e+03
3.431000000000000000e+03
4.130000000000000000e+03
3.860000000000000000e+02
4.341000000000000000e+03
4.128000000000000000e+03
3.830000000000000000e+02
4.340000000000000000e+03
2.129000000000000000e+03
2.647000000000000000e+03
3.419000000000000000e+03
4.989000000000000000e+03
4.124000000000000000e+03
3.414000000000000000e+03
1.780000000000000000e+03
1.775000000000000000e+03
3.140000000000000000e+03
1.774000000000000000e+03
4.771000000000000000e+03
3.402000000000000000e+03
1.460000000000000000e+03
3.580000000000000000e+02
1.092000000000000000e+03
3.948000000000000000e+03
4.367000000000000000e+03
1.841000000000000000e+03
1.840000000000000000e+03
2.570000000000000000e+03
3.920000000000000000e+03
1.057000000000000000e+03
1.832000000000000000e+03
4.360000000000000000e+03
1.068000000000000000e+03
3.111000000000000000e+03
2.584000000000000000e+03
3.459000000000000000e+03
1.430000000000000000e+03
4.110000000000000000e+02
3.454000000000000000e+03
2.593000000000000000e+03
4.152000000000000000e+03
1.808000000000000000e+03
3.105000000000000000e+03
4.060000000000000000e+02
2.596000000000000000e+03
4.745000000000000000e+03
1.089000000000000000e+03
3.990000000000000000e+02
1.769000000000000000e+03
3.181000000000000000e+03
2.734000000000000000e+03
3.500000000000000000e+01
4.306000000000000000e+03
2.694000000000000000e+03
3.430000000000000000e+02
1.122000000000000000e+03
3.379000000000000000e+03
4.157000000000000000e+03
3.200000000000000000e+01
3.330000000000000000e+02
3.984000000000000000e+03
2.724000000000000000e+03
3.366000000000000000e+03
4.312000000000000000e+03
1.129000000000000000e+03
3.260000000000000000e+02
4.330000000000000000e+03
4.318000000000000000e+03
2.700000000000000000e+01
4.304000000000000000e+03
3.010000000000000000e+02
2.741000000000000000e+03
1.167000000000000000e+03
1.725000000000000000e+03
4.158000000000000000e+03
3.540000000000000000e+02
4.983000000000000000e+03
2.768000000000000000e+03
3.394000000000000000e+03
2.675000000000000000e+03
1.727000000000000000e+03
2.689000000000000000e+03
2.766000000000000000e+03
3.392000000000000000e+03
1.760000000000000000e+03
2.051000000000000000e+03
2.445000000000000000e+03
3.140000000000000000e+02
3.474000000000000000e+03
4.186000000000000000e+03
1.066000000000000000e+03
1.739000000000000000e+03
3.825000000000000000e+03
4.477000000000000000e+03
1.031000000000000000e+03
3.457000000000000000e+03
3.321000000000000000e+03
9.210000000000000000e+02
2.215000000000000000e+03
4.558000000000000000e+03
2.890000000000000000e+02
4.940000000000000000e+02
1.260000000000000000e+03
9.840000000000000000e+02
4.866000000000000000e+03
6.350000000000000000e+02
4.048000000000000000e+03
3.333000000000000000e+03
4.459000000000000000e+03
2.860000000000000000e+03
8.620000000000000000e+02
1.306000000000000000e+03
4.512000000000000000e+03
6.570000000000000000e+02
3.265000000000000000e+03
4.980000000000000000e+03
4.014000000000000000e+03
3.915000000000000000e+03
1.321000000000000000e+03
4.287000000000000000e+03
3.935000000000000000e+03
1.986000000000000000e+03
1.664000000000000000e+03
4.457000000000000000e+03
3.249000000000000000e+03
3.125000000000000000e+03
4.986000000000000000e+03
3.717000000000000000e+03
1.891000000000000000e+03
2.665000000000000000e+03
1.640000000000000000e+03
1.423000000000000000e+03
4.699000000000000000e+03
3.953000000000000000e+03
4.701000000000000000e+03
3.974000000000000000e+03
1.155000000000000000e+03
2.489000000000000000e+03
2.234000000000000000e+03
4.183000000000000000e+03
7.210000000000000000e+02
3.391000000000000000e+03
2.650000000000000000e+03
2.017000000000000000e+03
2.986000000000000000e+03
1.172000000000000000e+03
3.311000000000000000e+03
4.285000000000000000e+03
4.590000000000000000e+03
6.410000000000000000e+02
4.499000000000000000e+03
3.360000000000000000e+02
3.730000000000000000e+02
4.914000000000000000e+03
1.477000000000000000e+03
1.124000000000000000e+03
1.127000000000000000e+03
7.890000000000000000e+02
1.920000000000000000e+03
9.660000000000000000e+02
4.325000000000000000e+03
1.889000000000000000e+03
1.351000000000000000e+03
4.337000000000000000e+03
1.099000000000000000e+03
1.011000000000000000e+03
1.873000000000000000e+03
4.383000000000000000e+03
4.382000000000000000e+03
7.730000000000000000e+02
4.524000000000000000e+03
3.902000000000000000e+03
1.820000000000000000e+03
1.860000000000000000e+03
1.000000000000000000e+03
4.428000000000000000e+03
1.482000000000000000e+03
4.434000000000000000e+03
2.063000000000000000e+03
1.350000000000000000e+03
1.335000000000000000e+03
8.430000000000000000e+02
2.075000000000000000e+03
1.315000000000000000e+03
4.465000000000000000e+03
1.595000000000000000e+03
1.615000000000000000e+03
8.690000000000000000e+02
8.700000000000000000e+02
1.962000000000000000e+03
1.236000000000000000e+03
1.667000000000000000e+03
1.668000000000000000e+03
1.671000000000000000e+03
9.070000000000000000e+02
1.404000000000000000e+03
1.201000000000000000e+03
1.697000000000000000e+03
3.816000000000000000e+03
3.819000000000000000e+03
3.776000000000000000e+03
1.186000000000000000e+03
4.263000000000000000e+03
4.453000000000000000e+03
3.122000000000000000e+03
2.674000000000000000e+03
4.735000000000000000e+03
2.765000000000000000e+03
2.743000000000000000e+03
4.876000000000000000e+03
2.583000000000000000e+03
1.870000000000000000e+02
4.947000000000000000e+03
3.547000000000000000e+03
3.019000000000000000e+03
2.272000000000000000e+03
3.448000000000000000e+03
3.005000000000000000e+03
3.210000000000000000e+03
3.001000000000000000e+03
7.170000000000000000e+02
3.707000000000000000e+03
2.191000000000000000e+03
3.246000000000000000e+03
1.770000000000000000e+02
7.080000000000000000e+02
3.740000000000000000e+03
3.371000000000000000e+03
6.810000000000000000e+02
3.220000000000000000e+03
1.300000000000000000e+02
4.650000000000000000e+03
2.613000000000000000e+03
4.808000000000000000e+03
4.903000000000000000e+03
3.532000000000000000e+03
4.843000000000000000e+03
3.621000000000000000e+03
2.504000000000000000e+03
2.526000000000000000e+03
4.824000000000000000e+03
2.143000000000000000e+03
4.270000000000000000e+02
2.292000000000000000e+03
3.138000000000000000e+03
4.667000000000000000e+03
4.840000000000000000e+02
2.760000000000000000e+02
2.810000000000000000e+02
2.300000000000000000e+02
2.781000000000000000e+03
3.271000000000000000e+03
3.636000000000000000e+03
6.600000000000000000e+01
2.449000000000000000e+03
2.492000000000000000e+03
6.490000000000000000e+02
2.181000000000000000e+03
2.853000000000000000e+03
2.480000000000000000e+02
3.738000000000000000e+03
5.780000000000000000e+02
2.223000000000000000e+03
1.381000000000000000e+03
4.921000000000000000e+03
4.893000000000000000e+03
1.924000000000000000e+03
3.365000000000000000e+03
2.338000000000000000e+03
1.653000000000000000e+03
6.140000000000000000e+02
1.570000000000000000e+03
1.456000000000000000e+03
1.603000000000000000e+03
3.928000000000000000e+03
3.373000000000000000e+03
2.800000000000000000e+01
4.209000000000000000e+03
3.465000000000000000e+03
4.438000000000000000e+03
9.820000000000000000e+02
4.510000000000000000e+03
5.080000000000000000e+02
3.863000000000000000e+03
4.004000000000000000e+03
3.160000000000000000e+02
4.298000000000000000e+03
2.118000000000000000e+03
2.572000000000000000e+03
3.386000000000000000e+03
3.158000000000000000e+03
4.182000000000000000e+03
3.701000000000000000e+03
4.111000000000000000e+03
1.411000000000000000e+03
7.000000000000000000e+02
2.808000000000000000e+03
3.335000000000000000e+03
1.171000000000000000e+03
4.171000000000000000e+03
2.453000000000000000e+03
3.099000000000000000e+03
2.557000000000000000e+03
1.500000000000000000e+02
2.386000000000000000e+03
4.328000000000000000e+03
2.202000000000000000e+03
2.072000000000000000e+03
2.989000000000000000e+03
4.544000000000000000e+03
2.615000000000000000e+03
3.425000000000000000e+03
3.452000000000000000e+03
1.074000000000000000e+03
3.577000000000000000e+03
3.965000000000000000e+03
6.700000000000000000e+01
1.065000000000000000e+03
3.250000000000000000e+03
3.675000000000000000e+03
4.230000000000000000e+03
2.327000000000000000e+03
1.104000000000000000e+03
2.136000000000000000e+03
4.538000000000000000e+03
1.828000000000000000e+03
4.873000000000000000e+03
3.848000000000000000e+03
1.156000000000000000e+03
6.110000000000000000e+02
3.094000000000000000e+03
9.610000000000000000e+02
1.928000000000000000e+03
1.495000000000000000e+03
2.100000000000000000e+03
3.461000000000000000e+03
1.510000000000000000e+03
1.361000000000000000e+03
8.830000000000000000e+02
2.166000000000000000e+03
3.937000000000000000e+03
1.520000000000000000e+03
3.947000000000000000e+03
3.007000000000000000e+03
3.449000000000000000e+03
2.086000000000000000e+03
4.933000000000000000e+03
2.996000000000000000e+03
1.951000000000000000e+03
1.940000000000000000e+03
1.442000000000000000e+03
2.451000000000000000e+03
3.433000000000000000e+03
3.120000000000000000e+03
4.930000000000000000e+02
3.892000000000000000e+03
5.150000000000000000e+02
4.404000000000000000e+03
9.860000000000000000e+02
1.453000000000000000e+03
2.518000000000000000e+03
3.499000000000000000e+03
8.000000000000000000e+00
1.870000000000000000e+03
1.500000000000000000e+01
4.470000000000000000e+02
4.420000000000000000e+02
2.464000000000000000e+03
7.550000000000000000e+02
3.477000000000000000e+03
4.726000000000000000e+03
1.052000000000000000e+03
1.471000000000000000e+03
4.120000000000000000e+03
9.680000000000000000e+02
3.072000000000000000e+03
5.900000000000000000e+01
2.024000000000000000e+03
3.954000000000000000e+03
4.923000000000000000e+03
1.242000000000000000e+03
3.588000000000000000e+03
3.337000000000000000e+03
1.168000000000000000e+03
1.661000000000000000e+03
4.860000000000000000e+03
1.666000000000000000e+03
2.857000000000000000e+03
1.182000000000000000e+03
2.783000000000000000e+03
3.996000000000000000e+03
2.780000000000000000e+02
3.284000000000000000e+03
2.030000000000000000e+03
2.315000000000000000e+03
2.337000000000000000e+03
1.701000000000000000e+03
4.456000000000000000e+03
1.218000000000000000e+03
4.395000000000000000e+03
1.198000000000000000e+03
3.300000000000000000e+03
1.689000000000000000e+03
8.610000000000000000e+02
1.341000000000000000e+03
2.835000000000000000e+03
4.812000000000000000e+03
1.770000000000000000e+03
4.433000000000000000e+03
2.985000000000000000e+03
4.061000000000000000e+03
1.550000000000000000e+02
2.219000000000000000e+03
3.569000000000000000e+03
3.236000000000000000e+03
2.236000000000000000e+03
3.666000000000000000e+03
2.885000000000000000e+03
3.190000000000000000e+02
3.650000000000000000e+03
3.354000000000000000e+03
1.624000000000000000e+03
2.891000000000000000e+03
3.979000000000000000e+03
1.742000000000000000e+03
1.146000000000000000e+03
3.343000000000000000e+03
4.594000000000000000e+03
2.886000000000000000e+03
3.930000000000000000e+03
7.360000000000000000e+02
9.080000000000000000e+02
4.113000000000000000e+03
1.670000000000000000e+02
2.548000000000000000e+03
1.443000000000000000e+03
9.020000000000000000e+02
1.000000000000000000e+00
3.206000000000000000e+03
1.538000000000000000e+03
8.190000000000000000e+02
9.780000000000000000e+02
2.340000000000000000e+03
3.820000000000000000e+03
1.810000000000000000e+02
3.759000000000000000e+03
3.981000000000000000e+03
1.212000000000000000e+03
1.738000000000000000e+03
4.110000000000000000e+03
3.235000000000000000e+03
1.896000000000000000e+03
4.290000000000000000e+02
3.037000000000000000e+03
3.491000000000000000e+03
1.510000000000000000e+02
3.341000000000000000e+03
8.330000000000000000e+02
3.040000000000000000e+02
1.985000000000000000e+03
3.280000000000000000e+03
2.347000000000000000e+03
3.141000000000000000e+03
1.289000000000000000e+03
7.230000000000000000e+02
2.030000000000000000e+02
1.349000000000000000e+03
2.339000000000000000e+03
2.863000000000000000e+03
3.058000000000000000e+03
7.860000000000000000e+02
3.067000000000000000e+03
5.960000000000000000e+02
2.998000000000000000e+03
1.451000000000000000e+03
4.498000000000000000e+03
4.313000000000000000e+03
4.638000000000000000e+03
2.497000000000000000e+03
1.971000000000000000e+03
1.417000000000000000e+03
2.117000000000000000e+03
3.970000000000000000e+03
4.790000000000000000e+03
2.391000000000000000e+03
1.096000000000000000e+03
2.146000000000000000e+03
2.892000000000000000e+03
1.935000000000000000e+03
1.805000000000000000e+03
4.760000000000000000e+03
4.201000000000000000e+03
2.290000000000000000e+03
3.177000000000000000e+03
3.528000000000000000e+03
2.868000000000000000e+03
3.277000000000000000e+03
3.831000000000000000e+03
4.362000000000000000e+03
3.162000000000000000e+03
4.488000000000000000e+03
1.799000000000000000e+03
8.710000000000000000e+02
1.723000000000000000e+03
4.890000000000000000e+02
3.100000000000000000e+02
4.235000000000000000e+03
3.048000000000000000e+03
2.358000000000000000e+03
5.490000000000000000e+02
3.097000000000000000e+03
1.088000000000000000e+03
5.740000000000000000e+02
1.566000000000000000e+03
2.130000000000000000e+02
4.872000000000000000e+03
4.381000000000000000e+03
4.816000000000000000e+03
2.139000000000000000e+03
4.002000000000000000e+03
4.164000000000000000e+03
3.128000000000000000e+03
1.720000000000000000e+03
8.050000000000000000e+02
3.145000000000000000e+03
1.239000000000000000e+03
4.060000000000000000e+03
1.387000000000000000e+03
3.578000000000000000e+03
2.633000000000000000e+03
4.608000000000000000e+03
4.548000000000000000e+03
1.945000000000000000e+03
3.080000000000000000e+03
2.606000000000000000e+03
1.729000000000000000e+03
3.794000000000000000e+03
7.410000000000000000e+02
2.190000000000000000e+02
3.508000000000000000e+03
1.125000000000000000e+03
5.040000000000000000e+02
3.709000000000000000e+03
2.265000000000000000e+03
2.124000000000000000e+03
3.002000000000000000e+03
1.215000000000000000e+03
4.278000000000000000e+03
8.090000000000000000e+02
3.492000000000000000e+03
3.180000000000000000e+03
2.011000000000000000e+03
2.812000000000000000e+03
1.981000000000000000e+03
1.197000000000000000e+03
2.474000000000000000e+03
3.780000000000000000e+03
8.460000000000000000e+02
3.764000000000000000e+03
3.172000000000000000e+03
6.800000000000000000e+02
4.137000000000000000e+03
7.420000000000000000e+02
1.722000000000000000e+03
3.323000000000000000e+03
3.769000000000000000e+03
1.483000000000000000e+03
1.901000000000000000e+03
2.588000000000000000e+03
8.550000000000000000e+02
2.536000000000000000e+03
2.879000000000000000e+03
8.530000000000000000e+02
1.741000000000000000e+03
3.250000000000000000e+02
4.136000000000000000e+03
1.234000000000000000e+03
9.640000000000000000e+02
4.727000000000000000e+03
3.871000000000000000e+03
2.233000000000000000e+03
3.046000000000000000e+03
4.212000000000000000e+03
3.795000000000000000e+03
1.076000000000000000e+03
3.966000000000000000e+03
3.151000000000000000e+03
1.501000000000000000e+03
3.642000000000000000e+03
3.307000000000000000e+03
4.044000000000000000e+03
2.931000000000000000e+03
1.612000000000000000e+03
8.790000000000000000e+02
1.161000000000000000e+03
2.842000000000000000e+03
1.970000000000000000e+03
3.217000000000000000e+03
3.757000000000000000e+03
3.856000000000000000e+03
2.577000000000000000e+03
7.250000000000000000e+02
1.917000000000000000e+03
4.172000000000000000e+03
4.090000000000000000e+03
4.552000000000000000e+03
3.841000000000000000e+03
2.299000000000000000e+03
1.036000000000000000e+03
4.949000000000000000e+03
4.916000000000000000e+03
3.692000000000000000e+03
2.537000000000000000e+03
3.833000000000000000e+03
4.800000000000000000e+03
4.909000000000000000e+03
4.529000000000000000e+03
2.488000000000000000e+03
4.218000000000000000e+03
2.983000000000000000e+03
6.150000000000000000e+02
3.497000000000000000e+03
6.900000000000000000e+01
8.910000000000000000e+02
9.000000000000000000e+00
4.972000000000000000e+03
3.618000000000000000e+03
1.678000000000000000e+03
4.270000000000000000e+03
1.596000000000000000e+03
3.186000000000000000e+03
5.430000000000000000e+02
1.606000000000000000e+03
2.553000000000000000e+03
3.604000000000000000e+03
3.731000000000000000e+03
4.253000000000000000e+03
3.426000000000000000e+03
3.573000000000000000e+03
1.037000000000000000e+03
2.962000000000000000e+03
1.930000000000000000e+02
3.700000000000000000e+01
3.150000000000000000e+03
2.035000000000000000e+03
3.554000000000000000e+03
4.030000000000000000e+02
1.431000000000000000e+03
2.300000000000000000e+01
3.691000000000000000e+03
3.107000000000000000e+03
6.440000000000000000e+02
2.163000000000000000e+03
1.247000000000000000e+03
1.282000000000000000e+03
2.896000000000000000e+03
3.763000000000000000e+03
3.164000000000000000e+03
4.480000000000000000e+03
2.054000000000000000e+03
4.094000000000000000e+03
4.554000000000000000e+03
1.648000000000000000e+03
4.169000000000000000e+03
5.500000000000000000e+01
1.542000000000000000e+03
1.250000000000000000e+03
1.509000000000000000e+03
1.245000000000000000e+03
1.492000000000000000e+03
4.106000000000000000e+03
5.030000000000000000e+02
4.770000000000000000e+03
2.016000000000000000e+03
3.320000000000000000e+03
4.454000000000000000e+03
3.992000000000000000e+03
3.991000000000000000e+03
5.420000000000000000e+02
3.936000000000000000e+03
4.626000000000000000e+03
1.806000000000000000e+03
3.549000000000000000e+03
1.166000000000000000e+03
2.374000000000000000e+03
1.724000000000000000e+03
3.555000000000000000e+03
1.101000000000000000e+03
2.413000000000000000e+03
9.360000000000000000e+02
3.417000000000000000e+03
4.810000000000000000e+03
1.781000000000000000e+03
4.303000000000000000e+03
4.855000000000000000e+03
4.777000000000000000e+03
3.566000000000000000e+03
2.403000000000000000e+03
3.351000000000000000e+03
4.803000000000000000e+03
2.681000000000000000e+03
2.687000000000000000e+03
4.409000000000000000e+03
4.408000000000000000e+03
4.170000000000000000e+02
3.524000000000000000e+03
3.505000000000000000e+03
4.007000000000000000e+03
2.798000000000000000e+03
2.517000000000000000e+03
3.299000000000000000e+03
6.120000000000000000e+02
4.401000000000000000e+03
1.016000000000000000e+03
2.350000000000000000e+02
4.676000000000000000e+03
4.910000000000000000e+02
2.829000000000000000e+03
4.378000000000000000e+03
6.080000000000000000e+02
2.312000000000000000e+03
2.313000000000000000e+03
2.610000000000000000e+02
1.375000000000000000e+03
2.735000000000000000e+03
1.444000000000000000e+03
7.570000000000000000e+02
4.756000000000000000e+03
6.960000000000000000e+02
3.336000000000000000e+03
5.340000000000000000e+02
1.383000000000000000e+03
3.504000000000000000e+03
4.500000000000000000e+02
4.945000000000000000e+03
3.615000000000000000e+03
3.746000000000000000e+03
4.870000000000000000e+02
4.256000000000000000e+03
3.681000000000000000e+03
1.207000000000000000e+03
4.070000000000000000e+02
1.246000000000000000e+03
3.687000000000000000e+03
3.412000000000000000e+03
3.154000000000000000e+03
2.704000000000000000e+03
4.310000000000000000e+02
4.420000000000000000e+03
2.981000000000000000e+03
1.868000000000000000e+03
3.967000000000000000e+03
4.686000000000000000e+03
5.200000000000000000e+02
1.525000000000000000e+03
3.198000000000000000e+03
4.091000000000000000e+03
9.510000000000000000e+02
4.213000000000000000e+03
6.340000000000000000e+02
4.046000000000000000e+03
2.799000000000000000e+03
3.260000000000000000e+03
4.564000000000000000e+03
4.261000000000000000e+03
4.867000000000000000e+03
2.858000000000000000e+03
1.280000000000000000e+03
1.976000000000000000e+03
1.586000000000000000e+03
3.670000000000000000e+02
8.000000000000000000e+02
3.023000000000000000e+03
1.397000000000000000e+03
3.770000000000000000e+02
2.942000000000000000e+03
1.120000000000000000e+02
3.899000000000000000e+03
3.900000000000000000e+03
4.026000000000000000e+03
4.506000000000000000e+03
4.029000000000000000e+03
3.751000000000000000e+03
6.530000000000000000e+02
2.923000000000000000e+03
4.173000000000000000e+03
3.484000000000000000e+03
4.350000000000000000e+02
2.522000000000000000e+03
2.123000000000000000e+03
1.420000000000000000e+02
1.330000000000000000e+02
1.672000000000000000e+03
1.007000000000000000e+03
2.122000000000000000e+03
2.990000000000000000e+02
3.539000000000000000e+03
1.344000000000000000e+03
6.100000000000000000e+02
2.940000000000000000e+02
2.056000000000000000e+03
2.920000000000000000e+02
1.550000000000000000e+03
4.733000000000000000e+03
2.027000000000000000e+03
4.687000000000000000e+03
3.471000000000000000e+03
9.800000000000000000e+02
1.070000000000000000e+03
3.315000000000000000e+03
3.703000000000000000e+03
1.053000000000000000e+03
4.868000000000000000e+03
1.296000000000000000e+03
2.389000000000000000e+03
3.489000000000000000e+03
1.626000000000000000e+03
2.525000000000000000e+03
4.175000000000000000e+03
3.742000000000000000e+03
1.067000000000000000e+03
1.162000000000000000e+03
1.827000000000000000e+03
4.598000000000000000e+03
3.940000000000000000e+03
1.398000000000000000e+03
1.139000000000000000e+03
4.062000000000000000e+03
1.006000000000000000e+03
4.282000000000000000e+03
4.050000000000000000e+03
4.821000000000000000e+03
3.907000000000000000e+03
4.189000000000000000e+03
2.598000000000000000e+03
2.060000000000000000e+03
1.410000000000000000e+02
1.278000000000000000e+03
7.630000000000000000e+02
9.160000000000000000e+02
2.925000000000000000e+03
3.498000000000000000e+03
3.660000000000000000e+02
3.364000000000000000e+03
3.708000000000000000e+03
1.389000000000000000e+03
4.361000000000000000e+03
1.062000000000000000e+03
3.453000000000000000e+03
2.326000000000000000e+03
1.300000000000000000e+01
1.660000000000000000e+03
7.720000000000000000e+02
3.934000000000000000e+03
1.939000000000000000e+03
1.174000000000000000e+03
9.380000000000000000e+02
2.888000000000000000e+03
9.040000000000000000e+02
4.188000000000000000e+03
8.520000000000000000e+02
6.100000000000000000e+01
4.297000000000000000e+03
5.130000000000000000e+02
1.599000000000000000e+03
1.737000000000000000e+03
4.077000000000000000e+03
4.567000000000000000e+03
3.548000000000000000e+03
3.268000000000000000e+03
1.911000000000000000e+03
1.469000000000000000e+03
1.975000000000000000e+03
1.623000000000000000e+03
2.390000000000000000e+03
3.859000000000000000e+03
1.694000000000000000e+03
1.610000000000000000e+03
4.069000000000000000e+03
2.889000000000000000e+03
2.477000000000000000e+03
3.753000000000000000e+03
3.861000000000000000e+03
3.521000000000000000e+03
4.999000000000000000e+03
4.070000000000000000e+03
4.780000000000000000e+03
3.500000000000000000e+02
4.520000000000000000e+03
4.636000000000000000e+03
7.810000000000000000e+02
4.940000000000000000e+03
9.520000000000000000e+02
4.617000000000000000e+03
4.223000000000000000e+03
4.310000000000000000e+03
1.054000000000000000e+03
4.265000000000000000e+03
1.342000000000000000e+03
3.297000000000000000e+03
4.720000000000000000e+03
4.775000000000000000e+03
2.732000000000000000e+03
4.040000000000000000e+02
1.768000000000000000e+03
4.057000000000000000e+03
2.410000000000000000e+02
1.540000000000000000e+03
3.240000000000000000e+02
4.700000000000000000e+03
2.904000000000000000e+03
4.096000000000000000e+03
4.220000000000000000e+02
2.111000000000000000e+03
4.432000000000000000e+03
3.914000000000000000e+03
3.432000000000000000e+03
3.376000000000000000e+03
2.991000000000000000e+03
3.368000000000000000e+03
2.597000000000000000e+03
9.180000000000000000e+02
3.119000000000000000e+03
6.970000000000000000e+02
4.639000000000000000e+03
4.783000000000000000e+03
3.170000000000000000e+03
4.693000000000000000e+03
8.720000000000000000e+02
8.770000000000000000e+02
3.405000000000000000e+03
4.104000000000000000e+03
4.079000000000000000e+03
3.100000000000000000e+03
4.763000000000000000e+03
4.226000000000000000e+03
3.082000000000000000e+03
4.630000000000000000e+03
2.561000000000000000e+03
3.961000000000000000e+03
4.314000000000000000e+03
5.360000000000000000e+02
3.744000000000000000e+03
2.956000000000000000e+03
3.665000000000000000e+03
1.793000000000000000e+03
1.831000000000000000e+03
4.680000000000000000e+02
1.270000000000000000e+02
1.850000000000000000e+03
3.153000000000000000e+03
4.640000000000000000e+02
4.719000000000000000e+03
3.020000000000000000e+03
1.650000000000000000e+02
4.950000000000000000e+02
4.791000000000000000e+03
1.531000000000000000e+03
3.228000000000000000e+03
5.580000000000000000e+02
5.060000000000000000e+02
3.529000000000000000e+03
1.685000000000000000e+03
1.900000000000000000e+01
4.020000000000000000e+03
1.933000000000000000e+03
2.295000000000000000e+03
1.931000000000000000e+03
4.065000000000000000e+03
3.829000000000000000e+03
4.577000000000000000e+03
4.787000000000000000e+03
4.123000000000000000e+03
3.640000000000000000e+03
3.476000000000000000e+03
4.502000000000000000e+03
1.659000000000000000e+03
3.720000000000000000e+03
2.871000000000000000e+03
2.260000000000000000e+03
9.790000000000000000e+02
2.487000000000000000e+03
3.220000000000000000e+02
3.123000000000000000e+03
3.110000000000000000e+03
2.569000000000000000e+03
2.128000000000000000e+03
4.773000000000000000e+03
2.091000000000000000e+03
2.556000000000000000e+03
5.530000000000000000e+02
4.507000000000000000e+03
8.600000000000000000e+02
7.980000000000000000e+02
2.560000000000000000e+02
2.274000000000000000e+03
4.643000000000000000e+03
3.904000000000000000e+03
4.725000000000000000e+03
3.810000000000000000e+03
1.539000000000000000e+03
9.370000000000000000e+02
2.878000000000000000e+03
3.397000000000000000e+03
1.895000000000000000e+03
4.135000000000000000e+03
4.468000000000000000e+03
2.757000000000000000e+03
4.630000000000000000e+02
4.578000000000000000e+03
2.433000000000000000e+03
3.000000000000000000e+03
4.066000000000000000e+03
4.942000000000000000e+03
1.192000000000000000e+03
1.111000000000000000e+03
2.723000000000000000e+03
7.960000000000000000e+02
7.200000000000000000e+01
2.620000000000000000e+03
6.640000000000000000e+02
1.929000000000000000e+03
2.693000000000000000e+03
1.345000000000000000e+03
2.127000000000000000e+03
2.682000000000000000e+03
1.086000000000000000e+03
1.753000000000000000e+03
4.315000000000000000e+03
4.750000000000000000e+02
2.608000000000000000e+03
2.266000000000000000e+03
1.540000000000000000e+02
6.310000000000000000e+02
6.160000000000000000e+02
2.935000000000000000e+03
3.649000000000000000e+03
3.619000000000000000e+03
8.390000000000000000e+02
2.594000000000000000e+03
3.787000000000000000e+03
2.761000000000000000e+03
2.540000000000000000e+03
3.817000000000000000e+03
3.440000000000000000e+02
3.896000000000000000e+03
1.027000000000000000e+03
4.794000000000000000e+03
2.152000000000000000e+03
4.710000000000000000e+03
2.172000000000000000e+03
3.851000000000000000e+03
1.980000000000000000e+02
2.450000000000000000e+03
2.201000000000000000e+03
3.418000000000000000e+03
3.957000000000000000e+03
4.400000000000000000e+03
1.112000000000000000e+03
2.625000000000000000e+03
2.638000000000000000e+03
2.469000000000000000e+03
3.178000000000000000e+03
3.084000000000000000e+03
1.582000000000000000e+03
1.435000000000000000e+03
3.027000000000000000e+03
4.105000000000000000e+03
3.073000000000000000e+03
7.220000000000000000e+02
1.837000000000000000e+03
2.514000000000000000e+03
3.006000000000000000e+03
1.294000000000000000e+03
3.420000000000000000e+03
1.020000000000000000e+03
2.410000000000000000e+03
1.544000000000000000e+03
2.759000000000000000e+03
4.857000000000000000e+03
4.402000000000000000e+03
4.138000000000000000e+03
1.950000000000000000e+02
7.580000000000000000e+02
4.740000000000000000e+03
3.502000000000000000e+03
4.125000000000000000e+03
3.883000000000000000e+03
7.290000000000000000e+02
1.343000000000000000e+03
1.684000000000000000e+03
4.995000000000000000e+03
3.885000000000000000e+03
2.113000000000000000e+03
2.524000000000000000e+03
3.275000000000000000e+03
4.528000000000000000e+03
3.846000000000000000e+03
4.195000000000000000e+03
3.166000000000000000e+03
4.737000000000000000e+03
1.000000000000000000e+01
1.503000000000000000e+03
1.748000000000000000e+03
2.688000000000000000e+03
4.211000000000000000e+03
2.795000000000000000e+03
6.220000000000000000e+02
2.350000000000000000e+03
2.360000000000000000e+02
1.015000000000000000e+03
4.739000000000000000e+03
1.518000000000000000e+03
3.302000000000000000e+03
4.134000000000000000e+03
9.250000000000000000e+02
6.740000000000000000e+02
3.942000000000000000e+03
2.877000000000000000e+03
1.993000000000000000e+03
4.985000000000000000e+03
2.485000000000000000e+03
4.804000000000000000e+03
3.766000000000000000e+03
4.932000000000000000e+03
1.388000000000000000e+03
5.000000000000000000e+00
6.000000000000000000e+01
1.058000000000000000e+03
2.262000000000000000e+03
4.241000000000000000e+03
6.900000000000000000e+02
3.055000000000000000e+03
1.275000000000000000e+03
3.826000000000000000e+03
4.951000000000000000e+03
1.792000000000000000e+03
3.601000000000000000e+03
1.650000000000000000e+03
2.446000000000000000e+03
1.285000000000000000e+03
4.275000000000000000e+03
3.445000000000000000e+03
4.897000000000000000e+03
3.244000000000000000e+03
1.843000000000000000e+03
8.140000000000000000e+02
1.131000000000000000e+03
4.813000000000000000e+03
4.436000000000000000e+03
1.960000000000000000e+03
2.178000000000000000e+03
1.419000000000000000e+03
3.149000000000000000e+03
3.193000000000000000e+03
3.155000000000000000e+03
3.644000000000000000e+03
4.646000000000000000e+03
3.345000000000000000e+03
1.098000000000000000e+03
4.744000000000000000e+03
2.402000000000000000e+03
2.092000000000000000e+03
1.591000000000000000e+03
4.160000000000000000e+02
3.133000000000000000e+03
4.728000000000000000e+03
2.444000000000000000e+03
2.880000000000000000e+02
4.982000000000000000e+03
4.348000000000000000e+03
3.771000000000000000e+03
3.814000000000000000e+03
6.400000000000000000e+02
2.643000000000000000e+03
4.707000000000000000e+03
2.806000000000000000e+03
2.261000000000000000e+03
1.340000000000000000e+02
1.878000000000000000e+03
2.256000000000000000e+03
7.650000000000000000e+02
2.436000000000000000e+03
2.943000000000000000e+03
3.327000000000000000e+03
1.463000000000000000e+03
4.120000000000000000e+02
3.247000000000000000e+03
8.590000000000000000e+02
1.629000000000000000e+03
3.845000000000000000e+03
3.962000000000000000e+03
2.031000000000000000e+03
2.476000000000000000e+03
2.677000000000000000e+03
1.185000000000000000e+03
3.132000000000000000e+03
7.770000000000000000e+02
1.075000000000000000e+03
3.003000000000000000e+03
4.984000000000000000e+03
1.825000000000000000e+03
9.060000000000000000e+02
2.987000000000000000e+03
2.660000000000000000e+03
3.450000000000000000e+03
3.303000000000000000e+03
2.617000000000000000e+03
4.561000000000000000e+03
4.089000000000000000e+03
3.945000000000000000e+03
1.060000000000000000e+03
1.169000000000000000e+03
3.065000000000000000e+03
1.145000000000000000e+03
1.590000000000000000e+02
6.300000000000000000e+01
2.345000000000000000e+03
4.307000000000000000e+03
4.722000000000000000e+03
1.910000000000000000e+02
3.139000000000000000e+03
1.830000000000000000e+02
2.790000000000000000e+02
4.898000000000000000e+03
2.551000000000000000e+03
4.429000000000000000e+03
2.068000000000000000e+03
2.530000000000000000e+02
2.859000000000000000e+03
8.920000000000000000e+02
4.292000000000000000e+03
1.357000000000000000e+03
1.196000000000000000e+03
1.425000000000000000e+03
3.380000000000000000e+03
3.993000000000000000e+03
2.710000000000000000e+02
2.720000000000000000e+03
1.761000000000000000e+03
2.270000000000000000e+03
2.244000000000000000e+03
3.923000000000000000e+03
1.256000000000000000e+03
4.881000000000000000e+03
8.780000000000000000e+02
1.421000000000000000e+03
4.446000000000000000e+03
2.686000000000000000e+03
2.826000000000000000e+03
4.845000000000000000e+03
4.774000000000000000e+03
3.989000000000000000e+03
7.590000000000000000e+02
4.954000000000000000e+03
3.898000000000000000e+03
4.224000000000000000e+03
6.280000000000000000e+02
3.495000000000000000e+03
3.910000000000000000e+02
3.038000000000000000e+03
1.662000000000000000e+03
5.520000000000000000e+02
3.628000000000000000e+03
1.537000000000000000e+03
9.170000000000000000e+02
2.491000000000000000e+03
4.988000000000000000e+03
3.060000000000000000e+02
4.034000000000000000e+03
3.783000000000000000e+03
3.420000000000000000e+02
1.927000000000000000e+03
3.390000000000000000e+03
4.570000000000000000e+03
4.653000000000000000e+03
2.398000000000000000e+03
5.930000000000000000e+02
2.325000000000000000e+03
4.723000000000000000e+03
4.840000000000000000e+03
4.809000000000000000e+03
8.810000000000000000e+02
3.378000000000000000e+03
2.701000000000000000e+03
3.147000000000000000e+03
4.729000000000000000e+03
4.946000000000000000e+03
1.173000000000000000e+03
3.029000000000000000e+03
2.226000000000000000e+03
3.086000000000000000e+03
1.657000000000000000e+03
2.809000000000000000e+03
3.062000000000000000e+03
4.584000000000000000e+03
2.000000000000000000e+02
5.110000000000000000e+02
3.556000000000000000e+03
2.771000000000000000e+03
3.362000000000000000e+03
3.200000000000000000e+02
1.635000000000000000e+03
1.652000000000000000e+03
4.597000000000000000e+03
3.834000000000000000e+03
3.730000000000000000e+03
7.350000000000000000e+02
4.010000000000000000e+02
4.121000000000000000e+03
2.368000000000000000e+03
4.220000000000000000e+03
2.173000000000000000e+03
4.681000000000000000e+03
1.513000000000000000e+03
9.830000000000000000e+02
4.536000000000000000e+03
8.930000000000000000e+02
9.770000000000000000e+02
4.492000000000000000e+03
4.258000000000000000e+03
7.540000000000000000e+02
2.094000000000000000e+03
1.159000000000000000e+03
7.990000000000000000e+02
1.360000000000000000e+02
1.565000000000000000e+03
1.176000000000000000e+03
4.419000000000000000e+03
2.550000000000000000e+02
4.711000000000000000e+03
9.540000000000000000e+02
9.440000000000000000e+02
1.947000000000000000e+03
2.036000000000000000e+03
1.957000000000000000e+03
4.607000000000000000e+03
4.599000000000000000e+03
1.660000000000000000e+02
4.326000000000000000e+03
3.903000000000000000e+03
6.700000000000000000e+02
3.706000000000000000e+03
3.635000000000000000e+03
1.298000000000000000e+03
3.891000000000000000e+03
1.887000000000000000e+03
1.303000000000000000e+03
1.712000000000000000e+03
1.900000000000000000e+02
2.718000000000000000e+03
3.127000000000000000e+03
3.227000000000000000e+03
2.342000000000000000e+03
4.796000000000000000e+03
9.220000000000000000e+02
6.470000000000000000e+02
4.013000000000000000e+03
3.830000000000000000e+03
3.559000000000000000e+03
7.510000000000000000e+02
4.243000000000000000e+03
1.839000000000000000e+03
2.612000000000000000e+03
4.819000000000000000e+03
4.041000000000000000e+03
3.312000000000000000e+03
7.270000000000000000e+02
3.490000000000000000e+02
1.600000000000000000e+02
3.233000000000000000e+03
3.137000000000000000e+03
1.516000000000000000e+03
3.195000000000000000e+03
3.070000000000000000e+03
1.422000000000000000e+03
1.607000000000000000e+03
1.842000000000000000e+03
3.806000000000000000e+03
2.334000000000000000e+03
2.033000000000000000e+03
1.286000000000000000e+03
2.642000000000000000e+03
5.310000000000000000e+02
1.087000000000000000e+03
2.747000000000000000e+03
1.890000000000000000e+03
4.511000000000000000e+03
2.235000000000000000e+03
4.560000000000000000e+02
4.673000000000000000e+03
4.660000000000000000e+02
1.813000000000000000e+03
3.301000000000000000e+03
3.115000000000000000e+03
3.430000000000000000e+03
4.023000000000000000e+03
4.965000000000000000e+03
4.741000000000000000e+03
1.305000000000000000e+03
4.305000000000000000e+03
3.300000000000000000e+01
7.560000000000000000e+02
1.588000000000000000e+03
7.670000000000000000e+02
4.827000000000000000e+03
1.409000000000000000e+03
3.501000000000000000e+03
1.312000000000000000e+03
1.551000000000000000e+03
1.600000000000000000e+03
3.150000000000000000e+02
3.129000000000000000e+03
1.898000000000000000e+03
4.696000000000000000e+03
1.731000000000000000e+03
2.616000000000000000e+03
5.120000000000000000e+02
2.739000000000000000e+03
3.527000000000000000e+03
2.370000000000000000e+03
2.815000000000000000e+03
2.335000000000000000e+03
1.380000000000000000e+02
1.427000000000000000e+03
3.514000000000000000e+03
1.484000000000000000e+03
2.157000000000000000e+03
4.743000000000000000e+03
1.925000000000000000e+03
7.470000000000000000e+02
4.260000000000000000e+02
2.434000000000000000e+03
1.743000000000000000e+03
4.397000000000000000e+03
1.284000000000000000e+03
4.185000000000000000e+03
1.881000000000000000e+03
4.030000000000000000e+03
3.342000000000000000e+03
4.414000000000000000e+03
3.579000000000000000e+03
1.418000000000000000e+03
3.683000000000000000e+03
1.716000000000000000e+03
1.378000000000000000e+03
2.875000000000000000e+03
2.780000000000000000e+03
1.230000000000000000e+02
3.517000000000000000e+03
2.380000000000000000e+03
1.514000000000000000e+03
4.000000000000000000e+00
6.330000000000000000e+02
3.230000000000000000e+02
3.509000000000000000e+03
4.358000000000000000e+03
3.047000000000000000e+03
4.850000000000000000e+02
1.217000000000000000e+03
4.953000000000000000e+03
1.721000000000000000e+03
3.540000000000000000e+03
3.041000000000000000e+03
1.705000000000000000e+03
5.880000000000000000e+02
4.852000000000000000e+03
3.705000000000000000e+03
4.156000000000000000e+03
1.366000000000000000e+03
2.137000000000000000e+03
1.803000000000000000e+03
1.558000000000000000e+03
9.330000000000000000e+02
9.270000000000000000e+02
3.437000000000000000e+03
2.006000000000000000e+03
3.510000000000000000e+03
3.016000000000000000e+03
4.286000000000000000e+03
7.400000000000000000e+02
1.346000000000000000e+03
3.482000000000000000e+03
3.456000000000000000e+03
1.618000000000000000e+03
1.994000000000000000e+03
2.096000000000000000e+03
3.576000000000000000e+03
4.412000000000000000e+03
1.184000000000000000e+03
1.602000000000000000e+03
2.170000000000000000e+02
4.619000000000000000e+03
8.200000000000000000e+01
3.596000000000000000e+03
4.017000000000000000e+03
2.071000000000000000e+03
4.847000000000000000e+03
4.484000000000000000e+03
2.182000000000000000e+03
4.753000000000000000e+03
2.099000000000000000e+03
1.259000000000000000e+03
4.391000000000000000e+03
4.799000000000000000e+03
8.740000000000000000e+02
4.679000000000000000e+03
1.941000000000000000e+03
4.043000000000000000e+03
1.190000000000000000e+03
2.501000000000000000e+03
9.910000000000000000e+02
4.196000000000000000e+03
