1.155000000000000000e+03
1.807000000000000000e+03
2.669000000000000000e+03
3.455000000000000000e+03
3.967000000000000000e+03
4.352000000000000000e+03
1.856000000000000000e+03
4.736000000000000000e+03
2.833000000000000000e+03
1.127000000000000000e+03
4.722000000000000000e+03
1.146000000000000000e+03
4.716000000000000000e+03
1.679000000000000000e+03
3.390000000000000000e+02
3.982000000000000000e+03
1.308000000000000000e+03
2.967000000000000000e+03
1.240000000000000000e+03
1.827000000000000000e+03
3.229000000000000000e+03
3.173000000000000000e+03
6.370000000000000000e+02
1.750000000000000000e+03
2.653000000000000000e+03
4.469000000000000000e+03
4.133000000000000000e+03
4.909000000000000000e+03
2.055000000000000000e+03
2.362000000000000000e+03
2.421000000000000000e+03
2.433000000000000000e+03
4.859000000000000000e+03
3.780000000000000000e+03
1.486000000000000000e+03
1.491000000000000000e+03
3.763000000000000000e+03
4.428000000000000000e+03
3.660000000000000000e+03
4.980000000000000000e+03
2.559000000000000000e+03
4.874000000000000000e+03
3.843000000000000000e+03
4.962000000000000000e+03
1.987000000000000000e+03
4.948000000000000000e+03
3.311000000000000000e+03
2.202000000000000000e+03
2.610000000000000000e+03
5.750000000000000000e+02
2.916000000000000000e+03
3.440000000000000000e+03
6.890000000000000000e+02
2.832000000000000000e+03
2.423000000000000000e+03
2.169000000000000000e+03
2.288000000000000000e+03
9.500000000000000000e+01
1.818000000000000000e+03
1.709000000000000000e+03
1.137000000000000000e+03
2.777000000000000000e+03
3.457000000000000000e+03
1.036000000000000000e+03
2.828000000000000000e+03
1.300000000000000000e+03
7.060000000000000000e+02
4.672000000000000000e+03
3.511000000000000000e+03
2.728000000000000000e+03
4.378000000000000000e+03
7.220000000000000000e+02
4.970000000000000000e+02
1.660000000000000000e+02
2.650000000000000000e+03
1.969000000000000000e+03
4.580000000000000000e+03
2.271000000000000000e+03
2.919000000000000000e+03
3.030000000000000000e+03
2.240000000000000000e+03
1.058000000000000000e+03
4.795000000000000000e+03
2.862000000000000000e+03
3.493000000000000000e+03
4.645000000000000000e+03
1.840000000000000000e+03
4.920000000000000000e+02
4.203000000000000000e+03
1.114000000000000000e+03
2.622000000000000000e+03
1.858000000000000000e+03
4.793000000000000000e+03
2.106000000000000000e+03
3.400000000000000000e+01
9.920000000000000000e+02
2.443000000000000000e+03
1.822000000000000000e+03
2.530000000000000000e+03
1.458000000000000000e+03
3.883000000000000000e+03
1.785000000000000000e+03
2.879000000000000000e+03
1.350000000000000000e+02
2.852000000000000000e+03
2.749000000000000000e+03
3.234000000000000000e+03
2.495000000000000000e+03
3.367000000000000000e+03
7.490000000000000000e+02
1.402000000000000000e+03
3.123000000000000000e+03
9.130000000000000000e+02
3.007000000000000000e+03
4.400000000000000000e+03
3.055000000000000000e+03
9.300000000000000000e+02
1.721000000000000000e+03
3.066000000000000000e+03
1.966000000000000000e+03
9.110000000000000000e+02
3.244000000000000000e+03
4.000000000000000000e+01
3.407000000000000000e+03
1.141000000000000000e+03
4.170000000000000000e+02
2.856000000000000000e+03
3.730000000000000000e+03
8.190000000000000000e+02
4.032000000000000000e+03
3.583000000000000000e+03
3.912000000000000000e+03
1.158000000000000000e+03
2.499000000000000000e+03
3.561000000000000000e+03
4.719000000000000000e+03
2.074000000000000000e+03
1.522000000000000000e+03
4.037000000000000000e+03
1.109000000000000000e+03
2.482000000000000000e+03
2.220000000000000000e+02
4.751000000000000000e+03
1.093000000000000000e+03
3.902000000000000000e+03
9.720000000000000000e+02
3.624000000000000000e+03
2.850000000000000000e+03
1.981000000000000000e+03
2.348000000000000000e+03
5.280000000000000000e+02
3.871000000000000000e+03
2.470000000000000000e+02
4.449000000000000000e+03
1.949000000000000000e+03
1.951000000000000000e+03
2.549000000000000000e+03
1.100000000000000000e+03
3.892000000000000000e+03
2.536000000000000000e+03
3.916000000000000000e+03
1.993000000000000000e+03
3.960000000000000000e+03
4.845000000000000000e+03
3.751000000000000000e+03
3.649000000000000000e+03
3.692000000000000000e+03
3.176000000000000000e+03
3.191000000000000000e+03
4.590000000000000000e+03
9.890000000000000000e+02
3.125000000000000000e+03
1.715000000000000000e+03
1.775000000000000000e+03
8.400000000000000000e+01
1.625000000000000000e+03
3.160000000000000000e+02
1.904000000000000000e+03
4.666000000000000000e+03
1.836000000000000000e+03
4.711000000000000000e+03
3.466000000000000000e+03
2.930000000000000000e+02
2.900000000000000000e+02
2.847000000000000000e+03
3.535000000000000000e+03
3.559000000000000000e+03
1.525000000000000000e+03
2.024000000000000000e+03
2.957000000000000000e+03
2.038000000000000000e+03
1.744000000000000000e+03
2.227000000000000000e+03
2.167000000000000000e+03
2.207000000000000000e+03
1.206000000000000000e+03
4.113000000000000000e+03
1.196000000000000000e+03
4.006000000000000000e+03
4.245000000000000000e+03
4.209000000000000000e+03
2.280000000000000000e+03
1.123000000000000000e+03
4.121000000000000000e+03
3.397000000000000000e+03
2.541000000000000000e+03
2.896000000000000000e+03
3.398000000000000000e+03
7.300000000000000000e+02
2.663000000000000000e+03
2.187000000000000000e+03
4.332000000000000000e+03
6.280000000000000000e+02
3.627000000000000000e+03
3.433000000000000000e+03
2.941000000000000000e+03
1.465000000000000000e+03
7.310000000000000000e+02
3.061000000000000000e+03
3.509000000000000000e+03
3.802000000000000000e+03
3.760000000000000000e+02
4.236000000000000000e+03
1.930000000000000000e+03
1.884000000000000000e+03
7.030000000000000000e+02
3.441000000000000000e+03
4.151000000000000000e+03
3.950000000000000000e+02
4.818000000000000000e+03
1.833000000000000000e+03
2.520000000000000000e+03
3.929000000000000000e+03
4.275000000000000000e+03
3.500000000000000000e+02
3.355000000000000000e+03
2.760000000000000000e+02
1.374000000000000000e+03
4.620000000000000000e+03
2.789000000000000000e+03
4.158000000000000000e+03
4.926000000000000000e+03
4.568000000000000000e+03
5.610000000000000000e+02
1.287000000000000000e+03
1.268000000000000000e+03
5.180000000000000000e+02
4.734000000000000000e+03
3.720000000000000000e+03
1.878000000000000000e+03
2.661000000000000000e+03
1.762000000000000000e+03
3.162000000000000000e+03
5.680000000000000000e+02
5.140000000000000000e+02
2.346000000000000000e+03
4.401000000000000000e+03
4.388000000000000000e+03
6.820000000000000000e+02
1.994000000000000000e+03
7.970000000000000000e+02
4.397000000000000000e+03
8.660000000000000000e+02
4.438000000000000000e+03
4.747000000000000000e+03
2.086000000000000000e+03
3.303000000000000000e+03
3.562000000000000000e+03
4.552000000000000000e+03
7.080000000000000000e+02
2.526000000000000000e+03
5.220000000000000000e+02
4.918000000000000000e+03
2.579000000000000000e+03
7.160000000000000000e+02
3.584000000000000000e+03
3.266000000000000000e+03
4.020000000000000000e+02
4.386000000000000000e+03
4.969000000000000000e+03
3.208000000000000000e+03
4.013000000000000000e+03
4.323000000000000000e+03
4.399000000000000000e+03
3.565000000000000000e+03
2.681000000000000000e+03
2.717000000000000000e+03
4.790000000000000000e+02
2.040000000000000000e+03
7.450000000000000000e+02
2.800000000000000000e+01
1.120000000000000000e+03
7.170000000000000000e+02
3.337000000000000000e+03
1.545000000000000000e+03
1.492000000000000000e+03
4.626000000000000000e+03
3.666000000000000000e+03
3.700000000000000000e+02
1.256000000000000000e+03
3.284000000000000000e+03
3.818000000000000000e+03
2.285000000000000000e+03
1.547000000000000000e+03
2.995000000000000000e+03
3.400000000000000000e+03
3.242000000000000000e+03
7.680000000000000000e+02
2.111000000000000000e+03
1.046000000000000000e+03
1.467000000000000000e+03
2.320000000000000000e+03
3.540000000000000000e+03
6.780000000000000000e+02
1.747000000000000000e+03
1.724000000000000000e+03
1.309000000000000000e+03
1.387000000000000000e+03
2.213000000000000000e+03
6.400000000000000000e+02
4.392000000000000000e+03
1.037000000000000000e+03
3.413000000000000000e+03
1.333000000000000000e+03
3.042000000000000000e+03
1.947000000000000000e+03
4.249000000000000000e+03
2.353000000000000000e+03
4.572000000000000000e+03
7.530000000000000000e+02
2.810000000000000000e+02
2.090000000000000000e+03
2.816000000000000000e+03
3.580000000000000000e+02
1.723000000000000000e+03
2.127000000000000000e+03
2.229000000000000000e+03
2.747000000000000000e+03
1.147000000000000000e+03
7.740000000000000000e+02
1.659000000000000000e+03
2.200000000000000000e+01
4.720000000000000000e+02
4.705000000000000000e+03
2.772000000000000000e+03
1.430000000000000000e+02
2.469000000000000000e+03
2.286000000000000000e+03
1.080000000000000000e+02
4.346000000000000000e+03
3.175000000000000000e+03
1.292000000000000000e+03
4.049000000000000000e+03
4.892000000000000000e+03
4.993000000000000000e+03
3.542000000000000000e+03
3.527000000000000000e+03
4.000000000000000000e+02
3.142000000000000000e+03
2.677000000000000000e+03
1.778000000000000000e+03
3.470000000000000000e+02
4.526000000000000000e+03
1.592000000000000000e+03
1.015000000000000000e+03
1.725000000000000000e+03
6.680000000000000000e+02
4.409000000000000000e+03
1.115000000000000000e+03
4.111000000000000000e+03
2.375000000000000000e+03
1.706000000000000000e+03
1.950000000000000000e+02
3.048000000000000000e+03
1.388000000000000000e+03
3.044000000000000000e+03
2.678000000000000000e+03
4.143000000000000000e+03
1.124000000000000000e+03
5.540000000000000000e+02
1.801000000000000000e+03
1.098000000000000000e+03
3.020000000000000000e+02
2.161000000000000000e+03
2.886000000000000000e+03
1.086000000000000000e+03
6.810000000000000000e+02
3.972000000000000000e+03
3.746000000000000000e+03
9.260000000000000000e+02
4.913000000000000000e+03
3.247000000000000000e+03
4.532000000000000000e+03
4.739000000000000000e+03
3.431000000000000000e+03
2.647000000000000000e+03
3.047000000000000000e+03
2.324000000000000000e+03
4.660000000000000000e+02
4.988000000000000000e+03
3.299000000000000000e+03
4.373000000000000000e+03
3.774000000000000000e+03
5.240000000000000000e+02
5.920000000000000000e+02
2.472000000000000000e+03
2.020000000000000000e+03
4.750000000000000000e+03
2.524000000000000000e+03
2.564000000000000000e+03
3.909000000000000000e+03
4.100000000000000000e+01
1.520000000000000000e+03
4.070000000000000000e+02
1.880000000000000000e+02
2.781000000000000000e+03
1.068000000000000000e+03
1.526000000000000000e+03
8.870000000000000000e+02
2.400000000000000000e+02
3.623000000000000000e+03
4.012000000000000000e+03
2.400000000000000000e+01
3.953000000000000000e+03
2.206000000000000000e+03
3.911000000000000000e+03
3.270000000000000000e+03
3.738000000000000000e+03
3.935000000000000000e+03
4.907000000000000000e+03
2.692000000000000000e+03
2.556000000000000000e+03
3.063000000000000000e+03
3.747000000000000000e+03
1.180000000000000000e+02
1.445000000000000000e+03
6.740000000000000000e+02
2.487000000000000000e+03
3.350000000000000000e+03
3.213000000000000000e+03
9.370000000000000000e+02
1.440000000000000000e+02
4.695000000000000000e+03
2.988000000000000000e+03
4.189000000000000000e+03
4.984000000000000000e+03
4.503000000000000000e+03
6.640000000000000000e+02
4.637000000000000000e+03
6.340000000000000000e+02
3.780000000000000000e+02
2.804000000000000000e+03
1.859000000000000000e+03
2.316000000000000000e+03
6.270000000000000000e+02
4.314000000000000000e+03
7.000000000000000000e+01
3.590000000000000000e+03
4.153000000000000000e+03
4.468000000000000000e+03
9.100000000000000000e+02
4.020000000000000000e+03
9.280000000000000000e+02
4.894000000000000000e+03
3.964000000000000000e+03
8.560000000000000000e+02
1.882000000000000000e+03
9.620000000000000000e+02
1.314000000000000000e+03
1.972000000000000000e+03
1.311000000000000000e+03
3.593000000000000000e+03
3.408000000000000000e+03
3.689000000000000000e+03
3.414000000000000000e+03
6.100000000000000000e+02
1.258000000000000000e+03
1.453000000000000000e+03
2.410000000000000000e+03
4.802000000000000000e+03
1.417000000000000000e+03
3.597000000000000000e+03
2.154000000000000000e+03
2.824000000000000000e+03
4.630000000000000000e+03
1.511000000000000000e+03
7.130000000000000000e+02
8.860000000000000000e+02
3.513000000000000000e+03
4.641000000000000000e+03
1.270000000000000000e+02
9.040000000000000000e+02
3.327000000000000000e+03
3.329000000000000000e+03
1.840000000000000000e+02
2.345000000000000000e+03
2.529000000000000000e+03
4.849000000000000000e+03
9.980000000000000000e+02
8.240000000000000000e+02
3.200000000000000000e+03
4.448000000000000000e+03
3.840000000000000000e+02
4.950000000000000000e+02
1.239000000000000000e+03
1.939000000000000000e+03
4.119000000000000000e+03
4.800000000000000000e+02
3.550000000000000000e+02
2.652000000000000000e+03
1.535000000000000000e+03
4.506000000000000000e+03
2.908000000000000000e+03
3.300000000000000000e+03
3.032000000000000000e+03
2.670000000000000000e+03
4.208000000000000000e+03
4.730000000000000000e+02
6.510000000000000000e+02
2.389000000000000000e+03
9.320000000000000000e+02
2.639000000000000000e+03
2.214000000000000000e+03
1.590000000000000000e+02
3.502000000000000000e+03
3.716000000000000000e+03
1.935000000000000000e+03
1.057000000000000000e+03
7.800000000000000000e+01
1.120000000000000000e+02
4.960000000000000000e+02
3.956000000000000000e+03
3.710000000000000000e+02
2.577000000000000000e+03
2.412000000000000000e+03
2.493000000000000000e+03
1.563000000000000000e+03
2.643000000000000000e+03
3.349000000000000000e+03
1.520000000000000000e+02
2.170000000000000000e+02
8.820000000000000000e+02
5.970000000000000000e+02
4.905000000000000000e+03
4.715000000000000000e+03
1.964000000000000000e+03
3.257000000000000000e+03
1.472000000000000000e+03
8.390000000000000000e+02
1.250000000000000000e+03
4.200000000000000000e+01
3.700000000000000000e+03
8.640000000000000000e+02
3.966000000000000000e+03
1.510000000000000000e+02
3.775000000000000000e+03
3.927000000000000000e+03
2.961000000000000000e+03
1.219000000000000000e+03
2.874000000000000000e+03
8.160000000000000000e+02
2.381000000000000000e+03
3.793000000000000000e+03
2.332000000000000000e+03
3.710000000000000000e+03
3.150000000000000000e+03
2.664000000000000000e+03
4.047000000000000000e+03
6.900000000000000000e+01
3.886000000000000000e+03
5.840000000000000000e+02
1.663000000000000000e+03
9.180000000000000000e+02
2.808000000000000000e+03
1.960000000000000000e+02
4.760000000000000000e+02
4.644000000000000000e+03
4.100000000000000000e+03
4.797000000000000000e+03
4.678000000000000000e+03
3.853000000000000000e+03
4.723000000000000000e+03
4.089000000000000000e+03
3.650000000000000000e+02
2.865000000000000000e+03
3.037000000000000000e+03
1.774000000000000000e+03
7.900000000000000000e+02
1.952000000000000000e+03
1.211000000000000000e+03
4.617000000000000000e+03
4.541000000000000000e+03
7.290000000000000000e+02
1.476000000000000000e+03
3.279000000000000000e+03
2.785000000000000000e+03
1.988000000000000000e+03
4.524000000000000000e+03
3.275000000000000000e+03
1.020000000000000000e+02
4.958000000000000000e+03
9.600000000000000000e+02
3.417000000000000000e+03
3.739000000000000000e+03
2.160000000000000000e+02
3.054000000000000000e+03
8.700000000000000000e+01
3.388000000000000000e+03
8.320000000000000000e+02
3.197000000000000000e+03
1.717000000000000000e+03
3.991000000000000000e+03
1.678000000000000000e+03
3.913000000000000000e+03
3.879000000000000000e+03
1.279000000000000000e+03
1.149000000000000000e+03
2.164000000000000000e+03
2.124000000000000000e+03
4.943000000000000000e+03
9.290000000000000000e+02
4.657000000000000000e+03
2.544000000000000000e+03
2.703000000000000000e+03
2.143000000000000000e+03
4.525000000000000000e+03
4.317000000000000000e+03
4.048000000000000000e+03
4.434000000000000000e+03
4.854000000000000000e+03
4.117000000000000000e+03
3.990000000000000000e+02
3.211000000000000000e+03
1.588000000000000000e+03
5.990000000000000000e+02
4.840000000000000000e+02
3.223000000000000000e+03
2.310000000000000000e+02
3.240000000000000000e+02
3.308000000000000000e+03
1.661000000000000000e+03
1.623000000000000000e+03
2.966000000000000000e+03
4.420000000000000000e+02
1.654000000000000000e+03
2.991000000000000000e+03
8.900000000000000000e+02
4.565000000000000000e+03
2.714000000000000000e+03
4.471000000000000000e+03
4.777000000000000000e+03
3.013000000000000000e+03
1.711000000000000000e+03
2.572000000000000000e+03
1.094000000000000000e+03
3.697000000000000000e+03
3.938000000000000000e+03
1.379000000000000000e+03
1.452000000000000000e+03
2.627000000000000000e+03
4.165000000000000000e+03
1.509000000000000000e+03
4.265000000000000000e+03
2.387000000000000000e+03
2.176000000000000000e+03
3.772000000000000000e+03
1.640000000000000000e+02
3.742000000000000000e+03
4.991000000000000000e+03
4.039000000000000000e+03
4.709000000000000000e+03
3.914000000000000000e+03
1.349000000000000000e+03
4.365000000000000000e+03
4.508000000000000000e+03
4.498000000000000000e+03
4.146000000000000000e+03
4.194000000000000000e+03
4.447000000000000000e+03
1.210000000000000000e+03
3.881000000000000000e+03
4.272000000000000000e+03
2.942000000000000000e+03
1.770000000000000000e+03
3.376000000000000000e+03
3.256000000000000000e+03
2.179000000000000000e+03
2.374000000000000000e+03
3.528000000000000000e+03
1.611000000000000000e+03
3.534000000000000000e+03
5.210000000000000000e+02
2.591000000000000000e+03
5.320000000000000000e+02
3.312000000000000000e+03
1.783000000000000000e+03
2.235000000000000000e+03
2.567000000000000000e+03
1.613000000000000000e+03
3.948000000000000000e+03
8.290000000000000000e+02
4.383000000000000000e+03
3.091000000000000000e+03
4.307000000000000000e+03
3.235000000000000000e+03
4.505000000000000000e+03
4.727000000000000000e+03
4.721000000000000000e+03
4.420000000000000000e+03
4.362000000000000000e+03
3.151000000000000000e+03
1.803000000000000000e+03
2.691000000000000000e+03
2.636000000000000000e+03
4.294000000000000000e+03
2.674000000000000000e+03
6.570000000000000000e+02
3.770000000000000000e+02
5.670000000000000000e+02
4.234000000000000000e+03
7.610000000000000000e+02
1.990000000000000000e+02
2.276000000000000000e+03
2.992000000000000000e+03
7.880000000000000000e+02
2.506000000000000000e+03
2.359000000000000000e+03
2.304000000000000000e+03
2.543000000000000000e+03
9.770000000000000000e+02
1.689000000000000000e+03
2.519000000000000000e+03
1.644000000000000000e+03
3.080000000000000000e+02
1.749000000000000000e+03
3.841000000000000000e+03
4.646000000000000000e+03
1.799000000000000000e+03
1.794000000000000000e+03
3.460000000000000000e+02
3.779000000000000000e+03
1.875000000000000000e+03
4.837000000000000000e+03
1.557000000000000000e+03
3.410000000000000000e+03
2.983000000000000000e+03
1.200000000000000000e+01
1.420000000000000000e+03
3.963000000000000000e+03
3.943000000000000000e+03
1.178000000000000000e+03
1.434000000000000000e+03
3.875000000000000000e+03
2.158000000000000000e+03
7.730000000000000000e+02
2.660000000000000000e+02
3.971000000000000000e+03
3.323000000000000000e+03
4.423000000000000000e+03
3.131000000000000000e+03
4.930000000000000000e+03
2.192000000000000000e+03
4.092000000000000000e+03
2.990000000000000000e+03
4.592000000000000000e+03
4.177000000000000000e+03
1.065000000000000000e+03
1.306000000000000000e+03
2.805000000000000000e+03
1.825000000000000000e+03
3.539000000000000000e+03
4.015000000000000000e+03
3.607000000000000000e+03
3.722000000000000000e+03
3.831000000000000000e+03
2.817000000000000000e+03
3.941000000000000000e+03
1.322000000000000000e+03
3.090000000000000000e+03
1.236000000000000000e+03
4.880000000000000000e+03
5.620000000000000000e+02
2.144000000000000000e+03
4.140000000000000000e+03
4.429000000000000000e+03
8.700000000000000000e+02
1.069000000000000000e+03
1.318000000000000000e+03
1.409000000000000000e+03
4.137000000000000000e+03
4.230000000000000000e+03
1.003000000000000000e+03
1.201000000000000000e+03
8.500000000000000000e+01
1.852000000000000000e+03
4.338000000000000000e+03
2.768000000000000000e+03
4.650000000000000000e+02
4.623000000000000000e+03
3.674000000000000000e+03
4.452000000000000000e+03
6.050000000000000000e+02
1.497000000000000000e+03
4.453000000000000000e+03
4.437000000000000000e+03
4.281000000000000000e+03
1.647000000000000000e+03
2.466000000000000000e+03
3.174000000000000000e+03
2.779000000000000000e+03
3.736000000000000000e+03
2.723000000000000000e+03
4.295000000000000000e+03
4.999000000000000000e+03
2.190000000000000000e+03
4.772000000000000000e+03
3.836000000000000000e+03
3.498000000000000000e+03
6.700000000000000000e+02
5.150000000000000000e+02
4.758000000000000000e+03
4.067000000000000000e+03
5.800000000000000000e+01
2.450000000000000000e+03
8.620000000000000000e+02
3.925000000000000000e+03
1.670000000000000000e+03
2.449000000000000000e+03
3.547000000000000000e+03
3.663000000000000000e+03
4.103000000000000000e+03
2.843000000000000000e+03
1.066000000000000000e+03
3.842000000000000000e+03
3.345000000000000000e+03
6.200000000000000000e+02
3.333000000000000000e+03
4.560000000000000000e+02
3.403000000000000000e+03
4.697000000000000000e+03
2.909000000000000000e+03
2.351000000000000000e+03
3.628000000000000000e+03
4.615000000000000000e+03
4.796000000000000000e+03
3.434000000000000000e+03
9.900000000000000000e+01
1.451000000000000000e+03
4.220000000000000000e+02
4.511000000000000000e+03
2.498000000000000000e+03
4.098000000000000000e+03
2.147000000000000000e+03
4.413000000000000000e+03
1.676000000000000000e+03
2.321000000000000000e+03
2.290000000000000000e+02
7.020000000000000000e+02
1.602000000000000000e+03
2.623000000000000000e+03
1.392000000000000000e+03
1.142000000000000000e+03
7.480000000000000000e+02
2.575000000000000000e+03
2.008000000000000000e+03
3.360000000000000000e+03
3.099000000000000000e+03
3.766000000000000000e+03
3.727000000000000000e+03
1.656000000000000000e+03
3.298000000000000000e+03
4.842000000000000000e+03
3.371000000000000000e+03
1.651000000000000000e+03
7.090000000000000000e+02
4.040000000000000000e+03
2.305000000000000000e+03
3.023000000000000000e+03
1.051000000000000000e+03
4.910000000000000000e+03
3.549000000000000000e+03
5.700000000000000000e+02
3.238000000000000000e+03
2.447000000000000000e+03
4.140000000000000000e+02
2.964000000000000000e+03
2.460000000000000000e+03
2.638000000000000000e+03
2.343000000000000000e+03
2.463000000000000000e+03
4.701000000000000000e+03
1.200000000000000000e+03
1.055000000000000000e+03
3.888000000000000000e+03
3.286000000000000000e+03
2.910000000000000000e+03
4.075000000000000000e+03
6.250000000000000000e+02
2.690000000000000000e+02
2.887000000000000000e+03
3.635000000000000000e+03
2.330000000000000000e+02
2.483000000000000000e+03
1.848000000000000000e+03
1.490000000000000000e+02
3.515000000000000000e+03
3.461000000000000000e+03
4.501000000000000000e+03
1.090000000000000000e+02
3.520000000000000000e+03
5.720000000000000000e+02
2.791000000000000000e+03
2.980000000000000000e+02
1.555000000000000000e+03
3.128000000000000000e+03
1.929000000000000000e+03
2.083000000000000000e+03
1.890000000000000000e+02
3.660000000000000000e+02
2.811000000000000000e+03
3.675000000000000000e+03
1.475000000000000000e+03
8.530000000000000000e+02
2.490000000000000000e+02
1.372000000000000000e+03
3.553000000000000000e+03
3.157000000000000000e+03
2.037000000000000000e+03
4.784000000000000000e+03
3.100000000000000000e+02
2.327000000000000000e+03
4.949000000000000000e+03
1.005000000000000000e+03
1.283000000000000000e+03
2.170000000000000000e+03
3.228000000000000000e+03
3.379000000000000000e+03
4.875000000000000000e+03
2.889000000000000000e+03
2.676000000000000000e+03
1.650000000000000000e+03
3.673000000000000000e+03
3.897000000000000000e+03
1.088000000000000000e+03
3.340000000000000000e+03
3.200000000000000000e+02
4.921000000000000000e+03
3.420000000000000000e+02
2.306000000000000000e+03
4.430000000000000000e+03
4.492000000000000000e+03
4.080000000000000000e+02
3.633000000000000000e+03
3.489000000000000000e+03
1.687000000000000000e+03
3.399000000000000000e+03
4.491000000000000000e+03
1.255000000000000000e+03
7.940000000000000000e+02
6.700000000000000000e+01
2.904000000000000000e+03
1.350000000000000000e+03
3.590000000000000000e+02
2.900000000000000000e+03
9.200000000000000000e+02
3.402000000000000000e+03
2.710000000000000000e+03
2.269000000000000000e+03
3.915000000000000000e+03
4.011000000000000000e+03
1.450000000000000000e+02
3.467000000000000000e+03
2.120000000000000000e+03
4.979000000000000000e+03
3.363000000000000000e+03
3.494000000000000000e+03
4.384000000000000000e+03
2.246000000000000000e+03
4.443000000000000000e+03
2.311000000000000000e+03
9.000000000000000000e+00
4.533000000000000000e+03
1.076000000000000000e+03
4.817000000000000000e+03
3.314000000000000000e+03
2.587000000000000000e+03
1.851000000000000000e+03
6.060000000000000000e+02
1.377000000000000000e+03
2.773000000000000000e+03
4.810000000000000000e+03
1.354000000000000000e+03
2.325000000000000000e+03
2.132000000000000000e+03
3.507000000000000000e+03
1.234000000000000000e+03
2.005000000000000000e+03
8.490000000000000000e+02
2.700000000000000000e+01
3.118000000000000000e+03
2.607000000000000000e+03
1.983000000000000000e+03
2.848000000000000000e+03
3.514000000000000000e+03
3.000000000000000000e+03
2.618000000000000000e+03
4.535000000000000000e+03
3.551000000000000000e+03
2.198000000000000000e+03
4.074000000000000000e+03
3.332000000000000000e+03
4.152000000000000000e+03
2.014000000000000000e+03
3.276000000000000000e+03
1.710000000000000000e+03
3.653000000000000000e+03
4.756000000000000000e+03
6.590000000000000000e+02
2.501000000000000000e+03
2.065000000000000000e+03
6.620000000000000000e+02
1.506000000000000000e+03
5.660000000000000000e+02
2.588000000000000000e+03
3.735000000000000000e+03
4.475000000000000000e+03
2.545000000000000000e+03
4.257000000000000000e+03
3.022000000000000000e+03
4.136000000000000000e+03
4.311000000000000000e+03
1.204000000000000000e+03
7.050000000000000000e+02
3.194000000000000000e+03
1.758000000000000000e+03
4.827000000000000000e+03
3.209000000000000000e+03
4.286000000000000000e+03
4.201000000000000000e+03
1.800000000000000000e+02
4.882000000000000000e+03
6.450000000000000000e+02
9.030000000000000000e+02
3.336000000000000000e+03
1.600000000000000000e+03
4.787000000000000000e+03
2.866000000000000000e+03
2.031000000000000000e+03
2.920000000000000000e+02
4.676000000000000000e+03
2.102000000000000000e+03
2.637000000000000000e+03
2.746000000000000000e+03
2.067000000000000000e+03
2.997000000000000000e+03
2.927000000000000000e+03
3.382000000000000000e+03
1.568000000000000000e+03
1.897000000000000000e+03
2.243000000000000000e+03
2.641000000000000000e+03
4.659000000000000000e+03
3.819000000000000000e+03
4.068000000000000000e+03
3.860000000000000000e+03
1.001000000000000000e+03
3.262000000000000000e+03
4.603000000000000000e+03
3.610000000000000000e+03
1.192000000000000000e+03
1.412000000000000000e+03
2.392000000000000000e+03
2.454000000000000000e+03
3.095000000000000000e+03
2.069000000000000000e+03
3.829000000000000000e+03
3.245000000000000000e+03
4.761000000000000000e+03
3.216000000000000000e+03
4.292000000000000000e+03
2.750000000000000000e+02
4.791000000000000000e+03
4.280000000000000000e+02
1.816000000000000000e+03
3.636000000000000000e+03
3.418000000000000000e+03
3.837000000000000000e+03
4.516000000000000000e+03
1.073000000000000000e+03
5.000000000000000000e+02
2.645000000000000000e+03
3.545000000000000000e+03
6.600000000000000000e+01
3.536000000000000000e+03
4.073000000000000000e+03
1.152000000000000000e+03
2.363000000000000000e+03
2.931000000000000000e+03
2.360000000000000000e+02
2.133000000000000000e+03
3.592000000000000000e+03
1.958000000000000000e+03
8.340000000000000000e+02
1.170000000000000000e+03
3.358000000000000000e+03
3.428000000000000000e+03
1.893000000000000000e+03
3.731000000000000000e+03
1.569000000000000000e+03
1.795000000000000000e+03
4.972000000000000000e+03
6.460000000000000000e+02
4.989000000000000000e+03
3.372000000000000000e+03
2.075000000000000000e+03
3.601000000000000000e+03
3.210000000000000000e+02
4.954000000000000000e+03
7.670000000000000000e+02
1.274000000000000000e+03
3.695000000000000000e+03
1.213000000000000000e+03
3.530000000000000000e+03
4.542000000000000000e+03
2.355000000000000000e+03
2.633000000000000000e+03
3.039000000000000000e+03
3.281000000000000000e+03
2.701000000000000000e+03
3.664000000000000000e+03
2.666000000000000000e+03
2.907000000000000000e+03
2.302000000000000000e+03
4.520000000000000000e+02
3.950000000000000000e+03
2.922000000000000000e+03
8.000000000000000000e+02
4.326000000000000000e+03
3.908000000000000000e+03
2.114000000000000000e+03
2.854000000000000000e+03
1.045000000000000000e+03
1.220000000000000000e+02
4.689000000000000000e+03
2.419000000000000000e+03
1.530000000000000000e+03
1.221000000000000000e+03
3.895000000000000000e+03
4.608000000000000000e+03
1.531000000000000000e+03
3.201000000000000000e+03
1.636000000000000000e+03
1.790000000000000000e+03
4.445000000000000000e+03
1.331000000000000000e+03
3.448000000000000000e+03
3.522000000000000000e+03
4.262000000000000000e+03
2.100000000000000000e+03
7.210000000000000000e+02
3.907000000000000000e+03
4.589000000000000000e+03
3.088000000000000000e+03
3.985000000000000000e+03
1.704000000000000000e+03
2.915000000000000000e+03
4.737000000000000000e+03
4.901000000000000000e+03
5.000000000000000000e+01
3.166000000000000000e+03
4.651000000000000000e+03
3.251000000000000000e+03
1.375000000000000000e+03
4.198000000000000000e+03
2.117000000000000000e+03
1.423000000000000000e+03
4.402000000000000000e+03
2.650000000000000000e+02
4.171000000000000000e+03
2.642000000000000000e+03
1.554000000000000000e+03
2.769000000000000000e+03
2.153000000000000000e+03
9.020000000000000000e+02
4.850000000000000000e+02
1.360000000000000000e+02
1.216000000000000000e+03
4.597000000000000000e+03
2.253000000000000000e+03
2.688000000000000000e+03
1.174000000000000000e+03
4.187000000000000000e+03
4.441000000000000000e+03
2.651000000000000000e+03
4.066000000000000000e+03
2.790000000000000000e+03
2.937000000000000000e+03
7.370000000000000000e+02
4.274000000000000000e+03
1.039000000000000000e+03
1.259000000000000000e+03
2.630000000000000000e+03
3.754000000000000000e+03
1.608000000000000000e+03
2.597000000000000000e+03
3.476000000000000000e+03
1.844000000000000000e+03
3.178000000000000000e+03
4.091000000000000000e+03
1.406000000000000000e+03
3.997000000000000000e+03
3.882000000000000000e+03
4.735000000000000000e+03
2.048000000000000000e+03
2.352000000000000000e+03
2.580000000000000000e+02
2.516000000000000000e+03
3.050000000000000000e+02
3.868000000000000000e+03
3.458000000000000000e+03
3.880000000000000000e+03
2.092000000000000000e+03
4.841000000000000000e+03
1.125000000000000000e+03
1.079000000000000000e+03
1.448000000000000000e+03
4.690000000000000000e+03
3.844000000000000000e+03
2.586000000000000000e+03
4.252000000000000000e+03
1.703000000000000000e+03
3.891000000000000000e+03
1.578000000000000000e+03
3.110000000000000000e+02
3.988000000000000000e+03
8.480000000000000000e+02
2.130000000000000000e+02
7.810000000000000000e+02
1.585000000000000000e+03
1.936000000000000000e+03
4.900000000000000000e+02
3.258000000000000000e+03
1.154000000000000000e+03
3.328000000000000000e+03
8.970000000000000000e+02
3.475000000000000000e+03
2.600000000000000000e+03
3.589000000000000000e+03
4.974000000000000000e+03
1.145000000000000000e+03
2.827000000000000000e+03
4.794000000000000000e+03
7.040000000000000000e+02
3.103000000000000000e+03
3.285000000000000000e+03
2.061000000000000000e+03
2.830000000000000000e+03
1.710000000000000000e+02
3.005000000000000000e+03
1.006000000000000000e+03
4.480000000000000000e+02
2.539000000000000000e+03
8.780000000000000000e+02
4.889000000000000000e+03
4.753000000000000000e+03
4.744000000000000000e+03
2.855000000000000000e+03
9.210000000000000000e+02
3.198000000000000000e+03
2.292000000000000000e+03
2.720000000000000000e+02
3.560000000000000000e+03
2.934000000000000000e+03
3.708000000000000000e+03
3.430000000000000000e+03
3.297000000000000000e+03
3.183000000000000000e+03
7.860000000000000000e+02
4.335000000000000000e+03
2.230000000000000000e+03
1.680000000000000000e+02
3.490000000000000000e+02
4.775000000000000000e+03
2.099000000000000000e+03
2.079000000000000000e+03
5.900000000000000000e+02
4.573000000000000000e+03
3.946000000000000000e+03
2.604000000000000000e+03
3.650000000000000000e+03
1.658000000000000000e+03
1.414000000000000000e+03
3.540000000000000000e+02
1.130000000000000000e+03
4.729000000000000000e+03
5.820000000000000000e+02
4.710000000000000000e+03
2.732000000000000000e+03
8.800000000000000000e+02
2.615000000000000000e+03
4.788000000000000000e+03
4.916000000000000000e+03
2.105000000000000000e+03
8.230000000000000000e+02
1.757000000000000000e+03
3.378000000000000000e+03
1.369000000000000000e+03
6.440000000000000000e+02
2.508000000000000000e+03
8.210000000000000000e+02
3.437000000000000000e+03
4.670000000000000000e+02
1.961000000000000000e+03
1.798000000000000000e+03
4.870000000000000000e+03
1.542000000000000000e+03
2.655000000000000000e+03
5.500000000000000000e+02
3.643000000000000000e+03
3.310000000000000000e+02
1.091000000000000000e+03
1.284000000000000000e+03
3.900000000000000000e+01
4.982000000000000000e+03
4.540000000000000000e+02
3.154000000000000000e+03
2.160000000000000000e+03
3.671000000000000000e+03
2.277000000000000000e+03
4.415000000000000000e+03
1.242000000000000000e+03
4.801000000000000000e+03
1.763000000000000000e+03
2.310000000000000000e+03
3.184000000000000000e+03
1.733000000000000000e+03
9.170000000000000000e+02
4.515000000000000000e+03
8.460000000000000000e+02
1.030000000000000000e+03
6.880000000000000000e+02
3.591000000000000000e+03
4.495000000000000000e+03
1.560000000000000000e+03
4.173000000000000000e+03
3.189000000000000000e+03
3.940000000000000000e+03
2.707000000000000000e+03
3.348000000000000000e+03
1.940000000000000000e+03
2.441000000000000000e+03
8.600000000000000000e+02
4.600000000000000000e+02
4.182000000000000000e+03
3.340000000000000000e+02
4.770000000000000000e+03
3.555000000000000000e+03
1.691000000000000000e+03
3.233000000000000000e+03
1.615000000000000000e+03
4.360000000000000000e+02
1.286000000000000000e+03
4.754000000000000000e+03
3.294000000000000000e+03
4.327000000000000000e+03
3.893000000000000000e+03
3.138000000000000000e+03
1.356000000000000000e+03
1.260000000000000000e+03
3.384000000000000000e+03
2.186000000000000000e+03
5.860000000000000000e+02
1.327000000000000000e+03
7.890000000000000000e+02
1.922000000000000000e+03
6.470000000000000000e+02
2.626000000000000000e+03
2.721000000000000000e+03
1.573000000000000000e+03
3.750000000000000000e+03
2.981000000000000000e+03
1.199000000000000000e+03
2.156000000000000000e+03
4.284000000000000000e+03
4.315000000000000000e+03
5.100000000000000000e+01
3.719000000000000000e+03
4.458000000000000000e+03
1.384000000000000000e+03
6.260000000000000000e+02
3.107000000000000000e+03
4.942000000000000000e+03
5.000000000000000000e+00
4.454000000000000000e+03
6.920000000000000000e+02
1.060000000000000000e+02
4.306000000000000000e+03
1.923000000000000000e+03
2.620000000000000000e+03
1.943000000000000000e+03
3.788000000000000000e+03
3.220000000000000000e+03
3.447000000000000000e+03
3.000000000000000000e+02
7.560000000000000000e+02
2.962000000000000000e+03
5.390000000000000000e+02
1.550000000000000000e+03
2.407000000000000000e+03
3.221000000000000000e+03
4.681000000000000000e+03
4.419000000000000000e+03
1.233000000000000000e+03
1.056000000000000000e+03
9.800000000000000000e+02
1.720000000000000000e+03
1.903000000000000000e+03
2.590000000000000000e+03
1.566000000000000000e+03
1.007000000000000000e+03
3.158000000000000000e+03
1.512000000000000000e+03
4.216000000000000000e+03
2.694000000000000000e+03
3.410000000000000000e+02
5.950000000000000000e+02
2.786000000000000000e+03
1.910000000000000000e+02
4.349000000000000000e+03
1.246000000000000000e+03
4.749000000000000000e+03
5.050000000000000000e+02
2.757000000000000000e+03
2.096000000000000000e+03
4.065000000000000000e+03
4.055000000000000000e+03
2.052000000000000000e+03
2.696000000000000000e+03
3.443000000000000000e+03
4.816000000000000000e+03
3.733000000000000000e+03
7.720000000000000000e+02
4.478000000000000000e+03
1.462000000000000000e+03
1.880000000000000000e+03
4.248000000000000000e+03
3.986000000000000000e+03
1.500000000000000000e+02
8.040000000000000000e+02
1.517000000000000000e+03
4.476000000000000000e+03
4.782000000000000000e+03
2.513000000000000000e+03
7.330000000000000000e+02
3.740000000000000000e+03
4.079000000000000000e+03
4.283000000000000000e+03
2.640000000000000000e+03
2.051000000000000000e+03
4.277000000000000000e+03
4.162000000000000000e+03
1.217000000000000000e+03
2.358000000000000000e+03
5.700000000000000000e+01
1.398000000000000000e+03
1.649000000000000000e+03
5.110000000000000000e+02
1.099000000000000000e+03
4.354000000000000000e+03
4.184000000000000000e+03
2.731000000000000000e+03
3.205000000000000000e+03
8.800000000000000000e+01
3.370000000000000000e+02
3.617000000000000000e+03
2.342000000000000000e+03
1.664000000000000000e+03
4.167000000000000000e+03
1.810000000000000000e+03
2.283000000000000000e+03
2.930000000000000000e+03
3.454000000000000000e+03
4.820000000000000000e+03
1.297000000000000000e+03
3.395000000000000000e+03
3.321000000000000000e+03
1.534000000000000000e+03
4.040000000000000000e+02
4.114000000000000000e+03
4.221000000000000000e+03
3.600000000000000000e+01
4.051000000000000000e+03
3.839000000000000000e+03
6.710000000000000000e+02
1.828000000000000000e+03
3.429000000000000000e+03
1.860000000000000000e+02
4.944000000000000000e+03
1.681000000000000000e+03
1.183000000000000000e+03
2.532000000000000000e+03
3.855000000000000000e+03
1.143000000000000000e+03
1.214000000000000000e+03
1.432000000000000000e+03
2.303000000000000000e+03
3.504000000000000000e+03
3.640000000000000000e+02
3.550000000000000000e+03
4.322000000000000000e+03
3.232000000000000000e+03
4.938000000000000000e+03
7.990000000000000000e+02
1.341000000000000000e+03
2.814000000000000000e+03
1.850000000000000000e+03
2.015000000000000000e+03
2.800000000000000000e+03
4.828000000000000000e+03
7.100000000000000000e+02
4.390000000000000000e+02
8.250000000000000000e+02
4.996000000000000000e+03
4.780000000000000000e+03
1.551000000000000000e+03
2.675000000000000000e+03
4.291000000000000000e+03
2.765000000000000000e+03
9.630000000000000000e+02
4.831000000000000000e+03
4.593000000000000000e+03
7.400000000000000000e+01
4.102000000000000000e+03
2.490000000000000000e+03
1.810000000000000000e+02
4.190000000000000000e+02
6.430000000000000000e+02
3.110000000000000000e+03
5.980000000000000000e+02
1.394000000000000000e+03
4.665000000000000000e+03
4.540000000000000000e+03
1.584000000000000000e+03
4.319000000000000000e+03
1.824000000000000000e+03
3.820000000000000000e+02
2.023000000000000000e+03
1.367000000000000000e+03
2.000000000000000000e+02
2.897000000000000000e+03
4.052000000000000000e+03
2.593000000000000000e+03
3.368000000000000000e+03
3.040000000000000000e+03
3.237000000000000000e+03
2.089000000000000000e+03
1.633000000000000000e+03
3.574000000000000000e+03
6.160000000000000000e+02
4.906000000000000000e+03
1.524000000000000000e+03
3.006000000000000000e+03
3.090000000000000000e+02
3.580000000000000000e+03
1.920000000000000000e+02
3.654000000000000000e+03
3.743000000000000000e+03
1.657000000000000000e+03
9.440000000000000000e+02
2.254000000000000000e+03
3.764000000000000000e+03
4.786000000000000000e+03
2.212000000000000000e+03
2.040000000000000000e+02
1.546000000000000000e+03
1.025000000000000000e+03
5.470000000000000000e+02
1.365000000000000000e+03
4.148000000000000000e+03
4.851000000000000000e+03
2.767000000000000000e+03
4.108000000000000000e+03
4.076000000000000000e+03
2.287000000000000000e+03
4.755000000000000000e+03
1.841000000000000000e+03
4.240000000000000000e+02
3.999000000000000000e+03
2.905000000000000000e+03
4.260000000000000000e+03
1.561000000000000000e+03
2.265000000000000000e+03
1.281000000000000000e+03
1.934000000000000000e+03
4.267000000000000000e+03
4.342000000000000000e+03
1.590000000000000000e+03
3.010000000000000000e+03
2.860000000000000000e+03
1.280000000000000000e+02
5.530000000000000000e+02
1.478000000000000000e+03
3.797000000000000000e+03
2.112000000000000000e+03
2.706000000000000000e+03
3.335000000000000000e+03
2.275000000000000000e+03
2.404000000000000000e+03
4.142000000000000000e+03
3.375000000000000000e+03
4.472000000000000000e+03
1.890000000000000000e+03
5.770000000000000000e+02
5.710000000000000000e+02
4.134000000000000000e+03
5.040000000000000000e+02
1.772000000000000000e+03
1.990000000000000000e+03
3.756000000000000000e+03
1.667000000000000000e+03
3.778000000000000000e+03
3.969000000000000000e+03
2.370000000000000000e+02
4.244000000000000000e+03
4.745000000000000000e+03
4.544000000000000000e+03
1.231000000000000000e+03
2.218000000000000000e+03
2.760000000000000000e+03
2.850000000000000000e+02
6.410000000000000000e+02
1.310000000000000000e+03
1.600000000000000000e+02
2.255000000000000000e+03
3.085000000000000000e+03
3.803000000000000000e+03
1.767000000000000000e+03
3.188000000000000000e+03
8.200000000000000000e+01
2.180000000000000000e+02
4.110000000000000000e+02
3.450000000000000000e+03
3.120000000000000000e+03
2.510000000000000000e+03
4.276000000000000000e+03
4.278000000000000000e+03
6.030000000000000000e+02
4.132000000000000000e+03
3.313000000000000000e+03
8.050000000000000000e+02
3.944000000000000000e+03
4.980000000000000000e+02
2.458000000000000000e+03
4.512000000000000000e+03
3.919000000000000000e+03
6.970000000000000000e+02
4.766000000000000000e+03
1.854000000000000000e+03
2.990000000000000000e+02
1.303000000000000000e+03
3.236000000000000000e+03
1.067000000000000000e+03
2.628000000000000000e+03
2.155000000000000000e+03
2.987000000000000000e+03
4.181000000000000000e+03
1.108000000000000000e+03
3.011000000000000000e+03
4.033000000000000000e+03
4.610000000000000000e+03
1.802000000000000000e+03
2.537000000000000000e+03
3.483000000000000000e+03
3.512000000000000000e+03
1.251000000000000000e+03
1.226000000000000000e+03
2.551000000000000000e+03
1.161000000000000000e+03
3.250000000000000000e+02
3.724000000000000000e+03
2.480000000000000000e+02
6.500000000000000000e+02
2.763000000000000000e+03
1.541000000000000000e+03
2.378000000000000000e+03
4.550000000000000000e+02
1.118000000000000000e+03
2.115000000000000000e+03
1.974000000000000000e+03
4.693000000000000000e+03
1.911000000000000000e+03
3.254000000000000000e+03
3.932000000000000000e+03
1.296000000000000000e+03
3.204000000000000000e+03
2.741000000000000000e+03
5.440000000000000000e+02
8.120000000000000000e+02
3.640000000000000000e+03
4.174000000000000000e+03
1.726000000000000000e+03
8.940000000000000000e+02
7.390000000000000000e+02
9.690000000000000000e+02
5.120000000000000000e+02
2.974000000000000000e+03
1.829000000000000000e+03
3.309000000000000000e+03
3.604000000000000000e+03
2.951000000000000000e+03
5.800000000000000000e+02
4.763000000000000000e+03
1.932000000000000000e+03
4.570000000000000000e+03
3.436000000000000000e+03
8.150000000000000000e+02
7.980000000000000000e+02
9.410000000000000000e+02
3.029000000000000000e+03
1.766000000000000000e+03
1.883000000000000000e+03
8.270000000000000000e+02
3.040000000000000000e+02
1.330000000000000000e+03
2.467000000000000000e+03
2.552000000000000000e+03
3.305000000000000000e+03
4.196000000000000000e+03
4.887000000000000000e+03
3.192000000000000000e+03
4.545000000000000000e+03
2.193000000000000000e+03
3.449000000000000000e+03
3.435000000000000000e+03
1.570000000000000000e+03
3.960000000000000000e+02
2.413000000000000000e+03
9.840000000000000000e+02
2.460000000000000000e+02
4.301000000000000000e+03
3.160000000000000000e+03
4.726000000000000000e+03
4.548000000000000000e+03
3.167000000000000000e+03
7.360000000000000000e+02
2.438000000000000000e+03
4.494000000000000000e+03
1.139000000000000000e+03
5.760000000000000000e+02
4.897000000000000000e+03
4.619000000000000000e+03
9.990000000000000000e+02
1.735000000000000000e+03
1.549000000000000000e+03
4.270000000000000000e+03
1.185000000000000000e+03
3.696000000000000000e+03
1.797000000000000000e+03
4.534000000000000000e+03
2.921000000000000000e+03
2.489000000000000000e+03
4.577000000000000000e+03
4.060000000000000000e+02
1.357000000000000000e+03
4.648000000000000000e+03
1.635000000000000000e+03
1.411000000000000000e+03
3.975000000000000000e+03
6.760000000000000000e+02
2.819000000000000000e+03
3.851000000000000000e+03
1.528000000000000000e+03
1.942000000000000000e+03
1.532000000000000000e+03
1.407000000000000000e+03
7.790000000000000000e+02
6.300000000000000000e+02
