3.899000000000000000e+03
1.268000000000000000e+03
2.109000000000000000e+03
2.976000000000000000e+03
3.623000000000000000e+03
1.306000000000000000e+03
2.127000000000000000e+03
1.688000000000000000e+03
4.273000000000000000e+03
2.840000000000000000e+03
1.330000000000000000e+03
1.533000000000000000e+03
4.857000000000000000e+03
2.320000000000000000e+02
4.649000000000000000e+03
6.950000000000000000e+02
4.578000000000000000e+03
4.897000000000000000e+03
2.807000000000000000e+03
2.779000000000000000e+03
2.154000000000000000e+03
4.680000000000000000e+02
2.243000000000000000e+03
1.486000000000000000e+03
1.140000000000000000e+02
7.980000000000000000e+02
9.500000000000000000e+01
3.888000000000000000e+03
3.790000000000000000e+02
1.744000000000000000e+03
1.664000000000000000e+03
2.881000000000000000e+03
3.260000000000000000e+02
1.101000000000000000e+03
1.617000000000000000e+03
2.514000000000000000e+03
3.329000000000000000e+03
4.756000000000000000e+03
4.767000000000000000e+03
1.002000000000000000e+03
4.781000000000000000e+03
1.178000000000000000e+03
1.599000000000000000e+03
3.148000000000000000e+03
2.894000000000000000e+03
9.120000000000000000e+02
9.100000000000000000e+01
3.933000000000000000e+03
4.229000000000000000e+03
4.099000000000000000e+03
3.370000000000000000e+02
1.230000000000000000e+03
1.425000000000000000e+03
4.120000000000000000e+03
3.358000000000000000e+03
1.767000000000000000e+03
3.825000000000000000e+03
3.818000000000000000e+03
1.070000000000000000e+03
2.196000000000000000e+03
2.795000000000000000e+03
3.815000000000000000e+03
4.366000000000000000e+03
4.002000000000000000e+03
9.310000000000000000e+02
4.312000000000000000e+03
3.967000000000000000e+03
4.307000000000000000e+03
1.942000000000000000e+03
3.403000000000000000e+03
2.949000000000000000e+03
2.605000000000000000e+03
4.063000000000000000e+03
8.840000000000000000e+02
4.281000000000000000e+03
2.891000000000000000e+03
3.310000000000000000e+03
4.012000000000000000e+03
5.990000000000000000e+02
4.250000000000000000e+03
4.021000000000000000e+03
1.381000000000000000e+03
8.600000000000000000e+02
1.398000000000000000e+03
1.933000000000000000e+03
2.996000000000000000e+03
4.146000000000000000e+03
3.171000000000000000e+03
5.660000000000000000e+02
1.595000000000000000e+03
6.630000000000000000e+02
2.789000000000000000e+03
3.087000000000000000e+03
6.860000000000000000e+02
3.053000000000000000e+03
3.712000000000000000e+03
1.622000000000000000e+03
9.790000000000000000e+02
1.288000000000000000e+03
4.907000000000000000e+03
3.600000000000000000e+02
4.982000000000000000e+03
5.010000000000000000e+02
2.892000000000000000e+03
4.995000000000000000e+03
2.831000000000000000e+03
4.208000000000000000e+03
2.275000000000000000e+03
8.610000000000000000e+02
1.866000000000000000e+03
1.097000000000000000e+03
1.493000000000000000e+03
4.232000000000000000e+03
3.652000000000000000e+03
1.235000000000000000e+03
3.898000000000000000e+03
2.856000000000000000e+03
4.155000000000000000e+03
3.532000000000000000e+03
2.454000000000000000e+03
2.970000000000000000e+02
1.005000000000000000e+03
3.514000000000000000e+03
4.565000000000000000e+03
4.241000000000000000e+03
3.156000000000000000e+03
4.832000000000000000e+03
2.818000000000000000e+03
1.017000000000000000e+03
3.864000000000000000e+03
2.740000000000000000e+02
5.530000000000000000e+02
2.132000000000000000e+03
4.094000000000000000e+03
1.719000000000000000e+03
2.367000000000000000e+03
3.943000000000000000e+03
3.740000000000000000e+03
1.573000000000000000e+03
3.396000000000000000e+03
3.697000000000000000e+03
2.345000000000000000e+03
1.346000000000000000e+03
8.930000000000000000e+02
3.116000000000000000e+03
2.945000000000000000e+03
2.636000000000000000e+03
2.943000000000000000e+03
3.957000000000000000e+03
3.250000000000000000e+03
4.581000000000000000e+03
3.428000000000000000e+03
4.178000000000000000e+03
1.211000000000000000e+03
2.866000000000000000e+03
1.448000000000000000e+03
4.078000000000000000e+03
3.701000000000000000e+03
2.922000000000000000e+03
4.563000000000000000e+03
4.184000000000000000e+03
3.243000000000000000e+03
3.194000000000000000e+03
4.010000000000000000e+03
3.688000000000000000e+03
9.300000000000000000e+01
3.380000000000000000e+02
2.865000000000000000e+03
6.440000000000000000e+02
7.540000000000000000e+02
1.396000000000000000e+03
1.090000000000000000e+02
3.000000000000000000e+03
3.751000000000000000e+03
1.909000000000000000e+03
3.311000000000000000e+03
3.120000000000000000e+02
4.746000000000000000e+03
1.618000000000000000e+03
1.795000000000000000e+03
4.037000000000000000e+03
2.543000000000000000e+03
4.867000000000000000e+03
8.150000000000000000e+02
1.633000000000000000e+03
3.785000000000000000e+03
1.932000000000000000e+03
2.359000000000000000e+03
4.536000000000000000e+03
2.990000000000000000e+03
2.505000000000000000e+03
4.482000000000000000e+03
4.379000000000000000e+03
8.900000000000000000e+02
2.670000000000000000e+03
4.500000000000000000e+03
3.061000000000000000e+03
1.122000000000000000e+03
7.740000000000000000e+02
4.057000000000000000e+03
3.512000000000000000e+03
1.107000000000000000e+03
2.100000000000000000e+02
4.760000000000000000e+03
2.168000000000000000e+03
3.971000000000000000e+03
4.935000000000000000e+03
4.829000000000000000e+03
2.086000000000000000e+03
8.810000000000000000e+02
2.248000000000000000e+03
3.199000000000000000e+03
2.665000000000000000e+03
1.042000000000000000e+03
2.958000000000000000e+03
3.353000000000000000e+03
3.664000000000000000e+03
3.356000000000000000e+03
2.334000000000000000e+03
5.830000000000000000e+02
4.180000000000000000e+03
1.961000000000000000e+03
4.095000000000000000e+03
2.953000000000000000e+03
3.325000000000000000e+03
1.944000000000000000e+03
4.991000000000000000e+03
5.840000000000000000e+02
1.016000000000000000e+03
4.762000000000000000e+03
3.490000000000000000e+02
6.320000000000000000e+02
2.560000000000000000e+02
9.260000000000000000e+02
3.860000000000000000e+02
4.654000000000000000e+03
1.370000000000000000e+03
3.866000000000000000e+03
3.915000000000000000e+03
3.592000000000000000e+03
4.274000000000000000e+03
2.283000000000000000e+03
2.711000000000000000e+03
2.430000000000000000e+03
2.850000000000000000e+03
1.180000000000000000e+02
8.130000000000000000e+02
3.556000000000000000e+03
2.192000000000000000e+03
2.141000000000000000e+03
1.466000000000000000e+03
3.454000000000000000e+03
4.592000000000000000e+03
4.817000000000000000e+03
1.898000000000000000e+03
3.118000000000000000e+03
2.062000000000000000e+03
4.589000000000000000e+03
2.404000000000000000e+03
3.030000000000000000e+03
5.400000000000000000e+01
2.900000000000000000e+03
2.898000000000000000e+03
6.720000000000000000e+02
4.026000000000000000e+03
2.244000000000000000e+03
1.090000000000000000e+03
2.212000000000000000e+03
4.550000000000000000e+02
1.972000000000000000e+03
1.342000000000000000e+03
4.884000000000000000e+03
1.095000000000000000e+03
3.819000000000000000e+03
1.015000000000000000e+03
3.791000000000000000e+03
1.387000000000000000e+03
3.772000000000000000e+03
4.629000000000000000e+03
4.593000000000000000e+03
1.037000000000000000e+03
3.182000000000000000e+03
2.152000000000000000e+03
4.595000000000000000e+03
3.226000000000000000e+03
3.244000000000000000e+03
1.125000000000000000e+03
1.087000000000000000e+03
4.420000000000000000e+03
2.019000000000000000e+03
4.928000000000000000e+03
1.274000000000000000e+03
3.889000000000000000e+03
2.883000000000000000e+03
2.111000000000000000e+03
4.674000000000000000e+03
2.882000000000000000e+03
2.620000000000000000e+02
9.350000000000000000e+02
3.990000000000000000e+03
2.390000000000000000e+02
3.430000000000000000e+03
1.239000000000000000e+03
1.321000000000000000e+03
2.750000000000000000e+02
2.832000000000000000e+03
3.506000000000000000e+03
1.233000000000000000e+03
2.810000000000000000e+02
4.487000000000000000e+03
1.151000000000000000e+03
4.601000000000000000e+03
9.240000000000000000e+02
4.925000000000000000e+03
2.633000000000000000e+03
2.476000000000000000e+03
1.444000000000000000e+03
1.292000000000000000e+03
3.983000000000000000e+03
3.691000000000000000e+03
3.000000000000000000e+00
4.272000000000000000e+03
4.779000000000000000e+03
6.780000000000000000e+02
1.607000000000000000e+03
3.090000000000000000e+03
2.070000000000000000e+03
3.800000000000000000e+01
4.695000000000000000e+03
3.658000000000000000e+03
4.170000000000000000e+02
3.667000000000000000e+03
1.737000000000000000e+03
3.324000000000000000e+03
1.808000000000000000e+03
3.124000000000000000e+03
4.199000000000000000e+03
4.292000000000000000e+03
2.198000000000000000e+03
8.800000000000000000e+01
4.451000000000000000e+03
3.941000000000000000e+03
3.610000000000000000e+03
3.269000000000000000e+03
1.843000000000000000e+03
1.872000000000000000e+03
2.350000000000000000e+02
1.430000000000000000e+02
3.188000000000000000e+03
7.000000000000000000e+01
1.103000000000000000e+03
2.803000000000000000e+03
1.560000000000000000e+02
2.392000000000000000e+03
2.010000000000000000e+02
1.865000000000000000e+03
1.563000000000000000e+03
4.263000000000000000e+03
3.636000000000000000e+03
3.433000000000000000e+03
2.657000000000000000e+03
2.216000000000000000e+03
4.225000000000000000e+03
1.667000000000000000e+03
2.340000000000000000e+03
1.695000000000000000e+03
1.352000000000000000e+03
2.099000000000000000e+03
9.200000000000000000e+01
1.640000000000000000e+02
1.320000000000000000e+03
3.588000000000000000e+03
1.700000000000000000e+03
4.582000000000000000e+03
2.410000000000000000e+03
2.754000000000000000e+03
7.930000000000000000e+02
3.570000000000000000e+02
1.457000000000000000e+03
2.625000000000000000e+03
3.441000000000000000e+03
2.725000000000000000e+03
4.679000000000000000e+03
1.943000000000000000e+03
2.236000000000000000e+03
1.627000000000000000e+03
1.758000000000000000e+03
3.597000000000000000e+03
2.139000000000000000e+03
1.813000000000000000e+03
3.554000000000000000e+03
6.930000000000000000e+02
2.424000000000000000e+03
8.270000000000000000e+02
4.310000000000000000e+02
4.596000000000000000e+03
4.297000000000000000e+03
3.219000000000000000e+03
1.565000000000000000e+03
3.402000000000000000e+03
4.190000000000000000e+03
4.159000000000000000e+03
3.277000000000000000e+03
2.297000000000000000e+03
3.191000000000000000e+03
3.283000000000000000e+03
9.700000000000000000e+01
8.600000000000000000e+01
1.225000000000000000e+03
2.311000000000000000e+03
1.150000000000000000e+03
3.032000000000000000e+03
2.710000000000000000e+02
3.481000000000000000e+03
1.965000000000000000e+03
1.021000000000000000e+03
8.340000000000000000e+02
1.477000000000000000e+03
3.023000000000000000e+03
1.577000000000000000e+03
2.200000000000000000e+03
4.313000000000000000e+03
2.400000000000000000e+02
7.780000000000000000e+02
2.030000000000000000e+03
7.000000000000000000e+00
4.821000000000000000e+03
2.796000000000000000e+03
2.386000000000000000e+03
6.110000000000000000e+02
6.920000000000000000e+02
1.397000000000000000e+03
3.011000000000000000e+03
3.600000000000000000e+01
4.666000000000000000e+03
1.313000000000000000e+03
1.147000000000000000e+03
2.411000000000000000e+03
1.986000000000000000e+03
2.217000000000000000e+03
1.300000000000000000e+01
5.030000000000000000e+02
2.715000000000000000e+03
4.919000000000000000e+03
5.700000000000000000e+02
1.130000000000000000e+03
3.520000000000000000e+02
4.113000000000000000e+03
1.418000000000000000e+03
1.366000000000000000e+03
1.861000000000000000e+03
3.340000000000000000e+03
1.914000000000000000e+03
2.138000000000000000e+03
3.400000000000000000e+03
9.800000000000000000e+01
2.790000000000000000e+02
5.360000000000000000e+02
2.473000000000000000e+03
4.447000000000000000e+03
3.494000000000000000e+03
5.630000000000000000e+02
2.830000000000000000e+03
1.753000000000000000e+03
3.603000000000000000e+03
3.203000000000000000e+03
1.729000000000000000e+03
4.850000000000000000e+02
3.680000000000000000e+02
1.686000000000000000e+03
3.980000000000000000e+03
2.240000000000000000e+03
2.176000000000000000e+03
2.000000000000000000e+03
3.765000000000000000e+03
2.784000000000000000e+03
1.489000000000000000e+03
2.089000000000000000e+03
7.820000000000000000e+02
4.299000000000000000e+03
4.979000000000000000e+03
4.070000000000000000e+02
4.597000000000000000e+03
3.656000000000000000e+03
2.391000000000000000e+03
4.017000000000000000e+03
4.961000000000000000e+03
3.516000000000000000e+03
2.356000000000000000e+03
1.558000000000000000e+03
2.793000000000000000e+03
1.967000000000000000e+03
1.885000000000000000e+03
4.291000000000000000e+03
9.210000000000000000e+02
1.141000000000000000e+03
4.974000000000000000e+03
4.770000000000000000e+03
1.525000000000000000e+03
9.690000000000000000e+02
2.956000000000000000e+03
5.300000000000000000e+01
3.152000000000000000e+03
3.855000000000000000e+03
3.970000000000000000e+02
2.447000000000000000e+03
1.229000000000000000e+03
4.790000000000000000e+03
4.206000000000000000e+03
3.770000000000000000e+02
3.181000000000000000e+03
2.435000000000000000e+03
2.809000000000000000e+03
3.072000000000000000e+03
3.306000000000000000e+03
1.821000000000000000e+03
2.124000000000000000e+03
4.420000000000000000e+02
8.370000000000000000e+02
1.180000000000000000e+03
1.894000000000000000e+03
1.953000000000000000e+03
4.901000000000000000e+03
4.945000000000000000e+03
2.899000000000000000e+03
4.940000000000000000e+02
4.495000000000000000e+03
3.678000000000000000e+03
3.850000000000000000e+02
5.790000000000000000e+02
4.977000000000000000e+03
4.219000000000000000e+03
6.270000000000000000e+02
3.221000000000000000e+03
2.458000000000000000e+03
1.641000000000000000e+03
1.030000000000000000e+02
1.511000000000000000e+03
2.298000000000000000e+03
1.472000000000000000e+03
1.281000000000000000e+03
1.432000000000000000e+03
4.800000000000000000e+02
9.560000000000000000e+02
4.220000000000000000e+02
3.102000000000000000e+03
2.931000000000000000e+03
3.543000000000000000e+03
7.800000000000000000e+01
1.473000000000000000e+03
4.683000000000000000e+03
3.964000000000000000e+03
1.890000000000000000e+02
4.831000000000000000e+03
4.209000000000000000e+03
4.304000000000000000e+03
7.900000000000000000e+01
2.405000000000000000e+03
4.910000000000000000e+03
1.879000000000000000e+03
3.009000000000000000e+03
3.620000000000000000e+03
4.187000000000000000e+03
1.587000000000000000e+03
4.588000000000000000e+03
4.460000000000000000e+02
3.844000000000000000e+03
1.670000000000000000e+02
4.015000000000000000e+03
3.591000000000000000e+03
3.350000000000000000e+03
9.090000000000000000e+02
3.760000000000000000e+02
5.400000000000000000e+02
1.854000000000000000e+03
2.971000000000000000e+03
4.000000000000000000e+02
4.090000000000000000e+03
4.872000000000000000e+03
2.558000000000000000e+03
4.092000000000000000e+03
3.040000000000000000e+02
2.641000000000000000e+03
3.928000000000000000e+03
1.966000000000000000e+03
4.419000000000000000e+03
1.784000000000000000e+03
1.700000000000000000e+01
4.235000000000000000e+03
0.000000000000000000e+00
3.602000000000000000e+03
3.220000000000000000e+03
4.949000000000000000e+03
4.893000000000000000e+03
3.980000000000000000e+02
3.891000000000000000e+03
4.040000000000000000e+02
1.433000000000000000e+03
2.382000000000000000e+03
3.707000000000000000e+03
2.737000000000000000e+03
4.869000000000000000e+03
1.561000000000000000e+03
3.460000000000000000e+02
6.970000000000000000e+02
3.867000000000000000e+03
9.050000000000000000e+02
4.061000000000000000e+03
2.100000000000000000e+01
1.770000000000000000e+02
4.973000000000000000e+03
2.699000000000000000e+03
1.386000000000000000e+03
4.353000000000000000e+03
8.050000000000000000e+02
1.280000000000000000e+03
3.836000000000000000e+03
9.840000000000000000e+02
1.771000000000000000e+03
3.378000000000000000e+03
3.640000000000000000e+02
1.000000000000000000e+01
1.104000000000000000e+03
3.062000000000000000e+03
2.310000000000000000e+02
4.119000000000000000e+03
4.151000000000000000e+03
4.531000000000000000e+03
4.480000000000000000e+02
3.621000000000000000e+03
8.670000000000000000e+02
3.865000000000000000e+03
2.576000000000000000e+03
8.430000000000000000e+02
3.042000000000000000e+03
9.400000000000000000e+02
4.286000000000000000e+03
1.217000000000000000e+03
1.918000000000000000e+03
4.609000000000000000e+03
5.680000000000000000e+02
3.978000000000000000e+03
5.000000000000000000e+02
2.662000000000000000e+03
3.096000000000000000e+03
4.409000000000000000e+03
4.104000000000000000e+03
4.886000000000000000e+03
9.300000000000000000e+02
4.917000000000000000e+03
1.840000000000000000e+02
6.960000000000000000e+02
2.172000000000000000e+03
3.837000000000000000e+03
6.490000000000000000e+02
3.390000000000000000e+02
2.041000000000000000e+03
1.790000000000000000e+03
1.007000000000000000e+03
1.535000000000000000e+03
1.708000000000000000e+03
1.770000000000000000e+03
2.933000000000000000e+03
2.363000000000000000e+03
3.421000000000000000e+03
4.470000000000000000e+03
4.288000000000000000e+03
2.061000000000000000e+03
5.920000000000000000e+02
7.550000000000000000e+02
2.787000000000000000e+03
3.150000000000000000e+02
3.561000000000000000e+03
4.204000000000000000e+03
2.312000000000000000e+03
1.727000000000000000e+03
2.160000000000000000e+02
4.985000000000000000e+03
1.697000000000000000e+03
5.940000000000000000e+02
3.616000000000000000e+03
7.380000000000000000e+02
5.080000000000000000e+02
4.491000000000000000e+03
1.053000000000000000e+03
2.247000000000000000e+03
3.141000000000000000e+03
4.723000000000000000e+03
3.000000000000000000e+01
1.651000000000000000e+03
4.301000000000000000e+03
4.950000000000000000e+02
4.327000000000000000e+03
2.157000000000000000e+03
7.730000000000000000e+02
4.811000000000000000e+03
3.528000000000000000e+03
1.868000000000000000e+03
2.300000000000000000e+03
2.103000000000000000e+03
4.903000000000000000e+03
1.215000000000000000e+03
2.302000000000000000e+03
1.960000000000000000e+03
4.820000000000000000e+02
3.774000000000000000e+03
3.665000000000000000e+03
3.078000000000000000e+03
1.847000000000000000e+03
3.918000000000000000e+03
4.572000000000000000e+03
3.897000000000000000e+03
1.552000000000000000e+03
3.063000000000000000e+03
3.520000000000000000e+03
4.750000000000000000e+03
2.552000000000000000e+03
2.164000000000000000e+03
1.276000000000000000e+03
1.124000000000000000e+03
2.775000000000000000e+03
1.094000000000000000e+03
9.280000000000000000e+02
4.416000000000000000e+03
4.795000000000000000e+03
2.880000000000000000e+02
2.179000000000000000e+03
2.541000000000000000e+03
2.570000000000000000e+03
2.682000000000000000e+03
3.997000000000000000e+03
3.660000000000000000e+02
2.750000000000000000e+03
1.747000000000000000e+03
3.018000000000000000e+03
3.534000000000000000e+03
2.190000000000000000e+03
1.926000000000000000e+03
1.190000000000000000e+03
2.542000000000000000e+03
2.668000000000000000e+03
2.110000000000000000e+03
4.386000000000000000e+03
4.613000000000000000e+03
3.371000000000000000e+03
6.990000000000000000e+02
2.992000000000000000e+03
4.879000000000000000e+03
4.220000000000000000e+03
1.720000000000000000e+03
2.689000000000000000e+03
3.794000000000000000e+03
1.661000000000000000e+03
3.360000000000000000e+02
2.644000000000000000e+03
1.025000000000000000e+03
1.608000000000000000e+03
2.325000000000000000e+03
3.208000000000000000e+03
2.080000000000000000e+02
1.900000000000000000e+01
2.680000000000000000e+03
2.012000000000000000e+03
2.740000000000000000e+03
9.580000000000000000e+02
3.146000000000000000e+03
6.020000000000000000e+02
2.510000000000000000e+02
2.038000000000000000e+03
2.680000000000000000e+02
3.370000000000000000e+03
3.617000000000000000e+03
7.570000000000000000e+02
1.294000000000000000e+03
2.406000000000000000e+03
2.814000000000000000e+03
1.112000000000000000e+03
4.647000000000000000e+03
6.000000000000000000e+00
3.805000000000000000e+03
1.362000000000000000e+03
3.473000000000000000e+03
4.236000000000000000e+03
1.755000000000000000e+03
9.890000000000000000e+02
3.054000000000000000e+03
4.530000000000000000e+02
4.520000000000000000e+02
3.720000000000000000e+03
3.700000000000000000e+02
3.242000000000000000e+03
4.050000000000000000e+03
4.228000000000000000e+03
1.669000000000000000e+03
4.624000000000000000e+03
8.740000000000000000e+02
3.513000000000000000e+03
9.780000000000000000e+02
1.191000000000000000e+03
1.948000000000000000e+03
1.660000000000000000e+02
4.930000000000000000e+02
1.214000000000000000e+03
3.449000000000000000e+03
4.707000000000000000e+03
2.550000000000000000e+03
4.393000000000000000e+03
1.992000000000000000e+03
5.280000000000000000e+02
1.713000000000000000e+03
3.163000000000000000e+03
3.462000000000000000e+03
3.099000000000000000e+03
4.801000000000000000e+03
3.470000000000000000e+02
1.138000000000000000e+03
4.870000000000000000e+02
1.709000000000000000e+03
2.946000000000000000e+03
3.555000000000000000e+03
1.996000000000000000e+03
4.960000000000000000e+02
4.128000000000000000e+03
1.060000000000000000e+02
3.562000000000000000e+03
9.870000000000000000e+02
3.180000000000000000e+02
8.100000000000000000e+02
2.990000000000000000e+02
2.310000000000000000e+03
4.300000000000000000e+03
9.410000000000000000e+02
3.846000000000000000e+03
4.475000000000000000e+03
2.338000000000000000e+03
4.046000000000000000e+03
3.770000000000000000e+03
3.085000000000000000e+03
1.570000000000000000e+03
2.780000000000000000e+03
1.687000000000000000e+03
3.268000000000000000e+03
3.907000000000000000e+03
4.244000000000000000e+03
1.566000000000000000e+03
2.351000000000000000e+03
1.219000000000000000e+03
5.170000000000000000e+02
4.766000000000000000e+03
4.490000000000000000e+02
2.837000000000000000e+03
2.596000000000000000e+03
4.685000000000000000e+03
2.148000000000000000e+03
4.440000000000000000e+03
3.362000000000000000e+03
3.308000000000000000e+03
2.377000000000000000e+03
4.270000000000000000e+03
2.065000000000000000e+03
1.249000000000000000e+03
3.810000000000000000e+02
5.510000000000000000e+02
4.773000000000000000e+03
1.588000000000000000e+03
1.508000000000000000e+03
3.568000000000000000e+03
4.827000000000000000e+03
