3.630000000000000000e+03
2.224000000000000000e+03
3.707000000000000000e+03
1.558000000000000000e+03
3.590000000000000000e+03
2.522000000000000000e+03
6.190000000000000000e+02
2.158000000000000000e+03
1.759000000000000000e+03
3.654000000000000000e+03
1.771000000000000000e+03
1.654000000000000000e+03
2.169000000000000000e+03
3.277000000000000000e+03
9.060000000000000000e+02
3.531000000000000000e+03
2.230000000000000000e+02
4.509000000000000000e+03
4.148000000000000000e+03
4.932000000000000000e+03
4.938000000000000000e+03
9.420000000000000000e+02
1.576000000000000000e+03
4.353000000000000000e+03
3.290000000000000000e+02
2.052000000000000000e+03
1.630000000000000000e+03
3.082000000000000000e+03
4.365000000000000000e+03
1.214000000000000000e+03
4.300000000000000000e+03
1.197000000000000000e+03
2.087000000000000000e+03
4.331000000000000000e+03
1.084000000000000000e+03
2.658000000000000000e+03
1.400000000000000000e+03
3.961000000000000000e+03
3.461000000000000000e+03
3.489000000000000000e+03
3.750000000000000000e+02
3.725000000000000000e+03
1.351000000000000000e+03
1.418000000000000000e+03
4.989000000000000000e+03
2.028000000000000000e+03
1.520000000000000000e+03
4.133000000000000000e+03
3.264000000000000000e+03
4.530000000000000000e+02
3.870000000000000000e+03
3.107000000000000000e+03
4.320000000000000000e+02
1.453000000000000000e+03
6.720000000000000000e+02
4.697000000000000000e+03
4.500000000000000000e+02
7.050000000000000000e+02
3.300000000000000000e+02
2.549000000000000000e+03
5.320000000000000000e+02
9.950000000000000000e+02
5.280000000000000000e+02
1.206000000000000000e+03
4.346000000000000000e+03
4.586000000000000000e+03
1.892000000000000000e+03
1.687000000000000000e+03
1.900000000000000000e+01
3.434000000000000000e+03
1.058000000000000000e+03
4.645000000000000000e+03
1.280000000000000000e+03
4.518000000000000000e+03
1.060000000000000000e+02
3.412000000000000000e+03
3.256000000000000000e+03
4.268000000000000000e+03
3.064000000000000000e+03
2.044000000000000000e+03
1.188000000000000000e+03
4.597000000000000000e+03
2.900000000000000000e+02
4.831000000000000000e+03
3.171000000000000000e+03
3.675000000000000000e+03
3.872000000000000000e+03
4.773000000000000000e+03
1.530000000000000000e+03
3.272000000000000000e+03
4.692000000000000000e+03
6.860000000000000000e+02
2.614000000000000000e+03
1.893000000000000000e+03
3.920000000000000000e+02
3.879000000000000000e+03
2.210000000000000000e+02
1.071000000000000000e+03
4.481000000000000000e+03
2.648000000000000000e+03
7.540000000000000000e+02
9.430000000000000000e+02
4.214000000000000000e+03
4.096000000000000000e+03
3.882000000000000000e+03
6.490000000000000000e+02
2.277000000000000000e+03
3.369000000000000000e+03
1.671000000000000000e+03
2.025000000000000000e+03
1.373000000000000000e+03
2.493000000000000000e+03
2.351000000000000000e+03
1.678000000000000000e+03
2.847000000000000000e+03
8.070000000000000000e+02
1.525000000000000000e+03
2.385000000000000000e+03
3.993000000000000000e+03
4.347000000000000000e+03
4.533000000000000000e+03
4.927000000000000000e+03
3.009000000000000000e+03
3.625000000000000000e+03
4.480000000000000000e+03
3.777000000000000000e+03
3.228000000000000000e+03
2.962000000000000000e+03
2.725000000000000000e+03
4.343000000000000000e+03
4.630000000000000000e+03
4.338000000000000000e+03
1.598000000000000000e+03
2.307000000000000000e+03
1.247000000000000000e+03
4.371000000000000000e+03
4.500000000000000000e+01
1.265000000000000000e+03
4.710000000000000000e+02
4.452000000000000000e+03
4.464000000000000000e+03
4.001000000000000000e+03
2.871000000000000000e+03
1.337000000000000000e+03
2.197000000000000000e+03
1.937000000000000000e+03
3.190000000000000000e+03
2.875000000000000000e+03
3.914000000000000000e+03
7.380000000000000000e+02
6.400000000000000000e+02
1.266000000000000000e+03
4.987000000000000000e+03
3.121000000000000000e+03
6.500000000000000000e+02
4.826000000000000000e+03
1.508000000000000000e+03
1.160000000000000000e+03
2.804000000000000000e+03
3.853000000000000000e+03
1.663000000000000000e+03
5.500000000000000000e+01
3.025000000000000000e+03
2.265000000000000000e+03
4.650000000000000000e+02
4.746000000000000000e+03
6.020000000000000000e+02
1.424000000000000000e+03
2.784000000000000000e+03
3.401000000000000000e+03
1.469000000000000000e+03
1.038000000000000000e+03
4.433000000000000000e+03
4.380000000000000000e+02
2.452000000000000000e+03
2.195000000000000000e+03
1.536000000000000000e+03
4.677000000000000000e+03
1.698000000000000000e+03
1.255000000000000000e+03
2.631000000000000000e+03
3.623000000000000000e+03
5.150000000000000000e+02
2.620000000000000000e+03
2.843000000000000000e+03
1.201000000000000000e+03
4.611000000000000000e+03
3.294000000000000000e+03
1.368000000000000000e+03
2.950000000000000000e+03
1.610000000000000000e+03
4.383000000000000000e+03
2.919000000000000000e+03
4.952000000000000000e+03
1.253000000000000000e+03
4.178000000000000000e+03
3.620000000000000000e+03
3.567000000000000000e+03
4.769000000000000000e+03
2.130000000000000000e+02
2.580000000000000000e+02
2.018000000000000000e+03
4.124000000000000000e+03
3.537000000000000000e+03
8.650000000000000000e+02
3.821000000000000000e+03
4.853000000000000000e+03
3.720000000000000000e+03
1.515000000000000000e+03
2.056000000000000000e+03
3.881000000000000000e+03
3.904000000000000000e+03
4.946000000000000000e+03
1.284000000000000000e+03
3.716000000000000000e+03
5.900000000000000000e+01
3.916000000000000000e+03
3.880000000000000000e+02
1.300000000000000000e+01
5.240000000000000000e+02
1.774000000000000000e+03
1.716000000000000000e+03
7.160000000000000000e+02
3.662000000000000000e+03
6.580000000000000000e+02
4.002000000000000000e+03
4.491000000000000000e+03
2.301000000000000000e+03
1.955000000000000000e+03
3.292000000000000000e+03
4.887000000000000000e+03
1.601000000000000000e+03
3.226000000000000000e+03
2.298000000000000000e+03
4.076000000000000000e+03
3.704000000000000000e+03
4.160000000000000000e+03
4.489000000000000000e+03
3.004000000000000000e+03
1.993000000000000000e+03
2.185000000000000000e+03
1.304000000000000000e+03
1.802000000000000000e+03
2.344000000000000000e+03
2.279000000000000000e+03
3.306000000000000000e+03
4.274000000000000000e+03
1.335000000000000000e+03
1.731000000000000000e+03
3.548000000000000000e+03
1.910000000000000000e+02
1.606000000000000000e+03
4.272000000000000000e+03
3.724000000000000000e+03
2.702000000000000000e+03
1.557000000000000000e+03
1.559000000000000000e+03
4.106000000000000000e+03
3.889000000000000000e+03
1.872000000000000000e+03
9.370000000000000000e+02
4.013000000000000000e+03
4.250000000000000000e+03
1.797000000000000000e+03
1.837000000000000000e+03
4.555000000000000000e+03
2.190000000000000000e+02
1.044000000000000000e+03
5.390000000000000000e+02
4.431000000000000000e+03
3.070000000000000000e+03
7.350000000000000000e+02
1.306000000000000000e+03
4.757000000000000000e+03
2.166000000000000000e+03
3.598000000000000000e+03
1.050000000000000000e+03
2.446000000000000000e+03
3.169000000000000000e+03
1.476000000000000000e+03
9.400000000000000000e+02
4.360000000000000000e+03
4.138000000000000000e+03
4.598000000000000000e+03
2.594000000000000000e+03
3.099000000000000000e+03
3.300000000000000000e+03
2.424000000000000000e+03
2.820000000000000000e+02
4.587000000000000000e+03
3.080000000000000000e+02
2.128000000000000000e+03
4.844000000000000000e+03
4.934000000000000000e+03
2.718000000000000000e+03
6.630000000000000000e+02
2.939000000000000000e+03
2.898000000000000000e+03
4.869000000000000000e+03
2.414000000000000000e+03
4.103000000000000000e+03
1.970000000000000000e+02
2.138000000000000000e+03
2.651000000000000000e+03
1.970000000000000000e+03
1.426000000000000000e+03
2.242000000000000000e+03
1.218000000000000000e+03
1.268000000000000000e+03
2.211000000000000000e+03
9.940000000000000000e+02
3.561000000000000000e+03
2.506000000000000000e+03
2.280000000000000000e+03
2.749000000000000000e+03
4.000000000000000000e+00
1.414000000000000000e+03
5.650000000000000000e+02
3.005000000000000000e+03
1.116000000000000000e+03
2.540000000000000000e+03
1.165000000000000000e+03
4.410000000000000000e+03
4.310000000000000000e+02
1.600000000000000000e+03
4.100000000000000000e+02
1.510000000000000000e+03
4.924000000000000000e+03
3.873000000000000000e+03
1.964000000000000000e+03
3.713000000000000000e+03
3.320000000000000000e+02
3.250000000000000000e+02
4.800000000000000000e+03
3.449000000000000000e+03
1.429000000000000000e+03
1.929000000000000000e+03
2.798000000000000000e+03
4.508000000000000000e+03
3.414000000000000000e+03
1.552000000000000000e+03
1.120000000000000000e+03
6.430000000000000000e+02
6.660000000000000000e+02
4.936000000000000000e+03
3.248000000000000000e+03
2.734000000000000000e+03
2.083000000000000000e+03
2.116000000000000000e+03
4.820000000000000000e+02
1.330000000000000000e+02
4.644000000000000000e+03
2.341000000000000000e+03
5.610000000000000000e+02
2.668000000000000000e+03
1.804000000000000000e+03
1.225000000000000000e+03
2.615000000000000000e+03
2.226000000000000000e+03
1.583000000000000000e+03
3.339000000000000000e+03
3.891000000000000000e+03
1.859000000000000000e+03
4.263000000000000000e+03
1.581000000000000000e+03
1.068000000000000000e+03
4.450000000000000000e+03
1.410000000000000000e+03
4.496000000000000000e+03
4.030000000000000000e+03
3.799000000000000000e+03
9.220000000000000000e+02
4.241000000000000000e+03
8.980000000000000000e+02
4.426000000000000000e+03
4.120000000000000000e+03
3.284000000000000000e+03
4.712000000000000000e+03
3.749000000000000000e+03
2.364000000000000000e+03
4.162000000000000000e+03
4.486000000000000000e+03
9.070000000000000000e+02
2.899000000000000000e+03
1.503000000000000000e+03
1.327000000000000000e+03
1.020000000000000000e+03
4.782000000000000000e+03
4.298000000000000000e+03
4.355000000000000000e+03
4.095000000000000000e+03
1.014000000000000000e+03
4.599000000000000000e+03
4.600000000000000000e+03
2.909000000000000000e+03
1.053000000000000000e+03
3.669000000000000000e+03
5.710000000000000000e+02
3.571000000000000000e+03
4.479000000000000000e+03
4.791000000000000000e+03
9.000000000000000000e+02
9.190000000000000000e+02
1.880000000000000000e+02
2.819000000000000000e+03
4.400000000000000000e+03
3.885000000000000000e+03
1.546000000000000000e+03
2.263000000000000000e+03
1.777000000000000000e+03
1.903000000000000000e+03
1.949000000000000000e+03
1.722000000000000000e+03
2.423000000000000000e+03
6.100000000000000000e+01
1.109000000000000000e+03
1.312000000000000000e+03
3.512000000000000000e+03
2.870000000000000000e+02
3.305000000000000000e+03
2.763000000000000000e+03
6.600000000000000000e+02
3.202000000000000000e+03
1.399000000000000000e+03
3.061000000000000000e+03
2.489000000000000000e+03
2.115000000000000000e+03
1.449000000000000000e+03
3.030000000000000000e+02
3.151000000000000000e+03
1.321000000000000000e+03
2.210000000000000000e+03
1.801000000000000000e+03
2.908000000000000000e+03
4.421000000000000000e+03
3.466000000000000000e+03
4.742000000000000000e+03
2.283000000000000000e+03
3.210000000000000000e+02
1.291000000000000000e+03
2.979000000000000000e+03
3.232000000000000000e+03
4.839000000000000000e+03
3.719000000000000000e+03
3.311000000000000000e+03
4.503000000000000000e+03
3.601000000000000000e+03
2.199000000000000000e+03
3.403000000000000000e+03
3.012000000000000000e+03
1.988000000000000000e+03
2.363000000000000000e+03
4.362000000000000000e+03
1.767000000000000000e+03
1.179000000000000000e+03
2.965000000000000000e+03
3.407000000000000000e+03
3.738000000000000000e+03
4.940000000000000000e+03
9.030000000000000000e+02
1.317000000000000000e+03
1.388000000000000000e+03
4.230000000000000000e+03
8.550000000000000000e+02
3.491000000000000000e+03
1.648000000000000000e+03
4.049000000000000000e+03
2.400000000000000000e+02
2.463000000000000000e+03
1.056000000000000000e+03
4.519000000000000000e+03
4.312000000000000000e+03
3.640000000000000000e+03
2.004000000000000000e+03
7.060000000000000000e+02
3.380000000000000000e+03
7.590000000000000000e+02
4.580000000000000000e+02
1.793000000000000000e+03
4.688000000000000000e+03
4.180000000000000000e+02
5.340000000000000000e+02
3.871000000000000000e+03
3.933000000000000000e+03
2.464000000000000000e+03
3.428000000000000000e+03
1.061000000000000000e+03
2.545000000000000000e+03
3.110000000000000000e+02
3.955000000000000000e+03
4.634000000000000000e+03
8.030000000000000000e+02
5.670000000000000000e+02
3.721000000000000000e+03
2.621000000000000000e+03
2.031000000000000000e+03
4.704000000000000000e+03
3.706000000000000000e+03
3.118000000000000000e+03
2.795000000000000000e+03
2.836000000000000000e+03
1.416000000000000000e+03
4.653000000000000000e+03
3.322000000000000000e+03
1.492000000000000000e+03
7.170000000000000000e+02
3.477000000000000000e+03
1.350000000000000000e+02
3.562000000000000000e+03
6.400000000000000000e+01
4.066000000000000000e+03
4.475000000000000000e+03
2.300000000000000000e+01
3.715000000000000000e+03
1.232000000000000000e+03
1.051000000000000000e+03
1.435000000000000000e+03
2.212000000000000000e+03
1.087000000000000000e+03
1.631000000000000000e+03
2.855000000000000000e+03
7.880000000000000000e+02
1.425000000000000000e+03
3.840000000000000000e+03
3.345000000000000000e+03
1.992000000000000000e+03
4.890000000000000000e+02
2.438000000000000000e+03
2.246000000000000000e+03
3.164000000000000000e+03
8.760000000000000000e+02
1.750000000000000000e+02
3.350000000000000000e+03
3.255000000000000000e+03
3.626000000000000000e+03
6.150000000000000000e+02
1.240000000000000000e+02
3.836000000000000000e+03
1.948000000000000000e+03
4.719000000000000000e+03
4.763000000000000000e+03
2.800000000000000000e+03
1.147000000000000000e+03
7.490000000000000000e+02
3.088000000000000000e+03
2.565000000000000000e+03
2.555000000000000000e+03
7.800000000000000000e+02
2.925000000000000000e+03
8.570000000000000000e+02
3.441000000000000000e+03
3.499000000000000000e+03
4.787000000000000000e+03
4.534000000000000000e+03
2.154000000000000000e+03
2.665000000000000000e+03
1.900000000000000000e+03
1.990000000000000000e+02
3.387000000000000000e+03
2.180000000000000000e+02
1.114000000000000000e+03
3.128000000000000000e+03
4.919000000000000000e+03
4.194000000000000000e+03
2.262000000000000000e+03
2.600000000000000000e+02
4.797000000000000000e+03
6.350000000000000000e+02
2.626000000000000000e+03
3.276000000000000000e+03
3.462000000000000000e+03
4.063000000000000000e+03
1.945000000000000000e+03
3.559000000000000000e+03
3.194000000000000000e+03
3.558000000000000000e+03
4.369000000000000000e+03
4.889000000000000000e+03
2.430000000000000000e+03
1.110000000000000000e+03
1.520000000000000000e+02
3.810000000000000000e+03
4.070000000000000000e+03
3.575000000000000000e+03
4.622000000000000000e+03
3.581000000000000000e+03
3.999000000000000000e+03
2.905000000000000000e+03
2.100000000000000000e+02
1.190000000000000000e+03
2.372000000000000000e+03
4.152000000000000000e+03
3.172000000000000000e+03
3.454000000000000000e+03
3.327000000000000000e+03
3.066000000000000000e+03
7.220000000000000000e+02
4.413000000000000000e+03
3.901000000000000000e+03
3.834000000000000000e+03
1.308000000000000000e+03
9.920000000000000000e+02
2.287000000000000000e+03
8.590000000000000000e+02
1.666000000000000000e+03
1.440000000000000000e+03
3.032000000000000000e+03
1.845000000000000000e+03
4.694000000000000000e+03
2.733000000000000000e+03
7.630000000000000000e+02
2.548000000000000000e+03
1.990000000000000000e+03
2.198000000000000000e+03
1.725000000000000000e+03
1.018000000000000000e+03
7.000000000000000000e+00
4.117000000000000000e+03
2.081000000000000000e+03
1.602000000000000000e+03
4.238000000000000000e+03
1.986000000000000000e+03
1.741000000000000000e+03
4.723000000000000000e+03
4.172000000000000000e+03
4.417000000000000000e+03
2.503000000000000000e+03
6.640000000000000000e+02
3.050000000000000000e+03
3.219000000000000000e+03
2.494000000000000000e+03
2.995000000000000000e+03
4.445000000000000000e+03
5.080000000000000000e+02
3.899000000000000000e+03
1.928000000000000000e+03
1.140000000000000000e+02
5.200000000000000000e+01
9.230000000000000000e+02
4.830000000000000000e+02
4.770000000000000000e+03
4.530000000000000000e+03
4.386000000000000000e+03
2.862000000000000000e+03
9.340000000000000000e+02
3.183000000000000000e+03
3.518000000000000000e+03
4.163000000000000000e+03
2.897000000000000000e+03
1.452000000000000000e+03
2.374000000000000000e+03
2.378000000000000000e+03
1.711000000000000000e+03
7.600000000000000000e+01
1.490000000000000000e+02
4.654000000000000000e+03
3.114000000000000000e+03
2.799000000000000000e+03
2.249000000000000000e+03
2.442000000000000000e+03
3.831000000000000000e+03
2.194000000000000000e+03
1.273000000000000000e+03
1.633000000000000000e+03
1.752000000000000000e+03
3.539000000000000000e+03
1.719000000000000000e+03
2.296000000000000000e+03
1.011000000000000000e+03
2.206000000000000000e+03
4.665000000000000000e+03
9.200000000000000000e+02
4.837000000000000000e+03
3.131000000000000000e+03
1.922000000000000000e+03
6.000000000000000000e+00
3.930000000000000000e+03
2.094000000000000000e+03
1.013000000000000000e+03
2.647000000000000000e+03
1.404000000000000000e+03
1.755000000000000000e+03
4.460000000000000000e+03
3.135000000000000000e+03
4.806000000000000000e+03
3.921000000000000000e+03
3.386000000000000000e+03
7.660000000000000000e+02
3.954000000000000000e+03
5.310000000000000000e+02
2.096000000000000000e+03
9.810000000000000000e+02
4.012000000000000000e+03
3.291000000000000000e+03
3.186000000000000000e+03
4.964000000000000000e+03
4.009000000000000000e+03
4.099000000000000000e+03
3.665000000000000000e+03
1.726000000000000000e+03
3.785000000000000000e+03
3.735000000000000000e+03
8.140000000000000000e+02
1.946000000000000000e+03
3.769000000000000000e+03
4.980000000000000000e+03
3.663000000000000000e+03
4.969000000000000000e+03
2.405000000000000000e+03
3.093000000000000000e+03
2.106000000000000000e+03
1.131000000000000000e+03
1.033000000000000000e+03
5.450000000000000000e+02
3.758000000000000000e+03
2.595000000000000000e+03
1.288000000000000000e+03
4.755000000000000000e+03
1.468000000000000000e+03
2.243000000000000000e+03
3.335000000000000000e+03
6.250000000000000000e+02
4.914000000000000000e+03
2.269000000000000000e+03
1.736000000000000000e+03
1.705000000000000000e+03
3.670000000000000000e+02
4.584000000000000000e+03
4.545000000000000000e+03
3.427000000000000000e+03
4.754000000000000000e+03
4.206000000000000000e+03
4.271000000000000000e+03
6.830000000000000000e+02
1.096000000000000000e+03
3.494000000000000000e+03
3.594000000000000000e+03
2.884000000000000000e+03
1.222000000000000000e+03
3.367000000000000000e+03
1.135000000000000000e+03
4.569000000000000000e+03
1.800000000000000000e+02
1.851000000000000000e+03
4.707000000000000000e+03
1.940000000000000000e+02
5.880000000000000000e+02
3.634000000000000000e+03
1.480000000000000000e+02
2.578000000000000000e+03
4.398000000000000000e+03
4.252000000000000000e+03
3.343000000000000000e+03
4.637000000000000000e+03
4.094000000000000000e+03
2.304000000000000000e+03
1.184000000000000000e+03
2.727000000000000000e+03
2.830000000000000000e+02
1.622000000000000000e+03
1.640000000000000000e+02
7.530000000000000000e+02
4.281000000000000000e+03
1.079000000000000000e+03
4.400000000000000000e+02
1.285000000000000000e+03
4.230000000000000000e+02
3.452000000000000000e+03
4.874000000000000000e+03
1.879000000000000000e+03
3.778000000000000000e+03
3.801000000000000000e+03
4.996000000000000000e+03
8.790000000000000000e+02
3.614000000000000000e+03
4.467000000000000000e+03
4.108000000000000000e+03
3.563000000000000000e+03
2.997000000000000000e+03
4.627000000000000000e+03
3.863000000000000000e+03
1.419000000000000000e+03
4.159000000000000000e+03
5.990000000000000000e+02
1.289000000000000000e+03
3.983000000000000000e+03
2.839000000000000000e+03
1.450000000000000000e+02
2.121000000000000000e+03
4.290000000000000000e+03
2.272000000000000000e+03
4.512000000000000000e+03
4.140000000000000000e+02
4.387000000000000000e+03
1.252000000000000000e+03
4.221000000000000000e+03
7.500000000000000000e+01
1.149000000000000000e+03
4.960000000000000000e+03
4.881000000000000000e+03
1.462000000000000000e+03
4.945000000000000000e+03
2.770000000000000000e+02
1.309000000000000000e+03
4.037000000000000000e+03
9.880000000000000000e+02
2.245000000000000000e+03
4.784000000000000000e+03
2.360000000000000000e+03
1.710000000000000000e+03
2.365000000000000000e+03
8.800000000000000000e+02
4.332000000000000000e+03
3.742000000000000000e+03
2.337000000000000000e+03
3.517000000000000000e+03
7.020000000000000000e+02
4.922000000000000000e+03
3.590000000000000000e+02
1.054000000000000000e+03
1.635000000000000000e+03
4.507000000000000000e+03
1.685000000000000000e+03
1.561000000000000000e+03
3.884000000000000000e+03
2.093000000000000000e+03
4.484000000000000000e+03
3.247000000000000000e+03
4.440000000000000000e+03
4.536000000000000000e+03
2.181000000000000000e+03
3.532000000000000000e+03
2.653000000000000000e+03
3.811000000000000000e+03
3.353000000000000000e+03
2.633000000000000000e+03
1.030000000000000000e+03
1.838000000000000000e+03
1.655000000000000000e+03
8.380000000000000000e+02
3.800000000000000000e+03
3.104000000000000000e+03
6.850000000000000000e+02
2.050000000000000000e+03
2.104000000000000000e+03
4.282000000000000000e+03
4.414000000000000000e+03
1.528000000000000000e+03
3.791000000000000000e+03
3.105000000000000000e+03
2.674000000000000000e+03
7.300000000000000000e+02
3.800000000000000000e+01
9.660000000000000000e+02
3.850000000000000000e+03
4.327000000000000000e+03
4.974000000000000000e+03
1.712000000000000000e+03
2.261000000000000000e+03
1.818000000000000000e+03
3.770000000000000000e+02
1.108000000000000000e+03
2.710000000000000000e+03
1.034000000000000000e+03
2.911000000000000000e+03
5.250000000000000000e+02
1.095000000000000000e+03
6.230000000000000000e+02
3.144000000000000000e+03
1.322000000000000000e+03
1.183000000000000000e+03
3.483000000000000000e+03
2.638000000000000000e+03
1.006000000000000000e+03
4.928000000000000000e+03
1.740000000000000000e+03
1.370000000000000000e+03
5.300000000000000000e+02
3.755000000000000000e+03
4.474000000000000000e+03
1.480000000000000000e+03
2.532000000000000000e+03
3.503000000000000000e+03
7.460000000000000000e+02
1.431000000000000000e+03
3.520000000000000000e+03
6.480000000000000000e+02
1.585000000000000000e+03
4.394000000000000000e+03
3.579000000000000000e+03
1.912000000000000000e+03
2.030000000000000000e+02
1.003000000000000000e+03
3.307000000000000000e+03
1.290000000000000000e+02
3.747000000000000000e+03
1.590000000000000000e+03
4.828000000000000000e+03
4.702000000000000000e+03
3.165000000000000000e+03
8.090000000000000000e+02
4.430000000000000000e+03
1.277000000000000000e+03
3.015000000000000000e+03
3.500000000000000000e+01
1.569000000000000000e+03
8.720000000000000000e+02
2.789000000000000000e+03
4.288000000000000000e+03
4.577000000000000000e+03
2.726000000000000000e+03
1.182000000000000000e+03
2.100000000000000000e+03
4.115000000000000000e+03
4.708000000000000000e+03
2.569000000000000000e+03
1.575000000000000000e+03
3.900000000000000000e+02
4.805000000000000000e+03
4.188000000000000000e+03
1.057000000000000000e+03
4.580000000000000000e+03
3.743000000000000000e+03
3.342000000000000000e+03
8.200000000000000000e+02
1.853000000000000000e+03
2.917000000000000000e+03
3.980000000000000000e+02
6.030000000000000000e+02
3.604000000000000000e+03
4.601000000000000000e+03
2.200000000000000000e+02
8.850000000000000000e+02
3.951000000000000000e+03
2.751000000000000000e+03
1.263000000000000000e+03
2.679000000000000000e+03
3.649000000000000000e+03
4.123000000000000000e+03
3.060000000000000000e+03
1.700000000000000000e+02
3.140000000000000000e+02
2.208000000000000000e+03
6.300000000000000000e+02
2.292000000000000000e+03
4.715000000000000000e+03
4.463000000000000000e+03
1.332000000000000000e+03
8.100000000000000000e+01
3.436000000000000000e+03
4.862000000000000000e+03
2.259000000000000000e+03
1.914000000000000000e+03
5.430000000000000000e+02
3.982000000000000000e+03
8.130000000000000000e+02
1.917000000000000000e+03
8.310000000000000000e+02
2.339000000000000000e+03
4.760000000000000000e+03
2.382000000000000000e+03
3.584000000000000000e+03
3.154000000000000000e+03
4.374000000000000000e+03
3.858000000000000000e+03
1.863000000000000000e+03
4.983000000000000000e+03
8.260000000000000000e+02
3.876000000000000000e+03
4.621000000000000000e+03
1.366000000000000000e+03
4.350000000000000000e+02
3.280000000000000000e+03
3.733000000000000000e+03
2.293000000000000000e+03
4.233000000000000000e+03
2.772000000000000000e+03
2.814000000000000000e+03
1.035000000000000000e+03
3.812000000000000000e+03
5.900000000000000000e+02
4.607000000000000000e+03
2.449000000000000000e+03
3.653000000000000000e+03
4.289000000000000000e+03
4.450000000000000000e+02
3.908000000000000000e+03
1.008000000000000000e+03
1.724000000000000000e+03
2.709000000000000000e+03
3.348000000000000000e+03
3.487000000000000000e+03
4.933000000000000000e+03
4.127000000000000000e+03
3.260000000000000000e+02
8.490000000000000000e+02
1.461000000000000000e+03
2.196000000000000000e+03
3.453000000000000000e+03
3.870000000000000000e+02
4.265000000000000000e+03
4.700000000000000000e+02
1.303000000000000000e+03
3.776000000000000000e+03
4.410000000000000000e+02
3.139000000000000000e+03
4.859000000000000000e+03
4.229000000000000000e+03
3.450000000000000000e+03
4.116000000000000000e+03
9.830000000000000000e+02
4.835000000000000000e+03
6.100000000000000000e+02
1.806000000000000000e+03
5.720000000000000000e+02
1.080000000000000000e+03
3.351000000000000000e+03
2.821000000000000000e+03
1.978000000000000000e+03
1.010000000000000000e+02
4.771000000000000000e+03
2.851000000000000000e+03
4.040000000000000000e+03
4.415000000000000000e+03
4.135000000000000000e+03
4.476000000000000000e+03
2.721000000000000000e+03
3.299000000000000000e+03
3.700000000000000000e+01
3.580000000000000000e+03
2.523000000000000000e+03
1.847000000000000000e+03
4.136000000000000000e+03
6.280000000000000000e+02
3.737000000000000000e+03
1.154000000000000000e+03
4.260000000000000000e+03
1.874000000000000000e+03
1.029000000000000000e+03
2.189000000000000000e+03
4.170000000000000000e+02
4.217000000000000000e+03
4.385000000000000000e+03
1.915000000000000000e+03
3.790000000000000000e+03
3.533000000000000000e+03
2.616000000000000000e+03
1.226000000000000000e+03
2.122000000000000000e+03
7.180000000000000000e+02
4.170000000000000000e+03
3.734000000000000000e+03
2.288000000000000000e+03
2.507000000000000000e+03
4.825000000000000000e+03
2.817000000000000000e+03
2.722000000000000000e+03
3.457000000000000000e+03
1.902000000000000000e+03
4.458000000000000000e+03
1.737000000000000000e+03
8.400000000000000000e+01
4.186000000000000000e+03
1.270000000000000000e+03
4.375000000000000000e+03
3.761000000000000000e+03
2.417000000000000000e+03
3.388000000000000000e+03
2.967000000000000000e+03
4.638000000000000000e+03
4.780000000000000000e+02
3.175000000000000000e+03
1.200000000000000000e+01
3.315000000000000000e+03
5.000000000000000000e+00
3.460000000000000000e+03
2.996000000000000000e+03
2.540000000000000000e+02
1.791000000000000000e+03
4.341000000000000000e+03
3.021000000000000000e+03
1.269000000000000000e+03
5.540000000000000000e+02
4.943000000000000000e+03
9.360000000000000000e+02
5.040000000000000000e+02
5.940000000000000000e+02
3.267000000000000000e+03
3.658000000000000000e+03
5.400000000000000000e+02
4.107000000000000000e+03
2.610000000000000000e+03
2.124000000000000000e+03
1.331000000000000000e+03
2.579000000000000000e+03
3.309000000000000000e+03
1.963000000000000000e+03
4.443000000000000000e+03
3.508000000000000000e+03
1.177000000000000000e+03
1.102000000000000000e+03
2.556000000000000000e+03
2.317000000000000000e+03
3.905000000000000000e+03
2.268000000000000000e+03
4.006000000000000000e+03
3.817000000000000000e+03
4.689000000000000000e+03
2.448000000000000000e+03
2.920000000000000000e+03
5.000000000000000000e+01
4.065000000000000000e+03
4.890000000000000000e+03
1.568000000000000000e+03
1.681000000000000000e+03
1.609000000000000000e+03
3.910000000000000000e+03
2.683000000000000000e+03
3.435000000000000000e+03
4.515000000000000000e+03
4.870000000000000000e+02
3.418000000000000000e+03
2.327000000000000000e+03
2.991000000000000000e+03
7.400000000000000000e+01
2.360000000000000000e+02
3.760000000000000000e+03
4.643000000000000000e+03
4.700000000000000000e+01
3.602000000000000000e+03
1.539000000000000000e+03
3.995000000000000000e+03
3.070000000000000000e+02
2.509000000000000000e+03
3.970000000000000000e+03
3.851000000000000000e+03
2.877000000000000000e+03
4.231000000000000000e+03
2.936000000000000000e+03
4.278000000000000000e+03
3.027000000000000000e+03
2.514000000000000000e+03
3.700000000000000000e+03
1.645000000000000000e+03
3.773000000000000000e+03
4.264000000000000000e+03
3.330000000000000000e+03
3.832000000000000000e+03
3.660000000000000000e+03
1.899000000000000000e+03
3.760000000000000000e+02
6.840000000000000000e+02
3.031000000000000000e+03
3.929000000000000000e+03
4.751000000000000000e+03
1.239000000000000000e+03
4.090000000000000000e+02
1.991000000000000000e+03
2.373000000000000000e+03
4.255000000000000000e+03
4.567000000000000000e+03
3.368000000000000000e+03
1.809000000000000000e+03
4.451000000000000000e+03
2.362000000000000000e+03
3.819000000000000000e+03
3.964000000000000000e+03
2.994000000000000000e+03
3.287000000000000000e+03
3.739000000000000000e+03
3.406000000000000000e+03
4.359000000000000000e+03
2.140000000000000000e+02
3.522000000000000000e+03
4.950000000000000000e+02
1.148000000000000000e+03
8.710000000000000000e+02
4.529000000000000000e+03
4.713000000000000000e+03
3.324000000000000000e+03
3.509000000000000000e+03
4.477000000000000000e+03
3.484000000000000000e+03
3.780000000000000000e+03
2.139000000000000000e+03
1.477000000000000000e+03
2.910000000000000000e+02
4.209000000000000000e+03
4.304000000000000000e+03
4.738000000000000000e+03
1.185000000000000000e+03
1.953000000000000000e+03
3.906000000000000000e+03
1.371000000000000000e+03
2.220000000000000000e+02
3.220000000000000000e+03
2.700000000000000000e+02
8.920000000000000000e+02
4.615000000000000000e+03
4.678000000000000000e+03
2.470000000000000000e+03
2.384000000000000000e+03
2.500000000000000000e+02
4.995000000000000000e+03
5.220000000000000000e+02
4.228000000000000000e+03
1.895000000000000000e+03
2.980000000000000000e+03
3.794000000000000000e+03
1.301000000000000000e+03
1.217000000000000000e+03
2.700000000000000000e+03
3.037000000000000000e+03
5.590000000000000000e+02
3.874000000000000000e+03
1.191000000000000000e+03
2.290000000000000000e+03
1.168000000000000000e+03
3.939000000000000000e+03
2.219000000000000000e+03
2.200000000000000000e+03
2.696000000000000000e+03
2.519000000000000000e+03
2.320000000000000000e+03
3.670000000000000000e+03
9.400000000000000000e+01
3.923000000000000000e+03
4.733000000000000000e+03
2.468000000000000000e+03
4.326000000000000000e+03
4.000000000000000000e+02
7.850000000000000000e+02
1.866000000000000000e+03
6.460000000000000000e+02
1.495000000000000000e+03
3.303000000000000000e+03
2.743000000000000000e+03
9.820000000000000000e+02
4.944000000000000000e+03
2.457000000000000000e+03
1.980000000000000000e+03
1.750000000000000000e+03
1.170000000000000000e+02
1.367000000000000000e+03
2.750000000000000000e+02
6.620000000000000000e+02
7.100000000000000000e+01
4.027000000000000000e+03
3.895000000000000000e+03
7.690000000000000000e+02
3.987000000000000000e+03
4.166000000000000000e+03
1.261000000000000000e+03
3.338000000000000000e+03
1.062000000000000000e+03
3.897000000000000000e+03
4.505000000000000000e+03
3.806000000000000000e+03
4.571000000000000000e+03
2.240000000000000000e+03
2.001000000000000000e+03
6.260000000000000000e+02
6.940000000000000000e+02
1.295000000000000000e+03
9.990000000000000000e+02
2.588000000000000000e+03
3.651000000000000000e+03
3.000000000000000000e+03
3.432000000000000000e+03
8.680000000000000000e+02
3.090000000000000000e+02
1.238000000000000000e+03
4.322000000000000000e+03
7.830000000000000000e+02
4.942000000000000000e+03
8.500000000000000000e+01
1.347000000000000000e+03
1.470000000000000000e+03
3.458000000000000000e+03
1.527000000000000000e+03
2.562000000000000000e+03
2.260000000000000000e+02
5.820000000000000000e+02
2.739000000000000000e+03
2.584000000000000000e+03
4.361000000000000000e+03
1.894000000000000000e+03
2.346000000000000000e+03
4.350000000000000000e+03
8.560000000000000000e+02
3.710000000000000000e+03
3.613000000000000000e+03
1.565000000000000000e+03
4.735000000000000000e+03
1.500000000000000000e+02
4.728000000000000000e+03
3.013000000000000000e+03
3.560000000000000000e+03
3.674000000000000000e+03
4.315000000000000000e+03
2.107000000000000000e+03
3.455000000000000000e+03
1.787000000000000000e+03
4.672000000000000000e+03
1.189000000000000000e+03
1.830000000000000000e+03
2.071000000000000000e+03
3.146000000000000000e+03
2.230000000000000000e+03
2.849000000000000000e+03
1.526000000000000000e+03
4.556000000000000000e+03
4.302000000000000000e+03
4.646000000000000000e+03
3.981000000000000000e+03
1.780000000000000000e+03
3.100000000000000000e+03
2.492000000000000000e+03
1.887000000000000000e+03
4.810000000000000000e+02
4.994000000000000000e+03
4.311000000000000000e+03
9.970000000000000000e+02
1.926000000000000000e+03
4.216000000000000000e+03
1.017000000000000000e+03
7.650000000000000000e+02
8.010000000000000000e+02
2.231000000000000000e+03
6.760000000000000000e+02
3.745000000000000000e+03
1.156000000000000000e+03
3.008000000000000000e+03
9.410000000000000000e+02
2.580000000000000000e+03
4.181000000000000000e+03
4.965000000000000000e+03
1.230000000000000000e+02
1.564000000000000000e+03
3.050000000000000000e+02
3.191000000000000000e+03
2.013000000000000000e+03
3.430000000000000000e+02
2.874000000000000000e+03
1.540000000000000000e+02
3.440000000000000000e+02
1.820000000000000000e+02
2.134000000000000000e+03
5.410000000000000000e+02
3.645000000000000000e+03
5.950000000000000000e+02
1.328000000000000000e+03
1.610000000000000000e+02
2.079000000000000000e+03
5.580000000000000000e+02
3.117000000000000000e+03
7.820000000000000000e+02
3.065000000000000000e+03
4.495000000000000000e+03
4.953000000000000000e+03
9.720000000000000000e+02
1.972000000000000000e+03
1.117000000000000000e+03
4.068000000000000000e+03
3.488000000000000000e+03
4.007000000000000000e+03
1.829000000000000000e+03
3.676000000000000000e+03
2.807000000000000000e+03
2.762000000000000000e+03
2.389000000000000000e+03
9.470000000000000000e+02
3.635000000000000000e+03
1.111000000000000000e+03
2.892000000000000000e+03
4.669000000000000000e+03
1.521000000000000000e+03
3.350000000000000000e+02
2.935000000000000000e+03
4.028000000000000000e+03
1.194000000000000000e+03
2.320000000000000000e+02
4.428000000000000000e+03
1.133000000000000000e+03
3.501000000000000000e+03
2.502000000000000000e+03
3.028000000000000000e+03
1.808000000000000000e+03
4.640000000000000000e+03
1.590000000000000000e+02
1.835000000000000000e+03
4.992000000000000000e+03
1.208000000000000000e+03
3.394000000000000000e+03
4.651000000000000000e+03
3.205000000000000000e+03
1.403000000000000000e+03
1.923000000000000000e+03
3.333000000000000000e+03
5.630000000000000000e+02
3.336000000000000000e+03
2.157000000000000000e+03
1.000000000000000000e+02
2.111000000000000000e+03
4.043000000000000000e+03
3.593000000000000000e+03
6.750000000000000000e+02
2.512000000000000000e+03
3.371000000000000000e+03
2.445000000000000000e+03
3.823000000000000000e+03
5.660000000000000000e+02
8.660000000000000000e+02
4.140000000000000000e+03
2.329000000000000000e+03
3.362000000000000000e+03
4.850000000000000000e+03
2.141000000000000000e+03
2.376000000000000000e+03
9.490000000000000000e+02
2.273000000000000000e+03
2.175000000000000000e+03
4.381000000000000000e+03
1.394000000000000000e+03
7.250000000000000000e+02
2.912000000000000000e+03
1.693000000000000000e+03
2.915000000000000000e+03
3.521000000000000000e+03
2.852000000000000000e+03
2.256000000000000000e+03
4.947000000000000000e+03
1.243000000000000000e+03
4.537000000000000000e+03
3.200000000000000000e+01
4.297000000000000000e+03
3.038000000000000000e+03
2.120000000000000000e+03
2.074000000000000000e+03
4.894000000000000000e+03
2.132000000000000000e+03
3.347000000000000000e+03
2.354000000000000000e+03
1.620000000000000000e+03
4.225000000000000000e+03
8.900000000000000000e+01
9.080000000000000000e+02
6.440000000000000000e+02
2.150000000000000000e+02
2.410000000000000000e+02
4.283000000000000000e+03
1.345000000000000000e+03
4.010000000000000000e+02
2.451000000000000000e+03
1.022000000000000000e+03
2.103000000000000000e+03
4.329000000000000000e+03
7.390000000000000000e+02
2.841000000000000000e+03
2.845000000000000000e+03
4.652000000000000000e+03
7.710000000000000000e+02
9.380000000000000000e+02
2.014000000000000000e+03
2.987000000000000000e+03
1.050000000000000000e+02
4.430000000000000000e+02
3.986000000000000000e+03
2.675000000000000000e+03
3.763000000000000000e+03
8.180000000000000000e+02
4.485000000000000000e+03
6.240000000000000000e+02
7.110000000000000000e+02
4.017000000000000000e+03
9.320000000000000000e+02
4.280000000000000000e+02
4.870000000000000000e+03
1.710000000000000000e+02
1.660000000000000000e+02
2.883000000000000000e+03
2.785000000000000000e+03
3.068000000000000000e+03
2.661000000000000000e+03
2.220000000000000000e+03
4.800000000000000000e+02
6.410000000000000000e+02
3.650000000000000000e+02
1.532000000000000000e+03
3.209000000000000000e+03
4.277000000000000000e+03
3.360000000000000000e+03
8.540000000000000000e+02
2.598000000000000000e+03
1.216000000000000000e+03
9.390000000000000000e+02
2.977000000000000000e+03
4.203000000000000000e+03
2.953000000000000000e+03
2.434000000000000000e+03
4.775000000000000000e+03
1.547000000000000000e+03
4.900000000000000000e+02
4.418000000000000000e+03
1.618000000000000000e+03
4.898000000000000000e+03
2.480000000000000000e+02
4.907000000000000000e+03
9.620000000000000000e+02
4.435000000000000000e+03
7.610000000000000000e+02
2.823000000000000000e+03
1.910000000000000000e+03
2.000000000000000000e+01
4.921000000000000000e+03
2.401000000000000000e+03
2.654000000000000000e+03
3.318000000000000000e+03
3.122000000000000000e+03
3.959000000000000000e+03
4.737000000000000000e+03
4.122000000000000000e+03
4.038000000000000000e+03
3.040000000000000000e+02
4.899000000000000000e+03
3.609000000000000000e+03
1.004000000000000000e+03
4.396000000000000000e+03
3.331000000000000000e+03
3.500000000000000000e+02
1.439000000000000000e+03
3.570000000000000000e+03
1.694000000000000000e+03
4.792000000000000000e+03
1.365000000000000000e+03
2.712000000000000000e+03
1.824000000000000000e+03
9.250000000000000000e+02
1.720000000000000000e+03
9.730000000000000000e+02
5.800000000000000000e+02
1.234000000000000000e+03
2.345000000000000000e+03
2.070000000000000000e+02
1.890000000000000000e+02
2.593000000000000000e+03
2.248000000000000000e+03
4.804000000000000000e+03
3.377000000000000000e+03
2.316000000000000000e+03
3.926000000000000000e+03
3.784000000000000000e+03
1.770000000000000000e+02
1.553000000000000000e+03
4.224000000000000000e+03
8.410000000000000000e+02
3.560000000000000000e+02
4.128000000000000000e+03
2.544000000000000000e+03
1.659000000000000000e+03
3.578000000000000000e+03
2.136000000000000000e+03
4.796000000000000000e+03
4.635000000000000000e+03
4.184000000000000000e+03
3.044000000000000000e+03
3.907000000000000000e+03
1.760000000000000000e+02
2.682000000000000000e+03
3.549000000000000000e+03
4.608000000000000000e+03
4.623000000000000000e+03
3.666000000000000000e+03
4.684000000000000000e+03
1.535000000000000000e+03
3.198000000000000000e+03
4.248000000000000000e+03
3.482000000000000000e+03
1.187000000000000000e+03
1.482000000000000000e+03
4.036000000000000000e+03
1.667000000000000000e+03
1.040000000000000000e+03
4.018000000000000000e+03
2.080000000000000000e+02
1.259000000000000000e+03
2.951000000000000000e+03
3.460000000000000000e+02
3.617000000000000000e+03
4.830000000000000000e+03
4.254000000000000000e+03
3.868000000000000000e+03
3.764000000000000000e+03
2.412000000000000000e+03
2.986000000000000000e+03
4.847000000000000000e+03
3.063000000000000000e+03
2.552000000000000000e+03
2.432000000000000000e+03
3.349000000000000000e+03
3.519000000000000000e+03
1.106000000000000000e+03
1.554000000000000000e+03
3.310000000000000000e+03
4.734000000000000000e+03
1.378000000000000000e+03
2.666000000000000000e+03
2.040000000000000000e+03
1.997000000000000000e+03
1.437000000000000000e+03
7.510000000000000000e+02
6.770000000000000000e+02
1.911000000000000000e+03
3.627000000000000000e+03
3.115000000000000000e+03
3.416000000000000000e+03
3.652000000000000000e+03
3.185000000000000000e+03
4.191000000000000000e+03
1.151000000000000000e+03
5.380000000000000000e+02
2.663000000000000000e+03
3.334000000000000000e+03
1.555000000000000000e+03
3.910000000000000000e+02
1.634000000000000000e+03
3.583000000000000000e+03
3.878000000000000000e+03
7.130000000000000000e+02
4.020000000000000000e+03
4.629000000000000000e+03
3.703000000000000000e+03
2.998000000000000000e+03
1.629000000000000000e+03
1.684000000000000000e+03
3.684000000000000000e+03
1.862000000000000000e+03
1.697000000000000000e+03
2.430000000000000000e+02
8.000000000000000000e+01
4.420000000000000000e+02
7.950000000000000000e+02
1.909000000000000000e+03
3.633000000000000000e+03
2.649000000000000000e+03
2.046000000000000000e+03
4.187000000000000000e+03
3.920000000000000000e+03
3.297000000000000000e+03
2.907000000000000000e+03
2.954000000000000000e+03
6.010000000000000000e+02
1.669000000000000000e+03
9.180000000000000000e+02
1.088000000000000000e+03
1.739000000000000000e+03
3.648000000000000000e+03
2.054000000000000000e+03
3.177000000000000000e+03
2.581000000000000000e+03
3.824000000000000000e+03
2.413000000000000000e+03
3.051000000000000000e+03
1.155000000000000000e+03
4.999000000000000000e+03
4.058000000000000000e+03
2.546000000000000000e+03
5.420000000000000000e+02
2.527000000000000000e+03
1.756000000000000000e+03
4.471000000000000000e+03
3.693000000000000000e+03
7.580000000000000000e+02
2.583000000000000000e+03
4.745000000000000000e+03
2.387000000000000000e+03
3.383000000000000000e+03
1.906000000000000000e+03
4.967000000000000000e+03
3.795000000000000000e+03
1.957000000000000000e+03
1.840000000000000000e+03
1.098000000000000000e+03
1.092000000000000000e+03
9.160000000000000000e+02
3.950000000000000000e+02
2.294000000000000000e+03
2.863000000000000000e+03
3.262000000000000000e+03
1.140000000000000000e+03
3.527000000000000000e+03
3.687000000000000000e+03
1.727000000000000000e+03
4.911000000000000000e+03
2.286000000000000000e+03
1.530000000000000000e+02
4.798000000000000000e+03
1.497000000000000000e+03
7.200000000000000000e+01
2.550000000000000000e+03
2.611000000000000000e+03
3.364000000000000000e+03
2.375000000000000000e+03
6.370000000000000000e+02
1.000000000000000000e+03
3.320000000000000000e+03
1.307000000000000000e+03
5.050000000000000000e+02
8.000000000000000000e+02
4.852000000000000000e+03
1.960000000000000000e+03
6.590000000000000000e+02
4.774000000000000000e+03
4.261000000000000000e+03
3.513000000000000000e+03
4.929000000000000000e+03
1.973000000000000000e+03
2.713000000000000000e+03
4.454000000000000000e+03
7.780000000000000000e+02
3.886000000000000000e+03
2.950000000000000000e+02
7.320000000000000000e+02
1.163000000000000000e+03
4.161000000000000000e+03
4.902000000000000000e+03
3.184000000000000000e+03
2.746000000000000000e+03
4.628000000000000000e+03
1.181000000000000000e+03
4.180000000000000000e+03
2.902000000000000000e+03
3.253000000000000000e+03
4.885000000000000000e+03
2.530000000000000000e+03
4.854000000000000000e+03
1.359000000000000000e+03
3.036000000000000000e+03
2.800000000000000000e+01
2.006000000000000000e+03
3.295000000000000000e+03
2.966000000000000000e+03
3.782000000000000000e+03
2.600000000000000000e+01
1.283000000000000000e+03
7.790000000000000000e+02
1.607000000000000000e+03
1.334000000000000000e+03
3.055000000000000000e+03
4.588000000000000000e+03
3.206000000000000000e+03
3.709000000000000000e+03
2.629000000000000000e+03
1.132000000000000000e+03
3.224000000000000000e+03
2.048000000000000000e+03
4.698000000000000000e+03
4.997000000000000000e+03
9.140000000000000000e+02
1.924000000000000000e+03
8.740000000000000000e+02
3.355000000000000000e+03
9.700000000000000000e+02
4.552000000000000000e+03
3.805000000000000000e+03
3.134000000000000000e+03
6.890000000000000000e+02
3.545000000000000000e+03
2.608000000000000000e+03
4.514000000000000000e+03
1.421000000000000000e+03
3.447000000000000000e+03
2.563000000000000000e+03
3.415000000000000000e+03
1.339000000000000000e+03
4.842000000000000000e+03
3.420000000000000000e+02
1.630000000000000000e+02
8.830000000000000000e+02
4.736000000000000000e+03
7.860000000000000000e+02
7.480000000000000000e+02
2.163000000000000000e+03
2.383000000000000000e+03
4.189000000000000000e+03
1.363000000000000000e+03
4.067000000000000000e+03
1.478000000000000000e+03
3.395000000000000000e+03
3.643000000000000000e+03
3.246000000000000000e+03
4.730000000000000000e+03
3.637000000000000000e+03
1.604000000000000000e+03
2.038000000000000000e+03
4.453000000000000000e+03
4.558000000000000000e+03
2.123000000000000000e+03
4.940000000000000000e+02
9.840000000000000000e+02
2.517000000000000000e+03
2.536000000000000000e+03
1.380000000000000000e+03
1.343000000000000000e+03
3.667000000000000000e+03
2.465000000000000000e+03
3.793000000000000000e+03
2.015000000000000000e+03
2.270000000000000000e+02
1.432000000000000000e+03
1.074000000000000000e+03
2.450000000000000000e+03
3.089000000000000000e+03
4.448000000000000000e+03
3.166000000000000000e+03
4.510000000000000000e+02
4.549000000000000000e+03
1.031000000000000000e+03
2.476000000000000000e+03
3.060000000000000000e+02
1.169000000000000000e+03
4.192000000000000000e+03
1.101000000000000000e+03
4.488000000000000000e+03
4.052000000000000000e+03
3.833000000000000000e+03
2.247000000000000000e+03
4.344000000000000000e+03
1.400000000000000000e+01
1.848000000000000000e+03
1.551000000000000000e+03
4.873000000000000000e+03
1.587000000000000000e+03
2.057000000000000000e+03
2.535000000000000000e+03
4.980000000000000000e+02
8.300000000000000000e+01
3.492000000000000000e+03
7.900000000000000000e+01
3.319000000000000000e+03
1.730000000000000000e+03
1.342000000000000000e+03
4.014000000000000000e+03
3.058000000000000000e+03
6.880000000000000000e+02
1.479000000000000000e+03
2.496000000000000000e+03
2.800000000000000000e+02
2.559000000000000000e+03
2.143000000000000000e+03
4.372000000000000000e+03
6.360000000000000000e+02
3.111000000000000000e+03
2.928000000000000000e+03
4.786000000000000000e+03
2.113000000000000000e+03
4.100000000000000000e+03
2.184000000000000000e+03
2.530000000000000000e+02
2.370000000000000000e+02
3.945000000000000000e+03
1.934000000000000000e+03
3.129000000000000000e+03
3.919000000000000000e+03
2.347000000000000000e+03
3.788000000000000000e+03
4.042000000000000000e+03
3.080000000000000000e+03
3.857000000000000000e+03
3.630000000000000000e+02
1.773000000000000000e+03
1.049000000000000000e+03
2.470000000000000000e+02
3.390000000000000000e+03
4.167000000000000000e+03
2.180000000000000000e+03
2.543000000000000000e+03
2.300000000000000000e+03
2.108000000000000000e+03
4.822000000000000000e+03
1.944000000000000000e+03
1.509000000000000000e+03
2.773000000000000000e+03
1.486000000000000000e+03
3.585000000000000000e+03
3.595000000000000000e+03
2.314000000000000000e+03
4.905000000000000000e+03
2.313000000000000000e+03
4.470000000000000000e+02
9.110000000000000000e+02
4.156000000000000000e+03
1.524000000000000000e+03
1.005000000000000000e+03
7.360000000000000000e+02
9.050000000000000000e+02
4.726000000000000000e+03
1.275000000000000000e+03
1.644000000000000000e+03
2.918000000000000000e+03
3.849000000000000000e+03
2.970000000000000000e+02
1.982000000000000000e+03
3.898000000000000000e+03
2.105000000000000000e+03
3.524000000000000000e+03
3.815000000000000000e+03
3.109000000000000000e+03
2.040000000000000000e+02
4.196000000000000000e+03
3.768000000000000000e+03
2.334000000000000000e+03
5.500000000000000000e+02
2.371000000000000000e+03
4.542000000000000000e+03
4.084000000000000000e+03
2.441000000000000000e+03
6.290000000000000000e+02
6.140000000000000000e+02
3.029000000000000000e+03
2.635000000000000000e+03
1.290000000000000000e+03
3.596000000000000000e+03
3.883000000000000000e+03
1.293000000000000000e+03
3.356000000000000000e+03
3.641000000000000000e+03
5.370000000000000000e+02
7.280000000000000000e+02
4.642000000000000000e+03
3.119000000000000000e+03
4.727000000000000000e+03
4.790000000000000000e+03
2.436000000000000000e+03
1.104000000000000000e+03
1.233000000000000000e+03
1.723000000000000000e+03
2.542000000000000000e+03
3.798000000000000000e+03
2.613000000000000000e+03
3.231000000000000000e+03
8.770000000000000000e+02
2.974000000000000000e+03
1.743000000000000000e+03
3.244000000000000000e+03
4.020000000000000000e+02
1.676000000000000000e+03
2.937000000000000000e+03
3.090000000000000000e+03
4.363000000000000000e+03
7.960000000000000000e+02
9.890000000000000000e+02
3.192000000000000000e+03
4.200000000000000000e+01
6.960000000000000000e+02
2.061000000000000000e+03
2.630000000000000000e+02
1.442000000000000000e+03
3.781000000000000000e+03
2.421000000000000000e+03
7.870000000000000000e+02
1.474000000000000000e+03
4.876000000000000000e+03
2.500000000000000000e+03
8.060000000000000000e+02
4.200000000000000000e+03
4.090000000000000000e+03
5.600000000000000000e+02
2.706000000000000000e+03
7.750000000000000000e+02
1.501000000000000000e+03
8.440000000000000000e+02
1.900000000000000000e+02
2.437000000000000000e+03
3.971000000000000000e+03
4.937000000000000000e+03
4.720000000000000000e+02
2.020000000000000000e+03
1.001000000000000000e+03
2.356000000000000000e+03
1.591000000000000000e+03
4.072000000000000000e+03
1.652000000000000000e+03
5.110000000000000000e+02
7.010000000000000000e+02
3.229000000000000000e+03
4.709000000000000000e+03
2.971000000000000000e+03
1.795000000000000000e+03
7.330000000000000000e+02
2.187000000000000000e+03
4.680000000000000000e+03
2.955000000000000000e+03
2.715000000000000000e+03
2.858000000000000000e+03
3.382000000000000000e+03
1.350000000000000000e+03
2.480000000000000000e+03
4.291000000000000000e+03
4.459000000000000000e+03
2.667000000000000000e+03
4.956000000000000000e+03
3.424000000000000000e+03
2.926000000000000000e+03
1.574000000000000000e+03
1.611000000000000000e+03
6.200000000000000000e+01
2.100000000000000000e+01
4.401000000000000000e+03
1.313000000000000000e+03
5.920000000000000000e+02
1.588000000000000000e+03
4.674000000000000000e+03
4.951000000000000000e+03
2.125000000000000000e+03
3.541000000000000000e+03
4.840000000000000000e+03
3.582000000000000000e+03
7.410000000000000000e+02
1.999000000000000000e+03
1.039000000000000000e+03
8.340000000000000000e+02
4.864000000000000000e+03
5.060000000000000000e+02
4.287000000000000000e+03
9.930000000000000000e+02
3.075000000000000000e+03
1.941000000000000000e+03
3.740000000000000000e+03
2.160000000000000000e+03
4.658000000000000000e+03
4.411000000000000000e+03
5.180000000000000000e+02
3.078000000000000000e+03
2.326000000000000000e+03
4.984000000000000000e+03
3.230000000000000000e+02
1.886000000000000000e+03
1.409000000000000000e+03
3.391000000000000000e+03
4.650000000000000000e+03
7.730000000000000000e+02
2.343000000000000000e+03
1.195000000000000000e+03
2.698000000000000000e+03
4.155000000000000000e+03
3.711000000000000000e+03
6.780000000000000000e+02
3.529000000000000000e+03
4.168000000000000000e+03
3.631000000000000000e+03
4.718000000000000000e+03
1.708000000000000000e+03
1.695000000000000000e+03
1.816000000000000000e+03
2.835000000000000000e+03
4.144000000000000000e+03
2.215000000000000000e+03
3.236000000000000000e+03
4.074000000000000000e+03
1.230000000000000000e+03
1.846000000000000000e+03
3.474000000000000000e+03
3.647000000000000000e+03
2.838000000000000000e+03
3.017000000000000000e+03
4.220000000000000000e+02
3.732000000000000000e+03
7.270000000000000000e+02
4.472000000000000000e+03
2.694000000000000000e+03
2.660000000000000000e+03
2.358000000000000000e+03
3.317000000000000000e+03
2.765000000000000000e+03
3.010000000000000000e+02
2.970000000000000000e+03
5.850000000000000000e+02
2.456000000000000000e+03
3.180000000000000000e+03
3.459000000000000000e+03
1.709000000000000000e+03
3.786000000000000000e+03
2.756000000000000000e+03
6.300000000000000000e+01
1.580000000000000000e+03
4.510000000000000000e+03
4.778000000000000000e+03
2.289000000000000000e+03
4.624000000000000000e+03
1.171000000000000000e+03
3.047000000000000000e+03
3.178000000000000000e+03
4.223000000000000000e+03
2.680000000000000000e+02
3.544000000000000000e+03
6.950000000000000000e+02
3.912000000000000000e+03
4.160000000000000000e+02
3.611000000000000000e+03
3.282000000000000000e+03
2.656000000000000000e+03
7.290000000000000000e+02
7.190000000000000000e+02
3.216000000000000000e+03
4.227000000000000000e+03
3.936000000000000000e+03
3.361000000000000000e+03
3.279000000000000000e+03
2.380000000000000000e+02
4.190000000000000000e+02
3.143000000000000000e+03
1.270000000000000000e+02
2.216000000000000000e+03
3.217000000000000000e+03
1.162000000000000000e+03
3.958000000000000000e+03
4.668000000000000000e+03
1.788000000000000000e+03
3.530000000000000000e+03
2.521000000000000000e+03
4.145000000000000000e+03
2.429000000000000000e+03
7.910000000000000000e+02
6.120000000000000000e+02
4.970000000000000000e+02
4.691000000000000000e+03
1.139000000000000000e+03
4.739000000000000000e+03
4.390000000000000000e+03
2.440000000000000000e+03
2.160000000000000000e+02
1.423000000000000000e+03
4.240000000000000000e+03
1.603000000000000000e+03
4.085000000000000000e+03
3.506000000000000000e+03
4.110000000000000000e+03
5.020000000000000000e+02
1.505000000000000000e+03
6.340000000000000000e+02
4.550000000000000000e+03
3.141000000000000000e+03
1.673000000000000000e+03
6.710000000000000000e+02
4.973000000000000000e+03
1.868000000000000000e+03
1.677000000000000000e+03
2.431000000000000000e+03
4.570000000000000000e+02
1.828000000000000000e+03
1.969000000000000000e+03
3.969000000000000000e+03
3.689000000000000000e+03
1.959000000000000000e+03
3.190000000000000000e+02
2.680000000000000000e+03
4.011000000000000000e+03
3.234000000000000000e+03
3.313000000000000000e+03
3.007000000000000000e+03
1.040000000000000000e+02
1.889000000000000000e+03
4.760000000000000000e+02
4.404000000000000000e+03
4.986000000000000000e+03
6.000000000000000000e+01
1.455000000000000000e+03
1.428000000000000000e+03
1.099000000000000000e+03
2.550000000000000000e+02
1.864000000000000000e+03
1.015000000000000000e+03
4.380000000000000000e+03
3.446000000000000000e+03
1.715000000000000000e+03
3.242000000000000000e+03
4.078000000000000000e+03
2.011000000000000000e+03
1.401000000000000000e+03
1.616000000000000000e+03
4.111000000000000000e+03
8.210000000000000000e+02
1.000000000000000000e+01
1.300000000000000000e+03
1.210000000000000000e+03
4.384000000000000000e+03
4.478000000000000000e+03
2.670000000000000000e+02
2.161000000000000000e+03
1.318000000000000000e+03
3.505000000000000000e+03
3.390000000000000000e+02
7.080000000000000000e+02
4.041000000000000000e+03
3.528000000000000000e+03
1.599000000000000000e+03
1.456000000000000000e+03
1.807000000000000000e+03
9.700000000000000000e+01
3.586000000000000000e+03
2.050000000000000000e+02
4.053000000000000000e+03
2.566000000000000000e+03
7.040000000000000000e+02
4.768000000000000000e+03
2.171000000000000000e+03
1.025000000000000000e+03
