3.994000000000000000e+03
3.963000000000000000e+03
4.148000000000000000e+03
2.544000000000000000e+03
3.210000000000000000e+02
1.893000000000000000e+03
1.955000000000000000e+03
4.500000000000000000e+02
3.392000000000000000e+03
3.403000000000000000e+03
4.735000000000000000e+03
3.477000000000000000e+03
5.990000000000000000e+02
4.048000000000000000e+03
2.264000000000000000e+03
1.858000000000000000e+03
2.050000000000000000e+02
2.622000000000000000e+03
1.857000000000000000e+03
4.925000000000000000e+03
2.909000000000000000e+03
2.819000000000000000e+03
6.240000000000000000e+02
1.673000000000000000e+03
4.799000000000000000e+03
2.840000000000000000e+02
1.674000000000000000e+03
1.761000000000000000e+03
1.347000000000000000e+03
4.086000000000000000e+03
3.171000000000000000e+03
4.377000000000000000e+03
3.611000000000000000e+03
2.165000000000000000e+03
3.020000000000000000e+03
1.916000000000000000e+03
4.757000000000000000e+03
1.945000000000000000e+03
1.768000000000000000e+03
2.192000000000000000e+03
1.065000000000000000e+03
1.321000000000000000e+03
4.753000000000000000e+03
4.995000000000000000e+03
3.984000000000000000e+03
2.789000000000000000e+03
3.741000000000000000e+03
2.333000000000000000e+03
7.500000000000000000e+02
4.618000000000000000e+03
4.737000000000000000e+03
4.879000000000000000e+03
1.715000000000000000e+03
1.084000000000000000e+03
3.475000000000000000e+03
1.516000000000000000e+03
8.730000000000000000e+02
4.680000000000000000e+02
8.670000000000000000e+02
1.564000000000000000e+03
2.037000000000000000e+03
5.050000000000000000e+02
2.542000000000000000e+03
2.060000000000000000e+02
4.736000000000000000e+03
3.457000000000000000e+03
9.970000000000000000e+02
3.874000000000000000e+03
1.076000000000000000e+03
4.647000000000000000e+03
4.634000000000000000e+03
1.200000000000000000e+03
4.250000000000000000e+03
4.537000000000000000e+03
4.418000000000000000e+03
5.500000000000000000e+02
4.928000000000000000e+03
3.235000000000000000e+03
8.840000000000000000e+02
2.768000000000000000e+03
2.939000000000000000e+03
1.846000000000000000e+03
2.547000000000000000e+03
4.460000000000000000e+02
9.310000000000000000e+02
3.255000000000000000e+03
4.789000000000000000e+03
3.508000000000000000e+03
2.639000000000000000e+03
4.169000000000000000e+03
2.684000000000000000e+03
3.308000000000000000e+03
3.668000000000000000e+03
2.067000000000000000e+03
4.143000000000000000e+03
3.681000000000000000e+03
4.110000000000000000e+02
1.021000000000000000e+03
5.640000000000000000e+02
1.382000000000000000e+03
2.737000000000000000e+03
4.219000000000000000e+03
3.568000000000000000e+03
3.000000000000000000e+02
1.942000000000000000e+03
2.454000000000000000e+03
7.750000000000000000e+02
1.460000000000000000e+03
1.671000000000000000e+03
1.992000000000000000e+03
1.152000000000000000e+03
7.980000000000000000e+02
2.796000000000000000e+03
2.923000000000000000e+03
2.735000000000000000e+03
3.658000000000000000e+03
2.140000000000000000e+02
3.311000000000000000e+03
3.760000000000000000e+03
2.370000000000000000e+02
2.380000000000000000e+02
3.914000000000000000e+03
1.063000000000000000e+03
2.110000000000000000e+02
3.381000000000000000e+03
4.848000000000000000e+03
2.419000000000000000e+03
4.845000000000000000e+03
3.714000000000000000e+03
2.423000000000000000e+03
3.651000000000000000e+03
1.287000000000000000e+03
3.634000000000000000e+03
9.820000000000000000e+02
4.756000000000000000e+03
1.881000000000000000e+03
1.324000000000000000e+03
1.555000000000000000e+03
4.644000000000000000e+03
1.938000000000000000e+03
4.650000000000000000e+03
1.557000000000000000e+03
2.019000000000000000e+03
3.028000000000000000e+03
2.513000000000000000e+03
1.886000000000000000e+03
1.289000000000000000e+03
2.160000000000000000e+02
2.031000000000000000e+03
3.853000000000000000e+03
2.400000000000000000e+02
1.320000000000000000e+03
2.420000000000000000e+02
4.728000000000000000e+03
3.383000000000000000e+03
4.320000000000000000e+03
2.821000000000000000e+03
3.070000000000000000e+02
3.302000000000000000e+03
3.060000000000000000e+02
1.486000000000000000e+03
2.807000000000000000e+03
1.704000000000000000e+03
3.515000000000000000e+03
2.822000000000000000e+03
1.026000000000000000e+03
4.346000000000000000e+03
4.700000000000000000e+03
3.267000000000000000e+03
3.952000000000000000e+03
1.019000000000000000e+03
3.767000000000000000e+03
1.526000000000000000e+03
4.336000000000000000e+03
4.788000000000000000e+03
4.708000000000000000e+03
3.990000000000000000e+02
2.743000000000000000e+03
2.030000000000000000e+03
1.271000000000000000e+03
4.360000000000000000e+02
4.659000000000000000e+03
2.156000000000000000e+03
2.305000000000000000e+03
3.250000000000000000e+02
4.700000000000000000e+02
1.280000000000000000e+03
2.798000000000000000e+03
1.777000000000000000e+03
3.058000000000000000e+03
3.600000000000000000e+03
4.774000000000000000e+03
4.352000000000000000e+03
2.728000000000000000e+03
1.473000000000000000e+03
3.180000000000000000e+02
2.027000000000000000e+03
2.201000000000000000e+03
3.497000000000000000e+03
4.353000000000000000e+03
3.075000000000000000e+03
3.922000000000000000e+03
3.056000000000000000e+03
3.077000000000000000e+03
4.684000000000000000e+03
1.471000000000000000e+03
4.020000000000000000e+03
5.280000000000000000e+02
4.068000000000000000e+03
1.162000000000000000e+03
2.578000000000000000e+03
6.750000000000000000e+02
7.650000000000000000e+02
7.680000000000000000e+02
1.971000000000000000e+03
1.970000000000000000e+03
7.720000000000000000e+02
3.877000000000000000e+03
1.413000000000000000e+03
3.172000000000000000e+03
1.736000000000000000e+03
2.142000000000000000e+03
2.926000000000000000e+03
2.171000000000000000e+03
1.149000000000000000e+03
1.148000000000000000e+03
2.983000000000000000e+03
6.500000000000000000e+02
7.800000000000000000e+02
1.366000000000000000e+03
7.930000000000000000e+02
1.601000000000000000e+03
4.551000000000000000e+03
6.340000000000000000e+02
4.193000000000000000e+03
6.320000000000000000e+02
2.051000000000000000e+03
1.363000000000000000e+03
3.908000000000000000e+03
6.510000000000000000e+02
4.930000000000000000e+03
1.163000000000000000e+03
4.523000000000000000e+03
7.290000000000000000e+02
2.000000000000000000e+00
7.200000000000000000e+02
4.158000000000000000e+03
1.201000000000000000e+03
4.022000000000000000e+03
3.199000000000000000e+03
2.607000000000000000e+03
1.300000000000000000e+01
1.401000000000000000e+03
2.265000000000000000e+03
1.194000000000000000e+03
3.185000000000000000e+03
1.900000000000000000e+01
1.842000000000000000e+03
6.940000000000000000e+02
1.183000000000000000e+03
3.868000000000000000e+03
3.358000000000000000e+03
2.800000000000000000e+01
2.374000000000000000e+03
3.000000000000000000e+01
4.975000000000000000e+03
4.476000000000000000e+03
1.175000000000000000e+03
4.175000000000000000e+03
3.346000000000000000e+03
4.521000000000000000e+03
4.969000000000000000e+03
4.522000000000000000e+03
4.981000000000000000e+03
2.048000000000000000e+03
4.444000000000000000e+03
4.413000000000000000e+03
3.009000000000000000e+03
1.950000000000000000e+02
3.137000000000000000e+03
2.286000000000000000e+03
4.610000000000000000e+03
2.410000000000000000e+03
3.987000000000000000e+03
8.480000000000000000e+02
2.341000000000000000e+03
3.135000000000000000e+03
1.999000000000000000e+03
2.686000000000000000e+03
2.416000000000000000e+03
3.733000000000000000e+03
3.473000000000000000e+03
2.245000000000000000e+03
3.013000000000000000e+03
8.580000000000000000e+02
2.296000000000000000e+03
2.456000000000000000e+03
3.628000000000000000e+03
3.981000000000000000e+03
5.160000000000000000e+02
3.631000000000000000e+03
4.392000000000000000e+03
4.120000000000000000e+03
2.033000000000000000e+03
5.060000000000000000e+02
2.417000000000000000e+03
1.920000000000000000e+02
2.676000000000000000e+03
2.248000000000000000e+03
3.155000000000000000e+03
1.719000000000000000e+03
3.783000000000000000e+03
8.120000000000000000e+02
8.130000000000000000e+02
2.346000000000000000e+03
3.226000000000000000e+03
2.661000000000000000e+03
5.940000000000000000e+02
4.912000000000000000e+03
2.046000000000000000e+03
1.255000000000000000e+03
1.400000000000000000e+02
2.664000000000000000e+03
2.000000000000000000e+02
1.997000000000000000e+03
3.433000000000000000e+03
5.750000000000000000e+02
1.970000000000000000e+02
1.241000000000000000e+03
4.592000000000000000e+03
1.808000000000000000e+03
3.693000000000000000e+03
4.589000000000000000e+03
3.025000000000000000e+03
2.546000000000000000e+03
1.111000000000000000e+03
3.896000000000000000e+03
4.855000000000000000e+03
2.295000000000000000e+03
1.600000000000000000e+03
3.161000000000000000e+03
4.539000000000000000e+03
3.144000000000000000e+03
2.502000000000000000e+03
1.781000000000000000e+03
1.462000000000000000e+03
6.480000000000000000e+02
3.078000000000000000e+03
2.783000000000000000e+03
3.572000000000000000e+03
1.214000000000000000e+03
4.240000000000000000e+03
2.445000000000000000e+03
1.790000000000000000e+02
4.821000000000000000e+03
9.200000000000000000e+01
4.110000000000000000e+03
1.080000000000000000e+02
4.155000000000000000e+03
1.591000000000000000e+03
4.088000000000000000e+03
1.711000000000000000e+03
3.516000000000000000e+03
3.441000000000000000e+03
1.087000000000000000e+03
4.085000000000000000e+03
7.120000000000000000e+02
1.351000000000000000e+03
1.832000000000000000e+03
1.104000000000000000e+03
1.242000000000000000e+03
1.451000000000000000e+03
2.500000000000000000e+02
2.038000000000000000e+03
3.315000000000000000e+03
3.150000000000000000e+02
3.024000000000000000e+03
1.987000000000000000e+03
1.042000000000000000e+03
7.700000000000000000e+01
3.753000000000000000e+03
1.467000000000000000e+03
3.466000000000000000e+03
2.096000000000000000e+03
1.120000000000000000e+03
3.580000000000000000e+02
2.761000000000000000e+03
4.614000000000000000e+03
7.450000000000000000e+02
3.474000000000000000e+03
5.040000000000000000e+02
4.123000000000000000e+03
5.570000000000000000e+02
4.388000000000000000e+03
4.070000000000000000e+03
8.430000000000000000e+02
2.584000000000000000e+03
4.892000000000000000e+03
4.248000000000000000e+03
4.893000000000000000e+03
2.210000000000000000e+02
2.883000000000000000e+03
1.490000000000000000e+02
1.640000000000000000e+02
2.001000000000000000e+03
4.857000000000000000e+03
3.860000000000000000e+03
1.457000000000000000e+03
2.370000000000000000e+03
4.393000000000000000e+03
5.220000000000000000e+02
2.300000000000000000e+03
3.183000000000000000e+03
1.948000000000000000e+03
1.565000000000000000e+03
2.167000000000000000e+03
1.953000000000000000e+03
5.350000000000000000e+02
2.691000000000000000e+03
4.298000000000000000e+03
4.033000000000000000e+03
1.198000000000000000e+03
5.380000000000000000e+02
3.823000000000000000e+03
4.638000000000000000e+03
1.690000000000000000e+02
2.530000000000000000e+03
8.350000000000000000e+02
1.240000000000000000e+03
4.597000000000000000e+03
2.916000000000000000e+03
4.041000000000000000e+03
4.552000000000000000e+03
6.780000000000000000e+02
3.337000000000000000e+03
2.053000000000000000e+03
4.190000000000000000e+03
2.567000000000000000e+03
7.890000000000000000e+02
2.636000000000000000e+03
2.921000000000000000e+03
7.850000000000000000e+02
4.945000000000000000e+03
4.186000000000000000e+03
2.981000000000000000e+03
2.976000000000000000e+03
6.560000000000000000e+02
1.608000000000000000e+03
3.876000000000000000e+03
2.930000000000000000e+03
3.361000000000000000e+03
3.616000000000000000e+03
2.282000000000000000e+03
2.627000000000000000e+03
4.146000000000000000e+03
6.700000000000000000e+02
7.660000000000000000e+02
1.636000000000000000e+03
1.426000000000000000e+03
2.910000000000000000e+03
4.442000000000000000e+03
4.421000000000000000e+03
5.730000000000000000e+02
3.003000000000000000e+03
1.348000000000000000e+03
4.483000000000000000e+03
1.377000000000000000e+03
4.588000000000000000e+03
5.840000000000000000e+02
4.215000000000000000e+03
2.104000000000000000e+03
1.114000000000000000e+03
2.666000000000000000e+03
3.228000000000000000e+03
1.370000000000000000e+02
4.968000000000000000e+03
2.899000000000000000e+03
1.430000000000000000e+03
2.398000000000000000e+03
4.049000000000000000e+03
3.889000000000000000e+03
6.040000000000000000e+02
6.070000000000000000e+02
2.656000000000000000e+03
1.167000000000000000e+03
3.364000000000000000e+03
1.020000000000000000e+02
4.440000000000000000e+03
8.060000000000000000e+02
2.998000000000000000e+03
4.648000000000000000e+03
5.100000000000000000e+01
1.911000000000000000e+03
3.927000000000000000e+03
2.814000000000000000e+03
1.260000000000000000e+03
1.023000000000000000e+03
4.697000000000000000e+03
3.807000000000000000e+03
2.820000000000000000e+02
2.151000000000000000e+03
4.275000000000000000e+03
3.462000000000000000e+03
3.463000000000000000e+03
2.150000000000000000e+03
2.493000000000000000e+03
1.389000000000000000e+03
2.449000000000000000e+03
2.700000000000000000e+02
1.270000000000000000e+03
4.682000000000000000e+03
3.097000000000000000e+03
1.397000000000000000e+03
2.826000000000000000e+03
1.279000000000000000e+03
1.782000000000000000e+03
1.017000000000000000e+03
3.285000000000000000e+03
1.658000000000000000e+03
4.318000000000000000e+03
1.276000000000000000e+03
4.000000000000000000e+00
2.473000000000000000e+03
2.474000000000000000e+03
3.880000000000000000e+02
3.758000000000000000e+03
4.323000000000000000e+03
2.760000000000000000e+03
2.270000000000000000e+03
9.570000000000000000e+02
3.030000000000000000e+02
3.970000000000000000e+02
4.787000000000000000e+03
1.910000000000000000e+03
3.057000000000000000e+03
1.649000000000000000e+03
4.335000000000000000e+03
7.190000000000000000e+02
4.070000000000000000e+02
2.811000000000000000e+03
3.276000000000000000e+03
9.190000000000000000e+02
3.079000000000000000e+03
3.106000000000000000e+03
4.263000000000000000e+03
2.006000000000000000e+03
4.302000000000000000e+03
1.685000000000000000e+03
3.103000000000000000e+03
2.780000000000000000e+03
3.538000000000000000e+03
3.036000000000000000e+03
2.147000000000000000e+03
2.234000000000000000e+03
3.254000000000000000e+03
1.514000000000000000e+03
2.155000000000000000e+03
3.496000000000000000e+03
3.309000000000000000e+03
4.761000000000000000e+03
3.113000000000000000e+03
3.293000000000000000e+03
4.860000000000000000e+02
3.550000000000000000e+03
3.548000000000000000e+03
2.079000000000000000e+03
4.267000000000000000e+03
3.917000000000000000e+03
1.000000000000000000e+01
3.560000000000000000e+03
2.444000000000000000e+03
4.260000000000000000e+03
9.630000000000000000e+02
3.482000000000000000e+03
1.964000000000000000e+03
4.205000000000000000e+03
4.196000000000000000e+03
4.105000000000000000e+03
3.023000000000000000e+03
2.781000000000000000e+03
1.376000000000000000e+03
1.734000000000000000e+03
3.729000000000000000e+03
3.140000000000000000e+02
1.980000000000000000e+02
2.208000000000000000e+03
2.625000000000000000e+03
1.069000000000000000e+03
6.390000000000000000e+02
2.100000000000000000e+02
3.198000000000000000e+03
3.493000000000000000e+03
4.663000000000000000e+03
2.276000000000000000e+03
1.196000000000000000e+03
1.630000000000000000e+02
2.113000000000000000e+03
5.390000000000000000e+02
1.538000000000000000e+03
4.884000000000000000e+03
1.951000000000000000e+03
4.127000000000000000e+03
2.406000000000000000e+03
2.680000000000000000e+02
3.400000000000000000e+03
7.780000000000000000e+02
2.674000000000000000e+03
4.971000000000000000e+03
6.600000000000000000e+01
9.850000000000000000e+02
2.222000000000000000e+03
3.093000000000000000e+03
8.660000000000000000e+02
2.490000000000000000e+03
7.320000000000000000e+02
2.746000000000000000e+03
2.573000000000000000e+03
1.159000000000000000e+03
4.896000000000000000e+03
3.995000000000000000e+03
3.609000000000000000e+03
3.432000000000000000e+03
2.844000000000000000e+03
2.060000000000000000e+03
3.929000000000000000e+03
6.200000000000000000e+01
2.446000000000000000e+03
2.868000000000000000e+03
3.123000000000000000e+03
1.966000000000000000e+03
3.378000000000000000e+03
3.821000000000000000e+03
7.280000000000000000e+02
2.846000000000000000e+03
8.020000000000000000e+02
3.670000000000000000e+03
1.791000000000000000e+03
3.603000000000000000e+03
1.799000000000000000e+03
2.730000000000000000e+02
1.106000000000000000e+03
2.128000000000000000e+03
1.744000000000000000e+03
3.471000000000000000e+03
1.000000000000000000e+02
2.558000000000000000e+03
2.808000000000000000e+03
2.589000000000000000e+03
2.692000000000000000e+03
3.360000000000000000e+03
1.144000000000000000e+03
3.499000000000000000e+03
3.900000000000000000e+02
2.389000000000000000e+03
4.866000000000000000e+03
8.320000000000000000e+02
1.427000000000000000e+03
3.401000000000000000e+03
2.600000000000000000e+03
1.883000000000000000e+03
4.770000000000000000e+02
2.999000000000000000e+03
4.195000000000000000e+03
2.537000000000000000e+03
1.545000000000000000e+03
2.460000000000000000e+02
4.114000000000000000e+03
2.792000000000000000e+03
4.534000000000000000e+03
4.570000000000000000e+02
4.178000000000000000e+03
2.956000000000000000e+03
3.160000000000000000e+03
7.380000000000000000e+02
3.437000000000000000e+03
7.620000000000000000e+02
1.985000000000000000e+03
4.950000000000000000e+03
4.960000000000000000e+03
3.326000000000000000e+03
7.160000000000000000e+02
2.660000000000000000e+02
1.559000000000000000e+03
8.850000000000000000e+02
4.832000000000000000e+03
4.824000000000000000e+03
2.307000000000000000e+03
2.310000000000000000e+03
3.918000000000000000e+03
4.810000000000000000e+03
4.459000000000000000e+03
1.626000000000000000e+03
3.752000000000000000e+03
9.350000000000000000e+02
4.277000000000000000e+03
1.762000000000000000e+03
1.294000000000000000e+03
3.518000000000000000e+03
3.680000000000000000e+02
1.913000000000000000e+03
4.330000000000000000e+02
2.227000000000000000e+03
1.560000000000000000e+03
2.062000000000000000e+03
2.987000000000000000e+03
2.990000000000000000e+03
6.140000000000000000e+02
1.718000000000000000e+03
2.182000000000000000e+03
4.051000000000000000e+03
3.006000000000000000e+03
4.221000000000000000e+03
2.522000000000000000e+03
1.950000000000000000e+03
1.442000000000000000e+03
3.555000000000000000e+03
1.449000000000000000e+03
1.840000000000000000e+03
5.190000000000000000e+02
4.861000000000000000e+03
1.561000000000000000e+03
3.855000000000000000e+03
1.291000000000000000e+03
8.300000000000000000e+01
8.630000000000000000e+02
9.180000000000000000e+02
1.724000000000000000e+03
3.660000000000000000e+03
7.040000000000000000e+02
4.841000000000000000e+03
3.964000000000000000e+03
2.263000000000000000e+03
2.056000000000000000e+03
2.626000000000000000e+03
3.894000000000000000e+03
2.755000000000000000e+03
3.761000000000000000e+03
5.320000000000000000e+02
6.910000000000000000e+02
3.815000000000000000e+03
2.538000000000000000e+03
3.218000000000000000e+03
4.180000000000000000e+03
2.587000000000000000e+03
3.674000000000000000e+03
5.710000000000000000e+02
1.049000000000000000e+03
1.727000000000000000e+03
1.994000000000000000e+03
2.236000000000000000e+03
4.160000000000000000e+03
2.720000000000000000e+03
3.742000000000000000e+03
1.616000000000000000e+03
6.420000000000000000e+02
4.849000000000000000e+03
2.057000000000000000e+03
1.709000000000000000e+03
4.720000000000000000e+03
4.054000000000000000e+03
3.206000000000000000e+03
3.650000000000000000e+03
1.174000000000000000e+03
1.524000000000000000e+03
4.586000000000000000e+03
4.361000000000000000e+03
7.860000000000000000e+02
4.274000000000000000e+03
3.440000000000000000e+03
1.153000000000000000e+03
9.360000000000000000e+02
2.185000000000000000e+03
1.292000000000000000e+03
5.670000000000000000e+02
2.150000000000000000e+02
2.352000000000000000e+03
1.161000000000000000e+03
1.836000000000000000e+03
1.510000000000000000e+03
1.390000000000000000e+03
2.877000000000000000e+03
2.052000000000000000e+03
7.600000000000000000e+02
4.724000000000000000e+03
3.307000000000000000e+03
3.290000000000000000e+03
4.575000000000000000e+03
1.130000000000000000e+03
1.573000000000000000e+03
1.437000000000000000e+03
1.431000000000000000e+03
1.262000000000000000e+03
1.695000000000000000e+03
4.407000000000000000e+03
3.650000000000000000e+02
4.300000000000000000e+03
3.029000000000000000e+03
6.900000000000000000e+01
3.423000000000000000e+03
1.168000000000000000e+03
1.925000000000000000e+03
2.343000000000000000e+03
1.339000000000000000e+03
4.375000000000000000e+03
3.369000000000000000e+03
1.050000000000000000e+03
2.225000000000000000e+03
3.782000000000000000e+03
4.494000000000000000e+03
1.672000000000000000e+03
2.200000000000000000e+02
4.601000000000000000e+03
4.390000000000000000e+03
2.600000000000000000e+02
4.548000000000000000e+03
8.360000000000000000e+02
3.283000000000000000e+03
3.887000000000000000e+03
2.752000000000000000e+03
3.158000000000000000e+03
2.876000000000000000e+03
4.673000000000000000e+03
5.510000000000000000e+02
1.108000000000000000e+03
4.550000000000000000e+02
2.127000000000000000e+03
4.906000000000000000e+03
4.611000000000000000e+03
1.556000000000000000e+03
1.509000000000000000e+03
2.875000000000000000e+03
4.150000000000000000e+02
4.258000000000000000e+03
2.102000000000000000e+03
4.066000000000000000e+03
4.572000000000000000e+03
4.720000000000000000e+02
2.949000000000000000e+03
4.034000000000000000e+03
2.753000000000000000e+03
1.073000000000000000e+03
2.694000000000000000e+03
4.807000000000000000e+03
4.126000000000000000e+03
3.181000000000000000e+03
2.094000000000000000e+03
6.460000000000000000e+02
5.970000000000000000e+02
3.677000000000000000e+03
3.598000000000000000e+03
1.419000000000000000e+03
2.893000000000000000e+03
3.217000000000000000e+03
2.148000000000000000e+03
3.415000000000000000e+03
2.940000000000000000e+03
2.379000000000000000e+03
4.973000000000000000e+03
2.342000000000000000e+03
4.458000000000000000e+03
2.724000000000000000e+03
2.892000000000000000e+03
2.450000000000000000e+02
4.269000000000000000e+03
4.490000000000000000e+03
2.470000000000000000e+03
4.727000000000000000e+03
3.500000000000000000e+03
1.372000000000000000e+03
8.160000000000000000e+02
3.328000000000000000e+03
8.810000000000000000e+02
2.659000000000000000e+03
4.978000000000000000e+03
3.357000000000000000e+03
1.939000000000000000e+03
5.980000000000000000e+02
1.036000000000000000e+03
1.501000000000000000e+03
4.599000000000000000e+03
3.089000000000000000e+03
2.420000000000000000e+03
4.100000000000000000e+02
7.200000000000000000e+01
1.030000000000000000e+02
3.826000000000000000e+03
4.948000000000000000e+03
3.740000000000000000e+03
3.575000000000000000e+03
3.290000000000000000e+02
1.396000000000000000e+03
6.160000000000000000e+02
3.120000000000000000e+03
1.199000000000000000e+03
4.348000000000000000e+03
4.056000000000000000e+03
3.068000000000000000e+03
2.673000000000000000e+03
4.823000000000000000e+03
4.779000000000000000e+03
3.236000000000000000e+03
3.243000000000000000e+03
3.594000000000000000e+03
3.543000000000000000e+03
3.923000000000000000e+03
3.790000000000000000e+02
3.062000000000000000e+03
4.520000000000000000e+02
4.190000000000000000e+02
1.521000000000000000e+03
3.659000000000000000e+03
4.706000000000000000e+03
2.330000000000000000e+03
3.264000000000000000e+03
3.224000000000000000e+03
4.888000000000000000e+03
1.314000000000000000e+03
1.593000000000000000e+03
2.309000000000000000e+03
2.641000000000000000e+03
8.100000000000000000e+01
2.564000000000000000e+03
3.725000000000000000e+03
3.570000000000000000e+03
4.457000000000000000e+03
3.875000000000000000e+03
2.261000000000000000e+03
6.170000000000000000e+02
4.963000000000000000e+03
1.843000000000000000e+03
1.633000000000000000e+03
2.110000000000000000e+03
1.975000000000000000e+03
3.182000000000000000e+03
1.180000000000000000e+03
1.977000000000000000e+03
1.208000000000000000e+03
4.994000000000000000e+03
4.493000000000000000e+03
2.283000000000000000e+03
2.556000000000000000e+03
1.505000000000000000e+03
1.123000000000000000e+03
3.253000000000000000e+03
2.320000000000000000e+02
3.027000000000000000e+03
4.232000000000000000e+03
1.244000000000000000e+03
3.069000000000000000e+03
4.220000000000000000e+03
1.870000000000000000e+02
1.574000000000000000e+03
2.184000000000000000e+03
1.121000000000000000e+03
1.220000000000000000e+02
2.122000000000000000e+03
4.954000000000000000e+03
4.690000000000000000e+02
2.336000000000000000e+03
2.517000000000000000e+03
2.800000000000000000e+03
2.971000000000000000e+03
2.355000000000000000e+03
3.082000000000000000e+03
1.961000000000000000e+03
4.200000000000000000e+01
3.864000000000000000e+03
4.095000000000000000e+03
1.546000000000000000e+03
1.980000000000000000e+03
2.917000000000000000e+03
3.777000000000000000e+03
4.540000000000000000e+02
2.117000000000000000e+03
3.439000000000000000e+03
4.711000000000000000e+03
4.754000000000000000e+03
4.794000000000000000e+03
4.815000000000000000e+03
4.349000000000000000e+03
5.230000000000000000e+02
9.400000000000000000e+01
1.395000000000000000e+03
3.840000000000000000e+02
3.196000000000000000e+03
1.385000000000000000e+03
2.511000000000000000e+03
3.513000000000000000e+03
2.385000000000000000e+03
6.190000000000000000e+02
7.630000000000000000e+02
2.630000000000000000e+03
2.410000000000000000e+02
1.845000000000000000e+03
2.651000000000000000e+03
3.022000000000000000e+03
4.785000000000000000e+03
1.823000000000000000e+03
2.742000000000000000e+03
1.120000000000000000e+02
4.520000000000000000e+03
3.393000000000000000e+03
5.870000000000000000e+02
4.141000000000000000e+03
3.489000000000000000e+03
6.770000000000000000e+02
4.230000000000000000e+03
2.621000000000000000e+03
3.370000000000000000e+02
4.163000000000000000e+03
1.317000000000000000e+03
3.580000000000000000e+03
3.536000000000000000e+03
2.077000000000000000e+03
4.826000000000000000e+03
2.758000000000000000e+03
2.306000000000000000e+03
4.235000000000000000e+03
3.151000000000000000e+03
4.162000000000000000e+03
4.660000000000000000e+02
2.098000000000000000e+03
1.404000000000000000e+03
4.376000000000000000e+03
2.943000000000000000e+03
3.669000000000000000e+03
6.890000000000000000e+02
4.029000000000000000e+03
2.303000000000000000e+03
2.518000000000000000e+03
4.239000000000000000e+03
8.400000000000000000e+01
2.864000000000000000e+03
7.760000000000000000e+02
5.260000000000000000e+02
2.934000000000000000e+03
3.340000000000000000e+03
2.879000000000000000e+03
4.412000000000000000e+03
1.577000000000000000e+03
2.045000000000000000e+03
8.000000000000000000e+01
2.397000000000000000e+03
1.733000000000000000e+03
1.446000000000000000e+03
3.280000000000000000e+03
4.327000000000000000e+03
4.703000000000000000e+03
4.718000000000000000e+03
2.223000000000000000e+03
1.010000000000000000e+03
2.950000000000000000e+02
3.848000000000000000e+03
1.659000000000000000e+03
1.275000000000000000e+03
3.083000000000000000e+03
1.655000000000000000e+03
3.259000000000000000e+03
2.910000000000000000e+02
4.613000000000000000e+03
2.696000000000000000e+03
3.937000000000000000e+03
2.657000000000000000e+03
3.778000000000000000e+03
4.820000000000000000e+02
3.244000000000000000e+03
3.052000000000000000e+03
3.835000000000000000e+03
2.462000000000000000e+03
3.735000000000000000e+03
4.557000000000000000e+03
4.454000000000000000e+03
3.713000000000000000e+03
4.846000000000000000e+03
1.007000000000000000e+03
2.071000000000000000e+03
1.531000000000000000e+03
3.849000000000000000e+03
4.202000000000000000e+03
8.140000000000000000e+02
6.450000000000000000e+02
9.300000000000000000e+02
2.835000000000000000e+03
1.604000000000000000e+03
2.028000000000000000e+03
4.886000000000000000e+03
6.640000000000000000e+02
1.597000000000000000e+03
1.014000000000000000e+03
4.201000000000000000e+03
1.186000000000000000e+03
4.078000000000000000e+03
3.940000000000000000e+03
8.340000000000000000e+02
2.344000000000000000e+03
1.622000000000000000e+03
9.980000000000000000e+02
2.602000000000000000e+03
1.342000000000000000e+03
7.400000000000000000e+02
2.362000000000000000e+03
2.253000000000000000e+03
6.500000000000000000e+01
3.214000000000000000e+03
3.500000000000000000e+01
2.198000000000000000e+03
4.988000000000000000e+03
4.120000000000000000e+02
4.675000000000000000e+03
2.568000000000000000e+03
5.090000000000000000e+02
4.303000000000000000e+03
4.104000000000000000e+03
1.920000000000000000e+03
3.873000000000000000e+03
2.804000000000000000e+03
2.322000000000000000e+03
1.650000000000000000e+03
2.022000000000000000e+03
1.075000000000000000e+03
1.669000000000000000e+03
2.484000000000000000e+03
4.506000000000000000e+03
2.945000000000000000e+03
9.380000000000000000e+02
1.098000000000000000e+03
4.930000000000000000e+02
1.310000000000000000e+02
3.179000000000000000e+03
3.502000000000000000e+03
2.895000000000000000e+03
1.835000000000000000e+03
2.367000000000000000e+03
2.039000000000000000e+03
4.338000000000000000e+03
3.865000000000000000e+03
1.160000000000000000e+03
3.762000000000000000e+03
3.344000000000000000e+03
3.824000000000000000e+03
1.209000000000000000e+03
4.535000000000000000e+03
7.430000000000000000e+02
4.166000000000000000e+03
1.188000000000000000e+03
6.810000000000000000e+02
2.782000000000000000e+03
3.690000000000000000e+02
4.510000000000000000e+03
3.759000000000000000e+03
1.679000000000000000e+03
3.400000000000000000e+01
3.938000000000000000e+03
1.619000000000000000e+03
3.530000000000000000e+02
4.730000000000000000e+03
4.259000000000000000e+03
3.723000000000000000e+03
5.290000000000000000e+02
2.815000000000000000e+03
1.905000000000000000e+03
2.414000000000000000e+03
1.540000000000000000e+02
3.591000000000000000e+03
5.130000000000000000e+02
4.877000000000000000e+03
2.871000000000000000e+03
5.010000000000000000e+02
2.853000000000000000e+03
3.026000000000000000e+03
4.271000000000000000e+03
1.259000000000000000e+03
3.246000000000000000e+03
3.950000000000000000e+03
3.042000000000000000e+03
3.305000000000000000e+03
2.026000000000000000e+03
4.370000000000000000e+03
4.560000000000000000e+02
1.510000000000000000e+02
3.419000000000000000e+03
3.322000000000000000e+03
3.148000000000000000e+03
4.091000000000000000e+03
3.880000000000000000e+03
1.497000000000000000e+03
3.998000000000000000e+03
2.050000000000000000e+03
2.287000000000000000e+03
2.905000000000000000e+03
3.862000000000000000e+03
3.132000000000000000e+03
3.622000000000000000e+03
1.743000000000000000e+03
3.329000000000000000e+03
1.304000000000000000e+03
4.424000000000000000e+03
4.593000000000000000e+03
3.138000000000000000e+03
2.682000000000000000e+03
2.881000000000000000e+03
2.482000000000000000e+03
3.695000000000000000e+03
2.090000000000000000e+03
3.791000000000000000e+03
4.024000000000000000e+03
2.246000000000000000e+03
3.861000000000000000e+03
3.156000000000000000e+03
2.632000000000000000e+03
1.833000000000000000e+03
7.560000000000000000e+02
4.463000000000000000e+03
1.800000000000000000e+02
3.410000000000000000e+02
4.695000000000000000e+03
2.913000000000000000e+03
2.997000000000000000e+03
1.578000000000000000e+03
2.459000000000000000e+03
3.481000000000000000e+03
4.944000000000000000e+03
1.880000000000000000e+02
2.577000000000000000e+03
2.596000000000000000e+03
3.842000000000000000e+03
2.732000000000000000e+03
1.689000000000000000e+03
1.260000000000000000e+02
4.465000000000000000e+03
2.545000000000000000e+03
1.448000000000000000e+03
4.287000000000000000e+03
2.515000000000000000e+03
3.231000000000000000e+03
4.226000000000000000e+03
1.129000000000000000e+03
4.278000000000000000e+03
2.706000000000000000e+03
4.402000000000000000e+03
1.080000000000000000e+03
2.690000000000000000e+03
4.337000000000000000e+03
1.057000000000000000e+03
2.279000000000000000e+03
1.037000000000000000e+03
8.050000000000000000e+02
2.889000000000000000e+03
2.350000000000000000e+02
2.468000000000000000e+03
1.654000000000000000e+03
2.402000000000000000e+03
4.470000000000000000e+02
4.342000000000000000e+03
1.530000000000000000e+02
2.980000000000000000e+02
9.880000000000000000e+02
1.522000000000000000e+03
4.165000000000000000e+03
1.995000000000000000e+03
2.183000000000000000e+03
1.606000000000000000e+03
4.280000000000000000e+02
2.963000000000000000e+03
4.362000000000000000e+03
4.218000000000000000e+03
1.680000000000000000e+02
1.335000000000000000e+03
2.891000000000000000e+03
5.860000000000000000e+02
3.454000000000000000e+03
2.448000000000000000e+03
2.986000000000000000e+03
1.646000000000000000e+03
2.867000000000000000e+03
7.050000000000000000e+02
9.740000000000000000e+02
3.270000000000000000e+03
1.868000000000000000e+03
1.796000000000000000e+03
8.750000000000000000e+02
3.014000000000000000e+03
3.087000000000000000e+03
4.960000000000000000e+02
3.304000000000000000e+03
1.899000000000000000e+03
3.579000000000000000e+03
1.480000000000000000e+02
9.200000000000000000e+02
2.812000000000000000e+03
3.980000000000000000e+03
1.499000000000000000e+03
2.824000000000000000e+03
4.199000000000000000e+03
3.578000000000000000e+03
4.705000000000000000e+03
4.545000000000000000e+03
5.140000000000000000e+02
8.920000000000000000e+02
4.426000000000000000e+03
1.483000000000000000e+03
4.607000000000000000e+03
1.814000000000000000e+03
1.973000000000000000e+03
2.929000000000000000e+03
4.755000000000000000e+03
2.452000000000000000e+03
1.716000000000000000e+03
4.563000000000000000e+03
1.581000000000000000e+03
4.580000000000000000e+02
4.270000000000000000e+02
3.512000000000000000e+03
1.898000000000000000e+03
6.800000000000000000e+02
1.155000000000000000e+03
1.030000000000000000e+03
4.425000000000000000e+03
2.954000000000000000e+03
1.958000000000000000e+03
3.832000000000000000e+03
3.979000000000000000e+03
1.455000000000000000e+03
6.090000000000000000e+02
5.210000000000000000e+02
3.564000000000000000e+03
1.354000000000000000e+03
3.991000000000000000e+03
1.984000000000000000e+03
1.247000000000000000e+03
9.870000000000000000e+02
4.304000000000000000e+03
3.757000000000000000e+03
3.274000000000000000e+03
1.083000000000000000e+03
1.251000000000000000e+03
2.107000000000000000e+03
2.918000000000000000e+03
1.458000000000000000e+03
2.337000000000000000e+03
4.919000000000000000e+03
2.840000000000000000e+03
4.378000000000000000e+03
3.128000000000000000e+03
4.254000000000000000e+03
2.784000000000000000e+03
4.950000000000000000e+02
1.185000000000000000e+03
2.700000000000000000e+03
1.393000000000000000e+03
4.579000000000000000e+03
3.395000000000000000e+03
4.987000000000000000e+03
1.466000000000000000e+03
9.560000000000000000e+02
3.710000000000000000e+03
2.785000000000000000e+03
2.274000000000000000e+03
3.202000000000000000e+03
4.853000000000000000e+03
6.580000000000000000e+02
1.192000000000000000e+03
2.328000000000000000e+03
2.244000000000000000e+03
3.888000000000000000e+03
2.177000000000000000e+03
4.069000000000000000e+03
7.340000000000000000e+02
1.586000000000000000e+03
2.350000000000000000e+03
2.961000000000000000e+03
1.553000000000000000e+03
4.801000000000000000e+03
1.803000000000000000e+03
3.066000000000000000e+03
4.510000000000000000e+02
1.740000000000000000e+03
6.350000000000000000e+02
3.647000000000000000e+03
1.615000000000000000e+03
1.747000000000000000e+03
1.215000000000000000e+03
2.862000000000000000e+03
1.027000000000000000e+03
4.047000000000000000e+03
8.800000000000000000e+02
4.984000000000000000e+03
3.676000000000000000e+03
1.752000000000000000e+03
1.825000000000000000e+03
5.420000000000000000e+02
4.837000000000000000e+03
1.277000000000000000e+03
1.904000000000000000e+03
4.793000000000000000e+03
3.174000000000000000e+03
2.851000000000000000e+03
7.600000000000000000e+01
3.256000000000000000e+03
2.299000000000000000e+03
3.316000000000000000e+03
2.790000000000000000e+03
4.624000000000000000e+03
4.150000000000000000e+03
2.543000000000000000e+03
2.490000000000000000e+02
2.576000000000000000e+03
3.652000000000000000e+03
3.194000000000000000e+03
4.690000000000000000e+03
1.824000000000000000e+03
2.870000000000000000e+02
1.480000000000000000e+03
4.843000000000000000e+03
3.891000000000000000e+03
1.177000000000000000e+03
2.860000000000000000e+02
3.957000000000000000e+03
2.988000000000000000e+03
2.738000000000000000e+03
2.390000000000000000e+03
3.102000000000000000e+03
1.297000000000000000e+03
3.739000000000000000e+03
4.965000000000000000e+03
3.670000000000000000e+02
4.643000000000000000e+03
6.100000000000000000e+01
3.959000000000000000e+03
7.460000000000000000e+02
3.715000000000000000e+03
4.528000000000000000e+03
4.714000000000000000e+03
1.221000000000000000e+03
2.904000000000000000e+03
3.426000000000000000e+03
4.016000000000000000e+03
3.149000000000000000e+03
1.634000000000000000e+03
3.928000000000000000e+03
6.660000000000000000e+02
4.397000000000000000e+03
7.310000000000000000e+02
3.883000000000000000e+03
3.983000000000000000e+03
4.118000000000000000e+03
2.204000000000000000e+03
4.064000000000000000e+03
4.012000000000000000e+03
4.253000000000000000e+03
1.974000000000000000e+03
4.044000000000000000e+03
1.968000000000000000e+03
6.530000000000000000e+02
1.011000000000000000e+03
1.071000000000000000e+03
3.090000000000000000e+03
4.251000000000000000e+03
3.004000000000000000e+03
2.196000000000000000e+03
2.172000000000000000e+03
4.209000000000000000e+03
3.054000000000000000e+03
3.409000000000000000e+03
2.838000000000000000e+03
2.024000000000000000e+03
4.729000000000000000e+03
4.972000000000000000e+03
1.432000000000000000e+03
2.348000000000000000e+03
3.044000000000000000e+03
3.059000000000000000e+03
3.903000000000000000e+03
3.592000000000000000e+03
2.562000000000000000e+03
2.526000000000000000e+03
3.152000000000000000e+03
1.001000000000000000e+03
2.281000000000000000e+03
3.325000000000000000e+03
3.921000000000000000e+03
3.691000000000000000e+03
1.285000000000000000e+03
1.496000000000000000e+03
1.166000000000000000e+03
4.762000000000000000e+03
4.966000000000000000e+03
4.433000000000000000e+03
2.494000000000000000e+03
3.406000000000000000e+03
2.970000000000000000e+03
4.229000000000000000e+03
7.330000000000000000e+02
4.667000000000000000e+03
1.978000000000000000e+03
2.595000000000000000e+03
2.608000000000000000e+03
2.422000000000000000e+03
1.511000000000000000e+03
1.623000000000000000e+03
8.470000000000000000e+02
1.637000000000000000e+03
4.006000000000000000e+03
1.991000000000000000e+03
4.504000000000000000e+03
1.400000000000000000e+01
1.960000000000000000e+02
4.920000000000000000e+03
4.486000000000000000e+03
1.850000000000000000e+03
3.440000000000000000e+02
5.300000000000000000e+01
2.549000000000000000e+03
2.520000000000000000e+03
8.940000000000000000e+02
9.640000000000000000e+02
3.701000000000000000e+03
3.797000000000000000e+03
4.286000000000000000e+03
3.744000000000000000e+03
2.872000000000000000e+03
4.046000000000000000e+03
3.942000000000000000e+03
2.581000000000000000e+03
3.675000000000000000e+03
1.082000000000000000e+03
1.103000000000000000e+03
2.242000000000000000e+03
2.795000000000000000e+03
3.734000000000000000e+03
2.308000000000000000e+03
3.277000000000000000e+03
3.278000000000000000e+03
1.697000000000000000e+03
2.813000000000000000e+03
7.110000000000000000e+02
2.841000000000000000e+03
3.804000000000000000e+03
1.989000000000000000e+03
3.678000000000000000e+03
1.127000000000000000e+03
2.347000000000000000e+03
4.115000000000000000e+03
2.525000000000000000e+03
