4.056000000000000000e+03
4.064000000000000000e+03
6.710000000000000000e+02
3.695000000000000000e+03
3.840000000000000000e+03
1.674000000000000000e+03
3.585000000000000000e+03
3.776000000000000000e+03
3.437000000000000000e+03
1.478000000000000000e+03
4.709000000000000000e+03
4.859000000000000000e+03
5.200000000000000000e+01
3.716000000000000000e+03
6.350000000000000000e+02
3.911000000000000000e+03
8.300000000000000000e+01
2.318000000000000000e+03
4.328000000000000000e+03
2.782000000000000000e+03
3.192000000000000000e+03
2.771000000000000000e+03
4.122000000000000000e+03
3.968000000000000000e+03
1.314000000000000000e+03
2.811000000000000000e+03
4.185000000000000000e+03
5.730000000000000000e+02
3.873000000000000000e+03
1.093000000000000000e+03
4.918000000000000000e+03
3.094000000000000000e+03
1.963000000000000000e+03
4.370000000000000000e+02
4.781000000000000000e+03
2.067000000000000000e+03
2.101000000000000000e+03
2.255000000000000000e+03
2.801000000000000000e+03
2.108000000000000000e+03
4.525000000000000000e+03
5.310000000000000000e+02
2.634000000000000000e+03
1.364000000000000000e+03
1.543000000000000000e+03
4.591000000000000000e+03
2.235000000000000000e+03
4.331000000000000000e+03
2.362000000000000000e+03
4.461000000000000000e+03
2.777000000000000000e+03
3.031000000000000000e+03
3.164000000000000000e+03
3.698000000000000000e+03
1.003000000000000000e+03
3.624000000000000000e+03
1.071000000000000000e+03
1.091000000000000000e+03
1.115000000000000000e+03
3.564000000000000000e+03
3.527000000000000000e+03
3.422000000000000000e+03
1.227000000000000000e+03
3.311000000000000000e+03
1.268000000000000000e+03
3.800000000000000000e+03
2.010000000000000000e+03
3.187000000000000000e+03
4.700000000000000000e+01
1.318000000000000000e+03
3.180000000000000000e+03
4.826000000000000000e+03
8.500000000000000000e+02
4.814000000000000000e+03
1.090000000000000000e+02
8.020000000000000000e+02
2.907000000000000000e+03
4.087000000000000000e+03
1.110000000000000000e+02
2.896000000000000000e+03
1.427000000000000000e+03
4.199000000000000000e+03
3.124000000000000000e+03
1.723000000000000000e+03
3.135000000000000000e+03
3.670000000000000000e+03
1.220000000000000000e+03
6.040000000000000000e+02
1.752000000000000000e+03
2.900000000000000000e+02
2.039000000000000000e+03
1.390000000000000000e+03
4.994000000000000000e+03
8.110000000000000000e+02
2.379000000000000000e+03
2.585000000000000000e+03
1.569000000000000000e+03
3.212000000000000000e+03
5.520000000000000000e+02
3.285000000000000000e+03
3.845000000000000000e+03
4.686000000000000000e+03
3.321000000000000000e+03
2.387000000000000000e+03
3.233000000000000000e+03
7.300000000000000000e+01
4.987000000000000000e+03
3.820000000000000000e+03
5.810000000000000000e+02
1.780000000000000000e+03
4.163000000000000000e+03
2.335000000000000000e+03
1.109000000000000000e+03
2.007000000000000000e+03
3.767000000000000000e+03
3.496000000000000000e+03
8.410000000000000000e+02
3.615000000000000000e+03
3.753000000000000000e+03
3.810000000000000000e+03
4.396000000000000000e+03
3.230000000000000000e+02
6.880000000000000000e+02
3.734000000000000000e+03
4.892000000000000000e+03
8.790000000000000000e+02
4.900000000000000000e+03
1.792000000000000000e+03
1.506000000000000000e+03
1.266000000000000000e+03
1.568000000000000000e+03
2.920000000000000000e+02
1.701000000000000000e+03
7.100000000000000000e+01
4.761000000000000000e+03
7.110000000000000000e+02
1.203000000000000000e+03
3.194000000000000000e+03
3.310000000000000000e+03
3.165000000000000000e+03
3.070000000000000000e+02
1.216000000000000000e+03
1.667000000000000000e+03
2.606000000000000000e+03
1.401000000000000000e+03
3.782000000000000000e+03
4.429000000000000000e+03
4.060000000000000000e+03
3.800000000000000000e+01
1.848000000000000000e+03
4.869000000000000000e+03
1.672000000000000000e+03
1.513000000000000000e+03
2.633000000000000000e+03
5.530000000000000000e+02
2.925000000000000000e+03
4.226000000000000000e+03
3.908000000000000000e+03
3.036000000000000000e+03
7.810000000000000000e+02
2.763000000000000000e+03
4.600000000000000000e+01
4.727000000000000000e+03
2.932000000000000000e+03
5.000000000000000000e+00
1.740000000000000000e+03
9.150000000000000000e+02
2.810000000000000000e+02
2.037000000000000000e+03
2.922000000000000000e+03
1.962000000000000000e+03
1.018000000000000000e+03
3.262000000000000000e+03
2.360000000000000000e+02
4.914000000000000000e+03
1.530000000000000000e+03
1.638000000000000000e+03
4.839000000000000000e+03
2.568000000000000000e+03
4.637000000000000000e+03
3.852000000000000000e+03
4.595000000000000000e+03
3.521000000000000000e+03
8.590000000000000000e+02
1.350000000000000000e+03
3.160000000000000000e+03
3.136000000000000000e+03
4.841000000000000000e+03
4.320000000000000000e+02
3.346000000000000000e+03
1.405000000000000000e+03
4.762000000000000000e+03
9.740000000000000000e+02
1.328000000000000000e+03
1.016000000000000000e+03
1.165000000000000000e+03
1.323000000000000000e+03
1.021000000000000000e+03
3.190000000000000000e+02
3.198000000000000000e+03
1.239000000000000000e+03
1.065000000000000000e+03
1.074000000000000000e+03
3.240000000000000000e+02
3.500000000000000000e+02
3.857000000000000000e+03
3.292000000000000000e+03
9.810000000000000000e+02
3.828000000000000000e+03
1.965000000000000000e+03
4.010000000000000000e+03
5.450000000000000000e+02
2.704000000000000000e+03
7.920000000000000000e+02
2.389000000000000000e+03
6.100000000000000000e+02
1.750000000000000000e+03
4.289000000000000000e+03
1.485000000000000000e+03
4.715000000000000000e+03
4.479000000000000000e+03
1.920000000000000000e+02
4.605000000000000000e+03
1.863000000000000000e+03
2.064000000000000000e+03
3.026000000000000000e+03
4.011000000000000000e+03
1.430000000000000000e+03
6.750000000000000000e+02
1.919000000000000000e+03
4.180000000000000000e+03
2.924000000000000000e+03
2.145000000000000000e+03
2.910000000000000000e+03
4.543000000000000000e+03
2.982000000000000000e+03
2.034000000000000000e+03
1.406000000000000000e+03
3.590000000000000000e+03
3.012000000000000000e+03
2.257000000000000000e+03
3.769000000000000000e+03
6.100000000000000000e+01
3.900000000000000000e+01
4.165000000000000000e+03
1.472000000000000000e+03
3.110000000000000000e+02
3.795000000000000000e+03
1.288000000000000000e+03
3.874000000000000000e+03
3.345000000000000000e+03
2.970000000000000000e+02
2.744000000000000000e+03
4.673000000000000000e+03
3.927000000000000000e+03
4.451000000000000000e+03
3.000000000000000000e+03
7.130000000000000000e+02
2.134000000000000000e+03
2.977000000000000000e+03
6.280000000000000000e+02
1.937000000000000000e+03
1.690000000000000000e+02
3.282000000000000000e+03
4.791000000000000000e+03
2.622000000000000000e+03
4.536000000000000000e+03
3.636000000000000000e+03
1.437000000000000000e+03
8.600000000000000000e+02
2.621000000000000000e+03
3.964000000000000000e+03
1.656000000000000000e+03
2.547000000000000000e+03
3.143000000000000000e+03
2.283000000000000000e+03
2.153000000000000000e+03
1.523000000000000000e+03
4.057000000000000000e+03
9.320000000000000000e+02
4.305000000000000000e+03
1.450000000000000000e+02
2.576000000000000000e+03
2.287000000000000000e+03
9.430000000000000000e+02
2.320000000000000000e+02
1.068000000000000000e+03
3.107000000000000000e+03
1.551000000000000000e+03
2.753000000000000000e+03
1.601000000000000000e+03
4.948000000000000000e+03
1.491000000000000000e+03
3.347000000000000000e+03
2.800000000000000000e+03
6.630000000000000000e+02
1.442000000000000000e+03
2.456000000000000000e+03
3.276000000000000000e+03
3.940000000000000000e+02
2.499000000000000000e+03
1.980000000000000000e+02
2.087000000000000000e+03
8.350000000000000000e+02
6.290000000000000000e+02
4.705000000000000000e+03
3.185000000000000000e+03
2.248000000000000000e+03
3.859000000000000000e+03
3.467000000000000000e+03
3.581000000000000000e+03
2.835000000000000000e+03
2.112000000000000000e+03
2.693000000000000000e+03
7.880000000000000000e+02
4.638000000000000000e+03
4.744000000000000000e+03
4.963000000000000000e+03
3.871000000000000000e+03
2.671000000000000000e+03
1.122000000000000000e+03
2.407000000000000000e+03
1.107000000000000000e+03
4.263000000000000000e+03
3.099000000000000000e+03
1.614000000000000000e+03
3.512000000000000000e+03
1.719000000000000000e+03
3.445000000000000000e+03
4.631000000000000000e+03
4.670000000000000000e+03
1.130000000000000000e+02
4.235000000000000000e+03
1.880000000000000000e+03
1.704000000000000000e+03
3.490000000000000000e+03
2.380000000000000000e+03
4.803000000000000000e+03
1.403000000000000000e+03
2.372000000000000000e+03
4.825000000000000000e+03
4.317000000000000000e+03
3.696000000000000000e+03
9.870000000000000000e+02
1.831000000000000000e+03
8.650000000000000000e+02
2.262000000000000000e+03
4.347000000000000000e+03
6.810000000000000000e+02
1.912000000000000000e+03
1.579000000000000000e+03
7.900000000000000000e+02
3.733000000000000000e+03
9.010000000000000000e+02
2.942000000000000000e+03
1.120000000000000000e+02
3.736000000000000000e+03
3.858000000000000000e+03
3.712000000000000000e+03
2.402000000000000000e+03
1.444000000000000000e+03
3.062000000000000000e+03
2.937000000000000000e+03
2.077000000000000000e+03
3.349000000000000000e+03
2.464000000000000000e+03
2.740000000000000000e+03
9.640000000000000000e+02
2.658000000000000000e+03
5.900000000000000000e+01
8.850000000000000000e+02
4.900000000000000000e+02
3.139000000000000000e+03
4.035000000000000000e+03
2.601000000000000000e+03
2.662000000000000000e+03
6.610000000000000000e+02
3.274000000000000000e+03
3.220000000000000000e+03
4.949000000000000000e+03
4.410000000000000000e+03
1.000000000000000000e+03
4.013000000000000000e+03
7.840000000000000000e+02
3.378000000000000000e+03
2.654000000000000000e+03
4.850000000000000000e+02
3.502000000000000000e+03
4.400000000000000000e+03
7.740000000000000000e+02
1.685000000000000000e+03
1.143000000000000000e+03
3.350000000000000000e+02
4.170000000000000000e+02
4.911000000000000000e+03
1.114000000000000000e+03
3.950000000000000000e+03
1.435000000000000000e+03
1.835000000000000000e+03
3.430000000000000000e+03
6.670000000000000000e+02
3.855000000000000000e+03
2.137000000000000000e+03
4.075000000000000000e+03
1.528000000000000000e+03
2.521000000000000000e+03
3.693000000000000000e+03
1.246000000000000000e+03
4.663000000000000000e+03
3.740000000000000000e+03
4.164000000000000000e+03
5.500000000000000000e+02
3.134000000000000000e+03
2.970000000000000000e+03
1.312000000000000000e+03
9.790000000000000000e+02
9.270000000000000000e+02
2.902000000000000000e+03
2.001000000000000000e+03
4.137000000000000000e+03
2.747000000000000000e+03
2.152000000000000000e+03
3.943000000000000000e+03
5.800000000000000000e+01
3.100000000000000000e+03
3.060000000000000000e+03
1.872000000000000000e+03
4.240000000000000000e+02
2.869000000000000000e+03
1.473000000000000000e+03
2.266000000000000000e+03
4.300000000000000000e+01
8.800000000000000000e+01
2.700000000000000000e+01
1.188000000000000000e+03
2.754000000000000000e+03
1.681000000000000000e+03
2.220000000000000000e+03
3.819000000000000000e+03
1.310000000000000000e+02
4.647000000000000000e+03
3.770000000000000000e+03
3.072000000000000000e+03
1.824000000000000000e+03
3.483000000000000000e+03
2.783000000000000000e+03
3.354000000000000000e+03
3.519000000000000000e+03
2.818000000000000000e+03
3.808000000000000000e+03
3.473000000000000000e+03
6.200000000000000000e+01
4.266000000000000000e+03
2.701000000000000000e+03
3.628000000000000000e+03
4.651000000000000000e+03
3.453000000000000000e+03
9.550000000000000000e+02
1.870000000000000000e+02
1.608000000000000000e+03
2.635000000000000000e+03
3.864000000000000000e+03
4.689000000000000000e+03
3.179000000000000000e+03
3.884000000000000000e+03
8.890000000000000000e+02
1.010000000000000000e+02
4.248000000000000000e+03
1.153000000000000000e+03
2.881000000000000000e+03
3.680000000000000000e+03
6.700000000000000000e+02
2.373000000000000000e+03
1.917000000000000000e+03
3.268000000000000000e+03
2.392000000000000000e+03
2.680000000000000000e+03
4.444000000000000000e+03
1.370000000000000000e+02
3.796000000000000000e+03
1.353000000000000000e+03
1.825000000000000000e+03
1.729000000000000000e+03
4.693000000000000000e+03
5.970000000000000000e+02
1.252000000000000000e+03
1.463000000000000000e+03
4.203000000000000000e+03
3.863000000000000000e+03
3.991000000000000000e+03
5.190000000000000000e+02
3.501000000000000000e+03
2.088000000000000000e+03
4.665000000000000000e+03
1.373000000000000000e+03
4.520000000000000000e+02
4.350000000000000000e+02
7.760000000000000000e+02
2.960000000000000000e+02
3.932000000000000000e+03
4.344000000000000000e+03
4.860000000000000000e+03
4.582000000000000000e+03
2.862000000000000000e+03
3.549000000000000000e+03
4.966000000000000000e+03
3.508000000000000000e+03
3.804000000000000000e+03
2.454000000000000000e+03
1.702000000000000000e+03
3.917000000000000000e+03
6.440000000000000000e+02
6.780000000000000000e+02
1.100000000000000000e+02
1.466000000000000000e+03
4.864000000000000000e+03
2.434000000000000000e+03
8.130000000000000000e+02
3.882000000000000000e+03
3.595000000000000000e+03
3.797000000000000000e+03
8.190000000000000000e+02
2.898000000000000000e+03
4.229000000000000000e+03
1.557000000000000000e+03
9.000000000000000000e+02
1.052000000000000000e+03
1.781000000000000000e+03
4.799000000000000000e+03
1.426000000000000000e+03
4.045000000000000000e+03
1.951000000000000000e+03
2.769000000000000000e+03
9.660000000000000000e+02
1.333000000000000000e+03
3.618000000000000000e+03
4.313000000000000000e+03
5.700000000000000000e+02
1.008000000000000000e+03
1.070000000000000000e+03
2.816000000000000000e+03
6.230000000000000000e+02
3.526000000000000000e+03
1.223000000000000000e+03
2.834000000000000000e+03
6.790000000000000000e+02
2.222000000000000000e+03
4.433000000000000000e+03
1.031000000000000000e+03
4.774000000000000000e+03
3.340000000000000000e+03
3.389000000000000000e+03
3.243000000000000000e+03
8.280000000000000000e+02
1.782000000000000000e+03
2.939000000000000000e+03
3.272000000000000000e+03
2.700000000000000000e+02
4.997000000000000000e+03
1.730000000000000000e+03
3.869000000000000000e+03
2.610000000000000000e+03
1.770000000000000000e+03
1.933000000000000000e+03
1.695000000000000000e+03
3.559000000000000000e+03
3.320000000000000000e+03
1.691000000000000000e+03
4.405000000000000000e+03
4.817000000000000000e+03
9.950000000000000000e+02
4.025000000000000000e+03
8.580000000000000000e+02
1.438000000000000000e+03
4.100000000000000000e+01
1.420000000000000000e+03
2.820000000000000000e+02
3.028000000000000000e+03
2.830000000000000000e+03
1.319000000000000000e+03
6.180000000000000000e+02
1.048000000000000000e+03
3.331000000000000000e+03
3.682000000000000000e+03
1.160000000000000000e+02
4.274000000000000000e+03
2.900000000000000000e+01
3.672000000000000000e+03
2.670000000000000000e+02
1.961000000000000000e+03
3.629000000000000000e+03
2.254000000000000000e+03
8.910000000000000000e+02
2.316000000000000000e+03
1.308000000000000000e+03
1.397000000000000000e+03
2.749000000000000000e+03
3.683000000000000000e+03
2.640000000000000000e+03
2.698000000000000000e+03
2.980000000000000000e+02
2.933000000000000000e+03
2.787000000000000000e+03
2.286000000000000000e+03
2.186000000000000000e+03
4.978000000000000000e+03
3.266000000000000000e+03
4.828000000000000000e+03
1.168000000000000000e+03
2.542000000000000000e+03
2.544000000000000000e+03
4.640000000000000000e+02
3.172000000000000000e+03
4.916000000000000000e+03
1.837000000000000000e+03
2.111000000000000000e+03
3.686000000000000000e+03
1.386000000000000000e+03
1.624000000000000000e+03
2.885000000000000000e+03
3.567000000000000000e+03
3.096000000000000000e+03
2.172000000000000000e+03
3.785000000000000000e+03
2.256000000000000000e+03
3.118000000000000000e+03
3.654000000000000000e+03
2.473000000000000000e+03
4.587000000000000000e+03
4.454000000000000000e+03
2.625000000000000000e+03
1.072000000000000000e+03
4.363000000000000000e+03
1.260000000000000000e+02
3.614000000000000000e+03
4.334000000000000000e+03
4.030000000000000000e+02
4.178000000000000000e+03
1.498000000000000000e+03
1.522000000000000000e+03
2.986000000000000000e+03
7.660000000000000000e+02
2.189000000000000000e+03
1.037000000000000000e+03
3.909000000000000000e+03
1.150000000000000000e+03
3.481000000000000000e+03
2.443000000000000000e+03
4.771000000000000000e+03
2.350000000000000000e+02
2.803000000000000000e+03
3.515000000000000000e+03
9.360000000000000000e+02
2.246000000000000000e+03
3.985000000000000000e+03
7.680000000000000000e+02
4.300000000000000000e+03
2.611000000000000000e+03
4.650000000000000000e+02
8.870000000000000000e+02
6.320000000000000000e+02
3.238000000000000000e+03
3.738000000000000000e+03
4.212000000000000000e+03
3.838000000000000000e+03
1.051000000000000000e+03
4.482000000000000000e+03
3.803000000000000000e+03
3.085000000000000000e+03
2.916000000000000000e+03
1.850000000000000000e+02
2.201000000000000000e+03
2.119000000000000000e+03
1.453000000000000000e+03
1.512000000000000000e+03
2.855000000000000000e+03
3.646000000000000000e+03
2.334000000000000000e+03
3.231000000000000000e+03
2.637000000000000000e+03
2.150000000000000000e+02
3.297000000000000000e+03
2.461000000000000000e+03
1.680000000000000000e+02
3.556000000000000000e+03
3.592000000000000000e+03
4.150000000000000000e+03
4.740000000000000000e+03
2.890000000000000000e+02
3.860000000000000000e+02
2.244000000000000000e+03
3.146000000000000000e+03
3.664000000000000000e+03
2.850000000000000000e+03
1.774000000000000000e+03
3.511000000000000000e+03
1.590000000000000000e+03
2.715000000000000000e+03
4.177000000000000000e+03
7.540000000000000000e+02
4.259000000000000000e+03
1.080000000000000000e+02
2.441000000000000000e+03
3.529000000000000000e+03
2.865000000000000000e+03
2.742000000000000000e+03
3.752000000000000000e+03
4.000000000000000000e+03
2.185000000000000000e+03
7.000000000000000000e+00
1.259000000000000000e+03
1.966000000000000000e+03
3.161000000000000000e+03
5.940000000000000000e+02
4.596000000000000000e+03
2.750000000000000000e+02
1.800000000000000000e+02
2.085000000000000000e+03
3.619000000000000000e+03
2.861000000000000000e+03
4.898000000000000000e+03
8.710000000000000000e+02
2.786000000000000000e+03
2.155000000000000000e+03
2.205000000000000000e+03
1.815000000000000000e+03
1.753000000000000000e+03
6.470000000000000000e+02
3.959000000000000000e+03
1.563000000000000000e+03
4.621000000000000000e+03
3.290000000000000000e+03
1.262000000000000000e+03
3.188000000000000000e+03
4.995000000000000000e+03
4.807000000000000000e+03
2.737000000000000000e+03
2.121000000000000000e+03
2.689000000000000000e+03
3.656000000000000000e+03
4.179000000000000000e+03
3.000000000000000000e+01
4.790000000000000000e+02
8.950000000000000000e+02
2.545000000000000000e+03
1.181000000000000000e+03
1.053000000000000000e+03
3.794000000000000000e+03
7.250000000000000000e+02
4.470000000000000000e+02
1.141000000000000000e+03
3.181000000000000000e+03
9.570000000000000000e+02
2.272000000000000000e+03
4.117000000000000000e+03
1.902000000000000000e+03
1.561000000000000000e+03
4.822000000000000000e+03
4.579000000000000000e+03
9.520000000000000000e+02
9.100000000000000000e+01
4.490000000000000000e+02
3.952000000000000000e+03
8.900000000000000000e+02
3.338000000000000000e+03
6.900000000000000000e+02
1.038000000000000000e+03
9.040000000000000000e+02
2.124000000000000000e+03
2.338000000000000000e+03
3.370000000000000000e+03
4.419000000000000000e+03
3.433000000000000000e+03
2.219000000000000000e+03
2.061000000000000000e+03
1.541000000000000000e+03
8.320000000000000000e+02
8.630000000000000000e+02
4.520000000000000000e+03
3.737000000000000000e+03
4.743000000000000000e+03
5.840000000000000000e+02
4.102000000000000000e+03
5.440000000000000000e+02
5.410000000000000000e+02
3.759000000000000000e+03
3.768000000000000000e+03
2.141000000000000000e+03
1.679000000000000000e+03
1.496000000000000000e+03
2.130000000000000000e+02
2.953000000000000000e+03
4.003000000000000000e+03
2.560000000000000000e+02
5.890000000000000000e+02
1.180000000000000000e+02
3.414000000000000000e+03
1.992000000000000000e+03
2.492000000000000000e+03
1.847000000000000000e+03
1.613000000000000000e+03
4.912000000000000000e+03
1.097000000000000000e+03
4.446000000000000000e+03
2.711000000000000000e+03
1.352000000000000000e+03
4.476000000000000000e+03
1.798000000000000000e+03
1.560000000000000000e+02
1.854000000000000000e+03
3.221000000000000000e+03
1.436000000000000000e+03
1.654000000000000000e+03
1.636000000000000000e+03
9.050000000000000000e+02
7.820000000000000000e+02
2.571000000000000000e+03
1.737000000000000000e+03
2.796000000000000000e+03
2.784000000000000000e+03
9.580000000000000000e+02
2.227000000000000000e+03
2.789000000000000000e+03
3.620000000000000000e+03
2.900000000000000000e+03
2.081000000000000000e+03
5.180000000000000000e+02
2.842000000000000000e+03
4.095000000000000000e+03
1.755000000000000000e+03
1.542000000000000000e+03
8.340000000000000000e+02
4.249000000000000000e+03
2.438000000000000000e+03
2.075000000000000000e+03
4.402000000000000000e+03
2.660000000000000000e+02
1.991000000000000000e+03
2.410000000000000000e+03
1.387000000000000000e+03
2.878000000000000000e+03
3.115000000000000000e+03
2.390000000000000000e+02
4.977000000000000000e+03
3.924000000000000000e+03
1.023000000000000000e+03
2.590000000000000000e+03
4.230000000000000000e+03
4.210000000000000000e+02
3.680000000000000000e+02
1.673000000000000000e+03
2.168000000000000000e+03
4.935000000000000000e+03
1.909000000000000000e+03
2.880000000000000000e+03
4.366000000000000000e+03
3.271000000000000000e+03
1.439000000000000000e+03
9.180000000000000000e+02
1.042000000000000000e+03
2.212000000000000000e+03
1.898000000000000000e+03
2.187000000000000000e+03
1.250000000000000000e+03
2.463000000000000000e+03
3.930000000000000000e+03
2.897000000000000000e+03
7.930000000000000000e+02
4.609000000000000000e+03
3.013000000000000000e+03
2.359000000000000000e+03
3.815000000000000000e+03
2.790000000000000000e+02
3.370000000000000000e+02
3.330000000000000000e+03
2.214000000000000000e+03
4.021000000000000000e+03
4.286000000000000000e+03
4.277000000000000000e+03
3.650000000000000000e+02
3.170000000000000000e+03
3.836000000000000000e+03
4.325000000000000000e+03
2.599000000000000000e+03
2.369000000000000000e+03
8.930000000000000000e+02
2.839000000000000000e+03
6.970000000000000000e+02
1.047000000000000000e+03
3.960000000000000000e+02
3.157000000000000000e+03
1.539000000000000000e+03
4.831000000000000000e+03
4.224000000000000000e+03
4.070000000000000000e+02
1.661000000000000000e+03
1.778000000000000000e+03
1.800000000000000000e+01
3.199000000000000000e+03
7.360000000000000000e+02
4.420000000000000000e+03
1.170000000000000000e+02
4.540000000000000000e+03
1.034000000000000000e+03
3.404000000000000000e+03
2.312000000000000000e+03
2.326000000000000000e+03
4.413000000000000000e+03
4.153000000000000000e+03
4.880000000000000000e+03
5.960000000000000000e+02
2.580000000000000000e+02
2.591000000000000000e+03
2.844000000000000000e+03
3.887000000000000000e+03
4.000000000000000000e+01
2.821000000000000000e+03
2.975000000000000000e+03
1.104000000000000000e+03
4.149000000000000000e+03
3.524000000000000000e+03
9.210000000000000000e+02
3.299000000000000000e+03
3.751000000000000000e+03
4.307000000000000000e+03
1.419000000000000000e+03
1.700000000000000000e+01
3.602000000000000000e+03
3.040000000000000000e+02
2.458000000000000000e+03
3.520000000000000000e+03
3.837000000000000000e+03
4.160000000000000000e+03
4.736000000000000000e+03
8.000000000000000000e+00
2.467000000000000000e+03
4.903000000000000000e+03
3.180000000000000000e+02
1.396000000000000000e+03
1.529000000000000000e+03
2.217000000000000000e+03
6.960000000000000000e+02
4.760000000000000000e+03
0.000000000000000000e+00
6.270000000000000000e+02
3.946000000000000000e+03
3.440000000000000000e+03
3.926000000000000000e+03
1.270000000000000000e+03
2.641000000000000000e+03
3.460000000000000000e+02
2.586000000000000000e+03
3.327000000000000000e+03
2.751000000000000000e+03
3.594000000000000000e+03
3.597000000000000000e+03
2.191000000000000000e+03
7.730000000000000000e+02
2.311000000000000000e+03
2.128000000000000000e+03
4.121000000000000000e+03
1.281000000000000000e+03
2.627000000000000000e+03
1.589000000000000000e+03
2.756000000000000000e+03
3.821000000000000000e+03
4.917000000000000000e+03
1.942000000000000000e+03
7.160000000000000000e+02
5.990000000000000000e+02
3.632000000000000000e+03
3.399000000000000000e+03
4.654000000000000000e+03
4.785000000000000000e+03
3.765000000000000000e+03
4.886000000000000000e+03
2.908000000000000000e+03
3.781000000000000000e+03
1.958000000000000000e+03
1.159000000000000000e+03
3.951000000000000000e+03
1.627000000000000000e+03
2.800000000000000000e+01
2.113000000000000000e+03
3.588000000000000000e+03
3.506000000000000000e+03
1.586000000000000000e+03
1.944000000000000000e+03
4.288000000000000000e+03
1.280000000000000000e+03
2.274000000000000000e+03
3.154000000000000000e+03
2.008000000000000000e+03
2.714000000000000000e+03
2.646000000000000000e+03
2.160000000000000000e+02
6.090000000000000000e+02
3.141000000000000000e+03
1.274000000000000000e+03
4.588000000000000000e+03
8.960000000000000000e+02
2.480000000000000000e+02
2.321000000000000000e+03
3.998000000000000000e+03
4.661000000000000000e+03
2.774000000000000000e+03
3.978000000000000000e+03
3.904000000000000000e+03
6.940000000000000000e+02
2.276000000000000000e+03
6.380000000000000000e+02
4.487000000000000000e+03
4.010000000000000000e+02
2.411000000000000000e+03
3.426000000000000000e+03
4.442000000000000000e+03
1.017000000000000000e+03
2.031000000000000000e+03
2.841000000000000000e+03
1.210000000000000000e+02
4.061000000000000000e+03
3.011000000000000000e+03
3.700000000000000000e+03
2.484000000000000000e+03
2.832000000000000000e+03
3.701000000000000000e+03
2.487000000000000000e+03
1.431000000000000000e+03
3.572000000000000000e+03
3.241000000000000000e+03
1.425000000000000000e+03
1.967000000000000000e+03
2.223000000000000000e+03
2.258000000000000000e+03
3.825000000000000000e+03
1.325000000000000000e+03
1.867000000000000000e+03
2.722000000000000000e+03
2.310000000000000000e+03
2.668000000000000000e+03
2.800000000000000000e+02
3.844000000000000000e+03
4.470000000000000000e+03
2.750000000000000000e+03
4.723000000000000000e+03
4.699000000000000000e+03
1.956000000000000000e+03
4.645000000000000000e+03
2.990000000000000000e+03
1.696000000000000000e+03
4.348000000000000000e+03
2.138000000000000000e+03
4.284000000000000000e+03
3.383000000000000000e+03
4.928000000000000000e+03
1.495000000000000000e+03
3.093000000000000000e+03
1.346000000000000000e+03
4.530000000000000000e+02
4.707000000000000000e+03
1.376000000000000000e+03
2.495000000000000000e+03
2.386000000000000000e+03
9.530000000000000000e+02
8.090000000000000000e+02
4.590000000000000000e+02
2.965000000000000000e+03
3.108000000000000000e+03
2.049000000000000000e+03
3.441000000000000000e+03
2.699000000000000000e+03
1.096000000000000000e+03
4.104000000000000000e+03
2.100000000000000000e+01
2.290000000000000000e+02
7.770000000000000000e+02
8.300000000000000000e+02
7.330000000000000000e+02
2.000000000000000000e+01
1.477000000000000000e+03
3.900000000000000000e+03
1.747000000000000000e+03
4.465000000000000000e+03
6.000000000000000000e+00
4.036000000000000000e+03
3.319000000000000000e+03
1.078000000000000000e+03
4.176000000000000000e+03
5.390000000000000000e+02
4.166000000000000000e+03
1.040000000000000000e+03
1.449000000000000000e+03
3.283000000000000000e+03
3.211000000000000000e+03
3.443000000000000000e+03
2.336000000000000000e+03
4.236000000000000000e+03
2.826000000000000000e+03
1.997000000000000000e+03
2.981000000000000000e+03
1.366000000000000000e+03
2.070000000000000000e+03
3.402000000000000000e+03
1.767000000000000000e+03
3.613000000000000000e+03
4.842000000000000000e+03
5.320000000000000000e+02
1.607000000000000000e+03
4.800000000000000000e+02
1.527000000000000000e+03
1.716000000000000000e+03
1.974000000000000000e+03
1.950000000000000000e+03
1.172000000000000000e+03
4.872000000000000000e+03
1.446000000000000000e+03
1.641000000000000000e+03
4.050000000000000000e+02
7.050000000000000000e+02
1.779000000000000000e+03
3.173000000000000000e+03
2.632000000000000000e+03
3.206000000000000000e+03
4.397000000000000000e+03
2.012000000000000000e+03
3.334000000000000000e+03
2.300000000000000000e+02
2.485000000000000000e+03
1.300000000000000000e+01
3.770000000000000000e+02
2.030000000000000000e+03
2.435000000000000000e+03
1.550000000000000000e+02
1.340000000000000000e+03
4.393000000000000000e+03
3.023000000000000000e+03
7.780000000000000000e+02
4.887000000000000000e+03
2.200000000000000000e+03
3.298000000000000000e+03
2.863000000000000000e+03
4.798000000000000000e+03
1.526000000000000000e+03
3.215000000000000000e+03
3.535000000000000000e+03
1.880000000000000000e+02
4.416000000000000000e+03
5.770000000000000000e+02
3.208000000000000000e+03
3.907000000000000000e+03
8.050000000000000000e+02
2.017000000000000000e+03
2.363000000000000000e+03
3.630000000000000000e+02
4.991000000000000000e+03
3.428000000000000000e+03
2.840000000000000000e+02
4.228000000000000000e+03
4.145000000000000000e+03
3.791000000000000000e+03
9.350000000000000000e+02
3.941000000000000000e+03
1.510000000000000000e+02
1.713000000000000000e+03
2.584000000000000000e+03
4.666000000000000000e+03
1.972000000000000000e+03
2.180000000000000000e+03
6.490000000000000000e+02
4.449000000000000000e+03
4.209000000000000000e+03
1.119000000000000000e+03
1.362000000000000000e+03
4.304000000000000000e+03
3.277000000000000000e+03
2.996000000000000000e+03
2.405000000000000000e+03
4.566000000000000000e+03
2.969000000000000000e+03
4.443000000000000000e+03
2.990000000000000000e+02
2.197000000000000000e+03
1.348000000000000000e+03
4.808000000000000000e+03
3.971000000000000000e+03
3.918000000000000000e+03
8.070000000000000000e+02
4.132000000000000000e+03
1.918000000000000000e+03
5.020000000000000000e+02
2.409000000000000000e+03
3.225000000000000000e+03
2.476000000000000000e+03
4.267000000000000000e+03
4.843000000000000000e+03
3.475000000000000000e+03
2.587000000000000000e+03
4.090000000000000000e+03
4.690000000000000000e+02
7.700000000000000000e+01
4.503000000000000000e+03
2.680000000000000000e+02
1.914000000000000000e+03
2.880000000000000000e+02
1.217000000000000000e+03
3.617000000000000000e+03
2.609000000000000000e+03
3.308000000000000000e+03
7.570000000000000000e+02
4.624000000000000000e+03
1.276000000000000000e+03
3.700000000000000000e+02
2.065000000000000000e+03
8.170000000000000000e+02
2.380000000000000000e+02
4.481000000000000000e+03
4.361000000000000000e+03
2.491000000000000000e+03
4.629000000000000000e+03
3.403000000000000000e+03
9.090000000000000000e+02
4.873000000000000000e+03
1.500000000000000000e+01
2.053000000000000000e+03
3.480000000000000000e+02
3.421000000000000000e+03
4.480000000000000000e+02
7.060000000000000000e+02
1.813000000000000000e+03
4.310000000000000000e+02
1.248000000000000000e+03
8.550000000000000000e+02
3.748000000000000000e+03
3.621000000000000000e+03
9.280000000000000000e+02
4.255000000000000000e+03
1.873000000000000000e+03
1.480000000000000000e+03
3.063000000000000000e+03
3.155000000000000000e+03
9.840000000000000000e+02
3.983000000000000000e+03
3.407000000000000000e+03
3.598000000000000000e+03
3.438000000000000000e+03
4.597000000000000000e+03
3.455000000000000000e+03
4.120000000000000000e+02
1.264000000000000000e+03
4.280000000000000000e+03
1.500000000000000000e+02
4.973000000000000000e+03
2.322000000000000000e+03
2.682000000000000000e+03
4.563000000000000000e+03
1.570000000000000000e+02
2.400000000000000000e+02
1.770000000000000000e+02
3.846000000000000000e+03
4.750000000000000000e+03
4.573000000000000000e+03
6.020000000000000000e+02
8.740000000000000000e+02
5.540000000000000000e+02
4.795000000000000000e+03
6.990000000000000000e+02
5.400000000000000000e+02
1.968000000000000000e+03
1.700000000000000000e+03
1.821000000000000000e+03
4.883000000000000000e+03
2.089000000000000000e+03
3.355000000000000000e+03
9.310000000000000000e+02
3.706000000000000000e+03
3.905000000000000000e+03
2.725000000000000000e+03
4.766000000000000000e+03
3.534000000000000000e+03
4.885000000000000000e+03
4.301000000000000000e+03
3.169000000000000000e+03
5.920000000000000000e+02
4.533000000000000000e+03
4.475000000000000000e+03
3.637000000000000000e+03
4.339000000000000000e+03
4.099000000000000000e+03
2.080000000000000000e+02
4.910000000000000000e+03
4.900000000000000000e+01
7.600000000000000000e+01
1.948000000000000000e+03
3.189000000000000000e+03
4.086000000000000000e+03
2.063000000000000000e+03
3.709000000000000000e+03
4.386000000000000000e+03
1.900000000000000000e+01
3.361000000000000000e+03
4.834000000000000000e+03
1.552000000000000000e+03
3.150000000000000000e+02
3.854000000000000000e+03
8.600000000000000000e+01
4.148000000000000000e+03
2.911000000000000000e+03
4.078000000000000000e+03
2.300000000000000000e+03
4.423000000000000000e+03
5.030000000000000000e+02
2.241000000000000000e+03
1.332000000000000000e+03
4.151000000000000000e+03
7.270000000000000000e+02
1.024000000000000000e+03
6.110000000000000000e+02
9.800000000000000000e+01
2.164000000000000000e+03
4.119000000000000000e+03
1.895000000000000000e+03
2.946000000000000000e+03
4.713000000000000000e+03
4.410000000000000000e+02
4.952000000000000000e+03
3.634000000000000000e+03
5.510000000000000000e+02
4.238000000000000000e+03
4.513000000000000000e+03
3.350000000000000000e+03
2.552000000000000000e+03
2.176000000000000000e+03
2.103000000000000000e+03
2.945000000000000000e+03
2.780000000000000000e+03
2.209000000000000000e+03
2.814000000000000000e+03
4.017000000000000000e+03
3.528000000000000000e+03
3.678000000000000000e+03
1.000000000000000000e+01
1.421000000000000000e+03
8.370000000000000000e+02
1.525000000000000000e+03
3.970000000000000000e+02
1.241000000000000000e+03
9.800000000000000000e+02
3.163000000000000000e+03
3.688000000000000000e+03
1.771000000000000000e+03
1.106000000000000000e+03
3.116000000000000000e+03
1.790000000000000000e+03
4.250000000000000000e+03
3.561000000000000000e+03
1.320000000000000000e+02
4.572000000000000000e+03
1.687000000000000000e+03
2.561000000000000000e+03
5.860000000000000000e+02
2.603000000000000000e+03
9.410000000000000000e+02
3.555000000000000000e+03
3.273000000000000000e+03
3.462000000000000000e+03
2.023000000000000000e+03
4.460000000000000000e+02
4.592000000000000000e+03
4.497000000000000000e+03
3.318000000000000000e+03
1.583000000000000000e+03
3.470000000000000000e+02
2.038000000000000000e+03
2.351000000000000000e+03
2.798000000000000000e+03
1.783000000000000000e+03
1.219000000000000000e+03
5.680000000000000000e+02
2.752000000000000000e+03
4.870000000000000000e+02
2.582000000000000000e+03
1.577000000000000000e+03
1.138000000000000000e+03
4.674000000000000000e+03
3.626000000000000000e+03
8.100000000000000000e+02
3.042000000000000000e+03
4.830000000000000000e+02
1.215000000000000000e+03
4.748000000000000000e+03
4.432000000000000000e+03
4.244000000000000000e+03
1.960000000000000000e+03
1.842000000000000000e+03
1.214000000000000000e+03
3.217000000000000000e+03
1.534000000000000000e+03
4.200000000000000000e+03
1.147000000000000000e+03
3.054000000000000000e+03
3.018000000000000000e+03
4.801000000000000000e+03
4.950000000000000000e+02
1.996000000000000000e+03
1.060000000000000000e+02
2.837000000000000000e+03
9.260000000000000000e+02
9.890000000000000000e+02
4.204000000000000000e+03
4.930000000000000000e+02
3.980000000000000000e+02
3.513000000000000000e+03
3.449000000000000000e+03
1.191000000000000000e+03
3.720000000000000000e+03
1.907000000000000000e+03
3.242000000000000000e+03
1.180000000000000000e+03
4.961000000000000000e+03
1.669000000000000000e+03
4.270000000000000000e+03
2.980000000000000000e+03
1.711000000000000000e+03
4.901000000000000000e+03
1.198000000000000000e+03
3.314000000000000000e+03
7.550000000000000000e+02
3.660000000000000000e+02
1.213000000000000000e+03
4.985000000000000000e+03
2.966000000000000000e+03
8.670000000000000000e+02
4.012000000000000000e+03
1.670000000000000000e+02
4.015000000000000000e+03
1.458000000000000000e+03
3.997000000000000000e+03
9.300000000000000000e+01
4.050000000000000000e+03
2.596000000000000000e+03
4.000000000000000000e+02
1.566000000000000000e+03
3.772000000000000000e+03
8.430000000000000000e+02
2.247000000000000000e+03
1.610000000000000000e+02
3.774000000000000000e+03
4.742000000000000000e+03
4.679000000000000000e+03
1.984000000000000000e+03
9.780000000000000000e+02
1.211000000000000000e+03
1.894000000000000000e+03
3.203000000000000000e+03
3.665000000000000000e+03
3.398000000000000000e+03
2.450000000000000000e+03
3.568000000000000000e+03
3.841000000000000000e+03
4.580000000000000000e+03
2.550000000000000000e+03
2.377000000000000000e+03
9.400000000000000000e+02
3.810000000000000000e+02
1.249000000000000000e+03
4.879000000000000000e+03
1.892000000000000000e+03
3.780000000000000000e+02
1.738000000000000000e+03
2.148000000000000000e+03
1.660000000000000000e+02
1.112000000000000000e+03
1.709000000000000000e+03
3.362000000000000000e+03
4.940000000000000000e+02
3.244000000000000000e+03
1.708000000000000000e+03
4.613000000000000000e+03
1.007000000000000000e+03
3.078000000000000000e+03
2.110000000000000000e+03
1.015000000000000000e+03
4.685000000000000000e+03
2.190000000000000000e+03
3.562000000000000000e+03
1.535000000000000000e+03
2.406000000000000000e+03
1.508000000000000000e+03
1.588000000000000000e+03
3.928000000000000000e+03
4.491000000000000000e+03
3.707000000000000000e+03
3.371000000000000000e+03
5.360000000000000000e+02
4.827000000000000000e+03
2.302000000000000000e+03
5.280000000000000000e+02
3.591000000000000000e+03
5.170000000000000000e+02
4.820000000000000000e+02
4.392000000000000000e+03
1.570000000000000000e+03
2.992000000000000000e+03
4.440000000000000000e+03
1.868000000000000000e+03
2.356000000000000000e+03
4.773000000000000000e+03
1.940000000000000000e+03
4.220000000000000000e+03
