3.017000000000000000e+03
2.313000000000000000e+03
2.579000000000000000e+03
2.059000000000000000e+03
1.640000000000000000e+03
2.928000000000000000e+03
1.060000000000000000e+03
3.330000000000000000e+03
1.153000000000000000e+03
4.155000000000000000e+03
1.785000000000000000e+03
2.574000000000000000e+03
3.603000000000000000e+03
2.431000000000000000e+03
3.065000000000000000e+03
4.408000000000000000e+03
1.820000000000000000e+02
1.964000000000000000e+03
8.950000000000000000e+02
2.716000000000000000e+03
4.670000000000000000e+03
1.280000000000000000e+03
3.748000000000000000e+03
2.560000000000000000e+03
4.308000000000000000e+03
4.190000000000000000e+03
1.044000000000000000e+03
1.968000000000000000e+03
2.417000000000000000e+03
2.074000000000000000e+03
2.029000000000000000e+03
4.835000000000000000e+03
2.902000000000000000e+03
4.163000000000000000e+03
9.970000000000000000e+02
2.376000000000000000e+03
4.713000000000000000e+03
3.668000000000000000e+03
3.060000000000000000e+03
1.405000000000000000e+03
2.184000000000000000e+03
3.912000000000000000e+03
4.379000000000000000e+03
2.004000000000000000e+03
1.026000000000000000e+03
4.123000000000000000e+03
4.112000000000000000e+03
2.784000000000000000e+03
4.647000000000000000e+03
2.595000000000000000e+03
4.926000000000000000e+03
3.563000000000000000e+03
7.730000000000000000e+02
4.289000000000000000e+03
4.798000000000000000e+03
3.883000000000000000e+03
2.680000000000000000e+03
2.228000000000000000e+03
3.308000000000000000e+03
8.740000000000000000e+02
4.136000000000000000e+03
1.971000000000000000e+03
1.710000000000000000e+02
8.860000000000000000e+02
4.430000000000000000e+02
2.718000000000000000e+03
1.515000000000000000e+03
9.300000000000000000e+02
1.105000000000000000e+03
3.269000000000000000e+03
1.205000000000000000e+03
2.913000000000000000e+03
4.330000000000000000e+03
1.220000000000000000e+03
3.027000000000000000e+03
1.352000000000000000e+03
1.191000000000000000e+03
2.733000000000000000e+03
3.890000000000000000e+02
2.764000000000000000e+03
2.111000000000000000e+03
4.735000000000000000e+03
2.399000000000000000e+03
1.390000000000000000e+03
8.200000000000000000e+02
3.910000000000000000e+03
3.706000000000000000e+03
3.477000000000000000e+03
4.742000000000000000e+03
1.518000000000000000e+03
1.965000000000000000e+03
2.420000000000000000e+03
3.126000000000000000e+03
3.873000000000000000e+03
3.484000000000000000e+03
2.219000000000000000e+03
7.400000000000000000e+02
1.117000000000000000e+03
4.702000000000000000e+03
4.600000000000000000e+01
4.625000000000000000e+03
3.203000000000000000e+03
1.376000000000000000e+03
4.224000000000000000e+03
1.372000000000000000e+03
2.000000000000000000e+03
3.061000000000000000e+03
1.330000000000000000e+03
2.078000000000000000e+03
1.597000000000000000e+03
7.160000000000000000e+02
4.170000000000000000e+02
6.550000000000000000e+02
1.632000000000000000e+03
3.362000000000000000e+03
1.089000000000000000e+03
9.430000000000000000e+02
4.151000000000000000e+03
9.500000000000000000e+01
4.176000000000000000e+03
4.097000000000000000e+03
2.505000000000000000e+03
3.458000000000000000e+03
1.610000000000000000e+02
2.088000000000000000e+03
1.260000000000000000e+02
2.915000000000000000e+03
3.658000000000000000e+03
4.639000000000000000e+03
3.560000000000000000e+03
8.670000000000000000e+02
1.978000000000000000e+03
3.910000000000000000e+02
3.459000000000000000e+03
4.488000000000000000e+03
4.569000000000000000e+03
6.220000000000000000e+02
2.211000000000000000e+03
2.779000000000000000e+03
3.641000000000000000e+03
1.104000000000000000e+03
2.336000000000000000e+03
2.490000000000000000e+02
3.915000000000000000e+03
3.149000000000000000e+03
4.701000000000000000e+03
4.700000000000000000e+03
3.200000000000000000e+02
2.178000000000000000e+03
4.438000000000000000e+03
3.848000000000000000e+03
3.399000000000000000e+03
7.900000000000000000e+01
2.171000000000000000e+03
4.862000000000000000e+03
1.282000000000000000e+03
3.312000000000000000e+03
4.950000000000000000e+03
3.490000000000000000e+03
7.460000000000000000e+02
1.160000000000000000e+03
2.140000000000000000e+02
1.350000000000000000e+03
4.554000000000000000e+03
1.162000000000000000e+03
4.508000000000000000e+03
4.238000000000000000e+03
1.168000000000000000e+03
4.850000000000000000e+03
2.998000000000000000e+03
2.570000000000000000e+03
4.846000000000000000e+03
4.817000000000000000e+03
1.945000000000000000e+03
8.010000000000000000e+02
4.406000000000000000e+03
3.128000000000000000e+03
2.461000000000000000e+03
3.363000000000000000e+03
4.131000000000000000e+03
4.400000000000000000e+02
3.000000000000000000e+01
2.785000000000000000e+03
4.979000000000000000e+03
1.916000000000000000e+03
3.359000000000000000e+03
1.072000000000000000e+03
4.384000000000000000e+03
4.340000000000000000e+02
3.094000000000000000e+03
3.858000000000000000e+03
1.088000000000000000e+03
2.640000000000000000e+02
4.200000000000000000e+03
4.202000000000000000e+03
2.195000000000000000e+03
2.853000000000000000e+03
2.245000000000000000e+03
1.888000000000000000e+03
1.637000000000000000e+03
2.042000000000000000e+03
4.583000000000000000e+03
9.360000000000000000e+02
1.764000000000000000e+03
2.360000000000000000e+03
3.244000000000000000e+03
1.652000000000000000e+03
4.282000000000000000e+03
1.776000000000000000e+03
2.945000000000000000e+03
7.640000000000000000e+02
4.305000000000000000e+03
2.944000000000000000e+03
1.090000000000000000e+02
2.135000000000000000e+03
2.710000000000000000e+03
7.580000000000000000e+02
3.920000000000000000e+02
3.002000000000000000e+03
1.187000000000000000e+03
3.644000000000000000e+03
1.940000000000000000e+02
4.491000000000000000e+03
8.810000000000000000e+02
1.232000000000000000e+03
7.500000000000000000e+02
4.460000000000000000e+03
4.458000000000000000e+03
1.269000000000000000e+03
7.570000000000000000e+02
2.527000000000000000e+03
2.093000000000000000e+03
4.559000000000000000e+03
2.040000000000000000e+03
7.920000000000000000e+02
4.790000000000000000e+02
2.690000000000000000e+03
1.043000000000000000e+03
5.190000000000000000e+02
4.439000000000000000e+03
3.951000000000000000e+03
3.233000000000000000e+03
3.642000000000000000e+03
3.157000000000000000e+03
4.784000000000000000e+03
3.228000000000000000e+03
3.553000000000000000e+03
1.371000000000000000e+03
1.709000000000000000e+03
1.950000000000000000e+02
1.114000000000000000e+03
1.831000000000000000e+03
2.637000000000000000e+03
2.760000000000000000e+02
3.174000000000000000e+03
3.730000000000000000e+02
1.778000000000000000e+03
3.886000000000000000e+03
7.560000000000000000e+02
1.022000000000000000e+03
1.477000000000000000e+03
2.688000000000000000e+03
4.707000000000000000e+03
3.726000000000000000e+03
2.280000000000000000e+03
1.949000000000000000e+03
4.592000000000000000e+03
4.294000000000000000e+03
3.900000000000000000e+02
3.692000000000000000e+03
3.018000000000000000e+03
1.852000000000000000e+03
4.405000000000000000e+03
3.438000000000000000e+03
5.430000000000000000e+02
2.799000000000000000e+03
4.480000000000000000e+02
4.885000000000000000e+03
4.895000000000000000e+03
3.055000000000000000e+03
7.310000000000000000e+02
1.598000000000000000e+03
4.684000000000000000e+03
1.159000000000000000e+03
1.592000000000000000e+03
3.945000000000000000e+03
2.500000000000000000e+02
3.937000000000000000e+03
4.249000000000000000e+03
2.520000000000000000e+02
4.700000000000000000e+01
4.452000000000000000e+03
1.100000000000000000e+01
3.425000000000000000e+03
1.570000000000000000e+02
3.746000000000000000e+03
4.963000000000000000e+03
1.318000000000000000e+03
1.087000000000000000e+03
2.493000000000000000e+03
1.385000000000000000e+03
2.622000000000000000e+03
4.907000000000000000e+03
7.720000000000000000e+02
3.882000000000000000e+03
4.520000000000000000e+02
4.910000000000000000e+02
1.596000000000000000e+03
5.520000000000000000e+02
3.571000000000000000e+03
3.089000000000000000e+03
2.077000000000000000e+03
3.377000000000000000e+03
9.100000000000000000e+02
3.540000000000000000e+03
1.351000000000000000e+03
3.973000000000000000e+03
2.363000000000000000e+03
1.645000000000000000e+03
4.021000000000000000e+03
1.611000000000000000e+03
4.709000000000000000e+03
2.941000000000000000e+03
4.538000000000000000e+03
1.294000000000000000e+03
6.780000000000000000e+02
2.677000000000000000e+03
3.535000000000000000e+03
4.842000000000000000e+03
4.285000000000000000e+03
1.313000000000000000e+03
2.008000000000000000e+03
4.271000000000000000e+03
1.836000000000000000e+03
1.402000000000000000e+03
4.579000000000000000e+03
3.251000000000000000e+03
4.526000000000000000e+03
1.991000000000000000e+03
3.099000000000000000e+03
2.285000000000000000e+03
1.769000000000000000e+03
1.660000000000000000e+03
1.721000000000000000e+03
1.474000000000000000e+03
7.450000000000000000e+02
2.276000000000000000e+03
3.054000000000000000e+03
1.833000000000000000e+03
4.360000000000000000e+03
6.320000000000000000e+02
3.096000000000000000e+03
3.985000000000000000e+03
8.430000000000000000e+02
3.520000000000000000e+02
4.013000000000000000e+03
3.811000000000000000e+03
3.906000000000000000e+03
1.216000000000000000e+03
1.080000000000000000e+02
4.879000000000000000e+03
2.098000000000000000e+03
4.943000000000000000e+03
2.193000000000000000e+03
2.357000000000000000e+03
3.614000000000000000e+03
3.585000000000000000e+03
2.448000000000000000e+03
1.552000000000000000e+03
2.602000000000000000e+03
1.266000000000000000e+03
3.230000000000000000e+02
3.979000000000000000e+03
2.082000000000000000e+03
3.958000000000000000e+03
4.578000000000000000e+03
2.743000000000000000e+03
1.920000000000000000e+03
2.821000000000000000e+03
3.680000000000000000e+02
1.484000000000000000e+03
4.010000000000000000e+02
4.731000000000000000e+03
3.403000000000000000e+03
4.795000000000000000e+03
1.996000000000000000e+03
3.270000000000000000e+03
4.663000000000000000e+03
4.344000000000000000e+03
3.565000000000000000e+03
2.631000000000000000e+03
4.044000000000000000e+03
2.288000000000000000e+03
4.262000000000000000e+03
1.142000000000000000e+03
4.194000000000000000e+03
2.091000000000000000e+03
2.176000000000000000e+03
1.358000000000000000e+03
3.582000000000000000e+03
2.740000000000000000e+03
3.042000000000000000e+03
2.002000000000000000e+03
2.392000000000000000e+03
1.141000000000000000e+03
4.148000000000000000e+03
1.298000000000000000e+03
5.270000000000000000e+02
1.307000000000000000e+03
8.940000000000000000e+02
1.348000000000000000e+03
2.359000000000000000e+03
1.595000000000000000e+03
1.130000000000000000e+02
4.414000000000000000e+03
1.675000000000000000e+03
2.220000000000000000e+03
2.240000000000000000e+03
3.164000000000000000e+03
4.066000000000000000e+03
4.399000000000000000e+03
1.630000000000000000e+02
4.940000000000000000e+03
2.338000000000000000e+03
4.328000000000000000e+03
1.278000000000000000e+03
5.240000000000000000e+02
1.737000000000000000e+03
3.349000000000000000e+03
3.854000000000000000e+03
2.200000000000000000e+01
3.090000000000000000e+02
4.035000000000000000e+03
2.282000000000000000e+03
4.490000000000000000e+02
3.370000000000000000e+02
4.000000000000000000e+01
2.553000000000000000e+03
4.265000000000000000e+03
1.674000000000000000e+03
3.764000000000000000e+03
1.066000000000000000e+03
9.320000000000000000e+02
4.873000000000000000e+03
1.164000000000000000e+03
3.154000000000000000e+03
4.599000000000000000e+03
5.680000000000000000e+02
3.686000000000000000e+03
5.610000000000000000e+02
7.050000000000000000e+02
2.415000000000000000e+03
4.407000000000000000e+03
4.654000000000000000e+03
2.802000000000000000e+03
4.470000000000000000e+03
9.650000000000000000e+02
1.747000000000000000e+03
4.401000000000000000e+03
3.353000000000000000e+03
3.050000000000000000e+03
1.108000000000000000e+03
4.229000000000000000e+03
4.479000000000000000e+03
1.633000000000000000e+03
2.340000000000000000e+02
2.877000000000000000e+03
1.145000000000000000e+03
2.885000000000000000e+03
4.922000000000000000e+03
1.703000000000000000e+03
1.250000000000000000e+03
4.734000000000000000e+03
4.054000000000000000e+03
1.542000000000000000e+03
4.893000000000000000e+03
8.800000000000000000e+02
8.520000000000000000e+02
2.100000000000000000e+01
3.132000000000000000e+03
4.270000000000000000e+02
2.127000000000000000e+03
4.507000000000000000e+03
3.738000000000000000e+03
3.462000000000000000e+03
4.955000000000000000e+03
3.628000000000000000e+03
3.954000000000000000e+03
7.300000000000000000e+01
3.960000000000000000e+03
1.604000000000000000e+03
5.890000000000000000e+02
3.318000000000000000e+03
4.188000000000000000e+03
3.624000000000000000e+03
4.768000000000000000e+03
1.120000000000000000e+03
4.740000000000000000e+03
1.387000000000000000e+03
2.443000000000000000e+03
2.572000000000000000e+03
1.941000000000000000e+03
2.068000000000000000e+03
3.950000000000000000e+02
2.966000000000000000e+03
5.310000000000000000e+02
2.617000000000000000e+03
1.260000000000000000e+03
2.700000000000000000e+03
4.152000000000000000e+03
3.650000000000000000e+03
4.398000000000000000e+03
2.504000000000000000e+03
1.561000000000000000e+03
1.497000000000000000e+03
2.407000000000000000e+03
3.088000000000000000e+03
3.514000000000000000e+03
1.627000000000000000e+03
8.640000000000000000e+02
2.416000000000000000e+03
1.519000000000000000e+03
3.983000000000000000e+03
2.160000000000000000e+03
4.493000000000000000e+03
3.000000000000000000e+00
8.020000000000000000e+02
2.332000000000000000e+03
3.241000000000000000e+03
3.474000000000000000e+03
3.104000000000000000e+03
3.047000000000000000e+03
1.476000000000000000e+03
9.110000000000000000e+02
5.920000000000000000e+02
1.391000000000000000e+03
2.850000000000000000e+03
1.165000000000000000e+03
1.095000000000000000e+03
3.745000000000000000e+03
4.042000000000000000e+03
1.292000000000000000e+03
4.572000000000000000e+03
4.326000000000000000e+03
2.386000000000000000e+03
4.685000000000000000e+03
4.681000000000000000e+03
4.972000000000000000e+03
1.822000000000000000e+03
2.426000000000000000e+03
1.251000000000000000e+03
3.775000000000000000e+03
1.967000000000000000e+03
1.085000000000000000e+03
2.213000000000000000e+03
2.452000000000000000e+03
3.056000000000000000e+03
2.260000000000000000e+03
7.380000000000000000e+02
2.345000000000000000e+03
3.637000000000000000e+03
2.400000000000000000e+02
2.300000000000000000e+02
6.640000000000000000e+02
4.298000000000000000e+03
3.224000000000000000e+03
4.806000000000000000e+03
4.086000000000000000e+03
3.804000000000000000e+03
4.187000000000000000e+03
2.196000000000000000e+03
1.834000000000000000e+03
4.359000000000000000e+03
1.280000000000000000e+02
6.400000000000000000e+02
1.241000000000000000e+03
3.595000000000000000e+03
1.502000000000000000e+03
4.747000000000000000e+03
4.000000000000000000e+03
1.459000000000000000e+03
7.320000000000000000e+02
1.186000000000000000e+03
7.620000000000000000e+02
2.408000000000000000e+03
3.827000000000000000e+03
4.062000000000000000e+03
8.240000000000000000e+02
3.938000000000000000e+03
5.500000000000000000e+02
1.730000000000000000e+03
2.296000000000000000e+03
1.539000000000000000e+03
3.683000000000000000e+03
4.216000000000000000e+03
3.955000000000000000e+03
5.350000000000000000e+02
2.449000000000000000e+03
2.573000000000000000e+03
3.802000000000000000e+03
4.866000000000000000e+03
4.090000000000000000e+03
4.815000000000000000e+03
1.569000000000000000e+03
1.322000000000000000e+03
1.740000000000000000e+03
8.380000000000000000e+02
2.856000000000000000e+03
2.160000000000000000e+02
3.383000000000000000e+03
1.620000000000000000e+03
2.516000000000000000e+03
3.640000000000000000e+03
1.462000000000000000e+03
2.439000000000000000e+03
4.927000000000000000e+03
4.280000000000000000e+03
1.092000000000000000e+03
2.929000000000000000e+03
5.220000000000000000e+02
8.980000000000000000e+02
3.492000000000000000e+03
2.706000000000000000e+03
2.054000000000000000e+03
4.586000000000000000e+03
3.980000000000000000e+03
3.380000000000000000e+03
2.697000000000000000e+03
9.190000000000000000e+02
4.295000000000000000e+03
3.605000000000000000e+03
4.228000000000000000e+03
2.262000000000000000e+03
9.090000000000000000e+02
4.635000000000000000e+03
2.110000000000000000e+02
4.931000000000000000e+03
7.690000000000000000e+02
1.018000000000000000e+03
4.242000000000000000e+03
1.886000000000000000e+03
4.930000000000000000e+03
3.919000000000000000e+03
2.776000000000000000e+03
2.606000000000000000e+03
1.650000000000000000e+03
1.100000000000000000e+02
1.310000000000000000e+03
4.430000000000000000e+03
2.791000000000000000e+03
3.875000000000000000e+03
1.616000000000000000e+03
3.876000000000000000e+03
1.061000000000000000e+03
4.214000000000000000e+03
2.800000000000000000e+02
3.532000000000000000e+03
1.055000000000000000e+03
3.370000000000000000e+03
3.238000000000000000e+03
7.270000000000000000e+02
2.690000000000000000e+02
1.355000000000000000e+03
1.096000000000000000e+03
7.410000000000000000e+02
2.583000000000000000e+03
4.375000000000000000e+03
2.565000000000000000e+03
1.286000000000000000e+03
2.632000000000000000e+03
4.910000000000000000e+03
2.757000000000000000e+03
2.752000000000000000e+03
1.196000000000000000e+03
2.713000000000000000e+03
3.690000000000000000e+02
3.286000000000000000e+03
2.200000000000000000e+02
9.620000000000000000e+02
4.454000000000000000e+03
9.520000000000000000e+02
3.967000000000000000e+03
3.806000000000000000e+03
2.904000000000000000e+03
1.163000000000000000e+03
4.783000000000000000e+03
2.901000000000000000e+03
2.701000000000000000e+03
9.730000000000000000e+02
2.643000000000000000e+03
2.979000000000000000e+03
3.334000000000000000e+03
1.845000000000000000e+03
3.852000000000000000e+03
3.262000000000000000e+03
4.498000000000000000e+03
3.268000000000000000e+03
8.580000000000000000e+02
4.080000000000000000e+02
2.143000000000000000e+03
3.452000000000000000e+03
3.328000000000000000e+03
1.143000000000000000e+03
4.517000000000000000e+03
1.580000000000000000e+03
4.905000000000000000e+03
1.064000000000000000e+03
6.930000000000000000e+02
4.166000000000000000e+03
2.347000000000000000e+03
4.986000000000000000e+03
2.463000000000000000e+03
4.665000000000000000e+03
2.361000000000000000e+03
5.710000000000000000e+02
4.636000000000000000e+03
1.509000000000000000e+03
4.170000000000000000e+03
2.474000000000000000e+03
4.628000000000000000e+03
6.380000000000000000e+02
4.180000000000000000e+03
2.365000000000000000e+03
2.534000000000000000e+03
5.460000000000000000e+02
2.379000000000000000e+03
2.460000000000000000e+03
4.659000000000000000e+03
2.469000000000000000e+03
3.441000000000000000e+03
2.194000000000000000e+03
2.381000000000000000e+03
4.770000000000000000e+03
3.800000000000000000e+03
3.964000000000000000e+03
2.666000000000000000e+03
3.856000000000000000e+03
8.320000000000000000e+02
1.325000000000000000e+03
4.723000000000000000e+03
1.324000000000000000e+03
8.160000000000000000e+02
3.860000000000000000e+02
4.796000000000000000e+03
3.311000000000000000e+03
4.423000000000000000e+03
4.758000000000000000e+03
1.428000000000000000e+03
2.652000000000000000e+03
3.323000000000000000e+03
3.413000000000000000e+03
2.660000000000000000e+02
9.210000000000000000e+02
4.300000000000000000e+01
3.366000000000000000e+03
2.153000000000000000e+03
4.471000000000000000e+03
4.075000000000000000e+03
5.530000000000000000e+02
3.052000000000000000e+03
5.380000000000000000e+02
3.242000000000000000e+03
4.623000000000000000e+03
1.700000000000000000e+03
1.100000000000000000e+03
6.000000000000000000e+02
1.895000000000000000e+03
8.620000000000000000e+02
2.355000000000000000e+03
1.473000000000000000e+03
1.520000000000000000e+02
4.948000000000000000e+03
4.753000000000000000e+03
3.439000000000000000e+03
1.606000000000000000e+03
3.277000000000000000e+03
2.375000000000000000e+03
1.789000000000000000e+03
1.843000000000000000e+03
6.820000000000000000e+02
4.611000000000000000e+03
1.730000000000000000e+02
1.224000000000000000e+03
5.830000000000000000e+02
2.300000000000000000e+01
3.326000000000000000e+03
1.739000000000000000e+03
3.567000000000000000e+03
4.300000000000000000e+02
3.337000000000000000e+03
1.418000000000000000e+03
3.124000000000000000e+03
4.038000000000000000e+03
2.150000000000000000e+02
2.810000000000000000e+02
2.387000000000000000e+03
3.929000000000000000e+03
3.137000000000000000e+03
4.455000000000000000e+03
3.204000000000000000e+03
3.509000000000000000e+03
3.201000000000000000e+03
2.883000000000000000e+03
4.901000000000000000e+03
3.340000000000000000e+02
1.713000000000000000e+03
1.178000000000000000e+03
4.969000000000000000e+03
4.558000000000000000e+03
1.483000000000000000e+03
6.340000000000000000e+02
3.552000000000000000e+03
2.348000000000000000e+03
3.037000000000000000e+03
3.158000000000000000e+03
4.653000000000000000e+03
1.563000000000000000e+03
2.508000000000000000e+03
3.160000000000000000e+02
6.130000000000000000e+02
3.670000000000000000e+03
1.780000000000000000e+02
1.647000000000000000e+03
4.293000000000000000e+03
4.756000000000000000e+03
4.208000000000000000e+03
4.730000000000000000e+02
4.314000000000000000e+03
2.324000000000000000e+03
3.862000000000000000e+03
2.549000000000000000e+03
1.625000000000000000e+03
4.482000000000000000e+03
3.329000000000000000e+03
1.813000000000000000e+03
2.714000000000000000e+03
7.110000000000000000e+02
2.627000000000000000e+03
3.332000000000000000e+03
4.547000000000000000e+03
4.236000000000000000e+03
2.696000000000000000e+03
7.300000000000000000e+02
2.520000000000000000e+03
8.770000000000000000e+02
3.948000000000000000e+03
1.750000000000000000e+02
3.990000000000000000e+03
3.914000000000000000e+03
3.994000000000000000e+03
2.936000000000000000e+03
3.298000000000000000e+03
1.921000000000000000e+03
1.101000000000000000e+03
2.016000000000000000e+03
3.881000000000000000e+03
3.930000000000000000e+03
2.424000000000000000e+03
4.992000000000000000e+03
1.754000000000000000e+03
3.171000000000000000e+03
1.579000000000000000e+03
3.485000000000000000e+03
1.656000000000000000e+03
5.320000000000000000e+02
2.410000000000000000e+02
5.100000000000000000e+01
1.412000000000000000e+03
4.325000000000000000e+03
9.920000000000000000e+02
1.341000000000000000e+03
3.430000000000000000e+03
2.808000000000000000e+03
3.935000000000000000e+03
1.360000000000000000e+02
2.931000000000000000e+03
3.216000000000000000e+03
2.305000000000000000e+03
7.480000000000000000e+02
3.727000000000000000e+03
4.320000000000000000e+03
5.590000000000000000e+02
2.303000000000000000e+03
2.314000000000000000e+03
2.486000000000000000e+03
1.938000000000000000e+03
3.245000000000000000e+03
1.010000000000000000e+02
8.000000000000000000e+02
1.651000000000000000e+03
4.449000000000000000e+03
2.753000000000000000e+03
2.957000000000000000e+03
3.410000000000000000e+02
1.409000000000000000e+03
2.930000000000000000e+02
3.841000000000000000e+03
4.732000000000000000e+03
2.860000000000000000e+03
3.098000000000000000e+03
1.663000000000000000e+03
3.460000000000000000e+02
1.667000000000000000e+03
2.057000000000000000e+03
2.768000000000000000e+03
3.300000000000000000e+03
2.419000000000000000e+03
1.398000000000000000e+03
3.608000000000000000e+03
3.818000000000000000e+03
2.536000000000000000e+03
3.090000000000000000e+03
6.470000000000000000e+02
3.078000000000000000e+03
2.425000000000000000e+03
1.530000000000000000e+03
2.321000000000000000e+03
1.221000000000000000e+03
3.868000000000000000e+03
1.743000000000000000e+03
2.664000000000000000e+03
1.067000000000000000e+03
4.754000000000000000e+03
4.845000000000000000e+03
3.750000000000000000e+03
1.670000000000000000e+02
1.951000000000000000e+03
4.113000000000000000e+03
6.570000000000000000e+02
6.900000000000000000e+01
2.159000000000000000e+03
7.090000000000000000e+02
4.496000000000000000e+03
1.317000000000000000e+03
2.800000000000000000e+03
4.643000000000000000e+03
1.810000000000000000e+02
4.315000000000000000e+03
4.833000000000000000e+03
4.989000000000000000e+03
8.250000000000000000e+02
1.612000000000000000e+03
1.051000000000000000e+03
4.031000000000000000e+03
1.432000000000000000e+03
4.848000000000000000e+03
2.981000000000000000e+03
3.360000000000000000e+03
3.389000000000000000e+03
2.301000000000000000e+03
2.182000000000000000e+03
1.240000000000000000e+03
4.980000000000000000e+03
1.540000000000000000e+03
2.362000000000000000e+03
3.621000000000000000e+03
2.559000000000000000e+03
3.173000000000000000e+03
3.763000000000000000e+03
2.653000000000000000e+03
8.300000000000000000e+02
7.510000000000000000e+02
4.800000000000000000e+01
4.167000000000000000e+03
3.944000000000000000e+03
1.465000000000000000e+03
2.639000000000000000e+03
3.123000000000000000e+03
1.139000000000000000e+03
3.213000000000000000e+03
3.023000000000000000e+03
3.711000000000000000e+03
2.711000000000000000e+03
3.371000000000000000e+03
1.676000000000000000e+03
2.263000000000000000e+03
1.436000000000000000e+03
4.445000000000000000e+03
2.615000000000000000e+03
4.535000000000000000e+03
3.276000000000000000e+03
3.592000000000000000e+03
4.119000000000000000e+03
3.797000000000000000e+03
3.699000000000000000e+03
2.090000000000000000e+03
3.580000000000000000e+02
3.347000000000000000e+03
5.150000000000000000e+02
8.370000000000000000e+02
2.708000000000000000e+03
4.091000000000000000e+03
3.240000000000000000e+02
4.878000000000000000e+03
3.599000000000000000e+03
4.177000000000000000e+03
1.704000000000000000e+03
9.850000000000000000e+02
1.725000000000000000e+03
5.280000000000000000e+02
3.809000000000000000e+03
4.184000000000000000e+03
1.479000000000000000e+03
2.610000000000000000e+03
4.230000000000000000e+03
4.386000000000000000e+03
1.250000000000000000e+02
9.830000000000000000e+02
3.961000000000000000e+03
1.710000000000000000e+03
1.554000000000000000e+03
2.830000000000000000e+03
4.311000000000000000e+03
3.091000000000000000e+03
3.001000000000000000e+03
8.210000000000000000e+02
2.864000000000000000e+03
2.344000000000000000e+03
3.214000000000000000e+03
1.370000000000000000e+02
1.642000000000000000e+03
1.828000000000000000e+03
1.678000000000000000e+03
3.373000000000000000e+03
1.237000000000000000e+03
1.500000000000000000e+02
1.556000000000000000e+03
1.045000000000000000e+03
1.700000000000000000e+02
4.389000000000000000e+03
4.782000000000000000e+03
1.981000000000000000e+03
3.528000000000000000e+03
7.600000000000000000e+01
4.266000000000000000e+03
4.609000000000000000e+03
2.475000000000000000e+03
3.908000000000000000e+03
4.946000000000000000e+03
4.939000000000000000e+03
2.973000000000000000e+03
1.013000000000000000e+03
4.889000000000000000e+03
3.705000000000000000e+03
1.002000000000000000e+03
4.345000000000000000e+03
4.721000000000000000e+03
1.692000000000000000e+03
4.200000000000000000e+02
1.035000000000000000e+03
4.773000000000000000e+03
4.284000000000000000e+03
5.800000000000000000e+01
2.950000000000000000e+03
5.000000000000000000e+00
1.772000000000000000e+03
1.911000000000000000e+03
4.181000000000000000e+03
2.990000000000000000e+03
3.284000000000000000e+03
6.600000000000000000e+01
2.881000000000000000e+03
2.855000000000000000e+03
1.620000000000000000e+02
3.150000000000000000e+03
2.591000000000000000e+03
3.490000000000000000e+02
2.604000000000000000e+03
2.763000000000000000e+03
2.630000000000000000e+03
9.180000000000000000e+02
4.472000000000000000e+03
4.775000000000000000e+03
1.990000000000000000e+03
4.690000000000000000e+03
3.893000000000000000e+03
2.155000000000000000e+03
3.442000000000000000e+03
2.554000000000000000e+03
2.668000000000000000e+03
4.267000000000000000e+03
4.310000000000000000e+03
3.956000000000000000e+03
4.500000000000000000e+03
2.462000000000000000e+03
3.666000000000000000e+03
2.854000000000000000e+03
1.854000000000000000e+03
4.621000000000000000e+03
3.664000000000000000e+03
4.077000000000000000e+03
3.500000000000000000e+03
4.141000000000000000e+03
1.297000000000000000e+03
2.442000000000000000e+03
1.416000000000000000e+03
8.040000000000000000e+02
4.073000000000000000e+03
9.990000000000000000e+02
3.375000000000000000e+03
1.670000000000000000e+03
3.927000000000000000e+03
1.212000000000000000e+03
3.488000000000000000e+03
3.498000000000000000e+03
4.234000000000000000e+03
3.310000000000000000e+02
3.739000000000000000e+03
2.937000000000000000e+03
2.800000000000000000e+01
3.731000000000000000e+03
4.887000000000000000e+03
7.610000000000000000e+02
3.640000000000000000e+02
3.855000000000000000e+03
6.920000000000000000e+02
3.550000000000000000e+03
4.715000000000000000e+03
2.750000000000000000e+02
1.816000000000000000e+03
4.619000000000000000e+03
1.682000000000000000e+03
1.997000000000000000e+03
2.166000000000000000e+03
2.293000000000000000e+03
1.591000000000000000e+03
2.672000000000000000e+03
3.118000000000000000e+03
3.029000000000000000e+03
4.168000000000000000e+03
3.358000000000000000e+03
8.870000000000000000e+02
2.014000000000000000e+03
4.574000000000000000e+03
4.500000000000000000e+01
1.983000000000000000e+03
2.692000000000000000e+03
1.950000000000000000e+03
6.700000000000000000e+02
2.349000000000000000e+03
4.250000000000000000e+03
3.046000000000000000e+03
1.192000000000000000e+03
4.661000000000000000e+03
3.209000000000000000e+03
4.540000000000000000e+02
9.280000000000000000e+02
7.940000000000000000e+02
1.584000000000000000e+03
4.108000000000000000e+03
3.645000000000000000e+03
1.910000000000000000e+02
9.260000000000000000e+02
1.677000000000000000e+03
4.550000000000000000e+02
2.626000000000000000e+03
3.788000000000000000e+03
3.281000000000000000e+03
8.530000000000000000e+02
4.110000000000000000e+02
2.158000000000000000e+03
1.242000000000000000e+03
1.545000000000000000e+03
2.675000000000000000e+03
4.010000000000000000e+03
8.730000000000000000e+02
2.311000000000000000e+03
5.210000000000000000e+02
4.607000000000000000e+03
1.258000000000000000e+03
2.510000000000000000e+03
4.206000000000000000e+03
8.230000000000000000e+02
5.400000000000000000e+02
3.279000000000000000e+03
4.306000000000000000e+03
8.930000000000000000e+02
2.229000000000000000e+03
4.279000000000000000e+03
3.995000000000000000e+03
3.590000000000000000e+02
3.011000000000000000e+03
3.313000000000000000e+03
3.348000000000000000e+03
4.142000000000000000e+03
9.770000000000000000e+02
9.800000000000000000e+02
2.980000000000000000e+02
4.570000000000000000e+03
3.880000000000000000e+03
5.700000000000000000e+02
3.394000000000000000e+03
4.434000000000000000e+03
3.598000000000000000e+03
3.060000000000000000e+02
3.190000000000000000e+02
6.250000000000000000e+02
1.871000000000000000e+03
1.106000000000000000e+03
4.164000000000000000e+03
3.801000000000000000e+03
4.982000000000000000e+03
2.180000000000000000e+02
3.314000000000000000e+03
3.384000000000000000e+03
2.278000000000000000e+03
4.705000000000000000e+03
4.117000000000000000e+03
2.396000000000000000e+03
8.200000000000000000e+01
3.889000000000000000e+03
1.923000000000000000e+03
7.360000000000000000e+02
3.440000000000000000e+02
6.700000000000000000e+01
2.725000000000000000e+03
3.969000000000000000e+03
2.000000000000000000e+00
6.140000000000000000e+02
2.588000000000000000e+03
1.609000000000000000e+03
3.508000000000000000e+03
2.862000000000000000e+03
5.450000000000000000e+02
1.309000000000000000e+03
1.420000000000000000e+03
3.789000000000000000e+03
2.642000000000000000e+03
2.208000000000000000e+03
2.430000000000000000e+03
2.031000000000000000e+03
1.567000000000000000e+03
2.480000000000000000e+02
4.310000000000000000e+02
3.544000000000000000e+03
4.174000000000000000e+03
7.330000000000000000e+02
1.366000000000000000e+03
4.821000000000000000e+03
3.496000000000000000e+03
4.641000000000000000e+03
3.021000000000000000e+03
2.328000000000000000e+03
3.022000000000000000e+03
2.122000000000000000e+03
4.668000000000000000e+03
2.400000000000000000e+03
3.814000000000000000e+03
3.031000000000000000e+03
4.466000000000000000e+03
4.186000000000000000e+03
3.525000000000000000e+03
2.600000000000000000e+03
1.762000000000000000e+03
2.011000000000000000e+03
2.827000000000000000e+03
2.034000000000000000e+03
2.268000000000000000e+03
4.658000000000000000e+03
5.960000000000000000e+02
2.980000000000000000e+03
1.243000000000000000e+03
2.060000000000000000e+02
1.985000000000000000e+03
8.410000000000000000e+02
1.290000000000000000e+03
2.586000000000000000e+03
4.987000000000000000e+03
3.768000000000000000e+03
4.720000000000000000e+02
7.970000000000000000e+02
3.916000000000000000e+03
6.760000000000000000e+02
1.974000000000000000e+03
4.565000000000000000e+03
7.880000000000000000e+02
4.105000000000000000e+03
1.267000000000000000e+03
1.894000000000000000e+03
4.350000000000000000e+03
1.893000000000000000e+03
3.207000000000000000e+03
2.112000000000000000e+03
3.720000000000000000e+02
3.194000000000000000e+03
1.711000000000000000e+03
2.353000000000000000e+03
7.220000000000000000e+02
1.068000000000000000e+03
4.640000000000000000e+02
3.779000000000000000e+03
4.410000000000000000e+03
2.983000000000000000e+03
3.895000000000000000e+03
2.773000000000000000e+03
3.710000000000000000e+03
3.398000000000000000e+03
4.959000000000000000e+03
7.750000000000000000e+02
1.694000000000000000e+03
1.603000000000000000e+03
2.489000000000000000e+03
3.006000000000000000e+03
8.150000000000000000e+02
2.640000000000000000e+03
3.198000000000000000e+03
3.898000000000000000e+03
2.917000000000000000e+03
3.720000000000000000e+03
4.340000000000000000e+03
1.794000000000000000e+03
1.718000000000000000e+03
4.877000000000000000e+03
9.490000000000000000e+02
2.450000000000000000e+03
1.500000000000000000e+01
4.193000000000000000e+03
4.413000000000000000e+03
3.860000000000000000e+03
1.180000000000000000e+02
2.411000000000000000e+03
1.046000000000000000e+03
9.750000000000000000e+02
8.290000000000000000e+02
9.570000000000000000e+02
3.000000000000000000e+03
1.729000000000000000e+03
3.397000000000000000e+03
1.903000000000000000e+03
1.431000000000000000e+03
1.300000000000000000e+02
4.362000000000000000e+03
3.428000000000000000e+03
4.111000000000000000e+03
4.648000000000000000e+03
3.109000000000000000e+03
9.440000000000000000e+02
1.306000000000000000e+03
3.223000000000000000e+03
2.290000000000000000e+02
3.232000000000000000e+03
4.608000000000000000e+03
4.040000000000000000e+03
4.777000000000000000e+03
3.635000000000000000e+03
2.820000000000000000e+02
3.997000000000000000e+03
8.400000000000000000e+02
2.865000000000000000e+03
1.315000000000000000e+03
2.670000000000000000e+03
2.447000000000000000e+03
1.549000000000000000e+03
1.913000000000000000e+03
5.900000000000000000e+02
1.211000000000000000e+03
4.468000000000000000e+03
4.840000000000000000e+02
3.695000000000000000e+03
4.338000000000000000e+03
4.662000000000000000e+03
3.627000000000000000e+03
1.329000000000000000e+03
3.378000000000000000e+03
3.790000000000000000e+03
9.170000000000000000e+02
1.733000000000000000e+03
4.954000000000000000e+03
1.080000000000000000e+03
7.740000000000000000e+02
1.723000000000000000e+03
1.433000000000000000e+03
1.787000000000000000e+03
3.261000000000000000e+03
4.780000000000000000e+03
2.597000000000000000e+03
4.190000000000000000e+02
2.217000000000000000e+03
4.165000000000000000e+03
1.170000000000000000e+03
1.802000000000000000e+03
3.766000000000000000e+03
4.548000000000000000e+03
2.360000000000000000e+02
3.831000000000000000e+03
1.015000000000000000e+03
4.938000000000000000e+03
2.786000000000000000e+03
5.770000000000000000e+02
3.521000000000000000e+03
1.685000000000000000e+03
7.630000000000000000e+02
1.050000000000000000e+03
4.390000000000000000e+02
5.620000000000000000e+02
3.184000000000000000e+03
1.875000000000000000e+03
4.240000000000000000e+02
1.379000000000000000e+03
1.272000000000000000e+03
1.016000000000000000e+03
3.602000000000000000e+03
3.152000000000000000e+03
4.392000000000000000e+03
3.701000000000000000e+03
2.061000000000000000e+03
7.040000000000000000e+02
2.940000000000000000e+02
4.114000000000000000e+03
1.590000000000000000e+02
3.907000000000000000e+03
4.769000000000000000e+03
5.510000000000000000e+02
4.524000000000000000e+03
1.531000000000000000e+03
8.470000000000000000e+02
9.030000000000000000e+02
3.100000000000000000e+02
2.322000000000000000e+03
1.726000000000000000e+03
1.897000000000000000e+03
4.153000000000000000e+03
1.062000000000000000e+03
1.389000000000000000e+03
4.476000000000000000e+03
2.732000000000000000e+03
3.736000000000000000e+03
4.487000000000000000e+03
1.107000000000000000e+03
1.653000000000000000e+03
4.047000000000000000e+03
3.210000000000000000e+02
1.659000000000000000e+03
3.422000000000000000e+03
1.470000000000000000e+02
4.542000000000000000e+03
1.200000000000000000e+01
3.574000000000000000e+03
4.341000000000000000e+03
2.092000000000000000e+03
1.000000000000000000e+03
1.069000000000000000e+03
7.800000000000000000e+01
2.342000000000000000e+03
4.613000000000000000e+03
1.414000000000000000e+03
2.951000000000000000e+03
8.360000000000000000e+02
2.378000000000000000e+03
2.384000000000000000e+03
7.670000000000000000e+02
6.970000000000000000e+02
7.020000000000000000e+02
1.623000000000000000e+03
4.121000000000000000e+03
4.704000000000000000e+03
4.501000000000000000e+03
4.380000000000000000e+03
1.249000000000000000e+03
4.834000000000000000e+03
3.293000000000000000e+03
3.988000000000000000e+03
3.778000000000000000e+03
1.901000000000000000e+03
3.749000000000000000e+03
3.344000000000000000e+03
3.379000000000000000e+03
2.246000000000000000e+03
3.931000000000000000e+03
2.404000000000000000e+03
3.247000000000000000e+03
2.503000000000000000e+03
1.562000000000000000e+03
2.172000000000000000e+03
2.834000000000000000e+03
2.736000000000000000e+03
4.098000000000000000e+03
1.384000000000000000e+03
1.288000000000000000e+03
2.020000000000000000e+02
4.020000000000000000e+02
5.170000000000000000e+02
4.670000000000000000e+02
6.860000000000000000e+02
4.964000000000000000e+03
4.936000000000000000e+03
1.008000000000000000e+03
3.178000000000000000e+03
1.538000000000000000e+03
3.500000000000000000e+02
3.617000000000000000e+03
8.050000000000000000e+02
3.455000000000000000e+03
3.660000000000000000e+03
6.800000000000000000e+01
3.700000000000000000e+03
2.472000000000000000e+03
4.335000000000000000e+03
1.689000000000000000e+03
5.110000000000000000e+02
8.450000000000000000e+02
2.410000000000000000e+03
1.546000000000000000e+03
1.940000000000000000e+03
1.492000000000000000e+03
3.975000000000000000e+03
7.860000000000000000e+02
1.099000000000000000e+03
2.674000000000000000e+03
4.998000000000000000e+03
3.900000000000000000e+01
4.248000000000000000e+03
2.284000000000000000e+03
2.329000000000000000e+03
2.618000000000000000e+03
3.103000000000000000e+03
2.277000000000000000e+03
2.655000000000000000e+03
3.288000000000000000e+03
3.540000000000000000e+02
4.089000000000000000e+03
2.152000000000000000e+03
1.331000000000000000e+03
4.710000000000000000e+03
2.105000000000000000e+03
1.440000000000000000e+02
2.529000000000000000e+03
1.312000000000000000e+03
4.159000000000000000e+03
5.860000000000000000e+02
5.980000000000000000e+02
2.986000000000000000e+03
1.452000000000000000e+03
3.891000000000000000e+03
3.040000000000000000e+02
1.664000000000000000e+03
3.990000000000000000e+02
4.132000000000000000e+03
1.333000000000000000e+03
3.518000000000000000e+03
1.555000000000000000e+03
4.996000000000000000e+03
4.818000000000000000e+03
6.060000000000000000e+02
3.791000000000000000e+03
2.307000000000000000e+03
2.804000000000000000e+03
1.826000000000000000e+03
1.194000000000000000e+03
4.695000000000000000e+03
5.390000000000000000e+02
1.882000000000000000e+03
4.189000000000000000e+03
1.183000000000000000e+03
1.804000000000000000e+03
2.770000000000000000e+02
9.420000000000000000e+02
2.107000000000000000e+03
4.450000000000000000e+02
1.375000000000000000e+03
4.429000000000000000e+03
1.722000000000000000e+03
2.243000000000000000e+03
2.880000000000000000e+03
2.141000000000000000e+03
1.780000000000000000e+03
4.597000000000000000e+03
4.870000000000000000e+03
1.735000000000000000e+03
1.565000000000000000e+03
2.083000000000000000e+03
2.742000000000000000e+03
4.139000000000000000e+03
2.137000000000000000e+03
4.283000000000000000e+03
2.235000000000000000e+03
3.750000000000000000e+02
3.510000000000000000e+03
1.257000000000000000e+03
4.134000000000000000e+03
6.450000000000000000e+02
4.201000000000000000e+03
1.783000000000000000e+03
2.094000000000000000e+03
6.710000000000000000e+02
4.239000000000000000e+03
4.730000000000000000e+03
2.103000000000000000e+03
4.780000000000000000e+02
2.128000000000000000e+03
2.086000000000000000e+03
1.600000000000000000e+03
1.226000000000000000e+03
2.811000000000000000e+03
3.597000000000000000e+03
4.012000000000000000e+03
3.911000000000000000e+03
3.953000000000000000e+03
2.273000000000000000e+03
2.795000000000000000e+03
4.351000000000000000e+03
2.287000000000000000e+03
2.496000000000000000e+03
4.118000000000000000e+03
2.741000000000000000e+03
1.885000000000000000e+03
4.210000000000000000e+02
1.284000000000000000e+03
1.430000000000000000e+02
8.880000000000000000e+02
1.235000000000000000e+03
1.349000000000000000e+03
3.673000000000000000e+03
1.353000000000000000e+03
3.189000000000000000e+03
3.407000000000000000e+03
4.387000000000000000e+03
4.626000000000000000e+03
3.986000000000000000e+03
3.036000000000000000e+03
1.844000000000000000e+03
4.646000000000000000e+03
3.984000000000000000e+03
3.940000000000000000e+03
1.031000000000000000e+03
4.173000000000000000e+03
4.083000000000000000e+03
2.922000000000000000e+03
5.360000000000000000e+02
9.460000000000000000e+02
3.716000000000000000e+03
3.437000000000000000e+03
2.905000000000000000e+03
4.051000000000000000e+03
4.092000000000000000e+03
4.162000000000000000e+03
1.131000000000000000e+03
6.870000000000000000e+02
7.390000000000000000e+02
6.510000000000000000e+02
1.724000000000000000e+03
4.063000000000000000e+03
1.987000000000000000e+03
1.146000000000000000e+03
1.807000000000000000e+03
4.133000000000000000e+03
2.927000000000000000e+03
2.421000000000000000e+03
4.727000000000000000e+03
4.327000000000000000e+03
9.980000000000000000e+02
2.577000000000000000e+03
8.490000000000000000e+02
1.369000000000000000e+03
3.275000000000000000e+03
3.504000000000000000e+03
3.522000000000000000e+03
2.310000000000000000e+03
1.541000000000000000e+03
3.130000000000000000e+02
4.816000000000000000e+03
2.100000000000000000e+03
3.527000000000000000e+03
2.039000000000000000e+03
2.350000000000000000e+02
1.246000000000000000e+03
4.828000000000000000e+03
1.868000000000000000e+03
1.490000000000000000e+03
1.073000000000000000e+03
2.280000000000000000e+02
8.840000000000000000e+02
2.809000000000000000e+03
2.222000000000000000e+03
1.394000000000000000e+03
2.964000000000000000e+03
1.973000000000000000e+03
1.001000000000000000e+03
3.350000000000000000e+03
3.257000000000000000e+03
1.600000000000000000e+02
1.860000000000000000e+02
1.767000000000000000e+03
3.743000000000000000e+03
2.218000000000000000e+03
3.450000000000000000e+03
4.107000000000000000e+03
1.407000000000000000e+03
3.192000000000000000e+03
6.740000000000000000e+02
2.545000000000000000e+03
4.772000000000000000e+03
2.620000000000000000e+03
1.615000000000000000e+03
2.255000000000000000e+03
7.840000000000000000e+02
7.000000000000000000e+01
5.950000000000000000e+02
3.483000000000000000e+03
2.850000000000000000e+02
2.102000000000000000e+03
3.549000000000000000e+03
5.800000000000000000e+02
4.478000000000000000e+03
3.461000000000000000e+03
5.720000000000000000e+02
3.803000000000000000e+03
9.370000000000000000e+02
9.580000000000000000e+02
2.513000000000000000e+03
3.819000000000000000e+03
3.476000000000000000e+03
1.841000000000000000e+03
1.528000000000000000e+03
1.566000000000000000e+03
2.021000000000000000e+03
2.974000000000000000e+03
5.670000000000000000e+02
1.568000000000000000e+03
3.589000000000000000e+03
3.420000000000000000e+02
4.691000000000000000e+03
3.250000000000000000e+02
2.769000000000000000e+03
2.438000000000000000e+03
4.195000000000000000e+03
3.368000000000000000e+03
1.472000000000000000e+03
3.897000000000000000e+03
1.758000000000000000e+03
1.025000000000000000e+03
1.851000000000000000e+03
4.150000000000000000e+02
4.130000000000000000e+02
3.932000000000000000e+03
1.357000000000000000e+03
2.930000000000000000e+03
3.087000000000000000e+03
4.763000000000000000e+03
4.060000000000000000e+02
1.091000000000000000e+03
1.934000000000000000e+03
6.080000000000000000e+02
3.075000000000000000e+03
2.720000000000000000e+02
3.448000000000000000e+03
3.254000000000000000e+03
1.166000000000000000e+03
4.465000000000000000e+03
2.756000000000000000e+03
3.632000000000000000e+03
7.130000000000000000e+02
2.969000000000000000e+03
4.722000000000000000e+03
1.768000000000000000e+03
8.340000000000000000e+02
3.551000000000000000e+03
3.220000000000000000e+03
4.593000000000000000e+03
1.147000000000000000e+03
4.676000000000000000e+03
1.887000000000000000e+03
4.068000000000000000e+03
3.747000000000000000e+03
1.766000000000000000e+03
2.254000000000000000e+03
4.291000000000000000e+03
3.243000000000000000e+03
3.580000000000000000e+03
1.510000000000000000e+02
1.800000000000000000e+01
4.033000000000000000e+03
1.635000000000000000e+03
2.760000000000000000e+03
4.372000000000000000e+03
8.500000000000000000e+01
4.766000000000000000e+03
4.040000000000000000e+02
1.795000000000000000e+03
5.000000000000000000e+01
1.036000000000000000e+03
1.445000000000000000e+03
3.832000000000000000e+03
2.519000000000000000e+03
1.118000000000000000e+03
4.024000000000000000e+03
4.052000000000000000e+03
1.451000000000000000e+03
2.454000000000000000e+03
3.520000000000000000e+03
3.309000000000000000e+03
4.995000000000000000e+03
2.987000000000000000e+03
4.560000000000000000e+02
3.221000000000000000e+03
2.673000000000000000e+03
4.427000000000000000e+03
2.734000000000000000e+03
4.339000000000000000e+03
4.008000000000000000e+03
4.776000000000000000e+03
3.426000000000000000e+03
4.275000000000000000e+03
4.015000000000000000e+03
2.441000000000000000e+03
3.719000000000000000e+03
2.648000000000000000e+03
2.587000000000000000e+03
3.343000000000000000e+03
3.095000000000000000e+03
4.697000000000000000e+03
3.069000000000000000e+03
4.397000000000000000e+03
3.341000000000000000e+03
4.274000000000000000e+03
3.735000000000000000e+03
1.005000000000000000e+03
2.634000000000000000e+03
2.543000000000000000e+03
4.029000000000000000e+03
3.696000000000000000e+03
2.232000000000000000e+03
3.105000000000000000e+03
3.449000000000000000e+03
1.423000000000000000e+03
1.570000000000000000e+03
1.457000000000000000e+03
1.580000000000000000e+02
3.596000000000000000e+03
2.371000000000000000e+03
3.305000000000000000e+03
2.552000000000000000e+03
1.619000000000000000e+03
2.200000000000000000e+03
1.920000000000000000e+02
2.645000000000000000e+03
4.502000000000000000e+03
6.680000000000000000e+02
2.275000000000000000e+03
3.434000000000000000e+03
2.891000000000000000e+03
4.545000000000000000e+03
6.770000000000000000e+02
1.365000000000000000e+03
3.654000000000000000e+03
1.231000000000000000e+03
1.326000000000000000e+03
2.997000000000000000e+03
1.984000000000000000e+03
1.932000000000000000e+03
2.816000000000000000e+03
1.880000000000000000e+02
1.860000000000000000e+03
4.781000000000000000e+03
3.946000000000000000e+03
2.000000000000000000e+02
3.050000000000000000e+02
6.030000000000000000e+02
8.680000000000000000e+02
4.494000000000000000e+03
2.747000000000000000e+03
3.220000000000000000e+02
2.490000000000000000e+03
7.400000000000000000e+01
3.107000000000000000e+03
3.643000000000000000e+03
9.740000000000000000e+02
3.285000000000000000e+03
4.837000000000000000e+03
6.620000000000000000e+02
7.370000000000000000e+02
8.800000000000000000e+01
4.220000000000000000e+02
4.600000000000000000e+02
2.079000000000000000e+03
6.050000000000000000e+02
2.148000000000000000e+03
3.280000000000000000e+02
2.921000000000000000e+03
2.037000000000000000e+03
4.307000000000000000e+03
1.829000000000000000e+03
4.102000000000000000e+03
4.801000000000000000e+03
5.600000000000000000e+02
3.454000000000000000e+03
2.909000000000000000e+03
4.383000000000000000e+03
1.368000000000000000e+03
4.257000000000000000e+03
2.920000000000000000e+02
3.429000000000000000e+03
4.402000000000000000e+03
4.079000000000000000e+03
1.657000000000000000e+03
6.160000000000000000e+02
4.882000000000000000e+03
2.839000000000000000e+03
4.221000000000000000e+03
4.076000000000000000e+03
2.556000000000000000e+03
7.240000000000000000e+02
2.090000000000000000e+02
2.015000000000000000e+03
2.330000000000000000e+02
4.791000000000000000e+03
2.051000000000000000e+03
3.960000000000000000e+02
1.524000000000000000e+03
2.537000000000000000e+03
6.430000000000000000e+02
7.290000000000000000e+02
4.630000000000000000e+03
1.602000000000000000e+03
1.797000000000000000e+03
2.310000000000000000e+02
1.550000000000000000e+03
2.990000000000000000e+02
2.458000000000000000e+03
8.120000000000000000e+02
2.283000000000000000e+03
3.829000000000000000e+03
4.278000000000000000e+03
3.237000000000000000e+03
4.516000000000000000e+03
4.260000000000000000e+03
3.837000000000000000e+03
4.671000000000000000e+03
2.351000000000000000e+03
3.600000000000000000e+01
3.395000000000000000e+03
4.280000000000000000e+02
4.980000000000000000e+02
1.303000000000000000e+03
3.236000000000000000e+03
9.690000000000000000e+02
2.814000000000000000e+03
2.731000000000000000e+03
3.830000000000000000e+03
2.707000000000000000e+03
1.281000000000000000e+03
3.740000000000000000e+03
2.048000000000000000e+03
3.335000000000000000e+03
3.435000000000000000e+03
1.691000000000000000e+03
2.327000000000000000e+03
1.354000000000000000e+03
3.495000000000000000e+03
6.880000000000000000e+02
9.680000000000000000e+02
4.573000000000000000e+03
1.475000000000000000e+03
4.534000000000000000e+03
1.958000000000000000e+03
2.075000000000000000e+03
1.123000000000000000e+03
7.100000000000000000e+02
1.512000000000000000e+03
3.120000000000000000e+03
1.007000000000000000e+03
1.890000000000000000e+03
1.506000000000000000e+03
5.660000000000000000e+02
4.528000000000000000e+03
7.990000000000000000e+02
2.023000000000000000e+03
2.794000000000000000e+03
4.617000000000000000e+03
2.099000000000000000e+03
7.980000000000000000e+02
4.185000000000000000e+03
5.040000000000000000e+02
2.413000000000000000e+03
8.820000000000000000e+02
1.060000000000000000e+02
4.900000000000000000e+02
4.794000000000000000e+03
3.447000000000000000e+03
9.410000000000000000e+02
2.069000000000000000e+03
4.512000000000000000e+03
1.532000000000000000e+03
4.270000000000000000e+03
3.120000000000000000e+02
3.604000000000000000e+03
4.693000000000000000e+03
3.235000000000000000e+03
4.787000000000000000e+03
3.040000000000000000e+03
7.810000000000000000e+02
4.448000000000000000e+03
5.760000000000000000e+02
3.436000000000000000e+03
3.794000000000000000e+03
2.455000000000000000e+03
6.120000000000000000e+02
1.094000000000000000e+03
2.467000000000000000e+03
4.297000000000000000e+03
4.974000000000000000e+03
5.580000000000000000e+02
2.702000000000000000e+03
3.297000000000000000e+03
1.942000000000000000e+03
4.577000000000000000e+03
3.591000000000000000e+03
3.345000000000000000e+03
2.460000000000000000e+02
2.067000000000000000e+03
3.167000000000000000e+03
8.460000000000000000e+02
6.200000000000000000e+02
4.400000000000000000e+03
4.374000000000000000e+03
1.573000000000000000e+03
2.960000000000000000e+03
1.220000000000000000e+02
1.560000000000000000e+03
4.726000000000000000e+03
1.274000000000000000e+03
1.377000000000000000e+03
4.906000000000000000e+03
8.270000000000000000e+02
5.120000000000000000e+02
2.623000000000000000e+03
2.115000000000000000e+03
4.650000000000000000e+02
4.544000000000000000e+03
1.848000000000000000e+03
6.440000000000000000e+02
6.410000000000000000e+02
4.055000000000000000e+03
4.897000000000000000e+03
2.819000000000000000e+03
4.610000000000000000e+03
2.096000000000000000e+03
2.114000000000000000e+03
9.810000000000000000e+02
4.065000000000000000e+03
2.999000000000000000e+03
2.030000000000000000e+03
4.511000000000000000e+03
7.790000000000000000e+02
4.667000000000000000e+03
2.265000000000000000e+03
1.534000000000000000e+03
3.724000000000000000e+03
3.697000000000000000e+03
3.211000000000000000e+03
2.212000000000000000e+03
1.590000000000000000e+03
9.840000000000000000e+02
4.301000000000000000e+03
3.205000000000000000e+03
4.786000000000000000e+03
1.880000000000000000e+03
4.854000000000000000e+03
3.443000000000000000e+03
4.244000000000000000e+03
4.196000000000000000e+03
4.277000000000000000e+03
1.936000000000000000e+03
1.296000000000000000e+03
6.300000000000000000e+02
2.590000000000000000e+03
6.500000000000000000e+02
4.616000000000000000e+03
2.487000000000000000e+03
1.883000000000000000e+03
1.185000000000000000e+03
2.551000000000000000e+03
1.511000000000000000e+03
4.354000000000000000e+03
2.370000000000000000e+02
3.333000000000000000e+03
3.545000000000000000e+03
3.851000000000000000e+03
2.052000000000000000e+03
3.839000000000000000e+03
