4.345000000000000000e+03
3.246000000000000000e+03
2.890000000000000000e+03
2.029000000000000000e+03
4.854000000000000000e+03
2.805000000000000000e+03
2.577000000000000000e+03
3.457000000000000000e+03
4.080000000000000000e+03
4.532000000000000000e+03
1.626000000000000000e+03
3.631000000000000000e+03
3.710000000000000000e+03
1.756000000000000000e+03
4.239000000000000000e+03
1.777000000000000000e+03
6.070000000000000000e+02
2.736000000000000000e+03
4.071000000000000000e+03
2.496000000000000000e+03
3.091000000000000000e+03
3.879000000000000000e+03
2.940000000000000000e+02
1.006000000000000000e+03
3.798000000000000000e+03
3.498000000000000000e+03
1.930000000000000000e+02
1.631000000000000000e+03
1.220000000000000000e+02
1.154000000000000000e+03
4.380000000000000000e+03
1.200000000000000000e+01
1.741000000000000000e+03
2.465000000000000000e+03
4.913000000000000000e+03
1.315000000000000000e+03
2.531000000000000000e+03
1.664000000000000000e+03
4.330000000000000000e+03
3.387000000000000000e+03
2.360000000000000000e+03
3.584000000000000000e+03
1.936000000000000000e+03
3.150000000000000000e+03
4.738000000000000000e+03
3.886000000000000000e+03
2.045000000000000000e+03
2.868000000000000000e+03
4.529000000000000000e+03
3.958000000000000000e+03
2.548000000000000000e+03
4.389000000000000000e+03
3.510000000000000000e+02
3.550000000000000000e+03
4.189000000000000000e+03
3.710000000000000000e+02
1.533000000000000000e+03
3.604000000000000000e+03
3.342000000000000000e+03
4.131000000000000000e+03
3.253000000000000000e+03
6.950000000000000000e+02
4.680000000000000000e+02
7.430000000000000000e+02
1.671000000000000000e+03
3.888000000000000000e+03
3.230000000000000000e+03
1.178000000000000000e+03
7.970000000000000000e+02
6.140000000000000000e+02
3.899000000000000000e+03
2.154000000000000000e+03
3.702000000000000000e+03
3.776000000000000000e+03
2.479000000000000000e+03
9.460000000000000000e+02
3.749000000000000000e+03
8.380000000000000000e+02
4.781000000000000000e+03
2.845000000000000000e+03
3.079000000000000000e+03
1.823000000000000000e+03
7.810000000000000000e+02
2.318000000000000000e+03
4.355000000000000000e+03
4.918000000000000000e+03
2.422000000000000000e+03
3.064000000000000000e+03
2.245000000000000000e+03
8.900000000000000000e+01
1.261000000000000000e+03
2.190000000000000000e+02
3.094000000000000000e+03
3.670000000000000000e+02
3.422000000000000000e+03
4.048000000000000000e+03
2.105000000000000000e+03
9.710000000000000000e+02
4.759000000000000000e+03
4.022000000000000000e+03
2.324000000000000000e+03
1.845000000000000000e+03
2.280000000000000000e+02
6.340000000000000000e+02
1.119000000000000000e+03
4.112000000000000000e+03
1.385000000000000000e+03
1.740000000000000000e+02
3.245000000000000000e+03
2.604000000000000000e+03
2.772000000000000000e+03
2.766000000000000000e+03
3.850000000000000000e+03
2.792000000000000000e+03
1.931000000000000000e+03
2.365000000000000000e+03
3.522000000000000000e+03
1.653000000000000000e+03
5.150000000000000000e+02
3.058000000000000000e+03
4.526000000000000000e+03
1.183000000000000000e+03
4.777000000000000000e+03
1.677000000000000000e+03
7.490000000000000000e+02
2.566000000000000000e+03
2.114000000000000000e+03
8.400000000000000000e+02
4.100000000000000000e+02
4.756000000000000000e+03
1.049000000000000000e+03
1.498000000000000000e+03
3.880000000000000000e+03
3.036000000000000000e+03
2.040000000000000000e+03
3.786000000000000000e+03
1.764000000000000000e+03
4.007000000000000000e+03
3.128000000000000000e+03
3.877000000000000000e+03
4.728000000000000000e+03
3.170000000000000000e+02
3.461000000000000000e+03
3.504000000000000000e+03
3.792000000000000000e+03
2.733000000000000000e+03
1.547000000000000000e+03
2.284000000000000000e+03
4.084000000000000000e+03
7.240000000000000000e+02
1.568000000000000000e+03
4.450000000000000000e+02
4.172000000000000000e+03
4.383000000000000000e+03
4.579000000000000000e+03
1.662000000000000000e+03
1.532000000000000000e+03
3.615000000000000000e+03
3.734000000000000000e+03
4.287000000000000000e+03
8.300000000000000000e+01
4.310000000000000000e+03
1.266000000000000000e+03
3.782000000000000000e+03
4.231000000000000000e+03
2.653000000000000000e+03
3.835000000000000000e+03
2.903000000000000000e+03
1.945000000000000000e+03
9.440000000000000000e+02
4.039000000000000000e+03
2.607000000000000000e+03
4.947000000000000000e+03
1.790000000000000000e+02
3.870000000000000000e+02
3.714000000000000000e+03
1.780000000000000000e+03
3.787000000000000000e+03
3.935000000000000000e+03
3.536000000000000000e+03
1.752000000000000000e+03
1.605000000000000000e+03
2.022000000000000000e+03
4.507000000000000000e+03
2.738000000000000000e+03
4.757000000000000000e+03
4.951000000000000000e+03
1.589000000000000000e+03
3.014000000000000000e+03
6.700000000000000000e+02
9.980000000000000000e+02
4.749000000000000000e+03
2.730000000000000000e+03
1.582000000000000000e+03
3.793000000000000000e+03
1.781000000000000000e+03
2.597000000000000000e+03
4.809000000000000000e+03
1.309000000000000000e+03
2.574000000000000000e+03
3.447000000000000000e+03
4.295000000000000000e+03
6.170000000000000000e+02
2.900000000000000000e+02
3.895000000000000000e+03
2.536000000000000000e+03
3.223000000000000000e+03
2.830000000000000000e+02
3.490000000000000000e+03
4.400000000000000000e+03
8.040000000000000000e+02
3.037000000000000000e+03
1.117000000000000000e+03
4.117000000000000000e+03
1.520000000000000000e+03
2.034000000000000000e+03
4.118000000000000000e+03
2.684000000000000000e+03
7.660000000000000000e+02
4.085000000000000000e+03
4.216000000000000000e+03
4.125000000000000000e+03
2.387000000000000000e+03
3.437000000000000000e+03
2.379000000000000000e+03
4.006000000000000000e+03
1.088000000000000000e+03
1.970000000000000000e+02
3.281000000000000000e+03
1.390000000000000000e+03
1.904000000000000000e+03
3.573000000000000000e+03
1.382000000000000000e+03
1.272000000000000000e+03
1.860000000000000000e+02
1.372000000000000000e+03
4.483000000000000000e+03
4.357000000000000000e+03
2.822000000000000000e+03
1.142000000000000000e+03
2.218000000000000000e+03
1.652000000000000000e+03
2.260000000000000000e+03
3.982000000000000000e+03
2.192000000000000000e+03
3.190000000000000000e+03
1.265000000000000000e+03
1.628000000000000000e+03
5.670000000000000000e+02
4.902000000000000000e+03
1.666000000000000000e+03
1.989000000000000000e+03
4.456000000000000000e+03
2.332000000000000000e+03
3.005000000000000000e+03
1.264000000000000000e+03
2.334000000000000000e+03
2.373000000000000000e+03
3.321000000000000000e+03
3.690000000000000000e+03
1.218000000000000000e+03
3.587000000000000000e+03
1.791000000000000000e+03
3.847000000000000000e+03
1.251000000000000000e+03
3.259000000000000000e+03
3.743000000000000000e+03
3.368000000000000000e+03
1.690000000000000000e+02
4.690000000000000000e+03
2.313000000000000000e+03
2.710000000000000000e+03
2.977000000000000000e+03
2.252000000000000000e+03
4.185000000000000000e+03
2.973000000000000000e+03
1.121000000000000000e+03
7.300000000000000000e+02
1.206000000000000000e+03
2.557000000000000000e+03
8.930000000000000000e+02
1.288000000000000000e+03
1.120000000000000000e+02
2.242000000000000000e+03
3.120000000000000000e+02
6.250000000000000000e+02
1.499000000000000000e+03
4.807000000000000000e+03
1.637000000000000000e+03
2.087000000000000000e+03
8.350000000000000000e+02
3.567000000000000000e+03
2.358000000000000000e+03
1.586000000000000000e+03
4.630000000000000000e+02
2.331000000000000000e+03
4.974000000000000000e+03
1.634000000000000000e+03
3.736000000000000000e+03
9.010000000000000000e+02
6.060000000000000000e+02
8.980000000000000000e+02
2.942000000000000000e+03
3.669000000000000000e+03
1.518000000000000000e+03
5.060000000000000000e+02
4.792000000000000000e+03
4.476000000000000000e+03
4.251000000000000000e+03
1.448000000000000000e+03
3.869000000000000000e+03
1.181000000000000000e+03
1.873000000000000000e+03
1.430000000000000000e+02
3.795000000000000000e+03
2.885000000000000000e+03
1.890000000000000000e+02
2.100000000000000000e+01
4.333000000000000000e+03
1.410000000000000000e+03
2.861000000000000000e+03
2.610000000000000000e+03
2.637000000000000000e+03
7.190000000000000000e+02
4.863000000000000000e+03
3.276000000000000000e+03
1.116000000000000000e+03
8.760000000000000000e+02
7.480000000000000000e+02
3.206000000000000000e+03
8.960000000000000000e+02
2.296000000000000000e+03
4.141000000000000000e+03
9.470000000000000000e+02
3.727000000000000000e+03
2.926000000000000000e+03
2.800000000000000000e+01
1.483000000000000000e+03
1.573000000000000000e+03
4.326000000000000000e+03
2.692000000000000000e+03
3.521000000000000000e+03
1.485000000000000000e+03
4.371000000000000000e+03
3.300000000000000000e+01
6.800000000000000000e+01
2.783000000000000000e+03
3.859000000000000000e+03
4.931000000000000000e+03
2.556000000000000000e+03
9.130000000000000000e+02
2.248000000000000000e+03
4.328000000000000000e+03
6.790000000000000000e+02
2.815000000000000000e+03
1.903000000000000000e+03
4.436000000000000000e+03
7.070000000000000000e+02
4.352000000000000000e+03
4.191000000000000000e+03
3.576000000000000000e+03
4.881000000000000000e+03
2.374000000000000000e+03
3.303000000000000000e+03
2.739000000000000000e+03
1.971000000000000000e+03
4.857000000000000000e+03
3.694000000000000000e+03
4.027000000000000000e+03
3.323000000000000000e+03
2.976000000000000000e+03
2.978000000000000000e+03
3.790000000000000000e+03
2.047000000000000000e+03
2.621000000000000000e+03
6.040000000000000000e+02
1.228000000000000000e+03
8.010000000000000000e+02
2.427000000000000000e+03
4.954000000000000000e+03
2.142000000000000000e+03
2.470000000000000000e+03
4.761000000000000000e+03
1.068000000000000000e+03
1.638000000000000000e+03
3.088000000000000000e+03
3.380000000000000000e+02
3.000000000000000000e+00
1.609000000000000000e+03
1.509000000000000000e+03
2.010000000000000000e+03
2.362000000000000000e+03
3.564000000000000000e+03
1.246000000000000000e+03
2.300000000000000000e+01
3.894000000000000000e+03
4.635000000000000000e+03
3.611000000000000000e+03
3.979000000000000000e+03
3.623000000000000000e+03
4.802000000000000000e+03
3.627000000000000000e+03
4.625000000000000000e+03
1.002000000000000000e+03
4.578000000000000000e+03
1.268000000000000000e+03
4.473000000000000000e+03
2.243000000000000000e+03
1.115000000000000000e+03
1.140000000000000000e+02
6.770000000000000000e+02
4.700000000000000000e+01
4.303000000000000000e+03
4.134000000000000000e+03
1.101000000000000000e+03
1.318000000000000000e+03
9.500000000000000000e+01
9.430000000000000000e+02
2.985000000000000000e+03
3.451000000000000000e+03
3.329000000000000000e+03
4.233000000000000000e+03
1.487000000000000000e+03
1.832000000000000000e+03
3.769000000000000000e+03
4.837000000000000000e+03
6.100000000000000000e+01
4.980000000000000000e+02
7.170000000000000000e+02
2.078000000000000000e+03
1.744000000000000000e+03
3.260000000000000000e+02
1.816000000000000000e+03
1.481000000000000000e+03
4.637000000000000000e+03
3.852000000000000000e+03
1.562000000000000000e+03
1.442000000000000000e+03
4.042000000000000000e+03
3.450000000000000000e+03
3.327000000000000000e+03
2.249000000000000000e+03
1.012000000000000000e+03
4.617000000000000000e+03
1.506000000000000000e+03
1.792000000000000000e+03
1.810000000000000000e+03
3.740000000000000000e+02
4.829000000000000000e+03
4.334000000000000000e+03
2.887000000000000000e+03
1.804000000000000000e+03
3.339000000000000000e+03
4.181000000000000000e+03
8.280000000000000000e+02
6.300000000000000000e+01
2.272000000000000000e+03
2.352000000000000000e+03
2.295000000000000000e+03
1.488000000000000000e+03
4.144000000000000000e+03
6.570000000000000000e+02
4.308000000000000000e+03
4.342000000000000000e+03
1.701000000000000000e+03
1.705000000000000000e+03
1.449000000000000000e+03
3.698000000000000000e+03
1.071000000000000000e+03
4.525000000000000000e+03
4.294000000000000000e+03
4.453000000000000000e+03
3.874000000000000000e+03
1.696000000000000000e+03
2.979000000000000000e+03
3.394000000000000000e+03
1.129000000000000000e+03
3.790000000000000000e+02
3.051000000000000000e+03
4.623000000000000000e+03
2.984000000000000000e+03
1.369000000000000000e+03
1.617000000000000000e+03
9.760000000000000000e+02
3.333000000000000000e+03
4.571000000000000000e+03
2.092000000000000000e+03
3.518000000000000000e+03
4.023000000000000000e+03
2.410000000000000000e+02
1.435000000000000000e+03
2.563000000000000000e+03
6.280000000000000000e+02
2.273000000000000000e+03
4.727000000000000000e+03
2.464000000000000000e+03
3.563000000000000000e+03
7.000000000000000000e+01
3.658000000000000000e+03
3.274000000000000000e+03
1.297000000000000000e+03
4.253000000000000000e+03
1.551000000000000000e+03
2.840000000000000000e+03
4.511000000000000000e+03
3.842000000000000000e+03
2.084000000000000000e+03
2.149000000000000000e+03
2.014000000000000000e+03
1.946000000000000000e+03
4.718000000000000000e+03
7.300000000000000000e+01
2.709000000000000000e+03
4.744000000000000000e+03
4.318000000000000000e+03
4.702000000000000000e+03
1.464000000000000000e+03
4.892000000000000000e+03
4.810000000000000000e+02
4.877000000000000000e+03
4.415000000000000000e+03
4.396000000000000000e+03
3.579000000000000000e+03
4.948000000000000000e+03
2.207000000000000000e+03
3.999000000000000000e+03
4.494000000000000000e+03
2.762000000000000000e+03
2.860000000000000000e+03
1.057000000000000000e+03
2.800000000000000000e+02
1.462000000000000000e+03
1.360000000000000000e+03
2.811000000000000000e+03
9.870000000000000000e+02
1.702000000000000000e+03
1.043000000000000000e+03
3.527000000000000000e+03
3.019000000000000000e+03
1.058000000000000000e+03
1.625000000000000000e+03
1.798000000000000000e+03
1.560000000000000000e+02
3.460000000000000000e+03
2.882000000000000000e+03
4.937000000000000000e+03
3.996000000000000000e+03
3.815000000000000000e+03
4.317000000000000000e+03
3.330000000000000000e+03
3.030000000000000000e+03
3.823000000000000000e+03
3.230000000000000000e+02
9.570000000000000000e+02
3.110000000000000000e+02
9.060000000000000000e+02
1.817000000000000000e+03
1.969000000000000000e+03
2.101000000000000000e+03
3.828000000000000000e+03
2.753000000000000000e+03
1.003000000000000000e+03
2.801000000000000000e+03
2.064000000000000000e+03
3.969000000000000000e+03
3.540000000000000000e+03
2.581000000000000000e+03
3.834000000000000000e+03
4.293000000000000000e+03
2.884000000000000000e+03
1.902000000000000000e+03
3.644000000000000000e+03
2.466000000000000000e+03
3.857000000000000000e+03
3.328000000000000000e+03
3.100000000000000000e+03
3.331000000000000000e+03
2.698000000000000000e+03
3.811000000000000000e+03
2.521000000000000000e+03
2.470000000000000000e+02
4.147000000000000000e+03
2.600000000000000000e+02
4.000000000000000000e+01
3.143000000000000000e+03
2.930000000000000000e+03
3.097000000000000000e+03
2.820000000000000000e+02
3.020000000000000000e+02
4.826000000000000000e+03
1.871000000000000000e+03
3.500000000000000000e+01
2.776000000000000000e+03
3.691000000000000000e+03
5.480000000000000000e+02
2.448000000000000000e+03
5.300000000000000000e+02
8.360000000000000000e+02
4.461000000000000000e+03
2.430000000000000000e+03
1.919000000000000000e+03
2.871000000000000000e+03
8.590000000000000000e+02
2.428000000000000000e+03
5.620000000000000000e+02
8.460000000000000000e+02
4.550000000000000000e+02
1.486000000000000000e+03
1.599000000000000000e+03
1.378000000000000000e+03
4.782000000000000000e+03
3.390000000000000000e+03
8.110000000000000000e+02
2.779000000000000000e+03
3.364000000000000000e+03
1.815000000000000000e+03
3.812000000000000000e+03
1.727000000000000000e+03
3.445000000000000000e+03
2.960000000000000000e+02
4.925000000000000000e+03
3.656000000000000000e+03
2.000000000000000000e+00
2.451000000000000000e+03
2.633000000000000000e+03
2.299000000000000000e+03
8.890000000000000000e+02
4.992000000000000000e+03
2.961000000000000000e+03
5.790000000000000000e+02
2.205000000000000000e+03
4.447000000000000000e+03
3.636000000000000000e+03
8.950000000000000000e+02
4.871000000000000000e+03
1.511000000000000000e+03
4.746000000000000000e+03
3.188000000000000000e+03
1.110000000000000000e+02
4.046000000000000000e+03
1.824000000000000000e+03
1.647000000000000000e+03
4.907000000000000000e+03
4.178000000000000000e+03
1.287000000000000000e+03
4.703000000000000000e+03
2.638000000000000000e+03
4.994000000000000000e+03
4.514000000000000000e+03
3.420000000000000000e+02
6.000000000000000000e+02
3.746000000000000000e+03
2.140000000000000000e+03
3.107000000000000000e+03
3.968000000000000000e+03
4.395000000000000000e+03
2.624000000000000000e+03
2.883000000000000000e+03
1.093000000000000000e+03
3.693000000000000000e+03
7.610000000000000000e+02
4.785000000000000000e+03
3.467000000000000000e+03
1.529000000000000000e+03
1.167000000000000000e+03
4.849000000000000000e+03
2.970000000000000000e+02
2.905000000000000000e+03
4.935000000000000000e+03
2.125000000000000000e+03
2.320000000000000000e+02
9.930000000000000000e+02
2.881000000000000000e+03
2.287000000000000000e+03
7.510000000000000000e+02
2.236000000000000000e+03
4.347000000000000000e+03
3.008000000000000000e+03
1.633000000000000000e+03
3.541000000000000000e+03
3.973000000000000000e+03
3.845000000000000000e+03
9.150000000000000000e+02
3.868000000000000000e+03
3.991000000000000000e+03
1.712000000000000000e+03
1.720000000000000000e+03
2.990000000000000000e+03
3.596000000000000000e+03
5.800000000000000000e+01
3.102000000000000000e+03
1.850000000000000000e+02
3.943000000000000000e+03
8.800000000000000000e+01
1.391000000000000000e+03
4.645000000000000000e+03
2.798000000000000000e+03
2.254000000000000000e+03
4.260000000000000000e+03
1.419000000000000000e+03
3.493000000000000000e+03
4.840000000000000000e+03
1.213000000000000000e+03
2.918000000000000000e+03
3.922000000000000000e+03
2.594000000000000000e+03
6.440000000000000000e+02
2.106000000000000000e+03
3.483000000000000000e+03
1.569000000000000000e+03
3.920000000000000000e+02
3.954000000000000000e+03
3.285000000000000000e+03
3.192000000000000000e+03
4.221000000000000000e+03
3.610000000000000000e+03
3.040000000000000000e+02
1.519000000000000000e+03
1.072000000000000000e+03
1.273000000000000000e+03
4.374000000000000000e+03
1.414000000000000000e+03
1.199000000000000000e+03
4.638000000000000000e+03
3.070000000000000000e+02
2.112000000000000000e+03
3.660000000000000000e+03
2.693000000000000000e+03
4.260000000000000000e+02
1.539000000000000000e+03
4.076000000000000000e+03
3.816000000000000000e+03
1.740000000000000000e+03
2.168000000000000000e+03
2.900000000000000000e+03
1.710000000000000000e+02
1.306000000000000000e+03
3.446000000000000000e+03
1.405000000000000000e+03
4.030000000000000000e+02
3.748000000000000000e+03
1.750000000000000000e+03
5.110000000000000000e+02
2.421000000000000000e+03
1.840000000000000000e+02
5.400000000000000000e+01
1.271000000000000000e+03
1.811000000000000000e+03
2.073000000000000000e+03
4.223000000000000000e+03
3.248000000000000000e+03
3.241000000000000000e+03
1.023000000000000000e+03
1.473000000000000000e+03
2.321000000000000000e+03
4.598000000000000000e+03
1.457000000000000000e+03
6.750000000000000000e+02
3.998000000000000000e+03
1.392000000000000000e+03
1.345000000000000000e+03
3.649000000000000000e+03
4.209000000000000000e+03
3.751000000000000000e+03
4.304000000000000000e+03
4.957000000000000000e+03
4.428000000000000000e+03
7.340000000000000000e+02
2.782000000000000000e+03
2.166000000000000000e+03
3.747000000000000000e+03
1.584000000000000000e+03
1.922000000000000000e+03
3.800000000000000000e+02
2.590000000000000000e+02
4.850000000000000000e+02
3.867000000000000000e+03
3.334000000000000000e+03
7.350000000000000000e+02
2.833000000000000000e+03
8.560000000000000000e+02
3.500000000000000000e+02
3.040000000000000000e+03
3.133000000000000000e+03
2.568000000000000000e+03
4.695000000000000000e+03
4.915000000000000000e+03
2.986000000000000000e+03
1.882000000000000000e+03
4.074000000000000000e+03
4.743000000000000000e+03
3.297000000000000000e+03
4.010000000000000000e+03
1.491000000000000000e+03
2.002000000000000000e+03
3.407000000000000000e+03
2.288000000000000000e+03
3.629000000000000000e+03
9.300000000000000000e+02
3.683000000000000000e+03
3.185000000000000000e+03
3.682000000000000000e+03
2.074000000000000000e+03
4.300000000000000000e+01
1.682000000000000000e+03
4.344000000000000000e+03
4.847000000000000000e+03
1.163000000000000000e+03
4.434000000000000000e+03
1.670000000000000000e+03
2.862000000000000000e+03
1.656000000000000000e+03
4.855000000000000000e+03
3.635000000000000000e+03
3.940000000000000000e+02
2.098000000000000000e+03
2.849000000000000000e+03
7.130000000000000000e+02
4.241000000000000000e+03
3.654000000000000000e+03
5.160000000000000000e+02
1.890000000000000000e+03
3.187000000000000000e+03
3.488000000000000000e+03
4.636000000000000000e+03
3.927000000000000000e+03
2.210000000000000000e+03
3.855000000000000000e+03
1.870000000000000000e+02
4.995000000000000000e+03
2.224000000000000000e+03
3.508000000000000000e+03
2.635000000000000000e+03
1.608000000000000000e+03
6.270000000000000000e+02
4.338000000000000000e+03
9.550000000000000000e+02
3.520000000000000000e+03
4.878000000000000000e+03
3.700000000000000000e+03
2.842000000000000000e+03
3.549000000000000000e+03
4.146000000000000000e+03
4.272000000000000000e+03
1.724000000000000000e+03
1.680000000000000000e+03
3.708000000000000000e+03
4.726000000000000000e+03
1.601000000000000000e+03
3.755000000000000000e+03
4.429000000000000000e+03
1.135000000000000000e+03
2.481000000000000000e+03
1.990000000000000000e+03
1.417000000000000000e+03
3.232000000000000000e+03
2.814000000000000000e+03
1.572000000000000000e+03
4.348000000000000000e+03
3.917000000000000000e+03
2.771000000000000000e+03
1.304000000000000000e+03
4.680000000000000000e+03
4.259000000000000000e+03
2.660000000000000000e+02
1.880000000000000000e+03
2.970000000000000000e+03
4.350000000000000000e+02
3.378000000000000000e+03
4.063000000000000000e+03
7.470000000000000000e+02
5.800000000000000000e+02
2.135000000000000000e+03
2.575000000000000000e+03
1.962000000000000000e+03
3.262000000000000000e+03
2.360000000000000000e+02
3.971000000000000000e+03
6.780000000000000000e+02
2.880000000000000000e+03
1.420000000000000000e+03
1.680000000000000000e+02
4.354000000000000000e+03
1.489000000000000000e+03
4.120000000000000000e+03
4.021000000000000000e+03
4.240000000000000000e+02
6.430000000000000000e+02
3.311000000000000000e+03
4.107000000000000000e+03
2.802000000000000000e+03
4.873000000000000000e+03
2.113000000000000000e+03
3.389000000000000000e+03
6.110000000000000000e+02
4.582000000000000000e+03
2.960000000000000000e+03
1.319000000000000000e+03
7.840000000000000000e+02
3.370000000000000000e+02
3.171000000000000000e+03
3.349000000000000000e+03
4.581000000000000000e+03
2.995000000000000000e+03
4.417000000000000000e+03
4.595000000000000000e+03
1.654000000000000000e+03
1.212000000000000000e+03
1.223000000000000000e+03
2.220000000000000000e+03
3.950000000000000000e+03
1.835000000000000000e+03
1.716000000000000000e+03
4.266000000000000000e+03
2.216000000000000000e+03
3.250000000000000000e+03
4.967000000000000000e+03
1.874000000000000000e+03
5.700000000000000000e+02
4.543000000000000000e+03
4.500000000000000000e+02
4.519000000000000000e+03
3.618000000000000000e+03
3.427000000000000000e+03
2.485000000000000000e+03
2.560000000000000000e+03
7.900000000000000000e+02
3.181000000000000000e+03
2.914000000000000000e+03
4.811000000000000000e+03
4.280000000000000000e+02
4.831000000000000000e+03
4.524000000000000000e+03
4.677000000000000000e+03
3.136000000000000000e+03
2.893000000000000000e+03
2.839000000000000000e+03
2.057000000000000000e+03
3.512000000000000000e+03
3.989000000000000000e+03
3.290000000000000000e+03
1.090000000000000000e+02
1.398000000000000000e+03
8.230000000000000000e+02
4.212000000000000000e+03
3.345000000000000000e+03
3.924000000000000000e+03
1.579000000000000000e+03
6.810000000000000000e+02
2.810000000000000000e+02
1.446000000000000000e+03
2.438000000000000000e+03
2.618000000000000000e+03
1.800000000000000000e+03
3.773000000000000000e+03
2.200000000000000000e+03
4.390000000000000000e+02
2.944000000000000000e+03
3.952000000000000000e+03
4.097000000000000000e+03
4.822000000000000000e+03
1.114000000000000000e+03
4.307000000000000000e+03
8.840000000000000000e+02
1.292000000000000000e+03
2.761000000000000000e+03
2.492000000000000000e+03
6.420000000000000000e+02
7.900000000000000000e+01
2.072000000000000000e+03
4.065000000000000000e+03
2.201000000000000000e+03
2.246000000000000000e+03
4.203000000000000000e+03
2.644000000000000000e+03
2.591000000000000000e+03
1.243000000000000000e+03
3.543000000000000000e+03
2.316000000000000000e+03
4.230000000000000000e+03
5.650000000000000000e+02
7.800000000000000000e+01
4.661000000000000000e+03
1.360000000000000000e+02
2.312000000000000000e+03
3.570000000000000000e+02
3.207000000000000000e+03
1.133000000000000000e+03
2.186000000000000000e+03
1.333000000000000000e+03
9.660000000000000000e+02
6.200000000000000000e+02
1.795000000000000000e+03
3.940000000000000000e+03
1.270000000000000000e+03
4.010000000000000000e+02
3.951000000000000000e+03
4.187000000000000000e+03
2.821000000000000000e+03
7.210000000000000000e+02
1.371000000000000000e+03
1.500000000000000000e+01
1.530000000000000000e+03
4.723000000000000000e+03
1.697000000000000000e+03
5.030000000000000000e+02
9.900000000000000000e+02
1.466000000000000000e+03
1.863000000000000000e+03
5.450000000000000000e+02
1.972000000000000000e+03
4.102000000000000000e+03
2.283000000000000000e+03
3.696000000000000000e+03
2.850000000000000000e+03
4.300000000000000000e+02
2.413000000000000000e+03
4.325000000000000000e+03
8.340000000000000000e+02
7.870000000000000000e+02
6.320000000000000000e+02
3.866000000000000000e+03
3.490000000000000000e+02
1.679000000000000000e+03
4.413000000000000000e+03
1.403000000000000000e+03
4.177000000000000000e+03
2.476000000000000000e+03
4.689000000000000000e+03
2.940000000000000000e+03
2.036000000000000000e+03
3.701000000000000000e+03
4.388000000000000000e+03
1.374000000000000000e+03
2.262000000000000000e+03
4.900000000000000000e+03
1.505000000000000000e+03
1.370000000000000000e+02
4.629000000000000000e+03
1.912000000000000000e+03
2.189000000000000000e+03
2.134000000000000000e+03
3.003000000000000000e+03
1.510000000000000000e+02
3.093000000000000000e+03
1.495000000000000000e+03
3.836000000000000000e+03
2.198000000000000000e+03
1.872000000000000000e+03
2.689000000000000000e+03
1.986000000000000000e+03
3.169000000000000000e+03
4.872000000000000000e+03
1.753000000000000000e+03
4.070000000000000000e+02
4.192000000000000000e+03
4.103000000000000000e+03
2.200000000000000000e+02
2.187000000000000000e+03
2.256000000000000000e+03
1.209000000000000000e+03
4.408000000000000000e+03
4.968000000000000000e+03
3.350000000000000000e+02
7.930000000000000000e+02
3.983000000000000000e+03
4.779000000000000000e+03
4.659000000000000000e+03
2.158000000000000000e+03
2.063000000000000000e+03
1.887000000000000000e+03
4.466000000000000000e+03
4.991000000000000000e+03
2.953000000000000000e+03
1.755000000000000000e+03
3.664000000000000000e+03
1.222000000000000000e+03
4.740000000000000000e+03
1.800000000000000000e+01
2.725000000000000000e+03
1.898000000000000000e+03
3.860000000000000000e+02
5.840000000000000000e+02
3.515000000000000000e+03
3.160000000000000000e+03
0.000000000000000000e+00
5.000000000000000000e+00
4.570000000000000000e+03
9.830000000000000000e+02
3.805000000000000000e+03
1.477000000000000000e+03
3.794000000000000000e+03
4.618000000000000000e+03
3.370000000000000000e+03
1.966000000000000000e+03
3.000000000000000000e+01
3.759000000000000000e+03
1.961000000000000000e+03
3.011000000000000000e+03
1.784000000000000000e+03
1.397000000000000000e+03
1.376000000000000000e+03
5.540000000000000000e+02
1.965000000000000000e+03
3.697000000000000000e+03
3.808000000000000000e+03
1.159000000000000000e+03
2.512000000000000000e+03
2.085000000000000000e+03
2.409000000000000000e+03
3.926000000000000000e+03
4.248000000000000000e+03
8.710000000000000000e+02
3.884000000000000000e+03
4.898000000000000000e+03
4.883000000000000000e+03
2.150000000000000000e+02
2.542000000000000000e+03
1.352000000000000000e+03
1.042000000000000000e+03
4.912000000000000000e+03
3.099000000000000000e+03
3.032000000000000000e+03
4.301000000000000000e+03
4.263000000000000000e+03
5.400000000000000000e+02
4.419000000000000000e+03
3.559000000000000000e+03
6.910000000000000000e+02
4.444000000000000000e+03
4.588000000000000000e+03
1.480000000000000000e+03
3.155000000000000000e+03
4.771000000000000000e+03
3.600000000000000000e+01
3.765000000000000000e+03
1.475000000000000000e+03
4.737000000000000000e+03
1.947000000000000000e+03
2.454000000000000000e+03
2.241000000000000000e+03
2.484000000000000000e+03
1.164000000000000000e+03
1.348000000000000000e+03
2.763000000000000000e+03
2.336000000000000000e+03
3.586000000000000000e+03
3.004000000000000000e+03
1.834000000000000000e+03
3.212000000000000000e+03
3.526000000000000000e+03
4.477000000000000000e+03
3.211000000000000000e+03
4.127000000000000000e+03
7.400000000000000000e+02
2.480000000000000000e+02
4.664000000000000000e+03
3.142000000000000000e+03
2.611000000000000000e+03
4.090000000000000000e+02
2.969000000000000000e+03
1.884000000000000000e+03
4.945000000000000000e+03
2.153000000000000000e+03
4.137000000000000000e+03
2.579000000000000000e+03
4.385000000000000000e+03
4.179000000000000000e+03
9.040000000000000000e+02
6.020000000000000000e+02
1.255000000000000000e+03
1.772000000000000000e+03
4.981000000000000000e+03
2.935000000000000000e+03
4.721000000000000000e+03
2.491000000000000000e+03
7.740000000000000000e+02
4.190000000000000000e+03
1.660000000000000000e+03
1.370000000000000000e+03
3.404000000000000000e+03
5.960000000000000000e+02
2.325000000000000000e+03
2.460000000000000000e+02
3.464000000000000000e+03
2.350000000000000000e+03
4.479000000000000000e+03
1.852000000000000000e+03
2.463000000000000000e+03
2.276000000000000000e+03
3.930000000000000000e+03
3.111000000000000000e+03
1.350000000000000000e+02
9.000000000000000000e+00
9.970000000000000000e+02
9.000000000000000000e+02
6.970000000000000000e+02
4.433000000000000000e+03
3.440000000000000000e+03
4.075000000000000000e+03
2.152000000000000000e+03
2.467000000000000000e+03
3.472000000000000000e+03
3.995000000000000000e+03
4.099000000000000000e+03
2.816000000000000000e+03
3.840000000000000000e+02
1.542000000000000000e+03
2.300000000000000000e+02
2.560000000000000000e+02
2.609000000000000000e+03
1.106000000000000000e+03
4.207000000000000000e+03
3.283000000000000000e+03
3.191000000000000000e+03
1.280000000000000000e+03
3.858000000000000000e+03
2.555000000000000000e+03
4.609000000000000000e+03
4.286000000000000000e+03
4.587000000000000000e+03
4.914000000000000000e+03
1.991000000000000000e+03
1.431000000000000000e+03
2.570000000000000000e+03
6.010000000000000000e+02
3.290000000000000000e+02
3.480000000000000000e+03
3.463000000000000000e+03
4.362000000000000000e+03
4.528000000000000000e+03
4.210000000000000000e+02
2.828000000000000000e+03
4.916000000000000000e+03
3.634000000000000000e+03
1.948000000000000000e+03
2.890000000000000000e+02
2.715000000000000000e+03
2.680000000000000000e+02
1.992000000000000000e+03
2.765000000000000000e+03
6.930000000000000000e+02
4.451000000000000000e+03
2.714000000000000000e+03
3.199000000000000000e+03
1.217000000000000000e+03
9.410000000000000000e+02
3.791000000000000000e+03
1.087000000000000000e+03
1.233000000000000000e+03
6.180000000000000000e+02
2.774000000000000000e+03
6.090000000000000000e+02
2.702000000000000000e+03
6.230000000000000000e+02
3.901000000000000000e+03
4.615000000000000000e+03
3.889000000000000000e+03
3.410000000000000000e+02
1.194000000000000000e+03
2.053000000000000000e+03
7.770000000000000000e+02
2.182000000000000000e+03
2.390000000000000000e+02
2.641000000000000000e+03
3.123000000000000000e+03
2.434000000000000000e+03
3.923000000000000000e+03
4.256000000000000000e+03
9.290000000000000000e+02
2.711000000000000000e+03
8.300000000000000000e+02
4.654000000000000000e+03
4.148000000000000000e+03
2.874000000000000000e+03
3.420000000000000000e+03
3.938000000000000000e+03
9.840000000000000000e+02
3.480000000000000000e+02
8.580000000000000000e+02
4.885000000000000000e+03
7.780000000000000000e+02
3.131000000000000000e+03
3.506000000000000000e+03
2.932000000000000000e+03
1.614000000000000000e+03
3.933000000000000000e+03
3.519000000000000000e+03
1.340000000000000000e+03
2.853000000000000000e+03
3.882000000000000000e+03
3.704000000000000000e+03
2.754000000000000000e+03
3.754000000000000000e+03
4.105000000000000000e+03
4.540000000000000000e+03
5.410000000000000000e+02
2.786000000000000000e+03
3.324000000000000000e+03
4.687000000000000000e+03
3.340000000000000000e+03
4.145000000000000000e+03
2.865000000000000000e+03
1.758000000000000000e+03
4.002000000000000000e+03
2.400000000000000000e+03
4.751000000000000000e+03
4.533000000000000000e+03
4.607000000000000000e+03
2.089000000000000000e+03
3.985000000000000000e+03
2.720000000000000000e+02
3.320000000000000000e+03
2.017000000000000000e+03
8.700000000000000000e+02
1.471000000000000000e+03
1.276000000000000000e+03
2.172000000000000000e+03
7.360000000000000000e+02
1.137000000000000000e+03
3.479000000000000000e+03
4.277000000000000000e+03
8.790000000000000000e+02
4.900000000000000000e+01
2.477000000000000000e+03
4.229000000000000000e+03
4.057000000000000000e+03
8.320000000000000000e+02
4.050000000000000000e+02
1.517000000000000000e+03
2.625000000000000000e+03
3.150000000000000000e+02
3.441000000000000000e+03
3.315000000000000000e+03
4.499000000000000000e+03
3.059000000000000000e+03
1.128000000000000000e+03
3.501000000000000000e+03
3.580000000000000000e+02
3.139000000000000000e+03
2.377000000000000000e+03
2.863000000000000000e+03
3.382000000000000000e+03
4.651000000000000000e+03
3.286000000000000000e+03
2.353000000000000000e+03
7.880000000000000000e+02
3.733000000000000000e+03
2.420000000000000000e+03
1.018000000000000000e+03
4.402000000000000000e+03
3.613000000000000000e+03
3.162000000000000000e+03
2.518000000000000000e+03
1.879000000000000000e+03
1.985000000000000000e+03
4.000000000000000000e+02
2.898000000000000000e+03
3.475000000000000000e+03
1.968000000000000000e+03
5.500000000000000000e+02
7.680000000000000000e+02
4.339000000000000000e+03
1.958000000000000000e+03
4.150000000000000000e+03
1.496000000000000000e+03
1.613000000000000000e+03
3.556000000000000000e+03
9.260000000000000000e+02
3.494000000000000000e+03
1.607000000000000000e+03
4.745000000000000000e+03
1.418000000000000000e+03
8.000000000000000000e+00
1.124000000000000000e+03
2.227000000000000000e+03
1.189000000000000000e+03
2.975000000000000000e+03
5.100000000000000000e+02
2.803000000000000000e+03
4.219000000000000000e+03
3.355000000000000000e+03
1.757000000000000000e+03
8.920000000000000000e+02
3.017000000000000000e+03
3.220000000000000000e+03
1.426000000000000000e+03
1.407000000000000000e+03
6.940000000000000000e+02
5.390000000000000000e+02
1.921000000000000000e+03
3.010000000000000000e+03
1.800000000000000000e+02
4.458000000000000000e+03
4.166000000000000000e+03
4.793000000000000000e+03
8.070000000000000000e+02
4.361000000000000000e+03
2.981000000000000000e+03
3.299000000000000000e+03
1.557000000000000000e+03
4.045000000000000000e+03
2.769000000000000000e+03
4.227000000000000000e+03
3.980000000000000000e+03
4.780000000000000000e+02
2.037000000000000000e+03
3.410000000000000000e+03
2.922000000000000000e+03
3.225000000000000000e+03
3.572000000000000000e+03
4.596000000000000000e+03
3.960000000000000000e+02
2.599000000000000000e+03
2.435000000000000000e+03
3.544000000000000000e+03
3.603000000000000000e+03
1.508000000000000000e+03
1.078000000000000000e+03
6.960000000000000000e+02
3.428000000000000000e+03
3.462000000000000000e+03
2.897000000000000000e+03
7.330000000000000000e+02
4.860000000000000000e+03
8.090000000000000000e+02
5.770000000000000000e+02
1.854000000000000000e+03
1.005000000000000000e+03
2.070000000000000000e+03
1.140000000000000000e+03
4.101000000000000000e+03
8.550000000000000000e+02
5.130000000000000000e+02
4.603000000000000000e+03
4.952000000000000000e+03
1.526000000000000000e+03
4.590000000000000000e+02
3.292000000000000000e+03
3.637000000000000000e+03
7.540000000000000000e+02
6.610000000000000000e+02
3.157000000000000000e+03
2.830000000000000000e+03
2.943000000000000000e+03
2.081000000000000000e+03
4.798000000000000000e+03
3.358000000000000000e+03
3.116000000000000000e+03
3.386000000000000000e+03
4.284000000000000000e+03
3.314000000000000000e+03
2.130000000000000000e+02
1.876000000000000000e+03
1.771000000000000000e+03
3.423000000000000000e+03
4.730000000000000000e+02
4.979000000000000000e+03
1.597000000000000000e+03
3.344000000000000000e+03
1.065000000000000000e+03
1.587000000000000000e+03
1.332000000000000000e+03
2.690000000000000000e+02
4.692000000000000000e+03
2.456000000000000000e+03
4.437000000000000000e+03
1.097000000000000000e+03
2.405000000000000000e+03
4.840000000000000000e+02
1.700000000000000000e+03
3.780000000000000000e+03
4.824000000000000000e+03
2.050000000000000000e+03
1.016000000000000000e+03
3.768000000000000000e+03
2.145000000000000000e+03
2.510000000000000000e+02
1.713000000000000000e+03
4.707000000000000000e+03
4.320000000000000000e+02
4.530000000000000000e+02
1.439000000000000000e+03
1.275000000000000000e+03
2.055000000000000000e+03
6.200000000000000000e+01
2.937000000000000000e+03
3.821000000000000000e+03
1.463000000000000000e+03
9.640000000000000000e+02
7.140000000000000000e+02
2.128000000000000000e+03
1.190000000000000000e+03
9.310000000000000000e+02
1.909000000000000000e+03
4.000000000000000000e+03
3.907000000000000000e+03
3.360000000000000000e+02
2.931000000000000000e+03
5.680000000000000000e+02
1.300000000000000000e+01
1.147000000000000000e+03
4.542000000000000000e+03
3.630000000000000000e+02
2.411000000000000000e+03
3.433000000000000000e+03
2.030000000000000000e+03
7.270000000000000000e+02
2.813000000000000000e+03
1.396000000000000000e+03
1.444000000000000000e+03
7.550000000000000000e+02
3.739000000000000000e+03
3.318000000000000000e+03
2.214000000000000000e+03
1.964000000000000000e+03
8.810000000000000000e+02
3.473000000000000000e+03
3.393000000000000000e+03
2.911000000000000000e+03
3.443000000000000000e+03
3.429000000000000000e+03
8.050000000000000000e+02
1.017000000000000000e+03
4.977000000000000000e+03
5.940000000000000000e+02
3.602000000000000000e+03
3.680000000000000000e+02
9.210000000000000000e+02
2.795000000000000000e+03
2.487000000000000000e+03
3.448000000000000000e+03
3.967000000000000000e+03
4.808000000000000000e+03
4.503000000000000000e+03
3.856000000000000000e+03
2.258000000000000000e+03
8.170000000000000000e+02
4.366000000000000000e+03
2.789000000000000000e+03
2.196000000000000000e+03
1.641000000000000000e+03
3.709000000000000000e+03
3.402000000000000000e+03
2.382000000000000000e+03
2.223000000000000000e+03
2.576000000000000000e+03
1.188000000000000000e+03
3.115000000000000000e+03
2.990000000000000000e+02
2.682000000000000000e+03
3.770000000000000000e+03
4.678000000000000000e+03
1.504000000000000000e+03
4.469000000000000000e+03
2.400000000000000000e+02
1.570000000000000000e+02
4.887000000000000000e+03
2.616000000000000000e+03
4.674000000000000000e+03
3.221000000000000000e+03
2.662000000000000000e+03
2.160000000000000000e+02
4.691000000000000000e+03
4.058000000000000000e+03
2.573000000000000000e+03
4.605000000000000000e+03
1.918000000000000000e+03
4.950000000000000000e+02
1.603000000000000000e+03
3.180000000000000000e+02
1.432000000000000000e+03
3.837000000000000000e+03
4.017000000000000000e+03
2.752000000000000000e+03
4.573000000000000000e+03
8.490000000000000000e+02
4.313000000000000000e+03
3.403000000000000000e+03
3.588000000000000000e+03
1.711000000000000000e+03
4.490000000000000000e+02
2.185000000000000000e+03
2.338000000000000000e+03
6.130000000000000000e+02
1.767000000000000000e+03
1.455000000000000000e+03
2.966000000000000000e+03
2.209000000000000000e+03
2.596000000000000000e+03
1.825000000000000000e+03
3.780000000000000000e+02
4.800000000000000000e+02
3.219000000000000000e+03
1.926000000000000000e+03
2.869000000000000000e+03
2.584000000000000000e+03
2.180000000000000000e+03
1.025000000000000000e+03
9.270000000000000000e+02
3.825000000000000000e+03
1.900000000000000000e+01
1.037000000000000000e+03
4.944000000000000000e+03
3.266000000000000000e+03
3.548000000000000000e+03
8.880000000000000000e+02
2.080000000000000000e+02
6.380000000000000000e+02
2.410000000000000000e+03
1.433000000000000000e+03
2.062000000000000000e+03
4.790000000000000000e+03
1.779000000000000000e+03
4.531000000000000000e+03
2.311000000000000000e+03
4.586000000000000000e+03
3.383000000000000000e+03
4.176000000000000000e+03
4.359000000000000000e+03
3.626000000000000000e+03
3.854000000000000000e+03
7.160000000000000000e+02
4.893000000000000000e+03
4.834000000000000000e+03
9.700000000000000000e+01
3.783000000000000000e+03
1.340000000000000000e+02
1.274000000000000000e+03
2.832000000000000000e+03
2.717000000000000000e+03
4.640000000000000000e+02
1.953000000000000000e+03
4.391000000000000000e+03
2.453000000000000000e+03
2.197000000000000000e+03
5.320000000000000000e+02
3.597000000000000000e+03
9.800000000000000000e+01
2.120000000000000000e+03
1.993000000000000000e+03
3.535000000000000000e+03
4.497000000000000000e+03
2.787000000000000000e+03
4.973000000000000000e+03
4.460000000000000000e+02
2.495000000000000000e+03
2.088000000000000000e+03
4.086000000000000000e+03
4.244000000000000000e+03
1.366000000000000000e+03
4.647000000000000000e+03
4.480000000000000000e+02
3.970000000000000000e+02
3.678000000000000000e+03
1.294000000000000000e+03
4.280000000000000000e+03
4.730000000000000000e+03
4.040000000000000000e+02
3.978000000000000000e+03
9.350000000000000000e+02
9.280000000000000000e+02
4.397000000000000000e+03
2.399000000000000000e+03
6.000000000000000000e+00
3.063000000000000000e+03
1.709000000000000000e+03
4.407000000000000000e+03
1.552000000000000000e+03
4.036000000000000000e+03
1.112000000000000000e+03
4.750000000000000000e+03
4.365000000000000000e+03
4.985000000000000000e+03
4.386000000000000000e+03
3.438000000000000000e+03
1.895000000000000000e+03
1.627000000000000000e+03
5.600000000000000000e+01
3.642000000000000000e+03
2.139000000000000000e+03
2.100000000000000000e+03
9.500000000000000000e+02
4.410000000000000000e+02
3.761000000000000000e+03
2.023000000000000000e+03
2.266000000000000000e+03
1.170000000000000000e+02
2.350000000000000000e+02
3.632000000000000000e+03
7.120000000000000000e+02
1.950000000000000000e+03
2.552000000000000000e+03
2.946000000000000000e+03
4.420000000000000000e+03
1.004000000000000000e+03
1.730000000000000000e+02
2.310000000000000000e+02
4.236000000000000000e+03
4.267000000000000000e+03
4.449000000000000000e+03
4.435000000000000000e+03
7.060000000000000000e+02
3.905000000000000000e+03
4.928000000000000000e+03
2.363000000000000000e+03
1.661000000000000000e+03
4.228000000000000000e+03
3.421000000000000000e+03
1.321000000000000000e+03
3.772000000000000000e+03
4.917000000000000000e+03
4.886000000000000000e+03
2.908000000000000000e+03
3.941000000000000000e+03
4.300000000000000000e+03
4.200000000000000000e+03
4.592000000000000000e+03
4.690000000000000000e+02
4.432000000000000000e+03
1.180000000000000000e+03
4.038000000000000000e+03
4.665000000000000000e+03
3.361000000000000000e+03
2.164000000000000000e+03
2.212000000000000000e+03
2.244000000000000000e+03
2.837000000000000000e+03
1.942000000000000000e+03
3.712000000000000000e+03
4.766000000000000000e+03
3.964000000000000000e+03
1.325000000000000000e+03
2.300000000000000000e+03
1.999000000000000000e+03
1.535000000000000000e+03
4.821000000000000000e+03
1.425000000000000000e+03
1.847000000000000000e+03
5.920000000000000000e+02
3.226000000000000000e+03
2.103000000000000000e+03
1.239000000000000000e+03
4.487000000000000000e+03
1.534000000000000000e+03
2.046000000000000000e+03
3.244000000000000000e+03
2.065000000000000000e+03
1.362000000000000000e+03
2.797000000000000000e+03
3.470000000000000000e+02
4.416000000000000000e+03
4.336000000000000000e+03
1.941000000000000000e+03
6.370000000000000000e+02
2.735000000000000000e+03
1.454000000000000000e+03
2.000000000000000000e+03
4.903000000000000000e+03
9.100000000000000000e+01
8.740000000000000000e+02
2.176000000000000000e+03
2.498000000000000000e+03
3.222000000000000000e+03
4.250000000000000000e+03
2.796000000000000000e+03
2.404000000000000000e+03
3.594000000000000000e+03
1.198000000000000000e+03
9.400000000000000000e+02
4.119000000000000000e+03
3.660000000000000000e+02
4.204000000000000000e+03
3.946000000000000000e+03
1.346000000000000000e+03
4.949000000000000000e+03
4.495000000000000000e+03
3.163000000000000000e+03
2.880000000000000000e+02
3.688000000000000000e+03
1.060000000000000000e+02
4.666000000000000000e+03
4.624000000000000000e+03
3.846000000000000000e+03
4.393000000000000000e+03
1.191000000000000000e+03
3.449000000000000000e+03
4.475000000000000000e+03
3.555000000000000000e+03
3.554000000000000000e+03
1.842000000000000000e+03
4.070000000000000000e+03
4.470000000000000000e+03
1.011000000000000000e+03
1.880000000000000000e+02
3.513000000000000000e+03
3.997000000000000000e+03
5.000000000000000000e+01
1.943000000000000000e+03
1.956000000000000000e+03
4.961000000000000000e+03
3.141000000000000000e+03
3.042000000000000000e+03
1.974000000000000000e+03
1.770000000000000000e+03
3.844000000000000000e+03
1.250000000000000000e+03
1.387000000000000000e+03
5.580000000000000000e+02
4.392000000000000000e+03
9.240000000000000000e+02
3.350000000000000000e+03
4.015000000000000000e+03
1.007000000000000000e+03
3.435000000000000000e+03
1.892000000000000000e+03
3.706000000000000000e+03
1.248000000000000000e+03
2.217000000000000000e+03
2.049000000000000000e+03
8.670000000000000000e+02
2.380000000000000000e+02
1.015000000000000000e+03
5.370000000000000000e+02
4.012000000000000000e+03
2.598000000000000000e+03
2.240000000000000000e+02
9.580000000000000000e+02
2.012000000000000000e+03
8.640000000000000000e+02
4.055000000000000000e+03
2.701000000000000000e+03
4.580000000000000000e+03
2.627000000000000000e+03
1.868000000000000000e+03
1.253000000000000000e+03
2.793000000000000000e+03
1.320000000000000000e+02
2.561000000000000000e+03
2.297000000000000000e+03
3.208000000000000000e+03
4.327000000000000000e+03
1.281000000000000000e+03
4.491000000000000000e+03
2.116000000000000000e+03
4.310000000000000000e+02
2.136000000000000000e+03
4.930000000000000000e+02
1.104000000000000000e+03
2.138000000000000000e+03
1.079000000000000000e+03
2.526000000000000000e+03
1.219000000000000000e+03
3.621000000000000000e+03
1.577000000000000000e+03
3.215000000000000000e+03
3.217000000000000000e+03
1.821000000000000000e+03
1.960000000000000000e+03
4.151000000000000000e+03
1.458000000000000000e+03
1.566000000000000000e+03
1.125000000000000000e+03
3.168000000000000000e+03
3.018000000000000000e+03
8.450000000000000000e+02
1.687000000000000000e+03
4.572000000000000000e+03
3.273000000000000000e+03
2.038000000000000000e+03
4.520000000000000000e+02
1.390000000000000000e+02
4.830000000000000000e+02
2.320000000000000000e+03
1.830000000000000000e+02
4.685000000000000000e+03
2.840000000000000000e+02
1.214000000000000000e+03
1.996000000000000000e+03
9.890000000000000000e+02
3.700000000000000000e+02
1.500000000000000000e+02
4.801000000000000000e+03
2.550000000000000000e+03
3.054000000000000000e+03
3.720000000000000000e+03
4.870000000000000000e+02
5.280000000000000000e+02
4.050000000000000000e+03
3.561000000000000000e+03
3.371000000000000000e+03
3.277000000000000000e+03
5.360000000000000000e+02
1.669000000000000000e+03
2.005000000000000000e+03
1.138000000000000000e+03
2.980000000000000000e+03
5.190000000000000000e+02
9.520000000000000000e+02
2.110000000000000000e+03
3.078000000000000000e+03
3.980000000000000000e+02
4.270000000000000000e+03
3.154000000000000000e+03
2.351000000000000000e+03
9.780000000000000000e+02
3.900000000000000000e+03
5.300000000000000000e+01
3.711000000000000000e+03
3.774000000000000000e+03
4.238000000000000000e+03
1.512000000000000000e+03
5.170000000000000000e+02
6.990000000000000000e+02
4.679000000000000000e+03
5.880000000000000000e+02
4.613000000000000000e+03
2.424000000000000000e+03
2.838000000000000000e+03
8.430000000000000000e+02
3.540000000000000000e+02
2.310000000000000000e+03
6.490000000000000000e+02
3.865000000000000000e+03
2.945000000000000000e+03
8.270000000000000000e+02
2.582000000000000000e+03
1.525000000000000000e+03
7.050000000000000000e+02
3.534000000000000000e+03
3.528000000000000000e+03
4.423000000000000000e+03
1.249000000000000000e+03
4.377000000000000000e+03
3.085000000000000000e+03
1.984000000000000000e+03
1.915000000000000000e+03
2.603000000000000000e+03
5.860000000000000000e+02
4.940000000000000000e+02
1.000000000000000000e+01
1.790000000000000000e+03
2.148000000000000000e+03
4.773000000000000000e+03
4.827000000000000000e+03
5.510000000000000000e+02
1.660000000000000000e+02
1.215000000000000000e+03
3.591000000000000000e+03
3.928000000000000000e+03
1.105000000000000000e+03
3.398000000000000000e+03
4.356000000000000000e+03
3.152000000000000000e+03
4.820000000000000000e+02
8.600000000000000000e+01
1.211000000000000000e+03
4.932000000000000000e+03
3.897000000000000000e+03
3.362000000000000000e+03
1.588000000000000000e+03
2.406000000000000000e+03
1.670000000000000000e+02
3.562000000000000000e+03
2.668000000000000000e+03
1.665000000000000000e+03
4.440000000000000000e+03
4.120000000000000000e+02
3.841000000000000000e+03
2.780000000000000000e+03
4.513000000000000000e+03
8.100000000000000000e+02
4.465000000000000000e+03
2.302000000000000000e+03
3.665000000000000000e+03
1.894000000000000000e+03
1.708000000000000000e+03
3.918000000000000000e+03
8.370000000000000000e+02
2.162000000000000000e+03
2.450000000000000000e+03
1.570000000000000000e+03
1.421000000000000000e+03
3.568000000000000000e+03
3.516000000000000000e+03
4.901000000000000000e+03
9.690000000000000000e+02
4.879000000000000000e+03
3.203000000000000000e+03
2.992000000000000000e+03
4.220000000000000000e+03
2.041000000000000000e+03
3.810000000000000000e+02
2.356000000000000000e+03
