3.987000000000000000e+03
2.388000000000000000e+03
7.440000000000000000e+02
7.490000000000000000e+02
3.338000000000000000e+03
2.605000000000000000e+03
5.910000000000000000e+02
3.945000000000000000e+03
4.290000000000000000e+02
3.912000000000000000e+03
3.769000000000000000e+03
3.205000000000000000e+03
7.250000000000000000e+02
4.411000000000000000e+03
7.550000000000000000e+02
9.070000000000000000e+02
4.667000000000000000e+03
4.664000000000000000e+03
2.334000000000000000e+03
1.917000000000000000e+03
8.700000000000000000e+01
3.693000000000000000e+03
1.120000000000000000e+03
2.002000000000000000e+03
4.634000000000000000e+03
3.441000000000000000e+03
3.135000000000000000e+03
1.893000000000000000e+03
9.490000000000000000e+02
4.313000000000000000e+03
2.899000000000000000e+03
2.140000000000000000e+03
4.893000000000000000e+03
2.875000000000000000e+03
2.914000000000000000e+03
4.334000000000000000e+03
1.480000000000000000e+02
3.127000000000000000e+03
1.865000000000000000e+03
1.403000000000000000e+03
2.463000000000000000e+03
4.161000000000000000e+03
3.911000000000000000e+03
3.830000000000000000e+02
3.480000000000000000e+03
3.054000000000000000e+03
2.222000000000000000e+03
4.013000000000000000e+03
4.040000000000000000e+02
3.380000000000000000e+03
3.920000000000000000e+02
3.528000000000000000e+03
1.495000000000000000e+03
1.826000000000000000e+03
4.724000000000000000e+03
3.070000000000000000e+02
3.630000000000000000e+02
3.898000000000000000e+03
4.494000000000000000e+03
2.872000000000000000e+03
3.507000000000000000e+03
1.240000000000000000e+02
4.919000000000000000e+03
1.405000000000000000e+03
3.587000000000000000e+03
1.648000000000000000e+03
2.748000000000000000e+03
1.127000000000000000e+03
2.182000000000000000e+03
3.997000000000000000e+03
1.172000000000000000e+03
4.405000000000000000e+03
3.526000000000000000e+03
4.632000000000000000e+03
9.100000000000000000e+02
1.539000000000000000e+03
3.167000000000000000e+03
1.997000000000000000e+03
1.504000000000000000e+03
1.007000000000000000e+03
2.372000000000000000e+03
1.724000000000000000e+03
5.610000000000000000e+02
2.049000000000000000e+03
1.076000000000000000e+03
2.913000000000000000e+03
7.480000000000000000e+02
2.512000000000000000e+03
1.224000000000000000e+03
3.354000000000000000e+03
2.844000000000000000e+03
3.549000000000000000e+03
3.365000000000000000e+03
3.364000000000000000e+03
3.876000000000000000e+03
2.897000000000000000e+03
4.232000000000000000e+03
4.825000000000000000e+03
2.283000000000000000e+03
8.470000000000000000e+02
5.890000000000000000e+02
4.733000000000000000e+03
2.240000000000000000e+02
2.925000000000000000e+03
3.882000000000000000e+03
2.715000000000000000e+03
3.541000000000000000e+03
4.854000000000000000e+03
4.203000000000000000e+03
1.561000000000000000e+03
3.207000000000000000e+03
4.771000000000000000e+03
2.309000000000000000e+03
4.890000000000000000e+03
2.909000000000000000e+03
1.156000000000000000e+03
2.118000000000000000e+03
2.307000000000000000e+03
2.698000000000000000e+03
6.070000000000000000e+02
1.680000000000000000e+02
4.205000000000000000e+03
2.443000000000000000e+03
4.103000000000000000e+03
2.442000000000000000e+03
2.958000000000000000e+03
6.080000000000000000e+02
2.740000000000000000e+02
1.846000000000000000e+03
8.050000000000000000e+02
4.538000000000000000e+03
2.650000000000000000e+02
5.950000000000000000e+02
2.961000000000000000e+03
6.430000000000000000e+02
5.900000000000000000e+02
2.638000000000000000e+03
3.187000000000000000e+03
2.435000000000000000e+03
2.030000000000000000e+02
4.072000000000000000e+03
5.750000000000000000e+02
3.892000000000000000e+03
9.020000000000000000e+02
5.500000000000000000e+01
2.000000000000000000e+03
2.156000000000000000e+03
3.234000000000000000e+03
5.590000000000000000e+02
4.269000000000000000e+03
9.470000000000000000e+02
2.529000000000000000e+03
4.420000000000000000e+02
3.750000000000000000e+03
2.754000000000000000e+03
1.339000000000000000e+03
2.356000000000000000e+03
1.651000000000000000e+03
4.100000000000000000e+01
4.780000000000000000e+02
3.623000000000000000e+03
4.299000000000000000e+03
4.166000000000000000e+03
1.236000000000000000e+03
2.481000000000000000e+03
4.282000000000000000e+03
2.469000000000000000e+03
2.810000000000000000e+03
5.210000000000000000e+02
2.750000000000000000e+03
5.120000000000000000e+02
3.658000000000000000e+03
4.569000000000000000e+03
2.400000000000000000e+01
4.427000000000000000e+03
3.248000000000000000e+03
4.009000000000000000e+03
1.278000000000000000e+03
4.598000000000000000e+03
8.830000000000000000e+02
1.515000000000000000e+03
3.080000000000000000e+03
1.872000000000000000e+03
2.177000000000000000e+03
4.904000000000000000e+03
1.610000000000000000e+03
1.944000000000000000e+03
2.456000000000000000e+03
4.554000000000000000e+03
4.914000000000000000e+03
3.304000000000000000e+03
3.711000000000000000e+03
7.870000000000000000e+02
1.625000000000000000e+03
1.971000000000000000e+03
6.950000000000000000e+02
3.460000000000000000e+03
4.210000000000000000e+02
1.045000000000000000e+03
1.645000000000000000e+03
1.380000000000000000e+02
4.263000000000000000e+03
4.896000000000000000e+03
3.650000000000000000e+02
8.780000000000000000e+02
2.851000000000000000e+03
4.260000000000000000e+02
1.385000000000000000e+03
7.010000000000000000e+02
5.620000000000000000e+02
1.351000000000000000e+03
3.702000000000000000e+03
3.779000000000000000e+03
7.560000000000000000e+02
2.313000000000000000e+03
1.940000000000000000e+02
4.700000000000000000e+01
1.779000000000000000e+03
4.011000000000000000e+03
1.453000000000000000e+03
2.406000000000000000e+03
1.507000000000000000e+03
4.860000000000000000e+02
1.012000000000000000e+03
2.113000000000000000e+03
4.897000000000000000e+03
1.457000000000000000e+03
1.130000000000000000e+02
4.830000000000000000e+02
3.190000000000000000e+03
1.342000000000000000e+03
4.265000000000000000e+03
2.240000000000000000e+03
1.417000000000000000e+03
1.332000000000000000e+03
5.390000000000000000e+02
2.712000000000000000e+03
3.245000000000000000e+03
1.310000000000000000e+02
1.804000000000000000e+03
4.638000000000000000e+03
2.850000000000000000e+03
7.780000000000000000e+02
1.325000000000000000e+03
3.211000000000000000e+03
1.733000000000000000e+03
7.650000000000000000e+02
3.030000000000000000e+03
2.231000000000000000e+03
1.142000000000000000e+03
9.770000000000000000e+02
3.904000000000000000e+03
1.555000000000000000e+03
3.363000000000000000e+03
1.329000000000000000e+03
4.655000000000000000e+03
3.438000000000000000e+03
4.750000000000000000e+03
3.343000000000000000e+03
1.151000000000000000e+03
1.140000000000000000e+02
3.186000000000000000e+03
3.390000000000000000e+02
1.951000000000000000e+03
2.730000000000000000e+03
2.713000000000000000e+03
2.453000000000000000e+03
1.029000000000000000e+03
3.183000000000000000e+03
4.814000000000000000e+03
1.926000000000000000e+03
2.208000000000000000e+03
4.615000000000000000e+03
1.390000000000000000e+03
2.520000000000000000e+02
5.070000000000000000e+02
2.385000000000000000e+03
2.500000000000000000e+03
4.352000000000000000e+03
1.510000000000000000e+03
1.493000000000000000e+03
2.621000000000000000e+03
1.019000000000000000e+03
2.470000000000000000e+03
2.178000000000000000e+03
3.241000000000000000e+03
2.025000000000000000e+03
3.230000000000000000e+03
1.084000000000000000e+03
3.394000000000000000e+03
2.934000000000000000e+03
1.554000000000000000e+03
1.021000000000000000e+03
4.461000000000000000e+03
1.471000000000000000e+03
3.050000000000000000e+03
2.932000000000000000e+03
3.224000000000000000e+03
9.450000000000000000e+02
2.033000000000000000e+03
1.925000000000000000e+03
4.796000000000000000e+03
1.015000000000000000e+03
2.895000000000000000e+03
3.530000000000000000e+03
3.922000000000000000e+03
1.517000000000000000e+03
2.796000000000000000e+03
3.190000000000000000e+02
3.901000000000000000e+03
3.073000000000000000e+03
2.112000000000000000e+03
3.177000000000000000e+03
3.635000000000000000e+03
2.852000000000000000e+03
4.958000000000000000e+03
8.730000000000000000e+02
3.797000000000000000e+03
2.440000000000000000e+02
4.907000000000000000e+03
9.240000000000000000e+02
2.430000000000000000e+03
2.777000000000000000e+03
1.729000000000000000e+03
4.765000000000000000e+03
4.471000000000000000e+03
1.860000000000000000e+02
1.576000000000000000e+03
2.990000000000000000e+03
4.782000000000000000e+03
3.371000000000000000e+03
4.706000000000000000e+03
4.487000000000000000e+03
4.961000000000000000e+03
2.462000000000000000e+03
2.035000000000000000e+03
3.580000000000000000e+02
4.520000000000000000e+03
2.441000000000000000e+03
9.230000000000000000e+02
2.326000000000000000e+03
3.049000000000000000e+03
3.225000000000000000e+03
9.320000000000000000e+02
3.674000000000000000e+03
1.818000000000000000e+03
1.660000000000000000e+03
3.284000000000000000e+03
3.944000000000000000e+03
4.358000000000000000e+03
3.871000000000000000e+03
2.011000000000000000e+03
1.290000000000000000e+02
1.945000000000000000e+03
1.060000000000000000e+02
4.669000000000000000e+03
1.340000000000000000e+03
1.123000000000000000e+03
4.645000000000000000e+03
6.900000000000000000e+02
1.268000000000000000e+03
2.493000000000000000e+03
5.410000000000000000e+02
7.390000000000000000e+02
4.686000000000000000e+03
7.900000000000000000e+02
1.491000000000000000e+03
2.098000000000000000e+03
1.823000000000000000e+03
4.511000000000000000e+03
3.551000000000000000e+03
4.788000000000000000e+03
4.215000000000000000e+03
3.816000000000000000e+03
1.433000000000000000e+03
3.519000000000000000e+03
2.135000000000000000e+03
4.519000000000000000e+03
1.529000000000000000e+03
3.295000000000000000e+03
2.438000000000000000e+03
1.501000000000000000e+03
8.430000000000000000e+02
4.820000000000000000e+02
4.599000000000000000e+03
1.415000000000000000e+03
3.296000000000000000e+03
4.512000000000000000e+03
8.460000000000000000e+02
3.926000000000000000e+03
1.283000000000000000e+03
2.398000000000000000e+03
4.129000000000000000e+03
3.679000000000000000e+03
4.605000000000000000e+03
2.198000000000000000e+03
1.348000000000000000e+03
4.111000000000000000e+03
4.387000000000000000e+03
3.147000000000000000e+03
3.130000000000000000e+02
1.726000000000000000e+03
1.713000000000000000e+03
3.182000000000000000e+03
1.827000000000000000e+03
3.141000000000000000e+03
4.028000000000000000e+03
2.881000000000000000e+03
3.251000000000000000e+03
8.440000000000000000e+02
3.089000000000000000e+03
1.805000000000000000e+03
1.709000000000000000e+03
4.754000000000000000e+03
2.327000000000000000e+03
6.090000000000000000e+02
2.704000000000000000e+03
4.748000000000000000e+03
1.324000000000000000e+03
4.513000000000000000e+03
3.681000000000000000e+03
3.931000000000000000e+03
3.914000000000000000e+03
7.500000000000000000e+01
2.022000000000000000e+03
5.790000000000000000e+02
4.776000000000000000e+03
3.436000000000000000e+03
1.085000000000000000e+03
3.562000000000000000e+03
4.389000000000000000e+03
1.769000000000000000e+03
8.260000000000000000e+02
2.944000000000000000e+03
6.380000000000000000e+02
2.501000000000000000e+03
3.400000000000000000e+02
4.865000000000000000e+03
2.342000000000000000e+03
4.017000000000000000e+03
4.201000000000000000e+03
1.234000000000000000e+03
2.261000000000000000e+03
9.200000000000000000e+01
1.864000000000000000e+03
1.960000000000000000e+03
1.633000000000000000e+03
4.066000000000000000e+03
4.927000000000000000e+03
2.367000000000000000e+03
2.455000000000000000e+03
8.080000000000000000e+02
1.589000000000000000e+03
2.892000000000000000e+03
9.580000000000000000e+02
1.280000000000000000e+02
2.500000000000000000e+01
2.802000000000000000e+03
2.449000000000000000e+03
7.460000000000000000e+02
3.254000000000000000e+03
1.489000000000000000e+03
1.118000000000000000e+03
3.741000000000000000e+03
2.811000000000000000e+03
4.581000000000000000e+03
4.920000000000000000e+02
3.730000000000000000e+03
2.977000000000000000e+03
2.830000000000000000e+02
5.810000000000000000e+02
3.053000000000000000e+03
3.857000000000000000e+03
3.176000000000000000e+03
2.024000000000000000e+03
1.202000000000000000e+03
1.020000000000000000e+03
2.210000000000000000e+02
4.485000000000000000e+03
4.399000000000000000e+03
2.451000000000000000e+03
7.290000000000000000e+02
5.960000000000000000e+02
2.771000000000000000e+03
2.721000000000000000e+03
4.104000000000000000e+03
4.910000000000000000e+03
1.813000000000000000e+03
7.830000000000000000e+02
1.180000000000000000e+02
1.133000000000000000e+03
3.575000000000000000e+03
5.570000000000000000e+02
3.269000000000000000e+03
3.290000000000000000e+02
1.899000000000000000e+03
1.310000000000000000e+03
3.745000000000000000e+03
6.750000000000000000e+02
6.440000000000000000e+02
4.874000000000000000e+03
2.863000000000000000e+03
4.050000000000000000e+03
1.704000000000000000e+03
4.293000000000000000e+03
2.450000000000000000e+03
5.270000000000000000e+02
4.850000000000000000e+02
1.190000000000000000e+03
6.040000000000000000e+02
2.964000000000000000e+03
2.077000000000000000e+03
3.107000000000000000e+03
9.830000000000000000e+02
1.702000000000000000e+03
9.900000000000000000e+01
4.915000000000000000e+03
1.178000000000000000e+03
4.436000000000000000e+03
2.567000000000000000e+03
8.590000000000000000e+02
1.182000000000000000e+03
3.953000000000000000e+03
2.263000000000000000e+03
1.221000000000000000e+03
2.673000000000000000e+03
4.469000000000000000e+03
3.625000000000000000e+03
4.295000000000000000e+03
1.102000000000000000e+03
4.197000000000000000e+03
1.808000000000000000e+03
2.254000000000000000e+03
5.140000000000000000e+02
3.079000000000000000e+03
4.223000000000000000e+03
1.860000000000000000e+03
2.522000000000000000e+03
3.185000000000000000e+03
3.430000000000000000e+02
5.200000000000000000e+01
4.779000000000000000e+03
1.299000000000000000e+03
4.214000000000000000e+03
2.416000000000000000e+03
7.710000000000000000e+02
7.740000000000000000e+02
1.514000000000000000e+03
4.128000000000000000e+03
1.108000000000000000e+03
1.948000000000000000e+03
1.485000000000000000e+03
8.500000000000000000e+02
4.123000000000000000e+03
3.800000000000000000e+01
1.136000000000000000e+03
2.380000000000000000e+02
1.586000000000000000e+03
4.300000000000000000e+03
1.758000000000000000e+03
1.919000000000000000e+03
1.630000000000000000e+02
2.399000000000000000e+03
4.778000000000000000e+03
4.472000000000000000e+03
4.697000000000000000e+03
2.478000000000000000e+03
4.458000000000000000e+03
8.090000000000000000e+02
2.133000000000000000e+03
2.119000000000000000e+03
1.959000000000000000e+03
1.824000000000000000e+03
4.940000000000000000e+02
6.720000000000000000e+02
1.550000000000000000e+02
3.728000000000000000e+03
3.440000000000000000e+03
3.476000000000000000e+03
4.010000000000000000e+03
3.612000000000000000e+03
4.737000000000000000e+03
7.400000000000000000e+02
2.183000000000000000e+03
4.859000000000000000e+03
4.294000000000000000e+03
1.024000000000000000e+03
2.671000000000000000e+03
4.058000000000000000e+03
1.065000000000000000e+03
5.700000000000000000e+02
1.741000000000000000e+03
4.000000000000000000e+02
4.847000000000000000e+03
2.665000000000000000e+03
1.080000000000000000e+02
2.655000000000000000e+03
2.424000000000000000e+03
3.648000000000000000e+03
4.075000000000000000e+03
1.420000000000000000e+03
2.739000000000000000e+03
3.649000000000000000e+03
2.279000000000000000e+03
2.172000000000000000e+03
2.929000000000000000e+03
1.391000000000000000e+03
3.894000000000000000e+03
4.850000000000000000e+03
4.242000000000000000e+03
2.000000000000000000e+02
2.454000000000000000e+03
4.110000000000000000e+02
3.010000000000000000e+03
3.801000000000000000e+03
3.260000000000000000e+02
1.522000000000000000e+03
4.447000000000000000e+03
3.606000000000000000e+03
1.564000000000000000e+03
5.170000000000000000e+02
3.538000000000000000e+03
1.073000000000000000e+03
2.943000000000000000e+03
3.379000000000000000e+03
4.762000000000000000e+03
4.077000000000000000e+03
1.716000000000000000e+03
3.321000000000000000e+03
2.755000000000000000e+03
1.684000000000000000e+03
4.371000000000000000e+03
1.478000000000000000e+03
2.147000000000000000e+03
3.540000000000000000e+02
3.959000000000000000e+03
1.802000000000000000e+03
4.222000000000000000e+03
3.272000000000000000e+03
2.579000000000000000e+03
4.499000000000000000e+03
4.560000000000000000e+03
6.860000000000000000e+02
2.801000000000000000e+03
4.949000000000000000e+03
1.516000000000000000e+03
1.889000000000000000e+03
9.410000000000000000e+02
3.221000000000000000e+03
3.969000000000000000e+03
3.322000000000000000e+03
4.130000000000000000e+03
1.092000000000000000e+03
1.226000000000000000e+03
2.192000000000000000e+03
2.564000000000000000e+03
4.659000000000000000e+03
2.058000000000000000e+03
1.143000000000000000e+03
3.017000000000000000e+03
5.380000000000000000e+02
2.700000000000000000e+01
3.061000000000000000e+03
4.573000000000000000e+03
2.642000000000000000e+03
4.607000000000000000e+03
1.273000000000000000e+03
2.730000000000000000e+02
2.433000000000000000e+03
2.012000000000000000e+03
2.697000000000000000e+03
3.972000000000000000e+03
3.881000000000000000e+03
3.552000000000000000e+03
3.340000000000000000e+03
1.853000000000000000e+03
2.110000000000000000e+02
1.174000000000000000e+03
4.631000000000000000e+03
4.250000000000000000e+03
8.200000000000000000e+01
3.160000000000000000e+02
4.943000000000000000e+03
1.912000000000000000e+03
3.670000000000000000e+02
3.240000000000000000e+02
1.479000000000000000e+03
4.368000000000000000e+03
4.286000000000000000e+03
4.786000000000000000e+03
2.646000000000000000e+03
3.112000000000000000e+03
3.870000000000000000e+03
6.210000000000000000e+02
3.420000000000000000e+03
1.486000000000000000e+03
3.845000000000000000e+03
3.509000000000000000e+03
2.879000000000000000e+03
2.150000000000000000e+03
4.740000000000000000e+03
4.451000000000000000e+03
3.703000000000000000e+03
3.400000000000000000e+03
4.952000000000000000e+03
1.742000000000000000e+03
4.688000000000000000e+03
1.743000000000000000e+03
3.368000000000000000e+03
3.843000000000000000e+03
4.084000000000000000e+03
3.986000000000000000e+03
3.259000000000000000e+03
1.500000000000000000e+03
6.700000000000000000e+02
2.941000000000000000e+03
3.159000000000000000e+03
2.723000000000000000e+03
2.834000000000000000e+03
4.626000000000000000e+03
2.765000000000000000e+03
3.581000000000000000e+03
3.480000000000000000e+02
4.855000000000000000e+03
3.950000000000000000e+03
2.093000000000000000e+03
2.597000000000000000e+03
4.700000000000000000e+02
6.620000000000000000e+02
1.230000000000000000e+03
3.560000000000000000e+02
2.340000000000000000e+03
4.930000000000000000e+03
1.606000000000000000e+03
3.793000000000000000e+03
2.717000000000000000e+03
3.249000000000000000e+03
1.443000000000000000e+03
3.170000000000000000e+02
2.550000000000000000e+03
3.872000000000000000e+03
3.231000000000000000e+03
3.834000000000000000e+03
2.070000000000000000e+02
4.233000000000000000e+03
1.796000000000000000e+03
3.270000000000000000e+03
1.131000000000000000e+03
2.249000000000000000e+03
2.981000000000000000e+03
1.316000000000000000e+03
1.390000000000000000e+02
2.444000000000000000e+03
4.061000000000000000e+03
2.246000000000000000e+03
1.031000000000000000e+03
1.928000000000000000e+03
4.484000000000000000e+03
4.419000000000000000e+03
4.912000000000000000e+03
3.692000000000000000e+03
1.235000000000000000e+03
2.681000000000000000e+03
2.628000000000000000e+03
2.459000000000000000e+03
1.074000000000000000e+03
9.300000000000000000e+01
1.124000000000000000e+03
4.044000000000000000e+03
4.820000000000000000e+03
4.160000000000000000e+03
3.529000000000000000e+03
4.600000000000000000e+03
4.882000000000000000e+03
4.434000000000000000e+03
4.662000000000000000e+03
3.151000000000000000e+03
6.000000000000000000e+01
1.370000000000000000e+03
4.964000000000000000e+03
3.631000000000000000e+03
3.773000000000000000e+03
4.329000000000000000e+03
7.840000000000000000e+02
1.057000000000000000e+03
4.506000000000000000e+03
7.720000000000000000e+02
4.402000000000000000e+03
1.772000000000000000e+03
7.200000000000000000e+01
3.400000000000000000e+01
3.180000000000000000e+03
4.404000000000000000e+03
3.824000000000000000e+03
2.839000000000000000e+03
4.888000000000000000e+03
2.317000000000000000e+03
4.091000000000000000e+03
3.339000000000000000e+03
1.556000000000000000e+03
6.200000000000000000e+02
4.557000000000000000e+03
2.134000000000000000e+03
1.783000000000000000e+03
3.383000000000000000e+03
1.369000000000000000e+03
2.930000000000000000e+02
3.752000000000000000e+03
4.564000000000000000e+03
2.312000000000000000e+03
4.630000000000000000e+03
8.040000000000000000e+02
1.777000000000000000e+03
2.445000000000000000e+03
3.409000000000000000e+03
4.509000000000000000e+03
1.397000000000000000e+03
1.078000000000000000e+03
4.115000000000000000e+03
3.274000000000000000e+03
1.891000000000000000e+03
5.200000000000000000e+02
3.740000000000000000e+03
5.800000000000000000e+01
4.711000000000000000e+03
1.714000000000000000e+03
1.009000000000000000e+03
1.215000000000000000e+03
2.498000000000000000e+03
3.027000000000000000e+03
1.460000000000000000e+02
3.746000000000000000e+03
9.670000000000000000e+02
2.041000000000000000e+03
3.706000000000000000e+03
2.139000000000000000e+03
2.557000000000000000e+03
3.072000000000000000e+03
4.274000000000000000e+03
2.792000000000000000e+03
2.560000000000000000e+03
1.520000000000000000e+03
2.490000000000000000e+02
1.908000000000000000e+03
3.498000000000000000e+03
2.073000000000000000e+03
2.794000000000000000e+03
4.256000000000000000e+03
3.718000000000000000e+03
4.052000000000000000e+03
6.270000000000000000e+02
3.990000000000000000e+03
4.219000000000000000e+03
2.067000000000000000e+03
2.689000000000000000e+03
2.210000000000000000e+03
3.884000000000000000e+03
3.632000000000000000e+03
2.096000000000000000e+03
3.629000000000000000e+03
4.838000000000000000e+03
2.640000000000000000e+02
2.029000000000000000e+03
4.431000000000000000e+03
2.710000000000000000e+02
3.879000000000000000e+03
4.763000000000000000e+03
3.278000000000000000e+03
9.480000000000000000e+02
7.910000000000000000e+02
6.960000000000000000e+02
3.638000000000000000e+03
3.037000000000000000e+03
9.560000000000000000e+02
5.080000000000000000e+02
3.949000000000000000e+03
2.211000000000000000e+03
2.980000000000000000e+03
4.326000000000000000e+03
9.350000000000000000e+02
4.418000000000000000e+03
1.960000000000000000e+02
4.106000000000000000e+03
1.844000000000000000e+03
2.800000000000000000e+02
9.800000000000000000e+02
2.403000000000000000e+03
2.153000000000000000e+03
8.000000000000000000e+01
4.176000000000000000e+03
4.828000000000000000e+03
2.460000000000000000e+03
3.240000000000000000e+03
8.310000000000000000e+02
5.470000000000000000e+02
3.362000000000000000e+03
4.646000000000000000e+03
2.343000000000000000e+03
7.100000000000000000e+01
1.806000000000000000e+03
2.132000000000000000e+03
4.030000000000000000e+03
3.610000000000000000e+02
1.838000000000000000e+03
3.564000000000000000e+03
1.687000000000000000e+03
2.163000000000000000e+03
1.688000000000000000e+03
1.094000000000000000e+03
4.450000000000000000e+02
1.962000000000000000e+03
3.607000000000000000e+03
1.557000000000000000e+03
1.355000000000000000e+03
3.740000000000000000e+02
3.060000000000000000e+02
2.421000000000000000e+03
4.807000000000000000e+03
2.157000000000000000e+03
1.754000000000000000e+03
3.938000000000000000e+03
1.061000000000000000e+03
3.723000000000000000e+03
3.644000000000000000e+03
2.975000000000000000e+03
4.976000000000000000e+03
4.761000000000000000e+03
2.890000000000000000e+02
2.466000000000000000e+03
4.769000000000000000e+03
3.446000000000000000e+03
2.565000000000000000e+03
2.887000000000000000e+03
1.984000000000000000e+03
2.683000000000000000e+03
9.180000000000000000e+02
2.965000000000000000e+03
1.101000000000000000e+03
1.745000000000000000e+03
1.125000000000000000e+03
3.751000000000000000e+03
1.144000000000000000e+03
1.736000000000000000e+03
3.413000000000000000e+03
4.530000000000000000e+03
4.309000000000000000e+03
2.020000000000000000e+02
2.954000000000000000e+03
8.860000000000000000e+02
4.150000000000000000e+03
2.075000000000000000e+03
3.579000000000000000e+03
4.565000000000000000e+03
2.527000000000000000e+03
2.426000000000000000e+03
6.930000000000000000e+02
1.293000000000000000e+03
3.036000000000000000e+03
2.244000000000000000e+03
2.122000000000000000e+03
8.610000000000000000e+02
2.504000000000000000e+03
9.080000000000000000e+02
1.642000000000000000e+03
8.710000000000000000e+02
4.831000000000000000e+03
1.913000000000000000e+03
4.132000000000000000e+03
4.561000000000000000e+03
4.656000000000000000e+03
1.677000000000000000e+03
1.484000000000000000e+03
1.920000000000000000e+03
1.707000000000000000e+03
4.792000000000000000e+03
1.377000000000000000e+03
8.070000000000000000e+02
4.317000000000000000e+03
3.068000000000000000e+03
2.220000000000000000e+03
9.270000000000000000e+02
3.666000000000000000e+03
3.025000000000000000e+03
3.412000000000000000e+03
4.926000000000000000e+03
1.964000000000000000e+03
3.721000000000000000e+03
2.653000000000000000e+03
2.370000000000000000e+03
4.917000000000000000e+03
2.131000000000000000e+03
3.574000000000000000e+03
4.043000000000000000e+03
6.700000000000000000e+01
2.727000000000000000e+03
4.623000000000000000e+03
4.410000000000000000e+02
4.063000000000000000e+03
2.790000000000000000e+03
4.806000000000000000e+03
2.468000000000000000e+03
2.984000000000000000e+03
3.496000000000000000e+03
3.487000000000000000e+03
1.105000000000000000e+03
2.910000000000000000e+02
3.083000000000000000e+03
3.500000000000000000e+02
1.765000000000000000e+03
8.970000000000000000e+02
2.083000000000000000e+03
5.710000000000000000e+02
5.060000000000000000e+02
2.048000000000000000e+03
1.552000000000000000e+03
4.619000000000000000e+03
1.800000000000000000e+01
9.030000000000000000e+02
3.247000000000000000e+03
3.708000000000000000e+03
6.230000000000000000e+02
7.430000000000000000e+02
6.320000000000000000e+02
4.243000000000000000e+03
1.861000000000000000e+03
8.530000000000000000e+02
3.605000000000000000e+03
4.975000000000000000e+03
3.722000000000000000e+03
9.010000000000000000e+02
7.930000000000000000e+02
4.959000000000000000e+03
4.413000000000000000e+03
2.530000000000000000e+02
2.272000000000000000e+03
1.200000000000000000e+02
4.980000000000000000e+02
2.320000000000000000e+02
3.392000000000000000e+03
1.159000000000000000e+03
4.367000000000000000e+03
3.936000000000000000e+03
3.256000000000000000e+03
1.480000000000000000e+03
8.550000000000000000e+02
4.970000000000000000e+03
1.523000000000000000e+03
4.350000000000000000e+03
4.220000000000000000e+03
3.804000000000000000e+03
3.593000000000000000e+03
1.661000000000000000e+03
9.910000000000000000e+02
1.527000000000000000e+03
2.200000000000000000e+01
4.355000000000000000e+03
8.400000000000000000e+02
5.660000000000000000e+02
2.840000000000000000e+03
4.397000000000000000e+03
1.482000000000000000e+03
4.963000000000000000e+03
