4.901000000000000000e+03
2.327000000000000000e+03
2.540000000000000000e+03
1.326000000000000000e+03
3.965000000000000000e+03
2.580000000000000000e+03
1.319000000000000000e+03
1.050000000000000000e+03
3.061000000000000000e+03
3.884000000000000000e+03
4.731000000000000000e+03
4.041000000000000000e+03
2.400000000000000000e+03
3.375000000000000000e+03
3.360000000000000000e+03
2.540000000000000000e+02
2.470000000000000000e+02
3.408000000000000000e+03
3.984000000000000000e+03
4.102000000000000000e+03
3.351000000000000000e+03
4.116000000000000000e+03
4.851000000000000000e+03
2.314000000000000000e+03
4.853000000000000000e+03
4.856000000000000000e+03
1.517000000000000000e+03
2.112000000000000000e+03
3.513000000000000000e+03
4.924000000000000000e+03
3.754000000000000000e+03
4.918000000000000000e+03
1.210000000000000000e+02
3.808000000000000000e+03
2.165000000000000000e+03
1.489000000000000000e+03
3.474000000000000000e+03
1.610000000000000000e+02
1.605000000000000000e+03
2.209000000000000000e+03
4.878000000000000000e+03
4.874000000000000000e+03
3.004000000000000000e+03
3.904000000000000000e+03
1.531000000000000000e+03
3.463000000000000000e+03
4.147000000000000000e+03
1.116000000000000000e+03
1.210000000000000000e+03
3.079000000000000000e+03
4.474000000000000000e+03
4.651000000000000000e+03
4.496000000000000000e+03
6.880000000000000000e+02
3.148000000000000000e+03
3.090000000000000000e+03
6.590000000000000000e+02
2.631000000000000000e+03
2.634000000000000000e+03
6.380000000000000000e+02
4.550000000000000000e+03
3.122000000000000000e+03
6.010000000000000000e+02
3.119000000000000000e+03
3.116000000000000000e+03
2.684000000000000000e+03
4.740000000000000000e+02
8.020000000000000000e+02
4.421000000000000000e+03
4.674000000000000000e+03
3.518000000000000000e+03
2.777000000000000000e+03
1.094000000000000000e+03
2.439000000000000000e+03
3.630000000000000000e+02
4.716000000000000000e+03
9.320000000000000000e+02
4.342000000000000000e+03
1.220000000000000000e+03
9.270000000000000000e+02
4.703000000000000000e+03
9.080000000000000000e+02
3.215000000000000000e+03
4.374000000000000000e+03
4.688000000000000000e+03
8.580000000000000000e+02
4.404000000000000000e+03
2.727000000000000000e+03
2.512000000000000000e+03
2.886000000000000000e+03
3.587000000000000000e+03
3.708000000000000000e+03
1.975000000000000000e+03
8.600000000000000000e+01
4.973000000000000000e+03
3.607000000000000000e+03
2.053000000000000000e+03
4.952000000000000000e+03
2.073000000000000000e+03
3.695000000000000000e+03
2.924000000000000000e+03
2.043000000000000000e+03
2.893000000000000000e+03
3.000000000000000000e+00
2.044000000000000000e+03
2.900000000000000000e+01
1.939000000000000000e+03
2.953000000000000000e+03
4.121000000000000000e+03
3.938000000000000000e+03
3.697000000000000000e+03
1.283000000000000000e+03
4.388000000000000000e+03
3.484000000000000000e+03
7.950000000000000000e+02
3.964000000000000000e+03
4.079000000000000000e+03
1.671000000000000000e+03
3.867000000000000000e+03
4.149000000000000000e+03
2.626000000000000000e+03
4.855000000000000000e+03
2.451000000000000000e+03
3.740000000000000000e+02
4.295000000000000000e+03
4.166000000000000000e+03
1.704000000000000000e+03
8.810000000000000000e+02
2.336000000000000000e+03
3.621000000000000000e+03
3.732000000000000000e+03
4.113000000000000000e+03
1.406000000000000000e+03
1.955000000000000000e+03
4.770000000000000000e+02
2.306000000000000000e+03
1.407000000000000000e+03
3.973000000000000000e+03
1.265000000000000000e+03
3.558000000000000000e+03
4.711000000000000000e+03
4.220000000000000000e+03
2.032000000000000000e+03
2.588000000000000000e+03
2.997000000000000000e+03
4.190000000000000000e+03
4.370000000000000000e+02
5.200000000000000000e+01
1.842000000000000000e+03
1.120000000000000000e+02
2.930000000000000000e+03
3.168000000000000000e+03
4.146000000000000000e+03
2.069000000000000000e+03
9.170000000000000000e+02
6.390000000000000000e+02
3.017000000000000000e+03
4.009000000000000000e+03
1.496000000000000000e+03
4.014000000000000000e+03
1.123000000000000000e+03
4.026000000000000000e+03
5.680000000000000000e+02
1.300000000000000000e+01
2.708000000000000000e+03
2.605000000000000000e+03
2.146000000000000000e+03
1.002000000000000000e+03
3.800000000000000000e+03
4.072000000000000000e+03
3.470000000000000000e+03
1.347000000000000000e+03
3.685000000000000000e+03
3.246000000000000000e+03
2.285000000000000000e+03
1.466000000000000000e+03
3.036000000000000000e+03
4.053000000000000000e+03
1.524000000000000000e+03
2.974000000000000000e+03
8.500000000000000000e+01
2.760000000000000000e+03
3.944000000000000000e+03
1.794000000000000000e+03
4.663000000000000000e+03
3.860000000000000000e+02
1.150000000000000000e+03
4.564000000000000000e+03
4.501000000000000000e+03
4.627000000000000000e+03
4.210000000000000000e+02
2.583000000000000000e+03
3.521000000000000000e+03
3.048000000000000000e+03
3.600000000000000000e+03
4.629000000000000000e+03
4.590000000000000000e+03
2.967000000000000000e+03
4.966000000000000000e+03
1.786000000000000000e+03
3.677000000000000000e+03
2.802000000000000000e+03
1.968000000000000000e+03
3.069000000000000000e+03
4.524000000000000000e+03
3.392000000000000000e+03
3.149000000000000000e+03
3.742000000000000000e+03
3.500000000000000000e+03
4.747000000000000000e+03
2.986000000000000000e+03
1.688000000000000000e+03
4.832000000000000000e+03
4.389000000000000000e+03
3.157000000000000000e+03
4.346000000000000000e+03
1.582000000000000000e+03
3.615000000000000000e+03
4.470000000000000000e+03
3.263000000000000000e+03
3.160000000000000000e+02
2.696000000000000000e+03
3.281000000000000000e+03
3.802000000000000000e+03
4.710000000000000000e+03
3.790000000000000000e+03
2.420000000000000000e+03
2.800000000000000000e+01
2.761000000000000000e+03
2.670000000000000000e+02
2.587000000000000000e+03
1.340000000000000000e+02
2.630000000000000000e+02
3.751000000000000000e+03
2.700000000000000000e+01
1.270000000000000000e+02
4.382000000000000000e+03
1.320000000000000000e+03
2.523000000000000000e+03
1.500000000000000000e+01
1.966000000000000000e+03
4.819000000000000000e+03
1.926000000000000000e+03
2.430000000000000000e+03
1.425000000000000000e+03
4.199000000000000000e+03
4.904000000000000000e+03
3.919000000000000000e+03
1.683000000000000000e+03
1.306000000000000000e+03
2.870000000000000000e+03
9.140000000000000000e+02
4.268000000000000000e+03
1.090000000000000000e+03
4.595000000000000000e+03
4.950000000000000000e+03
3.241000000000000000e+03
1.849000000000000000e+03
7.200000000000000000e+02
3.210000000000000000e+03
1.628000000000000000e+03
4.984000000000000000e+03
1.579000000000000000e+03
4.940000000000000000e+02
3.620000000000000000e+03
1.235000000000000000e+03
4.990000000000000000e+02
3.331000000000000000e+03
3.745000000000000000e+03
1.481000000000000000e+03
2.920000000000000000e+02
1.428000000000000000e+03
1.834000000000000000e+03
2.911000000000000000e+03
4.253000000000000000e+03
4.336000000000000000e+03
7.210000000000000000e+02
3.363000000000000000e+03
1.662000000000000000e+03
3.326000000000000000e+03
3.292000000000000000e+03
1.201000000000000000e+03
2.124000000000000000e+03
1.194000000000000000e+03
4.205000000000000000e+03
3.545000000000000000e+03
1.414000000000000000e+03
3.137000000000000000e+03
3.132000000000000000e+03
1.617000000000000000e+03
9.410000000000000000e+02
3.022000000000000000e+03
4.261000000000000000e+03
1.408000000000000000e+03
2.650000000000000000e+02
7.990000000000000000e+02
3.269000000000000000e+03
2.979000000000000000e+03
4.870000000000000000e+03
5.200000000000000000e+02
1.505000000000000000e+03
4.133000000000000000e+03
9.350000000000000000e+02
2.505000000000000000e+03
9.530000000000000000e+02
2.388000000000000000e+03
3.623000000000000000e+03
1.180000000000000000e+03
1.700000000000000000e+02
1.737000000000000000e+03
2.005000000000000000e+03
3.907000000000000000e+03
9.640000000000000000e+02
1.541000000000000000e+03
1.941000000000000000e+03
5.320000000000000000e+02
3.420000000000000000e+02
1.991000000000000000e+03
3.182000000000000000e+03
1.300000000000000000e+03
4.602000000000000000e+03
1.075000000000000000e+03
2.906000000000000000e+03
3.277000000000000000e+03
4.022000000000000000e+03
8.540000000000000000e+02
3.778000000000000000e+03
2.426000000000000000e+03
2.854000000000000000e+03
2.440000000000000000e+02
1.036000000000000000e+03
1.215000000000000000e+03
2.257000000000000000e+03
2.254000000000000000e+03
3.323000000000000000e+03
4.304000000000000000e+03
3.526000000000000000e+03
1.940000000000000000e+03
4.660000000000000000e+02
1.744000000000000000e+03
1.790000000000000000e+02
4.484000000000000000e+03
4.004000000000000000e+03
3.784000000000000000e+03
4.292000000000000000e+03
4.443000000000000000e+03
1.581000000000000000e+03
4.398000000000000000e+03
4.796000000000000000e+03
4.200000000000000000e+01
4.724000000000000000e+03
6.620000000000000000e+02
6.460000000000000000e+02
1.554000000000000000e+03
3.583000000000000000e+03
8.240000000000000000e+02
2.207000000000000000e+03
2.711000000000000000e+03
2.630000000000000000e+03
1.980000000000000000e+03
1.092000000000000000e+03
8.980000000000000000e+02
3.645000000000000000e+03
5.460000000000000000e+02
4.537000000000000000e+03
8.930000000000000000e+02
1.921000000000000000e+03
1.063000000000000000e+03
3.750000000000000000e+02
4.430000000000000000e+02
2.600000000000000000e+01
8.090000000000000000e+02
1.510000000000000000e+03
2.348000000000000000e+03
4.242000000000000000e+03
1.200000000000000000e+03
4.903000000000000000e+03
1.280000000000000000e+02
2.796000000000000000e+03
4.461000000000000000e+03
4.670000000000000000e+02
7.840000000000000000e+02
3.901000000000000000e+03
4.070000000000000000e+03
3.129000000000000000e+03
4.000000000000000000e+00
4.050000000000000000e+02
3.580000000000000000e+03
3.067000000000000000e+03
4.983000000000000000e+03
1.828000000000000000e+03
3.896000000000000000e+03
5.530000000000000000e+02
2.710000000000000000e+02
4.810000000000000000e+03
3.415000000000000000e+03
2.220000000000000000e+02
4.766000000000000000e+03
4.201000000000000000e+03
2.283000000000000000e+03
4.118000000000000000e+03
3.557000000000000000e+03
3.931000000000000000e+03
4.794000000000000000e+03
8.550000000000000000e+02
7.100000000000000000e+02
1.760000000000000000e+02
2.969000000000000000e+03
4.785000000000000000e+03
4.444000000000000000e+03
3.980000000000000000e+03
4.860000000000000000e+02
4.038000000000000000e+03
4.718000000000000000e+03
1.019000000000000000e+03
4.680000000000000000e+03
2.624000000000000000e+03
2.056000000000000000e+03
4.040000000000000000e+02
3.781000000000000000e+03
3.180000000000000000e+02
3.661000000000000000e+03
1.660000000000000000e+03
3.189000000000000000e+03
4.300000000000000000e+01
3.481000000000000000e+03
2.033000000000000000e+03
2.862000000000000000e+03
1.876000000000000000e+03
4.226000000000000000e+03
1.984000000000000000e+03
2.004000000000000000e+03
1.767000000000000000e+03
3.268000000000000000e+03
2.403000000000000000e+03
3.837000000000000000e+03
4.467000000000000000e+03
7.230000000000000000e+02
3.816000000000000000e+03
2.240000000000000000e+02
3.271000000000000000e+03
3.889000000000000000e+03
3.114000000000000000e+03
4.424000000000000000e+03
3.321000000000000000e+03
4.637000000000000000e+03
4.830000000000000000e+02
4.263000000000000000e+03
3.573000000000000000e+03
1.573000000000000000e+03
2.174000000000000000e+03
1.436000000000000000e+03
1.216000000000000000e+03
3.618000000000000000e+03
3.915000000000000000e+03
1.837000000000000000e+03
1.176000000000000000e+03
4.317000000000000000e+03
2.396000000000000000e+03
3.683000000000000000e+03
3.082000000000000000e+03
1.111000000000000000e+03
2.600000000000000000e+03
1.395000000000000000e+03
2.735000000000000000e+03
4.801000000000000000e+03
2.120000000000000000e+02
3.633000000000000000e+03
4.001000000000000000e+03
8.770000000000000000e+02
3.479000000000000000e+03
3.317000000000000000e+03
1.629000000000000000e+03
3.979000000000000000e+03
4.802000000000000000e+03
2.836000000000000000e+03
3.515000000000000000e+03
3.680000000000000000e+03
4.580000000000000000e+02
3.807000000000000000e+03
2.535000000000000000e+03
3.641000000000000000e+03
3.428000000000000000e+03
8.880000000000000000e+02
4.974000000000000000e+03
4.775000000000000000e+03
1.847000000000000000e+03
3.072000000000000000e+03
4.880000000000000000e+03
2.936000000000000000e+03
4.582000000000000000e+03
6.740000000000000000e+02
3.115000000000000000e+03
1.694000000000000000e+03
4.771000000000000000e+03
1.915000000000000000e+03
8.280000000000000000e+02
2.239000000000000000e+03
7.600000000000000000e+02
3.929000000000000000e+03
4.432000000000000000e+03
4.222000000000000000e+03
2.733000000000000000e+03
2.656000000000000000e+03
1.511000000000000000e+03
4.469000000000000000e+03
3.000000000000000000e+03
1.479000000000000000e+03
3.468000000000000000e+03
4.726000000000000000e+03
4.942000000000000000e+03
1.178000000000000000e+03
4.139000000000000000e+03
2.465000000000000000e+03
2.759000000000000000e+03
7.640000000000000000e+02
4.971000000000000000e+03
1.018000000000000000e+03
3.201000000000000000e+03
1.060000000000000000e+02
2.774000000000000000e+03
3.065000000000000000e+03
9.650000000000000000e+02
3.651000000000000000e+03
1.762000000000000000e+03
2.546000000000000000e+03
2.859000000000000000e+03
3.432000000000000000e+03
2.748000000000000000e+03
1.798000000000000000e+03
3.693000000000000000e+03
3.903000000000000000e+03
2.604000000000000000e+03
4.598000000000000000e+03
3.851000000000000000e+03
3.905000000000000000e+03
1.402000000000000000e+03
2.116000000000000000e+03
1.585000000000000000e+03
2.274000000000000000e+03
2.126000000000000000e+03
9.880000000000000000e+02
4.539000000000000000e+03
3.740000000000000000e+03
1.068000000000000000e+03
1.822000000000000000e+03
1.992000000000000000e+03
6.350000000000000000e+02
2.205000000000000000e+03
4.387000000000000000e+03
4.257000000000000000e+03
4.087000000000000000e+03
4.999000000000000000e+03
4.330000000000000000e+02
2.480000000000000000e+02
2.830000000000000000e+03
2.764000000000000000e+03
1.670000000000000000e+02
3.018000000000000000e+03
4.768000000000000000e+03
1.170000000000000000e+02
3.576000000000000000e+03
3.025000000000000000e+03
4.510000000000000000e+03
4.552000000000000000e+03
1.007000000000000000e+03
7.970000000000000000e+02
3.300000000000000000e+01
1.311000000000000000e+03
3.992000000000000000e+03
4.534000000000000000e+03
1.159000000000000000e+03
1.658000000000000000e+03
4.360000000000000000e+02
4.426000000000000000e+03
2.618000000000000000e+03
3.569000000000000000e+03
2.942000000000000000e+03
1.659000000000000000e+03
2.070000000000000000e+03
2.460000000000000000e+03
5.860000000000000000e+02
2.701000000000000000e+03
3.948000000000000000e+03
3.070000000000000000e+03
1.722000000000000000e+03
4.668000000000000000e+03
1.241000000000000000e+03
4.206000000000000000e+03
2.204000000000000000e+03
2.297000000000000000e+03
6.500000000000000000e+02
4.163000000000000000e+03
2.100000000000000000e+03
4.097000000000000000e+03
4.979000000000000000e+03
2.105000000000000000e+03
4.489000000000000000e+03
5.110000000000000000e+02
1.594000000000000000e+03
4.012000000000000000e+03
3.864000000000000000e+03
3.214000000000000000e+03
3.810000000000000000e+03
3.619000000000000000e+03
1.961000000000000000e+03
3.027000000000000000e+03
1.552000000000000000e+03
3.855000000000000000e+03
2.390000000000000000e+02
1.584000000000000000e+03
7.770000000000000000e+02
3.414000000000000000e+03
4.300000000000000000e+03
3.894000000000000000e+03
7.000000000000000000e+02
3.077000000000000000e+03
7.390000000000000000e+02
1.857000000000000000e+03
2.211000000000000000e+03
4.865000000000000000e+03
4.498000000000000000e+03
3.840000000000000000e+03
8.590000000000000000e+02
2.791000000000000000e+03
2.943000000000000000e+03
1.633000000000000000e+03
3.381000000000000000e+03
4.626000000000000000e+03
2.437000000000000000e+03
3.007000000000000000e+03
1.674000000000000000e+03
4.696000000000000000e+03
8.160000000000000000e+02
2.201000000000000000e+03
4.466000000000000000e+03
2.795000000000000000e+03
3.099000000000000000e+03
4.658000000000000000e+03
3.038000000000000000e+03
3.700000000000000000e+01
2.813000000000000000e+03
4.857000000000000000e+03
2.079000000000000000e+03
4.054000000000000000e+03
2.717000000000000000e+03
2.850000000000000000e+02
1.561000000000000000e+03
1.571000000000000000e+03
4.650000000000000000e+02
8.200000000000000000e+01
1.855000000000000000e+03
1.220000000000000000e+02
4.850000000000000000e+02
4.410000000000000000e+02
4.134000000000000000e+03
4.347000000000000000e+03
4.509000000000000000e+03
6.220000000000000000e+02
4.799000000000000000e+03
2.270000000000000000e+03
3.024000000000000000e+03
1.148000000000000000e+03
1.501000000000000000e+03
3.346000000000000000e+03
4.480000000000000000e+03
1.880000000000000000e+03
4.782000000000000000e+03
3.788000000000000000e+03
1.097000000000000000e+03
3.733000000000000000e+03
2.763000000000000000e+03
3.949000000000000000e+03
1.461000000000000000e+03
2.206000000000000000e+03
4.622000000000000000e+03
4.829000000000000000e+03
2.435000000000000000e+03
7.720000000000000000e+02
1.390000000000000000e+03
2.766000000000000000e+03
1.693000000000000000e+03
1.175000000000000000e+03
4.506000000000000000e+03
3.049000000000000000e+03
3.299000000000000000e+03
3.220000000000000000e+03
4.783000000000000000e+03
3.270000000000000000e+02
1.577000000000000000e+03
1.924000000000000000e+03
3.916000000000000000e+03
1.755000000000000000e+03
2.223000000000000000e+03
1.888000000000000000e+03
1.248000000000000000e+03
1.738000000000000000e+03
1.006000000000000000e+03
2.385000000000000000e+03
3.953000000000000000e+03
3.527000000000000000e+03
4.161000000000000000e+03
2.214000000000000000e+03
2.879000000000000000e+03
4.188000000000000000e+03
2.010000000000000000e+03
4.023000000000000000e+03
1.854000000000000000e+03
3.830000000000000000e+02
1.043000000000000000e+03
4.520000000000000000e+03
2.488000000000000000e+03
2.397000000000000000e+03
1.724000000000000000e+03
2.329000000000000000e+03
5.540000000000000000e+02
2.066000000000000000e+03
3.066000000000000000e+03
8.370000000000000000e+02
1.999000000000000000e+03
3.805000000000000000e+03
1.062000000000000000e+03
2.809000000000000000e+03
6.190000000000000000e+02
3.304000000000000000e+03
3.068000000000000000e+03
4.583000000000000000e+03
1.831000000000000000e+03
2.171000000000000000e+03
2.644000000000000000e+03
4.182000000000000000e+03
1.030000000000000000e+02
2.002000000000000000e+03
4.889000000000000000e+03
1.184000000000000000e+03
8.620000000000000000e+02
3.962000000000000000e+03
2.089000000000000000e+03
5.380000000000000000e+02
1.450000000000000000e+02
2.294000000000000000e+03
3.020000000000000000e+03
3.584000000000000000e+03
7.870000000000000000e+02
1.445000000000000000e+03
4.008000000000000000e+03
7.900000000000000000e+01
2.660000000000000000e+03
3.717000000000000000e+03
3.691000000000000000e+03
4.965000000000000000e+03
1.370000000000000000e+03
4.671000000000000000e+03
6.130000000000000000e+02
4.721000000000000000e+03
3.516000000000000000e+03
3.260000000000000000e+02
4.850000000000000000e+03
4.314000000000000000e+03
1.072000000000000000e+03
1.640000000000000000e+02
5.120000000000000000e+02
3.777000000000000000e+03
4.835000000000000000e+03
6.770000000000000000e+02
2.757000000000000000e+03
6.290000000000000000e+02
1.473000000000000000e+03
4.370000000000000000e+03
4.202000000000000000e+03
4.699000000000000000e+03
3.722000000000000000e+03
2.922000000000000000e+03
3.005000000000000000e+03
2.603000000000000000e+03
2.198000000000000000e+03
4.345000000000000000e+03
8.260000000000000000e+02
3.345000000000000000e+03
3.760000000000000000e+03
1.716000000000000000e+03
2.162000000000000000e+03
3.666000000000000000e+03
6.940000000000000000e+02
4.017000000000000000e+03
3.480000000000000000e+02
2.820000000000000000e+02
2.680000000000000000e+03
9.940000000000000000e+02
8.600000000000000000e+02
1.848000000000000000e+03
2.721000000000000000e+03
8.340000000000000000e+02
5.880000000000000000e+02
2.610000000000000000e+02
2.789000000000000000e+03
3.019000000000000000e+03
1.818000000000000000e+03
2.091000000000000000e+03
8.730000000000000000e+02
3.762000000000000000e+03
2.371000000000000000e+03
2.380000000000000000e+02
3.935000000000000000e+03
6.490000000000000000e+02
2.482000000000000000e+03
2.975000000000000000e+03
8.480000000000000000e+02
3.659000000000000000e+03
2.159000000000000000e+03
3.700000000000000000e+03
3.747000000000000000e+03
3.032000000000000000e+03
6.300000000000000000e+01
1.067000000000000000e+03
2.923000000000000000e+03
3.477000000000000000e+03
7.340000000000000000e+02
1.933000000000000000e+03
4.239000000000000000e+03
2.080000000000000000e+03
4.588000000000000000e+03
4.916000000000000000e+03
3.523000000000000000e+03
1.174000000000000000e+03
2.793000000000000000e+03
1.666000000000000000e+03
1.316000000000000000e+03
1.419000000000000000e+03
3.350000000000000000e+02
4.541000000000000000e+03
1.960000000000000000e+03
1.850000000000000000e+03
1.530000000000000000e+02
3.567000000000000000e+03
2.222000000000000000e+03
4.310000000000000000e+03
3.833000000000000000e+03
1.808000000000000000e+03
4.168000000000000000e+03
4.434000000000000000e+03
2.704000000000000000e+03
1.339000000000000000e+03
4.706000000000000000e+03
8.800000000000000000e+01
3.314000000000000000e+03
5.510000000000000000e+02
3.528000000000000000e+03
3.766000000000000000e+03
3.248000000000000000e+03
2.987000000000000000e+03
1.076000000000000000e+03
3.909000000000000000e+03
4.859000000000000000e+03
6.530000000000000000e+02
4.816000000000000000e+03
2.322000000000000000e+03
7.730000000000000000e+02
4.526000000000000000e+03
1.874000000000000000e+03
4.734000000000000000e+03
1.625000000000000000e+03
1.907000000000000000e+03
1.901000000000000000e+03
4.764000000000000000e+03
4.488000000000000000e+03
9.490000000000000000e+02
1.383000000000000000e+03
3.459000000000000000e+03
4.399000000000000000e+03
3.221000000000000000e+03
4.211000000000000000e+03
1.930000000000000000e+02
4.216000000000000000e+03
2.597000000000000000e+03
4.618000000000000000e+03
2.357000000000000000e+03
1.217000000000000000e+03
1.291000000000000000e+03
3.088000000000000000e+03
2.183000000000000000e+03
1.460000000000000000e+03
8.890000000000000000e+02
2.935000000000000000e+03
4.013000000000000000e+03
3.520000000000000000e+03
9.790000000000000000e+02
3.245000000000000000e+03
5.640000000000000000e+02
4.077000000000000000e+03
4.606000000000000000e+03
4.962000000000000000e+03
1.468000000000000000e+03
5.560000000000000000e+02
3.487000000000000000e+03
2.235000000000000000e+03
1.804000000000000000e+03
4.753000000000000000e+03
4.625000000000000000e+03
4.960000000000000000e+02
1.160000000000000000e+02
4.559000000000000000e+03
4.970000000000000000e+03
3.786000000000000000e+03
4.897000000000000000e+03
3.519000000000000000e+03
2.263000000000000000e+03
2.299000000000000000e+03
4.573000000000000000e+03
8.390000000000000000e+02
1.110000000000000000e+03
2.543000000000000000e+03
3.209000000000000000e+03
6.900000000000000000e+01
4.599000000000000000e+03
4.616000000000000000e+03
3.529000000000000000e+03
2.756000000000000000e+03
3.608000000000000000e+03
1.310000000000000000e+02
2.506000000000000000e+03
3.078000000000000000e+03
3.829000000000000000e+03
7.750000000000000000e+02
4.732000000000000000e+03
1.623000000000000000e+03
1.859000000000000000e+03
3.704000000000000000e+03
2.925000000000000000e+03
4.230000000000000000e+02
3.792000000000000000e+03
1.295000000000000000e+03
3.570000000000000000e+02
3.280000000000000000e+02
4.776000000000000000e+03
2.730000000000000000e+03
5.500000000000000000e+01
2.706000000000000000e+03
1.650000000000000000e+02
3.703000000000000000e+03
3.320000000000000000e+02
3.553000000000000000e+03
1.460000000000000000e+02
4.640000000000000000e+02
2.103000000000000000e+03
1.103000000000000000e+03
4.544000000000000000e+03
4.847000000000000000e+03
8.700000000000000000e+01
3.665000000000000000e+03
1.198000000000000000e+03
1.230000000000000000e+02
4.756000000000000000e+03
2.230000000000000000e+03
2.526000000000000000e+03
3.133000000000000000e+03
2.589000000000000000e+03
2.150000000000000000e+02
2.000000000000000000e+02
3.478000000000000000e+03
2.950000000000000000e+02
5.170000000000000000e+02
4.305000000000000000e+03
4.248000000000000000e+03
2.554000000000000000e+03
4.842000000000000000e+03
3.109000000000000000e+03
6.400000000000000000e+02
4.621000000000000000e+03
3.377000000000000000e+03
3.073000000000000000e+03
3.818000000000000000e+03
3.828000000000000000e+03
1.119000000000000000e+03
3.037000000000000000e+03
3.471000000000000000e+03
4.417000000000000000e+03
1.734000000000000000e+03
3.144000000000000000e+03
4.436000000000000000e+03
4.141000000000000000e+03
9.500000000000000000e+02
1.656000000000000000e+03
4.120000000000000000e+03
8.150000000000000000e+02
4.174000000000000000e+03
2.014000000000000000e+03
4.540000000000000000e+02
2.494000000000000000e+03
3.839000000000000000e+03
3.943000000000000000e+03
4.511000000000000000e+03
6.270000000000000000e+02
2.726000000000000000e+03
3.342000000000000000e+03
9.360000000000000000e+02
2.718000000000000000e+03
1.547000000000000000e+03
1.863000000000000000e+03
4.089000000000000000e+03
8.210000000000000000e+02
2.094000000000000000e+03
4.507000000000000000e+03
2.155000000000000000e+03
2.398000000000000000e+03
1.971000000000000000e+03
3.282000000000000000e+03
2.812000000000000000e+03
2.163000000000000000e+03
3.127000000000000000e+03
4.197000000000000000e+03
2.665000000000000000e+03
2.241000000000000000e+03
2.728000000000000000e+03
2.449000000000000000e+03
1.593000000000000000e+03
4.492000000000000000e+03
2.339000000000000000e+03
2.958000000000000000e+03
3.877000000000000000e+03
1.868000000000000000e+03
4.700000000000000000e+03
4.448000000000000000e+03
4.164000000000000000e+03
2.370000000000000000e+02
1.110000000000000000e+02
2.462000000000000000e+03
4.418000000000000000e+03
4.094000000000000000e+03
2.114000000000000000e+03
6.730000000000000000e+02
4.900000000000000000e+03
4.858000000000000000e+03
3.001000000000000000e+03
4.279000000000000000e+03
3.961000000000000000e+03
1.187000000000000000e+03
4.311000000000000000e+03
1.258000000000000000e+03
1.204000000000000000e+03
4.882000000000000000e+03
1.506000000000000000e+03
3.311000000000000000e+03
2.657000000000000000e+03
2.335000000000000000e+03
6.980000000000000000e+02
4.854000000000000000e+03
1.726000000000000000e+03
3.942000000000000000e+03
1.039000000000000000e+03
4.590000000000000000e+02
2.236000000000000000e+03
4.036000000000000000e+03
1.816000000000000000e+03
4.256000000000000000e+03
4.900000000000000000e+02
9.380000000000000000e+02
4.709000000000000000e+03
1.978000000000000000e+03
3.151000000000000000e+03
3.983000000000000000e+03
2.754000000000000000e+03
1.202000000000000000e+03
1.728000000000000000e+03
1.009000000000000000e+03
4.554000000000000000e+03
3.021000000000000000e+03
1.575000000000000000e+03
3.678000000000000000e+03
1.203000000000000000e+03
5.400000000000000000e+02
1.556000000000000000e+03
3.650000000000000000e+03
1.670000000000000000e+03
1.106000000000000000e+03
1.982000000000000000e+03
9.060000000000000000e+02
2.641000000000000000e+03
4.237000000000000000e+03
1.112000000000000000e+03
2.434000000000000000e+03
4.781000000000000000e+03
2.690000000000000000e+02
1.190000000000000000e+02
1.690000000000000000e+02
2.560000000000000000e+02
3.389000000000000000e+03
3.910000000000000000e+03
5.040000000000000000e+02
3.131000000000000000e+03
4.500000000000000000e+03
4.943000000000000000e+03
5.230000000000000000e+02
1.714000000000000000e+03
3.739000000000000000e+03
4.527000000000000000e+03
1.238000000000000000e+03
2.729000000000000000e+03
4.555000000000000000e+03
3.456000000000000000e+03
4.183000000000000000e+03
1.692000000000000000e+03
1.870000000000000000e+02
3.283000000000000000e+03
3.318000000000000000e+03
4.267000000000000000e+03
3.124000000000000000e+03
1.544000000000000000e+03
1.190000000000000000e+03
3.906000000000000000e+03
2.193000000000000000e+03
1.957000000000000000e+03
4.860000000000000000e+03
4.690000000000000000e+03
2.738000000000000000e+03
3.663000000000000000e+03
3.967000000000000000e+03
4.584000000000000000e+03
4.923000000000000000e+03
2.698000000000000000e+03
4.020000000000000000e+03
4.438000000000000000e+03
2.359000000000000000e+03
1.936000000000000000e+03
1.757000000000000000e+03
2.346000000000000000e+03
3.462000000000000000e+03
1.077000000000000000e+03
2.399000000000000000e+03
4.307000000000000000e+03
2.029000000000000000e+03
3.883000000000000000e+03
3.759000000000000000e+03
1.527000000000000000e+03
9.700000000000000000e+01
4.607000000000000000e+03
2.118000000000000000e+03
3.857000000000000000e+03
1.166000000000000000e+03
2.884000000000000000e+03
4.895000000000000000e+03
3.856000000000000000e+03
3.832000000000000000e+03
2.190000000000000000e+03
2.807000000000000000e+03
4.990000000000000000e+03
4.803000000000000000e+03
3.789000000000000000e+03
2.054000000000000000e+03
1.700000000000000000e+03
2.282000000000000000e+03
1.905000000000000000e+03
3.486000000000000000e+03
1.800000000000000000e+03
1.653000000000000000e+03
4.907000000000000000e+03
1.667000000000000000e+03
3.765000000000000000e+03
3.562000000000000000e+03
3.542000000000000000e+03
1.521000000000000000e+03
4.864000000000000000e+03
1.545000000000000000e+03
3.892000000000000000e+03
4.135000000000000000e+03
1.960000000000000000e+02
1.005000000000000000e+03
2.636000000000000000e+03
1.031000000000000000e+03
3.305000000000000000e+03
1.003000000000000000e+03
1.037000000000000000e+03
7.250000000000000000e+02
4.290000000000000000e+03
1.016000000000000000e+03
7.620000000000000000e+02
9.210000000000000000e+02
4.428000000000000000e+03
5.070000000000000000e+02
2.423000000000000000e+03
1.117000000000000000e+03
4.522000000000000000e+03
1.803000000000000000e+03
1.572000000000000000e+03
7.660000000000000000e+02
4.384000000000000000e+03
2.920000000000000000e+03
3.926000000000000000e+03
2.787000000000000000e+03
3.577000000000000000e+03
2.690000000000000000e+03
4.813000000000000000e+03
4.920000000000000000e+03
3.200000000000000000e+03
3.369000000000000000e+03
7.360000000000000000e+02
1.796000000000000000e+03
4.820000000000000000e+02
1.601000000000000000e+03
4.798000000000000000e+03
2.074000000000000000e+03
3.284000000000000000e+03
3.337000000000000000e+03
4.100000000000000000e+01
3.177000000000000000e+03
4.793000000000000000e+03
3.130000000000000000e+03
1.956000000000000000e+03
2.837000000000000000e+03
5.370000000000000000e+02
9.710000000000000000e+02
2.910000000000000000e+02
3.227000000000000000e+03
1.686000000000000000e+03
1.334000000000000000e+03
1.129000000000000000e+03
4.006000000000000000e+03
2.337000000000000000e+03
3.531000000000000000e+03
2.229000000000000000e+03
3.216000000000000000e+03
4.051000000000000000e+03
3.698000000000000000e+03
5.840000000000000000e+02
8.840000000000000000e+02
2.591000000000000000e+03
4.299000000000000000e+03
1.127000000000000000e+03
2.255000000000000000e+03
3.862000000000000000e+03
1.736000000000000000e+03
2.046000000000000000e+03
4.751000000000000000e+03
2.305000000000000000e+03
4.838000000000000000e+03
1.280000000000000000e+03
2.607000000000000000e+03
1.898000000000000000e+03
7.490000000000000000e+02
3.927000000000000000e+03
1.560000000000000000e+03
1.555000000000000000e+03
4.837000000000000000e+03
4.215000000000000000e+03
1.720000000000000000e+03
1.252000000000000000e+03
2.343000000000000000e+03
2.519000000000000000e+03
1.246000000000000000e+03
4.493000000000000000e+03
7.460000000000000000e+02
3.110000000000000000e+03
4.020000000000000000e+02
4.084000000000000000e+03
2.072000000000000000e+03
8.700000000000000000e+02
4.247000000000000000e+03
4.827000000000000000e+03
9.200000000000000000e+02
1.953000000000000000e+03
1.213000000000000000e+03
4.609000000000000000e+03
1.680000000000000000e+03
1.086000000000000000e+03
3.843000000000000000e+03
3.495000000000000000e+03
1.550000000000000000e+03
2.747000000000000000e+03
3.390000000000000000e+02
3.162000000000000000e+03
2.260000000000000000e+03
4.769000000000000000e+03
3.355000000000000000e+03
3.461000000000000000e+03
4.392000000000000000e+03
3.990000000000000000e+03
1.104000000000000000e+03
9.460000000000000000e+02
1.342000000000000000e+03
3.184000000000000000e+03
9.860000000000000000e+02
1.652000000000000000e+03
3.140000000000000000e+02
1.435000000000000000e+03
3.761000000000000000e+03
4.338000000000000000e+03
2.785000000000000000e+03
3.050000000000000000e+02
4.750000000000000000e+03
1.944000000000000000e+03
3.273000000000000000e+03
2.115000000000000000e+03
8.380000000000000000e+02
3.344000000000000000e+03
4.362000000000000000e+03
1.814000000000000000e+03
3.600000000000000000e+02
2.252000000000000000e+03
3.120000000000000000e+03
3.448000000000000000e+03
1.864000000000000000e+03
3.238000000000000000e+03
3.452000000000000000e+03
2.422000000000000000e+03
4.720000000000000000e+03
3.240000000000000000e+03
2.821000000000000000e+03
7.240000000000000000e+02
1.088000000000000000e+03
2.279000000000000000e+03
1.500000000000000000e+03
2.082000000000000000e+03
3.029000000000000000e+03
3.219000000000000000e+03
3.923000000000000000e+03
2.851000000000000000e+03
3.308000000000000000e+03
4.988000000000000000e+03
1.911000000000000000e+03
3.724000000000000000e+03
1.612000000000000000e+03
2.406000000000000000e+03
4.597000000000000000e+03
4.922000000000000000e+03
8.820000000000000000e+02
4.010000000000000000e+02
2.878000000000000000e+03
3.040000000000000000e+03
4.402000000000000000e+03
1.893000000000000000e+03
3.294000000000000000e+03
5.480000000000000000e+02
4.213000000000000000e+03
1.882000000000000000e+03
2.640000000000000000e+02
4.700000000000000000e+02
4.701000000000000000e+03
4.122000000000000000e+03
2.586000000000000000e+03
3.840000000000000000e+02
3.814000000000000000e+03
4.720000000000000000e+02
3.993000000000000000e+03
4.993000000000000000e+03
4.119000000000000000e+03
2.181000000000000000e+03
2.275000000000000000e+03
4.719000000000000000e+03
4.269000000000000000e+03
2.828000000000000000e+03
2.212000000000000000e+03
2.050000000000000000e+02
4.665000000000000000e+03
8.120000000000000000e+02
3.728000000000000000e+03
2.617000000000000000e+03
1.853000000000000000e+03
3.350000000000000000e+03
4.729000000000000000e+03
2.058000000000000000e+03
3.537000000000000000e+03
4.980000000000000000e+02
4.275000000000000000e+03
4.848000000000000000e+03
4.078000000000000000e+03
4.691000000000000000e+03
3.370000000000000000e+03
4.111000000000000000e+03
3.252000000000000000e+03
4.605000000000000000e+03
3.593000000000000000e+03
1.599000000000000000e+03
4.632000000000000000e+03
4.852000000000000000e+03
2.489000000000000000e+03
1.792000000000000000e+03
2.534000000000000000e+03
4.525000000000000000e+03
4.439000000000000000e+03
2.947000000000000000e+03
2.954000000000000000e+03
2.169000000000000000e+03
2.779000000000000000e+03
4.408000000000000000e+03
2.542000000000000000e+03
3.880000000000000000e+02
4.190000000000000000e+02
9.800000000000000000e+01
2.594000000000000000e+03
3.200000000000000000e+02
9.500000000000000000e+01
3.255000000000000000e+03
4.746000000000000000e+03
1.989000000000000000e+03
1.122000000000000000e+03
3.648000000000000000e+03
4.406000000000000000e+03
2.110000000000000000e+03
9.620000000000000000e+02
3.244000000000000000e+03
4.045000000000000000e+03
3.605000000000000000e+03
7.000000000000000000e+01
2.959000000000000000e+03
3.653000000000000000e+03
5.940000000000000000e+02
2.823000000000000000e+03
6.720000000000000000e+02
3.710000000000000000e+03
1.389000000000000000e+03
1.983000000000000000e+03
5.770000000000000000e+02
4.958000000000000000e+03
4.230000000000000000e+03
8.750000000000000000e+02
3.652000000000000000e+03
4.278000000000000000e+03
4.176000000000000000e+03
3.679000000000000000e+03
3.675000000000000000e+03
1.209000000000000000e+03
3.315000000000000000e+03
1.639000000000000000e+03
3.407000000000000000e+03
3.741000000000000000e+03
1.970000000000000000e+02
3.830000000000000000e+03
3.902000000000000000e+03
5.630000000000000000e+02
2.983000000000000000e+03
4.934000000000000000e+03
7.310000000000000000e+02
4.495000000000000000e+03
2.905000000000000000e+03
4.260000000000000000e+03
1.947000000000000000e+03
4.998000000000000000e+03
1.913000000000000000e+03
3.950000000000000000e+02
2.472000000000000000e+03
9.950000000000000000e+02
8.910000000000000000e+02
4.280000000000000000e+02
8.100000000000000000e+02
4.107000000000000000e+03
7.530000000000000000e+02
1.751000000000000000e+03
3.613000000000000000e+03
3.206000000000000000e+03
1.393000000000000000e+03
2.410000000000000000e+02
3.031000000000000000e+03
5.000000000000000000e+00
3.052000000000000000e+03
4.458000000000000000e+03
3.120000000000000000e+02
9.120000000000000000e+02
1.718000000000000000e+03
1.158000000000000000e+03
2.511000000000000000e+03
1.422000000000000000e+03
2.187000000000000000e+03
9.580000000000000000e+02
1.566000000000000000e+03
1.272000000000000000e+03
4.516000000000000000e+03
4.945000000000000000e+03
2.148000000000000000e+03
7.880000000000000000e+02
1.763000000000000000e+03
4.669000000000000000e+03
2.244000000000000000e+03
2.461000000000000000e+03
4.740000000000000000e+03
2.730000000000000000e+02
9.930000000000000000e+02
4.579000000000000000e+03
4.047000000000000000e+03
1.790000000000000000e+03
3.859000000000000000e+03
3.054000000000000000e+03
8.440000000000000000e+02
2.548000000000000000e+03
3.696000000000000000e+03
3.176000000000000000e+03
2.737000000000000000e+03
1.474000000000000000e+03
2.758000000000000000e+03
2.803000000000000000e+03
1.144000000000000000e+03
1.910000000000000000e+03
3.324000000000000000e+03
8.220000000000000000e+02
3.081000000000000000e+03
1.977000000000000000e+03
4.938000000000000000e+03
1.446000000000000000e+03
3.690000000000000000e+02
1.099000000000000000e+03
4.063000000000000000e+03
2.179000000000000000e+03
4.655000000000000000e+03
1.709000000000000000e+03
3.994000000000000000e+03
2.123000000000000000e+03
4.503000000000000000e+03
4.547000000000000000e+03
2.023000000000000000e+03
2.393000000000000000e+03
2.097000000000000000e+03
4.821000000000000000e+03
2.490000000000000000e+03
1.330000000000000000e+02
3.059000000000000000e+03
9.550000000000000000e+02
9.300000000000000000e+01
1.841000000000000000e+03
1.081000000000000000e+03
3.686000000000000000e+03
1.293000000000000000e+03
9.000000000000000000e+00
2.253000000000000000e+03
4.339000000000000000e+03
5.610000000000000000e+02
7.140000000000000000e+02
3.357000000000000000e+03
1.023000000000000000e+03
3.667000000000000000e+03
3.492000000000000000e+03
3.800000000000000000e+01
2.361000000000000000e+03
3.812000000000000000e+03
3.089000000000000000e+03
2.513000000000000000e+03
4.483000000000000000e+03
4.630000000000000000e+03
1.298000000000000000e+03
7.890000000000000000e+02
1.274000000000000000e+03
2.724000000000000000e+03
3.352000000000000000e+03
4.032000000000000000e+03
8.350000000000000000e+02
4.462000000000000000e+03
1.413000000000000000e+03
2.190000000000000000e+02
9.240000000000000000e+02
2.818000000000000000e+03
1.350000000000000000e+02
4.933000000000000000e+03
1.616000000000000000e+03
1.000000000000000000e+03
4.447000000000000000e+03
5.600000000000000000e+02
1.439000000000000000e+03
4.098000000000000000e+03
3.249000000000000000e+03
4.142000000000000000e+03
2.768000000000000000e+03
1.033000000000000000e+03
2.296000000000000000e+03
2.662000000000000000e+03
2.168000000000000000e+03
1.589000000000000000e+03
4.825000000000000000e+03
3.383000000000000000e+03
2.797000000000000000e+03
2.579000000000000000e+03
1.732000000000000000e+03
4.755000000000000000e+03
5.180000000000000000e+02
2.557000000000000000e+03
9.820000000000000000e+02
