4.894000000000000000e+03
4.583000000000000000e+03
9.550000000000000000e+02
2.593000000000000000e+03
3.712000000000000000e+03
1.515000000000000000e+03
3.700000000000000000e+02
1.540000000000000000e+03
2.748000000000000000e+03
4.975000000000000000e+03
2.439000000000000000e+03
3.064000000000000000e+03
5.210000000000000000e+02
1.560000000000000000e+02
3.342000000000000000e+03
4.585000000000000000e+03
1.090000000000000000e+02
8.670000000000000000e+02
1.041000000000000000e+03
4.026000000000000000e+03
4.037000000000000000e+03
6.970000000000000000e+02
8.200000000000000000e+01
2.622000000000000000e+03
3.558000000000000000e+03
2.056000000000000000e+03
3.856000000000000000e+03
1.160000000000000000e+02
1.760000000000000000e+03
1.378000000000000000e+03
2.588000000000000000e+03
3.745000000000000000e+03
4.916000000000000000e+03
2.809000000000000000e+03
2.952000000000000000e+03
8.360000000000000000e+02
3.508000000000000000e+03
4.806000000000000000e+03
3.568000000000000000e+03
4.641000000000000000e+03
3.779000000000000000e+03
4.793000000000000000e+03
9.180000000000000000e+02
1.338000000000000000e+03
2.343000000000000000e+03
1.265000000000000000e+03
1.530000000000000000e+02
5.700000000000000000e+01
2.759000000000000000e+03
2.129000000000000000e+03
3.532000000000000000e+03
4.297000000000000000e+03
4.735000000000000000e+03
3.961000000000000000e+03
3.904000000000000000e+03
1.424000000000000000e+03
3.011000000000000000e+03
2.780000000000000000e+02
4.802000000000000000e+03
4.686000000000000000e+03
1.700000000000000000e+02
4.341000000000000000e+03
2.404000000000000000e+03
3.525000000000000000e+03
2.450000000000000000e+03
2.008000000000000000e+03
4.852000000000000000e+03
4.820000000000000000e+03
4.753000000000000000e+03
4.220000000000000000e+02
1.759000000000000000e+03
3.592000000000000000e+03
1.882000000000000000e+03
1.145000000000000000e+03
4.500000000000000000e+02
4.487000000000000000e+03
4.960000000000000000e+02
4.043000000000000000e+03
1.084000000000000000e+03
3.776000000000000000e+03
3.125000000000000000e+03
1.851000000000000000e+03
1.033000000000000000e+03
2.340000000000000000e+03
3.657000000000000000e+03
1.792000000000000000e+03
1.191000000000000000e+03
2.982000000000000000e+03
4.272000000000000000e+03
3.161000000000000000e+03
3.794000000000000000e+03
3.590000000000000000e+03
4.724000000000000000e+03
3.307000000000000000e+03
2.834000000000000000e+03
9.760000000000000000e+02
2.325000000000000000e+03
7.220000000000000000e+02
4.515000000000000000e+03
2.553000000000000000e+03
1.706000000000000000e+03
2.635000000000000000e+03
1.920000000000000000e+02
3.130000000000000000e+03
1.844000000000000000e+03
1.902000000000000000e+03
2.869000000000000000e+03
4.751000000000000000e+03
5.330000000000000000e+02
2.830000000000000000e+03
2.906000000000000000e+03
2.829000000000000000e+03
9.490000000000000000e+02
1.723000000000000000e+03
3.585000000000000000e+03
3.075000000000000000e+03
4.788000000000000000e+03
1.482000000000000000e+03
3.063000000000000000e+03
2.658000000000000000e+03
4.814000000000000000e+03
4.260000000000000000e+03
2.057000000000000000e+03
1.174000000000000000e+03
2.163000000000000000e+03
6.730000000000000000e+02
1.279000000000000000e+03
4.699000000000000000e+03
3.843000000000000000e+03
4.596000000000000000e+03
5.310000000000000000e+02
9.570000000000000000e+02
3.402000000000000000e+03
2.656000000000000000e+03
4.033000000000000000e+03
4.999000000000000000e+03
2.358000000000000000e+03
2.060000000000000000e+02
2.037000000000000000e+03
3.803000000000000000e+03
1.130000000000000000e+02
4.249000000000000000e+03
4.603000000000000000e+03
2.502000000000000000e+03
4.565000000000000000e+03
1.398000000000000000e+03
4.733000000000000000e+03
4.314000000000000000e+03
1.791000000000000000e+03
2.552000000000000000e+03
2.648000000000000000e+03
4.468000000000000000e+03
3.878000000000000000e+03
2.390000000000000000e+03
2.768000000000000000e+03
1.392000000000000000e+03
4.739000000000000000e+03
4.559000000000000000e+03
1.584000000000000000e+03
2.351000000000000000e+03
1.894000000000000000e+03
4.170000000000000000e+03
2.506000000000000000e+03
4.909000000000000000e+03
3.280000000000000000e+02
3.200000000000000000e+02
2.340000000000000000e+02
3.452000000000000000e+03
2.936000000000000000e+03
4.747000000000000000e+03
2.461000000000000000e+03
4.421000000000000000e+03
1.220000000000000000e+03
3.237000000000000000e+03
1.565000000000000000e+03
2.393000000000000000e+03
4.805000000000000000e+03
3.507000000000000000e+03
3.963000000000000000e+03
2.413000000000000000e+03
3.685000000000000000e+03
2.689000000000000000e+03
9.210000000000000000e+02
4.665000000000000000e+03
4.039000000000000000e+03
1.887000000000000000e+03
4.514000000000000000e+03
1.755000000000000000e+03
4.461000000000000000e+03
4.305000000000000000e+03
3.596000000000000000e+03
4.048000000000000000e+03
2.323000000000000000e+03
1.896000000000000000e+03
3.621000000000000000e+03
1.667000000000000000e+03
2.662000000000000000e+03
1.006000000000000000e+03
1.795000000000000000e+03
4.320000000000000000e+02
3.740000000000000000e+02
4.171000000000000000e+03
3.651000000000000000e+03
3.030000000000000000e+03
1.271000000000000000e+03
1.440000000000000000e+03
2.368000000000000000e+03
3.376000000000000000e+03
1.096000000000000000e+03
1.436000000000000000e+03
3.920000000000000000e+03
1.095000000000000000e+03
3.534000000000000000e+03
2.211000000000000000e+03
4.166000000000000000e+03
3.937000000000000000e+03
4.796000000000000000e+03
1.740000000000000000e+03
2.328000000000000000e+03
4.794000000000000000e+03
2.977000000000000000e+03
3.387000000000000000e+03
2.804000000000000000e+03
1.310000000000000000e+02
3.630000000000000000e+02
5.410000000000000000e+02
3.201000000000000000e+03
2.342000000000000000e+03
4.778000000000000000e+03
4.622000000000000000e+03
2.222000000000000000e+03
3.922000000000000000e+03
1.506000000000000000e+03
2.996000000000000000e+03
2.855000000000000000e+03
1.132000000000000000e+03
3.626000000000000000e+03
2.406000000000000000e+03
2.731000000000000000e+03
6.600000000000000000e+01
3.929000000000000000e+03
4.775000000000000000e+03
7.040000000000000000e+02
3.934000000000000000e+03
1.196000000000000000e+03
2.972000000000000000e+03
1.117000000000000000e+03
1.048000000000000000e+03
2.781000000000000000e+03
2.868000000000000000e+03
3.168000000000000000e+03
1.650000000000000000e+02
1.630000000000000000e+02
2.674000000000000000e+03
6.390000000000000000e+02
4.150000000000000000e+02
1.289000000000000000e+03
6.650000000000000000e+02
4.007000000000000000e+03
1.022000000000000000e+03
4.386000000000000000e+03
3.950000000000000000e+02
4.815000000000000000e+03
3.198000000000000000e+03
2.778000000000000000e+03
4.185000000000000000e+03
3.610000000000000000e+03
2.276000000000000000e+03
3.847000000000000000e+03
3.363000000000000000e+03
3.405000000000000000e+03
7.430000000000000000e+02
3.239000000000000000e+03
3.664000000000000000e+03
2.980000000000000000e+03
3.118000000000000000e+03
4.081000000000000000e+03
2.490000000000000000e+03
1.339000000000000000e+03
4.630000000000000000e+02
4.572000000000000000e+03
2.350000000000000000e+02
2.344000000000000000e+03
4.330000000000000000e+03
1.513000000000000000e+03
1.547000000000000000e+03
2.349000000000000000e+03
3.253000000000000000e+03
2.004000000000000000e+03
2.153000000000000000e+03
4.949000000000000000e+03
4.030000000000000000e+02
3.165000000000000000e+03
1.092000000000000000e+03
3.288000000000000000e+03
5.840000000000000000e+02
4.595000000000000000e+03
1.394000000000000000e+03
9.500000000000000000e+02
4.605000000000000000e+03
2.956000000000000000e+03
4.570000000000000000e+02
6.830000000000000000e+02
4.589000000000000000e+03
2.895000000000000000e+03
4.426000000000000000e+03
4.606000000000000000e+03
5.320000000000000000e+02
8.740000000000000000e+02
4.029000000000000000e+03
5.500000000000000000e+02
4.221000000000000000e+03
2.799000000000000000e+03
5.380000000000000000e+02
3.698000000000000000e+03
4.833000000000000000e+03
3.147000000000000000e+03
2.559000000000000000e+03
4.532000000000000000e+03
4.907000000000000000e+03
4.077000000000000000e+03
1.690000000000000000e+02
4.893000000000000000e+03
2.967000000000000000e+03
4.588000000000000000e+03
3.616000000000000000e+03
2.155000000000000000e+03
4.138000000000000000e+03
3.399000000000000000e+03
8.160000000000000000e+02
3.917000000000000000e+03
4.787000000000000000e+03
3.097000000000000000e+03
1.210000000000000000e+03
1.020000000000000000e+02
2.321000000000000000e+03
2.234000000000000000e+03
2.147000000000000000e+03
9.390000000000000000e+02
2.224000000000000000e+03
2.634000000000000000e+03
1.388000000000000000e+03
2.820000000000000000e+03
8.000000000000000000e+02
1.619000000000000000e+03
2.684000000000000000e+03
3.699000000000000000e+03
3.214000000000000000e+03
4.460000000000000000e+02
3.305000000000000000e+03
1.985000000000000000e+03
3.308000000000000000e+03
3.421000000000000000e+03
9.310000000000000000e+02
4.433000000000000000e+03
2.225000000000000000e+03
2.706000000000000000e+03
3.018000000000000000e+03
4.902000000000000000e+03
3.467000000000000000e+03
1.109000000000000000e+03
1.213000000000000000e+03
3.875000000000000000e+03
4.034000000000000000e+03
1.199000000000000000e+03
2.870000000000000000e+02
4.096000000000000000e+03
4.412000000000000000e+03
9.980000000000000000e+02
2.900000000000000000e+02
2.686000000000000000e+03
6.850000000000000000e+02
2.940000000000000000e+03
1.984000000000000000e+03
3.141000000000000000e+03
1.035000000000000000e+03
5.230000000000000000e+02
3.480000000000000000e+03
3.978000000000000000e+03
8.780000000000000000e+02
2.566000000000000000e+03
4.847000000000000000e+03
2.077000000000000000e+03
2.558000000000000000e+03
1.684000000000000000e+03
4.460000000000000000e+03
4.160000000000000000e+03
2.670000000000000000e+02
5.560000000000000000e+02
3.488000000000000000e+03
4.948000000000000000e+03
1.815000000000000000e+03
6.320000000000000000e+02
3.500000000000000000e+03
4.188000000000000000e+03
3.441000000000000000e+03
5.940000000000000000e+02
3.225000000000000000e+03
4.866000000000000000e+03
4.120000000000000000e+02
2.997000000000000000e+03
2.640000000000000000e+03
1.003000000000000000e+03
1.028000000000000000e+03
4.377000000000000000e+03
3.500000000000000000e+01
3.310000000000000000e+03
8.020000000000000000e+02
4.849000000000000000e+03
2.150000000000000000e+02
1.106000000000000000e+03
1.709000000000000000e+03
4.963000000000000000e+03
1.954000000000000000e+03
1.153000000000000000e+03
3.378000000000000000e+03
7.280000000000000000e+02
9.340000000000000000e+02
4.190000000000000000e+02
4.505000000000000000e+03
4.826000000000000000e+03
4.106000000000000000e+03
8.510000000000000000e+02
2.570000000000000000e+03
4.413000000000000000e+03
9.140000000000000000e+02
2.800000000000000000e+03
2.657000000000000000e+03
1.087000000000000000e+03
1.509000000000000000e+03
3.199000000000000000e+03
3.987000000000000000e+03
4.300000000000000000e+03
7.200000000000000000e+02
3.439000000000000000e+03
4.663000000000000000e+03
3.671000000000000000e+03
2.875000000000000000e+03
4.230000000000000000e+03
1.456000000000000000e+03
4.966000000000000000e+03
3.462000000000000000e+03
3.518000000000000000e+03
3.039000000000000000e+03
2.028000000000000000e+03
1.046000000000000000e+03
1.470000000000000000e+03
4.540000000000000000e+03
2.694000000000000000e+03
3.119000000000000000e+03
2.791000000000000000e+03
3.167000000000000000e+03
2.930000000000000000e+02
4.841000000000000000e+03
4.800000000000000000e+01
2.587000000000000000e+03
4.457000000000000000e+03
1.881000000000000000e+03
3.222000000000000000e+03
1.429000000000000000e+03
5.270000000000000000e+02
3.463000000000000000e+03
9.590000000000000000e+02
3.088000000000000000e+03
2.069000000000000000e+03
4.860000000000000000e+02
3.103000000000000000e+03
4.293000000000000000e+03
4.570000000000000000e+03
1.961000000000000000e+03
4.903000000000000000e+03
4.614000000000000000e+03
2.079000000000000000e+03
5.930000000000000000e+02
3.116000000000000000e+03
3.889000000000000000e+03
3.852000000000000000e+03
4.268000000000000000e+03
2.144000000000000000e+03
4.682000000000000000e+03
6.550000000000000000e+02
8.350000000000000000e+02
1.686000000000000000e+03
3.057000000000000000e+03
1.641000000000000000e+03
1.348000000000000000e+03
3.228000000000000000e+03
2.636000000000000000e+03
2.883000000000000000e+03
2.530000000000000000e+03
1.782000000000000000e+03
4.000000000000000000e+00
1.360000000000000000e+03
3.672000000000000000e+03
1.270000000000000000e+03
3.243000000000000000e+03
1.911000000000000000e+03
1.608000000000000000e+03
2.134000000000000000e+03
2.441000000000000000e+03
4.378000000000000000e+03
3.905000000000000000e+03
3.840000000000000000e+03
3.572000000000000000e+03
7.500000000000000000e+01
2.584000000000000000e+03
1.114000000000000000e+03
1.649000000000000000e+03
1.430000000000000000e+03
3.512000000000000000e+03
4.525000000000000000e+03
4.449000000000000000e+03
1.306000000000000000e+03
4.940000000000000000e+02
1.120000000000000000e+03
3.290000000000000000e+03
3.081000000000000000e+03
3.785000000000000000e+03
3.674000000000000000e+03
4.196000000000000000e+03
2.010000000000000000e+03
3.250000000000000000e+03
3.571000000000000000e+03
1.962000000000000000e+03
1.749000000000000000e+03
9.410000000000000000e+02
1.047000000000000000e+03
2.210000000000000000e+02
4.151000000000000000e+03
1.180000000000000000e+03
1.315000000000000000e+03
4.842000000000000000e+03
9.820000000000000000e+02
2.359000000000000000e+03
3.793000000000000000e+03
4.476000000000000000e+03
1.628000000000000000e+03
2.728000000000000000e+03
3.224000000000000000e+03
4.195000000000000000e+03
8.880000000000000000e+02
2.474000000000000000e+03
2.515000000000000000e+03
3.918000000000000000e+03
1.600000000000000000e+03
6.500000000000000000e+01
4.310000000000000000e+02
1.798000000000000000e+03
2.146000000000000000e+03
3.499000000000000000e+03
2.756000000000000000e+03
3.330000000000000000e+02
4.738000000000000000e+03
3.777000000000000000e+03
1.090000000000000000e+03
4.390000000000000000e+03
2.257000000000000000e+03
7.080000000000000000e+02
3.696000000000000000e+03
1.780000000000000000e+03
1.467000000000000000e+03
1.111000000000000000e+03
3.908000000000000000e+03
1.970000000000000000e+02
3.456000000000000000e+03
2.810000000000000000e+02
2.971000000000000000e+03
4.563000000000000000e+03
1.975000000000000000e+03
1.612000000000000000e+03
3.938000000000000000e+03
2.307000000000000000e+03
1.024000000000000000e+03
4.447000000000000000e+03
1.955000000000000000e+03
4.430000000000000000e+03
1.910000000000000000e+03
2.103000000000000000e+03
3.927000000000000000e+03
1.372000000000000000e+03
2.831000000000000000e+03
4.442000000000000000e+03
4.554000000000000000e+03
3.826000000000000000e+03
7.180000000000000000e+02
1.070000000000000000e+03
1.501000000000000000e+03
4.285000000000000000e+03
3.309000000000000000e+03
3.575000000000000000e+03
2.249000000000000000e+03
2.814000000000000000e+03
2.313000000000000000e+03
1.872000000000000000e+03
4.722000000000000000e+03
3.538000000000000000e+03
2.989000000000000000e+03
2.429000000000000000e+03
3.989000000000000000e+03
3.469000000000000000e+03
1.717000000000000000e+03
3.860000000000000000e+03
8.530000000000000000e+02
4.540000000000000000e+02
3.430000000000000000e+02
1.883000000000000000e+03
2.352000000000000000e+03
2.185000000000000000e+03
2.389000000000000000e+03
1.865000000000000000e+03
1.720000000000000000e+02
2.666000000000000000e+03
8.120000000000000000e+02
1.425000000000000000e+03
3.888000000000000000e+03
6.890000000000000000e+02
2.370000000000000000e+02
3.093000000000000000e+03
2.470000000000000000e+02
1.964000000000000000e+03
2.695000000000000000e+03
4.349000000000000000e+03
3.128000000000000000e+03
4.409000000000000000e+03
4.539000000000000000e+03
4.520000000000000000e+03
2.127000000000000000e+03
4.664000000000000000e+03
4.229000000000000000e+03
4.254000000000000000e+03
3.244000000000000000e+03
2.892000000000000000e+03
3.144000000000000000e+03
1.578000000000000000e+03
1.246000000000000000e+03
4.020000000000000000e+03
2.412000000000000000e+03
1.488000000000000000e+03
7.380000000000000000e+02
2.876000000000000000e+03
2.517000000000000000e+03
4.375000000000000000e+03
1.716000000000000000e+03
8.980000000000000000e+02
2.428000000000000000e+03
4.712000000000000000e+03
4.987000000000000000e+03
1.980000000000000000e+02
1.729000000000000000e+03
3.995000000000000000e+03
6.710000000000000000e+02
1.354000000000000000e+03
5.240000000000000000e+02
4.157000000000000000e+03
3.755000000000000000e+03
4.189000000000000000e+03
3.193000000000000000e+03
4.282000000000000000e+03
1.940000000000000000e+03
6.040000000000000000e+02
2.300000000000000000e+03
6.820000000000000000e+02
1.604000000000000000e+03
3.367000000000000000e+03
2.000000000000000000e+02
3.393000000000000000e+03
4.370000000000000000e+02
3.188000000000000000e+03
3.142000000000000000e+03
3.023000000000000000e+03
7.900000000000000000e+01
3.391000000000000000e+03
4.211000000000000000e+03
5.180000000000000000e+02
1.230000000000000000e+02
1.929000000000000000e+03
4.301000000000000000e+03
4.580000000000000000e+03
1.250000000000000000e+02
3.120000000000000000e+03
4.260000000000000000e+02
4.697000000000000000e+03
3.340000000000000000e+02
1.178000000000000000e+03
2.425000000000000000e+03
1.228000000000000000e+03
7.930000000000000000e+02
4.691000000000000000e+03
7.440000000000000000e+02
2.664000000000000000e+03
2.445000000000000000e+03
3.952000000000000000e+03
1.280000000000000000e+03
9.730000000000000000e+02
1.073000000000000000e+03
4.780000000000000000e+02
1.971000000000000000e+03
4.370000000000000000e+03
2.871000000000000000e+03
4.178000000000000000e+03
2.500000000000000000e+02
2.295000000000000000e+03
2.755000000000000000e+03
1.493000000000000000e+03
3.579000000000000000e+03
4.768000000000000000e+03
1.314000000000000000e+03
2.838000000000000000e+03
6.530000000000000000e+02
1.385000000000000000e+03
6.500000000000000000e+02
3.783000000000000000e+03
4.981000000000000000e+03
6.170000000000000000e+02
1.616000000000000000e+03
1.211000000000000000e+03
3.078000000000000000e+03
1.330000000000000000e+02
6.870000000000000000e+02
2.630000000000000000e+03
3.998000000000000000e+03
3.158000000000000000e+03
1.505000000000000000e+03
2.450000000000000000e+02
3.521000000000000000e+03
3.297000000000000000e+03
1.335000000000000000e+03
3.233000000000000000e+03
2.769000000000000000e+03
2.793000000000000000e+03
4.512000000000000000e+03
1.330000000000000000e+03
3.536000000000000000e+03
2.568000000000000000e+03
4.264000000000000000e+03
5.300000000000000000e+01
2.217000000000000000e+03
3.333000000000000000e+03
2.080000000000000000e+03
2.626000000000000000e+03
2.245000000000000000e+03
3.132000000000000000e+03
2.107000000000000000e+03
3.604000000000000000e+03
4.278000000000000000e+03
4.088000000000000000e+03
3.486000000000000000e+03
3.365000000000000000e+03
3.515000000000000000e+03
4.199000000000000000e+03
2.968000000000000000e+03
4.889000000000000000e+03
1.967000000000000000e+03
2.020000000000000000e+03
3.183000000000000000e+03
3.560000000000000000e+03
3.855000000000000000e+03
4.924000000000000000e+03
1.613000000000000000e+03
2.446000000000000000e+03
2.691000000000000000e+03
3.545000000000000000e+03
8.600000000000000000e+01
3.364000000000000000e+03
3.072000000000000000e+03
2.386000000000000000e+03
1.156000000000000000e+03
1.785000000000000000e+03
1.291000000000000000e+03
4.154000000000000000e+03
1.890000000000000000e+03
3.397000000000000000e+03
4.304000000000000000e+03
4.129000000000000000e+03
3.053000000000000000e+03
3.336000000000000000e+03
4.250000000000000000e+02
3.049000000000000000e+03
3.607000000000000000e+03
4.267000000000000000e+03
3.991000000000000000e+03
4.329000000000000000e+03
6.090000000000000000e+02
2.100000000000000000e+01
4.632000000000000000e+03
6.000000000000000000e+02
1.083000000000000000e+03
4.762000000000000000e+03
3.437000000000000000e+03
2.198000000000000000e+03
1.522000000000000000e+03
4.150000000000000000e+03
3.100000000000000000e+02
2.641000000000000000e+03
1.793000000000000000e+03
5.980000000000000000e+02
1.876000000000000000e+03
3.174000000000000000e+03
3.492000000000000000e+03
1.000000000000000000e+01
2.239000000000000000e+03
3.052000000000000000e+03
2.538000000000000000e+03
4.105000000000000000e+03
1.951000000000000000e+03
4.361000000000000000e+03
2.783000000000000000e+03
1.377000000000000000e+03
3.293000000000000000e+03
1.948000000000000000e+03
2.151000000000000000e+03
3.254000000000000000e+03
3.876000000000000000e+03
4.049000000000000000e+03
1.426000000000000000e+03
3.807000000000000000e+03
1.167000000000000000e+03
4.248000000000000000e+03
1.685000000000000000e+03
1.636000000000000000e+03
4.302000000000000000e+03
7.660000000000000000e+02
4.638000000000000000e+03
4.597000000000000000e+03
2.780000000000000000e+03
3.030000000000000000e+02
2.976000000000000000e+03
4.440000000000000000e+03
2.760000000000000000e+03
7.890000000000000000e+02
2.811000000000000000e+03
2.473000000000000000e+03
4.552000000000000000e+03
4.287000000000000000e+03
8.320000000000000000e+02
2.410000000000000000e+02
1.473000000000000000e+03
2.600000000000000000e+03
2.618000000000000000e+03
1.019000000000000000e+03
1.400000000000000000e+02
1.591000000000000000e+03
6.640000000000000000e+02
1.870000000000000000e+02
1.427000000000000000e+03
1.574000000000000000e+03
1.950000000000000000e+02
2.031000000000000000e+03
4.690000000000000000e+02
3.761000000000000000e+03
4.486000000000000000e+03
2.722000000000000000e+03
1.261000000000000000e+03
3.903000000000000000e+03
1.780000000000000000e+02
4.832000000000000000e+03
2.314000000000000000e+03
1.970000000000000000e+03
1.148000000000000000e+03
3.383000000000000000e+03
1.999000000000000000e+03
4.537000000000000000e+03
1.648000000000000000e+03
3.594000000000000000e+03
1.317000000000000000e+03
4.190000000000000000e+03
9.910000000000000000e+02
2.300000000000000000e+02
1.250000000000000000e+03
3.510000000000000000e+02
3.480000000000000000e+02
3.719000000000000000e+03
3.983000000000000000e+03
1.696000000000000000e+03
1.836000000000000000e+03
1.603000000000000000e+03
1.659000000000000000e+03
1.623000000000000000e+03
3.887000000000000000e+03
4.445000000000000000e+03
2.183000000000000000e+03
2.175000000000000000e+03
4.280000000000000000e+02
1.346000000000000000e+03
1.626000000000000000e+03
1.150000000000000000e+02
2.963000000000000000e+03
9.350000000000000000e+02
4.964000000000000000e+03
1.251000000000000000e+03
2.955000000000000000e+03
1.057000000000000000e+03
4.876000000000000000e+03
2.792000000000000000e+03
4.624000000000000000e+03
4.973000000000000000e+03
4.065000000000000000e+03
5.610000000000000000e+02
2.100000000000000000e+03
3.979000000000000000e+03
7.450000000000000000e+02
4.548000000000000000e+03
8.700000000000000000e+02
2.999000000000000000e+03
3.650000000000000000e+03
1.556000000000000000e+03
2.019000000000000000e+03
3.206000000000000000e+03
3.760000000000000000e+03
3.633000000000000000e+03
3.848000000000000000e+03
3.471000000000000000e+03
7.760000000000000000e+02
8.140000000000000000e+02
3.409000000000000000e+03
4.770000000000000000e+02
1.726000000000000000e+03
2.200000000000000000e+02
3.454000000000000000e+03
2.430000000000000000e+02
9.630000000000000000e+02
1.218000000000000000e+03
3.140000000000000000e+02
1.177000000000000000e+03
1.803000000000000000e+03
5.710000000000000000e+02
3.865000000000000000e+03
3.921000000000000000e+03
4.180000000000000000e+03
6.910000000000000000e+02
4.912000000000000000e+03
4.611000000000000000e+03
3.311000000000000000e+03
2.537000000000000000e+03
1.281000000000000000e+03
3.770000000000000000e+02
2.510000000000000000e+03
4.020000000000000000e+02
5.090000000000000000e+02
3.600000000000000000e+03
2.950000000000000000e+02
4.069000000000000000e+03
3.996000000000000000e+03
1.492000000000000000e+03
1.835000000000000000e+03
8.580000000000000000e+02
2.867000000000000000e+03
3.036000000000000000e+03
4.170000000000000000e+02
3.291000000000000000e+03
7.190000000000000000e+02
1.646000000000000000e+03
3.782000000000000000e+03
1.658000000000000000e+03
2.612000000000000000e+03
3.185000000000000000e+03
4.581000000000000000e+03
2.172000000000000000e+03
3.617000000000000000e+03
1.594000000000000000e+03
3.870000000000000000e+03
1.560000000000000000e+03
1.664000000000000000e+03
4.988000000000000000e+03
3.050000000000000000e+02
7.370000000000000000e+02
3.620000000000000000e+02
3.010000000000000000e+03
2.740000000000000000e+02
3.006000000000000000e+03
4.557000000000000000e+03
5.170000000000000000e+02
1.108000000000000000e+03
2.148000000000000000e+03
1.197000000000000000e+03
3.322000000000000000e+03
3.950000000000000000e+03
2.891000000000000000e+03
4.965000000000000000e+03
5.130000000000000000e+02
1.974000000000000000e+03
2.094000000000000000e+03
3.667000000000000000e+03
4.300000000000000000e+02
2.362000000000000000e+03
3.426000000000000000e+03
2.033000000000000000e+03
6.810000000000000000e+02
1.814000000000000000e+03
3.025000000000000000e+03
3.715000000000000000e+03
1.546000000000000000e+03
4.016000000000000000e+03
1.497000000000000000e+03
2.917000000000000000e+03
1.752000000000000000e+03
1.462000000000000000e+03
4.140000000000000000e+03
8.810000000000000000e+02
3.290000000000000000e+02
4.114000000000000000e+03
4.730000000000000000e+02
2.472000000000000000e+03
2.844000000000000000e+03
3.778000000000000000e+03
1.521000000000000000e+03
7.200000000000000000e+01
3.489000000000000000e+03
4.141000000000000000e+03
1.531000000000000000e+03
3.740000000000000000e+03
4.226000000000000000e+03
1.227000000000000000e+03
2.490000000000000000e+02
1.027000000000000000e+03
1.764000000000000000e+03
4.941000000000000000e+03
1.123000000000000000e+03
2.596000000000000000e+03
3.861000000000000000e+03
4.613000000000000000e+03
2.696000000000000000e+03
4.801000000000000000e+03
2.720000000000000000e+03
1.390000000000000000e+03
4.051000000000000000e+03
1.711000000000000000e+03
2.468000000000000000e+03
7.160000000000000000e+02
2.470000000000000000e+03
5.820000000000000000e+02
3.424000000000000000e+03
4.419000000000000000e+03
3.440000000000000000e+02
4.353000000000000000e+03
1.550000000000000000e+03
2.071000000000000000e+03
9.560000000000000000e+02
2.187000000000000000e+03
5.420000000000000000e+02
4.087000000000000000e+03
1.553000000000000000e+03
2.651000000000000000e+03
1.751000000000000000e+03
3.659000000000000000e+03
2.283000000000000000e+03
3.835000000000000000e+03
1.161000000000000000e+03
7.630000000000000000e+02
2.330000000000000000e+03
1.840000000000000000e+03
4.667000000000000000e+03
2.214000000000000000e+03
2.980000000000000000e+02
4.493000000000000000e+03
2.246000000000000000e+03
3.880000000000000000e+03
2.379000000000000000e+03
3.249000000000000000e+03
3.054000000000000000e+03
3.202000000000000000e+03
1.432000000000000000e+03
2.918000000000000000e+03
2.784000000000000000e+03
1.014000000000000000e+03
9.000000000000000000e+00
1.719000000000000000e+03
1.285000000000000000e+03
4.411000000000000000e+03
1.499000000000000000e+03
4.690000000000000000e+03
2.122000000000000000e+03
2.893000000000000000e+03
3.771000000000000000e+03
4.830000000000000000e+02
2.145000000000000000e+03
2.835000000000000000e+03
4.274000000000000000e+03
4.424000000000000000e+03
3.759000000000000000e+03
3.762000000000000000e+03
4.535000000000000000e+03
7.310000000000000000e+02
3.344000000000000000e+03
3.578000000000000000e+03
3.218000000000000000e+03
2.240000000000000000e+03
2.503000000000000000e+03
1.448000000000000000e+03
2.279000000000000000e+03
4.579000000000000000e+03
1.194000000000000000e+03
2.448000000000000000e+03
1.655000000000000000e+03
3.932000000000000000e+03
1.393000000000000000e+03
1.468000000000000000e+03
4.410000000000000000e+02
4.643000000000000000e+03
2.602000000000000000e+03
2.668000000000000000e+03
9.740000000000000000e+02
3.832000000000000000e+03
2.090000000000000000e+03
9.200000000000000000e+01
1.843000000000000000e+03
3.622000000000000000e+03
6.450000000000000000e+02
2.244000000000000000e+03
1.586000000000000000e+03
4.232000000000000000e+03
3.474000000000000000e+03
3.860000000000000000e+02
8.340000000000000000e+02
2.093000000000000000e+03
1.127000000000000000e+03
2.724000000000000000e+03
4.163000000000000000e+03
2.929000000000000000e+03
2.083000000000000000e+03
2.994000000000000000e+03
9.360000000000000000e+02
2.758000000000000000e+03
3.598000000000000000e+03
8.060000000000000000e+02
2.872000000000000000e+03
2.659000000000000000e+03
4.470000000000000000e+02
3.412000000000000000e+03
3.277000000000000000e+03
2.545000000000000000e+03
3.156000000000000000e+03
3.881000000000000000e+03
1.449000000000000000e+03
2.720000000000000000e+02
4.146000000000000000e+03
4.680000000000000000e+03
1.968000000000000000e+03
3.135000000000000000e+03
6.770000000000000000e+02
3.042000000000000000e+03
4.727000000000000000e+03
1.989000000000000000e+03
1.733000000000000000e+03
2.048000000000000000e+03
2.281000000000000000e+03
2.253000000000000000e+03
4.312000000000000000e+03
2.841000000000000000e+03
4.824000000000000000e+03
1.244000000000000000e+03
6.800000000000000000e+02
8.920000000000000000e+02
3.710000000000000000e+03
4.729000000000000000e+03
2.024000000000000000e+03
4.843000000000000000e+03
1.007000000000000000e+03
4.270000000000000000e+02
3.328000000000000000e+03
3.815000000000000000e+03
1.683000000000000000e+03
1.845000000000000000e+03
1.040000000000000000e+03
2.813000000000000000e+03
7.560000000000000000e+02
3.440000000000000000e+03
2.988000000000000000e+03
2.910000000000000000e+02
1.597000000000000000e+03
3.370000000000000000e+02
8.550000000000000000e+02
7.360000000000000000e+02
3.940000000000000000e+03
3.894000000000000000e+03
8.630000000000000000e+02
4.047000000000000000e+03
1.654000000000000000e+03
4.509000000000000000e+03
2.179000000000000000e+03
1.689000000000000000e+03
2.543000000000000000e+03
2.402000000000000000e+03
4.251000000000000000e+03
4.972000000000000000e+03
1.185000000000000000e+03
1.637000000000000000e+03
4.024000000000000000e+03
1.880000000000000000e+02
1.580000000000000000e+03
4.886000000000000000e+03
1.318000000000000000e+03
1.575000000000000000e+03
4.337000000000000000e+03
3.400000000000000000e+03
1.159000000000000000e+03
2.945000000000000000e+03
2.629000000000000000e+03
3.691000000000000000e+03
1.480000000000000000e+03
3.137000000000000000e+03
3.729000000000000000e+03
3.738000000000000000e+03
3.739000000000000000e+03
3.597000000000000000e+03
6.580000000000000000e+02
4.779000000000000000e+03
9.880000000000000000e+02
1.480000000000000000e+02
2.961000000000000000e+03
1.215000000000000000e+03
3.959000000000000000e+03
2.623000000000000000e+03
4.165000000000000000e+03
1.082000000000000000e+03
1.823000000000000000e+03
2.196000000000000000e+03
4.044000000000000000e+03
1.071000000000000000e+03
2.336000000000000000e+03
4.038000000000000000e+03
4.383000000000000000e+03
1.340000000000000000e+03
1.960000000000000000e+02
1.001000000000000000e+03
2.627000000000000000e+03
3.205000000000000000e+03
2.954000000000000000e+03
3.443000000000000000e+03
1.898000000000000000e+03
6.660000000000000000e+02
3.208000000000000000e+03
1.247000000000000000e+03
3.928000000000000000e+03
4.785000000000000000e+03
4.253000000000000000e+03
4.122000000000000000e+03
3.543000000000000000e+03
3.274000000000000000e+03
3.676000000000000000e+03
5.860000000000000000e+02
4.984000000000000000e+03
1.510000000000000000e+02
3.737000000000000000e+03
6.100000000000000000e+01
2.864000000000000000e+03
3.044000000000000000e+03
2.177000000000000000e+03
1.011000000000000000e+03
2.700000000000000000e+03
2.732000000000000000e+03
1.400000000000000000e+01
3.883000000000000000e+03
3.102000000000000000e+03
3.152000000000000000e+03
2.045000000000000000e+03
2.562000000000000000e+03
3.942000000000000000e+03
2.825000000000000000e+03
8.050000000000000000e+02
2.337000000000000000e+03
2.526000000000000000e+03
1.904000000000000000e+03
3.066000000000000000e+03
4.201000000000000000e+03
4.580000000000000000e+02
7.340000000000000000e+02
1.697000000000000000e+03
6.190000000000000000e+02
2.970000000000000000e+03
1.277000000000000000e+03
1.796000000000000000e+03
3.035000000000000000e+03
1.672000000000000000e+03
3.153000000000000000e+03
4.950000000000000000e+02
3.652000000000000000e+03
2.621000000000000000e+03
4.046000000000000000e+03
4.853000000000000000e+03
1.747000000000000000e+03
3.256000000000000000e+03
3.160000000000000000e+03
1.166000000000000000e+03
1.680000000000000000e+02
3.369000000000000000e+03
2.738000000000000000e+03
1.221000000000000000e+03
4.202000000000000000e+03
1.511000000000000000e+03
3.513000000000000000e+03
3.891000000000000000e+03
1.734000000000000000e+03
2.812000000000000000e+03
4.899000000000000000e+03
3.000000000000000000e+00
3.090000000000000000e+03
2.576000000000000000e+03
4.101000000000000000e+03
3.678000000000000000e+03
2.242000000000000000e+03
4.745000000000000000e+03
1.824000000000000000e+03
4.549000000000000000e+03
2.549000000000000000e+03
2.824000000000000000e+03
1.466000000000000000e+03
3.395000000000000000e+03
3.384000000000000000e+03
2.348000000000000000e+03
1.868000000000000000e+03
3.734000000000000000e+03
3.713000000000000000e+03
7.330000000000000000e+02
3.675000000000000000e+03
1.634000000000000000e+03
2.862000000000000000e+03
1.416000000000000000e+03
3.460000000000000000e+03
1.934000000000000000e+03
2.218000000000000000e+03
1.030000000000000000e+02
9.200000000000000000e+02
2.904000000000000000e+03
4.730000000000000000e+03
1.192000000000000000e+03
1.103000000000000000e+03
2.851000000000000000e+03
3.618000000000000000e+03
4.275000000000000000e+03
3.194000000000000000e+03
8.470000000000000000e+02
2.494000000000000000e+03
2.520000000000000000e+03
7.600000000000000000e+01
7.090000000000000000e+02
2.795000000000000000e+03
3.797000000000000000e+03
1.850000000000000000e+03
3.406000000000000000e+03
2.299000000000000000e+03
2.785000000000000000e+03
2.860000000000000000e+02
1.615000000000000000e+03
4.006000000000000000e+03
1.991000000000000000e+03
2.308000000000000000e+03
6.350000000000000000e+02
2.581000000000000000e+03
1.825000000000000000e+03
5.740000000000000000e+02
4.528000000000000000e+03
1.978000000000000000e+03
3.410000000000000000e+02
2.608000000000000000e+03
3.197000000000000000e+03
2.650000000000000000e+02
4.340000000000000000e+03
4.115000000000000000e+03
2.347000000000000000e+03
3.804000000000000000e+03
2.525000000000000000e+03
