3.700000000000000000e+02
2.681000000000000000e+03
4.749000000000000000e+03
1.032000000000000000e+03
4.847000000000000000e+03
7.130000000000000000e+02
2.334000000000000000e+03
2.292000000000000000e+03
4.654000000000000000e+03
2.268000000000000000e+03
2.262000000000000000e+03
4.120000000000000000e+03
1.106000000000000000e+03
3.205000000000000000e+03
6.900000000000000000e+02
1.490000000000000000e+02
2.290000000000000000e+03
4.396000000000000000e+03
2.444000000000000000e+03
2.889000000000000000e+03
2.906000000000000000e+03
2.917000000000000000e+03
2.932000000000000000e+03
2.936000000000000000e+03
9.460000000000000000e+02
4.909000000000000000e+03
4.375000000000000000e+03
4.379000000000000000e+03
2.965000000000000000e+03
2.978000000000000000e+03
1.400000000000000000e+02
1.001000000000000000e+03
2.455000000000000000e+03
4.393000000000000000e+03
2.206000000000000000e+03
2.196000000000000000e+03
1.132000000000000000e+03
7.600000000000000000e+01
5.900000000000000000e+02
8.270000000000000000e+02
3.604000000000000000e+03
3.886000000000000000e+03
1.744000000000000000e+03
1.723000000000000000e+03
1.345000000000000000e+03
1.438000000000000000e+03
4.610000000000000000e+02
1.622000000000000000e+03
1.484000000000000000e+03
1.584000000000000000e+03
4.584000000000000000e+03
3.761000000000000000e+03
3.644000000000000000e+03
3.248000000000000000e+03
3.951000000000000000e+03
1.935000000000000000e+03
4.093000000000000000e+03
3.284000000000000000e+03
4.075000000000000000e+03
2.730000000000000000e+02
3.306000000000000000e+03
2.800000000000000000e+02
6.110000000000000000e+02
4.063000000000000000e+03
2.038000000000000000e+03
1.998000000000000000e+03
4.723000000000000000e+03
1.973000000000000000e+03
6.280000000000000000e+02
1.285000000000000000e+03
2.041000000000000000e+03
4.934000000000000000e+03
3.292000000000000000e+03
7.950000000000000000e+02
9.180000000000000000e+02
2.779000000000000000e+03
8.040000000000000000e+02
2.702000000000000000e+03
4.939000000000000000e+03
4.943000000000000000e+03
2.846000000000000000e+03
4.303000000000000000e+03
2.725000000000000000e+03
4.994000000000000000e+03
7.880000000000000000e+02
4.437000000000000000e+03
1.388000000000000000e+03
4.891000000000000000e+03
4.862000000000000000e+03
5.440000000000000000e+02
5.600000000000000000e+01
3.353000000000000000e+03
3.264000000000000000e+03
8.990000000000000000e+02
4.777000000000000000e+03
1.360000000000000000e+03
3.896000000000000000e+03
4.932000000000000000e+03
2.210000000000000000e+02
8.700000000000000000e+02
3.290000000000000000e+02
1.813000000000000000e+03
3.016000000000000000e+03
2.238000000000000000e+03
1.466000000000000000e+03
3.712000000000000000e+03
3.405000000000000000e+03
5.320000000000000000e+02
2.652000000000000000e+03
1.987000000000000000e+03
1.543000000000000000e+03
4.400000000000000000e+02
3.260000000000000000e+03
4.765000000000000000e+03
3.120000000000000000e+03
2.763000000000000000e+03
4.555000000000000000e+03
7.100000000000000000e+02
3.125000000000000000e+03
4.366000000000000000e+03
4.803000000000000000e+03
4.940000000000000000e+03
7.990000000000000000e+02
2.463000000000000000e+03
9.600000000000000000e+01
1.007000000000000000e+03
3.499000000000000000e+03
2.042000000000000000e+03
1.858000000000000000e+03
5.550000000000000000e+02
2.642000000000000000e+03
2.261000000000000000e+03
2.315000000000000000e+03
2.629000000000000000e+03
1.492000000000000000e+03
1.637000000000000000e+03
4.546000000000000000e+03
2.843000000000000000e+03
9.030000000000000000e+02
4.081000000000000000e+03
2.112000000000000000e+03
2.180000000000000000e+02
4.778000000000000000e+03
1.133000000000000000e+03
4.274000000000000000e+03
6.910000000000000000e+02
4.804000000000000000e+03
1.114000000000000000e+03
2.070000000000000000e+02
9.090000000000000000e+02
3.764000000000000000e+03
2.312000000000000000e+03
4.746000000000000000e+03
3.320000000000000000e+03
5.800000000000000000e+02
3.607000000000000000e+03
4.370000000000000000e+02
1.452000000000000000e+03
4.542000000000000000e+03
1.458000000000000000e+03
2.741000000000000000e+03
4.650000000000000000e+02
4.730000000000000000e+02
4.840000000000000000e+02
4.890000000000000000e+02
4.980000000000000000e+02
5.040000000000000000e+02
3.798000000000000000e+03
3.690000000000000000e+03
2.780000000000000000e+02
3.915000000000000000e+03
1.910000000000000000e+03
6.600000000000000000e+02
2.051000000000000000e+03
3.000000000000000000e+02
3.375000000000000000e+03
3.377000000000000000e+03
3.380000000000000000e+03
1.331000000000000000e+03
4.465000000000000000e+03
3.130000000000000000e+02
2.017000000000000000e+03
1.243000000000000000e+03
1.289000000000000000e+03
3.465000000000000000e+03
4.694000000000000000e+03
1.208000000000000000e+03
1.079000000000000000e+03
4.568000000000000000e+03
1.019000000000000000e+03
4.387000000000000000e+03
4.361000000000000000e+03
4.920000000000000000e+03
1.009000000000000000e+03
8.300000000000000000e+01
2.665000000000000000e+03
4.944000000000000000e+03
7.350000000000000000e+02
3.121000000000000000e+03
3.008000000000000000e+03
4.620000000000000000e+02
5.150000000000000000e+02
2.959000000000000000e+03
2.653000000000000000e+03
3.547000000000000000e+03
2.000000000000000000e+01
1.832000000000000000e+03
2.784000000000000000e+03
1.165000000000000000e+03
8.080000000000000000e+02
4.416000000000000000e+03
2.483000000000000000e+03
1.901000000000000000e+03
2.788000000000000000e+03
1.038000000000000000e+03
1.131000000000000000e+03
3.255000000000000000e+03
3.256000000000000000e+03
3.064000000000000000e+03
2.956000000000000000e+03
6.150000000000000000e+02
1.143000000000000000e+03
1.988000000000000000e+03
2.570000000000000000e+03
1.560000000000000000e+03
4.887000000000000000e+03
2.481000000000000000e+03
2.673000000000000000e+03
2.588000000000000000e+03
4.597000000000000000e+03
9.810000000000000000e+02
1.601000000000000000e+03
8.950000000000000000e+02
8.420000000000000000e+02
4.003000000000000000e+03
4.950000000000000000e+03
3.539000000000000000e+03
2.819000000000000000e+03
3.428000000000000000e+03
2.839000000000000000e+03
4.450000000000000000e+02
3.626000000000000000e+03
2.270000000000000000e+03
2.668000000000000000e+03
4.606000000000000000e+03
3.406000000000000000e+03
2.540000000000000000e+02
4.031000000000000000e+03
3.030000000000000000e+02
1.290000000000000000e+02
2.831000000000000000e+03
1.590000000000000000e+02
3.470000000000000000e+03
1.454000000000000000e+03
3.597000000000000000e+03
5.090000000000000000e+02
4.121000000000000000e+03
2.632000000000000000e+03
7.660000000000000000e+02
2.814000000000000000e+03
4.304000000000000000e+03
4.450000000000000000e+03
1.472000000000000000e+03
4.897000000000000000e+03
4.508000000000000000e+03
4.719000000000000000e+03
2.251000000000000000e+03
4.950000000000000000e+02
2.553000000000000000e+03
3.407000000000000000e+03
4.460000000000000000e+03
1.785000000000000000e+03
1.080000000000000000e+03
1.572000000000000000e+03
1.240000000000000000e+02
1.650000000000000000e+03
3.564000000000000000e+03
1.692000000000000000e+03
3.181000000000000000e+03
1.974000000000000000e+03
9.760000000000000000e+02
3.999000000000000000e+03
2.967000000000000000e+03
4.012000000000000000e+03
1.222000000000000000e+03
2.564000000000000000e+03
4.248000000000000000e+03
1.482000000000000000e+03
9.370000000000000000e+02
8.100000000000000000e+01
1.581000000000000000e+03
3.260000000000000000e+02
1.209000000000000000e+03
1.605000000000000000e+03
1.961000000000000000e+03
1.295000000000000000e+03
4.623000000000000000e+03
3.907000000000000000e+03
8.490000000000000000e+02
3.929000000000000000e+03
1.379000000000000000e+03
3.518000000000000000e+03
3.581000000000000000e+03
4.511000000000000000e+03
2.796000000000000000e+03
3.889000000000000000e+03
3.482000000000000000e+03
1.899000000000000000e+03
1.725000000000000000e+03
4.638000000000000000e+03
1.720000000000000000e+03
3.954000000000000000e+03
3.637000000000000000e+03
2.509000000000000000e+03
8.590000000000000000e+02
2.550000000000000000e+03
3.549000000000000000e+03
2.855000000000000000e+03
4.600000000000000000e+02
4.730000000000000000e+03
9.320000000000000000e+02
3.339000000000000000e+03
3.319000000000000000e+03
2.106000000000000000e+03
1.017000000000000000e+03
4.751000000000000000e+03
4.160000000000000000e+03
2.198000000000000000e+03
4.825000000000000000e+03
2.147000000000000000e+03
7.200000000000000000e+01
2.654000000000000000e+03
4.163000000000000000e+03
9.990000000000000000e+02
3.114000000000000000e+03
2.219000000000000000e+03
1.760000000000000000e+02
6.830000000000000000e+02
6.940000000000000000e+02
4.885000000000000000e+03
3.388000000000000000e+03
1.752000000000000000e+03
1.471000000000000000e+03
3.470000000000000000e+02
3.305000000000000000e+03
4.532000000000000000e+03
4.946000000000000000e+03
5.820000000000000000e+02
3.699000000000000000e+03
3.986000000000000000e+03
4.679000000000000000e+03
3.440000000000000000e+03
2.762000000000000000e+03
4.457000000000000000e+03
1.738000000000000000e+03
1.460000000000000000e+03
2.304000000000000000e+03
1.562000000000000000e+03
2.916000000000000000e+03
1.255000000000000000e+03
3.224000000000000000e+03
4.528000000000000000e+03
4.985000000000000000e+03
1.602000000000000000e+03
4.238000000000000000e+03
1.540000000000000000e+03
9.310000000000000000e+02
1.516000000000000000e+03
2.908000000000000000e+03
2.002000000000000000e+03
4.630000000000000000e+02
3.237000000000000000e+03
4.374000000000000000e+03
1.624000000000000000e+03
1.978000000000000000e+03
1.586000000000000000e+03
3.310000000000000000e+03
3.098000000000000000e+03
4.127000000000000000e+03
3.735000000000000000e+03
2.069000000000000000e+03
2.450000000000000000e+03
2.378000000000000000e+03
3.101000000000000000e+03
4.482000000000000000e+03
3.599000000000000000e+03
1.710000000000000000e+03
4.996000000000000000e+03
4.209000000000000000e+03
3.105000000000000000e+03
7.300000000000000000e+02
3.791000000000000000e+03
9.110000000000000000e+02
3.212000000000000000e+03
4.430000000000000000e+03
2.043000000000000000e+03
3.923000000000000000e+03
5.590000000000000000e+02
3.015000000000000000e+03
2.497000000000000000e+03
2.500000000000000000e+01
1.477000000000000000e+03
2.030000000000000000e+02
4.706000000000000000e+03
2.303000000000000000e+03
4.599000000000000000e+03
1.667000000000000000e+03
1.897000000000000000e+03
4.769000000000000000e+03
3.898000000000000000e+03
2.191000000000000000e+03
1.634000000000000000e+03
1.262000000000000000e+03
4.651000000000000000e+03
4.955000000000000000e+03
3.963000000000000000e+03
3.348000000000000000e+03
2.640000000000000000e+03
1.213000000000000000e+03
1.554000000000000000e+03
3.350000000000000000e+02
1.090000000000000000e+02
1.189000000000000000e+03
1.588000000000000000e+03
1.886000000000000000e+03
4.628000000000000000e+03
3.822000000000000000e+03
1.795000000000000000e+03
3.110000000000000000e+03
1.410000000000000000e+03
3.386000000000000000e+03
4.550000000000000000e+02
3.594000000000000000e+03
4.327000000000000000e+03
2.581000000000000000e+03
5.630000000000000000e+02
3.160000000000000000e+02
4.615000000000000000e+03
1.585000000000000000e+03
4.805000000000000000e+03
3.253000000000000000e+03
2.150000000000000000e+02
2.347000000000000000e+03
3.710000000000000000e+03
3.883000000000000000e+03
1.020000000000000000e+02
3.129000000000000000e+03
4.155000000000000000e+03
2.937000000000000000e+03
7.010000000000000000e+02
3.732000000000000000e+03
3.611000000000000000e+03
1.025000000000000000e+03
1.356000000000000000e+03
6.000000000000000000e+01
2.670000000000000000e+02
4.078000000000000000e+03
4.160000000000000000e+02
4.507000000000000000e+03
1.162000000000000000e+03
2.006000000000000000e+03
3.234000000000000000e+03
2.740000000000000000e+03
4.384000000000000000e+03
3.459000000000000000e+03
1.300000000000000000e+03
3.969000000000000000e+03
2.011000000000000000e+03
2.970000000000000000e+03
2.161000000000000000e+03
3.805000000000000000e+03
3.804000000000000000e+03
3.134000000000000000e+03
4.136000000000000000e+03
4.383000000000000000e+03
4.154000000000000000e+03
3.534000000000000000e+03
4.210000000000000000e+02
1.031000000000000000e+03
3.595000000000000000e+03
2.785000000000000000e+03
3.938000000000000000e+03
1.168000000000000000e+03
4.128000000000000000e+03
4.068000000000000000e+03
1.394000000000000000e+03
2.633000000000000000e+03
1.553000000000000000e+03
3.970000000000000000e+03
3.217000000000000000e+03
2.660000000000000000e+03
4.570000000000000000e+02
2.380000000000000000e+02
1.104000000000000000e+03
6.340000000000000000e+02
4.046000000000000000e+03
2.656000000000000000e+03
4.007000000000000000e+03
7.510000000000000000e+02
3.141000000000000000e+03
4.042000000000000000e+03
4.726000000000000000e+03
4.734000000000000000e+03
4.000000000000000000e+01
8.710000000000000000e+02
1.714000000000000000e+03
2.371000000000000000e+03
8.210000000000000000e+02
2.384000000000000000e+03
3.090000000000000000e+03
4.247000000000000000e+03
4.550000000000000000e+03
6.780000000000000000e+02
4.363000000000000000e+03
1.074000000000000000e+03
1.616000000000000000e+03
4.085000000000000000e+03
3.720000000000000000e+03
2.232000000000000000e+03
3.684000000000000000e+03
3.047000000000000000e+03
1.673000000000000000e+03
4.084000000000000000e+03
4.298000000000000000e+03
1.510000000000000000e+03
4.372000000000000000e+03
9.890000000000000000e+02
7.610000000000000000e+02
4.124000000000000000e+03
1.139000000000000000e+03
4.277000000000000000e+03
8.540000000000000000e+02
8.290000000000000000e+02
2.912000000000000000e+03
3.650000000000000000e+02
4.964000000000000000e+03
3.462000000000000000e+03
4.040000000000000000e+02
2.836000000000000000e+03
1.693000000000000000e+03
2.933000000000000000e+03
3.763000000000000000e+03
3.220000000000000000e+03
3.209000000000000000e+03
4.811000000000000000e+03
1.937000000000000000e+03
2.248000000000000000e+03
2.298000000000000000e+03
4.937000000000000000e+03
2.638000000000000000e+03
3.504000000000000000e+03
2.240000000000000000e+03
1.109000000000000000e+03
3.727000000000000000e+03
4.467000000000000000e+03
2.739000000000000000e+03
3.420000000000000000e+02
4.624000000000000000e+03
4.310000000000000000e+02
2.259000000000000000e+03
8.660000000000000000e+02
4.097000000000000000e+03
2.994000000000000000e+03
3.409000000000000000e+03
4.610000000000000000e+03
1.432000000000000000e+03
4.224000000000000000e+03
7.790000000000000000e+02
3.971000000000000000e+03
5.770000000000000000e+02
3.576000000000000000e+03
4.179000000000000000e+03
1.337000000000000000e+03
8.880000000000000000e+02
4.368000000000000000e+03
2.459000000000000000e+03
4.165000000000000000e+03
4.454000000000000000e+03
1.979000000000000000e+03
2.380000000000000000e+03
1.894000000000000000e+03
3.404000000000000000e+03
9.330000000000000000e+02
3.414000000000000000e+03
1.217000000000000000e+03
9.170000000000000000e+02
7.110000000000000000e+02
1.972000000000000000e+03
4.223000000000000000e+03
1.322000000000000000e+03
1.575000000000000000e+03
1.293000000000000000e+03
2.722000000000000000e+03
7.260000000000000000e+02
1.191000000000000000e+03
2.020000000000000000e+03
1.677000000000000000e+03
1.521000000000000000e+03
1.926000000000000000e+03
4.911000000000000000e+03
1.612000000000000000e+03
1.269000000000000000e+03
1.712000000000000000e+03
4.497000000000000000e+03
4.275000000000000000e+03
1.034000000000000000e+03
2.830000000000000000e+03
6.520000000000000000e+02
4.290000000000000000e+02
2.860000000000000000e+03
4.607000000000000000e+03
2.630000000000000000e+02
4.451000000000000000e+03
1.312000000000000000e+03
1.949000000000000000e+03
4.995000000000000000e+03
3.460000000000000000e+02
1.607000000000000000e+03
8.840000000000000000e+02
7.380000000000000000e+02
2.693000000000000000e+03
4.674000000000000000e+03
1.934000000000000000e+03
1.098000000000000000e+03
4.015000000000000000e+03
2.538000000000000000e+03
2.804000000000000000e+03
3.885000000000000000e+03
1.321000000000000000e+03
3.570000000000000000e+03
1.163000000000000000e+03
3.410000000000000000e+02
1.076000000000000000e+03
4.895000000000000000e+03
2.480000000000000000e+03
2.987000000000000000e+03
4.775000000000000000e+03
1.866000000000000000e+03
4.231000000000000000e+03
3.185000000000000000e+03
2.471000000000000000e+03
1.629000000000000000e+03
4.192000000000000000e+03
2.543000000000000000e+03
6.440000000000000000e+02
1.004000000000000000e+03
4.510000000000000000e+02
3.338000000000000000e+03
1.660000000000000000e+02
2.247000000000000000e+03
2.358000000000000000e+03
1.040000000000000000e+03
3.788000000000000000e+03
3.506000000000000000e+03
4.514000000000000000e+03
7.860000000000000000e+02
4.786000000000000000e+03
3.088000000000000000e+03
2.113000000000000000e+03
4.668000000000000000e+03
2.437000000000000000e+03
2.696000000000000000e+03
5.500000000000000000e+02
7.780000000000000000e+02
4.380000000000000000e+03
4.196000000000000000e+03
3.958000000000000000e+03
2.760000000000000000e+03
3.142000000000000000e+03
1.788000000000000000e+03
9.660000000000000000e+02
3.450000000000000000e+03
1.343000000000000000e+03
1.500000000000000000e+01
3.109000000000000000e+03
4.902000000000000000e+03
3.739000000000000000e+03
7.330000000000000000e+02
3.262000000000000000e+03
1.810000000000000000e+03
9.160000000000000000e+02
4.329000000000000000e+03
3.013000000000000000e+03
1.022000000000000000e+03
3.760000000000000000e+02
1.756000000000000000e+03
3.500000000000000000e+02
3.651000000000000000e+03
2.401000000000000000e+03
4.876000000000000000e+03
1.547000000000000000e+03
3.044000000000000000e+03
4.193000000000000000e+03
8.830000000000000000e+02
3.382000000000000000e+03
3.519000000000000000e+03
3.307000000000000000e+03
1.645000000000000000e+03
4.962000000000000000e+03
4.702000000000000000e+03
1.006000000000000000e+03
3.614000000000000000e+03
2.367000000000000000e+03
2.423000000000000000e+03
3.303000000000000000e+03
2.703000000000000000e+03
2.838000000000000000e+03
8.060000000000000000e+02
4.200000000000000000e+01
2.375000000000000000e+03
2.663000000000000000e+03
2.698000000000000000e+03
2.550000000000000000e+02
3.334000000000000000e+03
3.530000000000000000e+03
1.456000000000000000e+03
2.830000000000000000e+02
4.970000000000000000e+02
2.163000000000000000e+03
1.099000000000000000e+03
1.580000000000000000e+03
3.529000000000000000e+03
2.050000000000000000e+02
5.380000000000000000e+02
3.167000000000000000e+03
1.909000000000000000e+03
9.140000000000000000e+02
4.443000000000000000e+03
3.661000000000000000e+03
3.815000000000000000e+03
2.841000000000000000e+03
8.460000000000000000e+02
3.631000000000000000e+03
5.730000000000000000e+02
4.035000000000000000e+03
4.718000000000000000e+03
4.025000000000000000e+03
3.415000000000000000e+03
2.057000000000000000e+03
1.807000000000000000e+03
1.361000000000000000e+03
6.200000000000000000e+01
2.563000000000000000e+03
4.924000000000000000e+03
6.120000000000000000e+02
1.350000000000000000e+03
2.356000000000000000e+03
2.521000000000000000e+03
1.708000000000000000e+03
3.361000000000000000e+03
3.892000000000000000e+03
4.284000000000000000e+03
2.715000000000000000e+03
4.072000000000000000e+03
2.100000000000000000e+01
2.114000000000000000e+03
1.591000000000000000e+03
3.072000000000000000e+03
4.110000000000000000e+03
4.404000000000000000e+03
4.830000000000000000e+03
4.854000000000000000e+03
3.737000000000000000e+03
4.894000000000000000e+03
4.644000000000000000e+03
2.320000000000000000e+03
2.938000000000000000e+03
6.550000000000000000e+02
1.824000000000000000e+03
4.230000000000000000e+03
4.689000000000000000e+03
2.825000000000000000e+03
1.960000000000000000e+03
2.132000000000000000e+03
4.348000000000000000e+03
3.945000000000000000e+03
3.295000000000000000e+03
3.356000000000000000e+03
3.981000000000000000e+03
3.175000000000000000e+03
4.790000000000000000e+03
4.181000000000000000e+03
1.116000000000000000e+03
7.650000000000000000e+02
2.346000000000000000e+03
6.840000000000000000e+02
4.552000000000000000e+03
3.331000000000000000e+03
1.590000000000000000e+03
1.318000000000000000e+03
8.340000000000000000e+02
1.083000000000000000e+03
3.095000000000000000e+03
2.810000000000000000e+03
2.216000000000000000e+03
5.020000000000000000e+02
1.599000000000000000e+03
1.474000000000000000e+03
2.440000000000000000e+03
1.653000000000000000e+03
2.441000000000000000e+03
3.980000000000000000e+03
1.724000000000000000e+03
1.290000000000000000e+03
3.446000000000000000e+03
4.905000000000000000e+03
3.520000000000000000e+02
3.029000000000000000e+03
4.657000000000000000e+03
2.021000000000000000e+03
4.190000000000000000e+02
4.728000000000000000e+03
1.630000000000000000e+02
4.168000000000000000e+03
5.190000000000000000e+02
2.643000000000000000e+03
2.289000000000000000e+03
1.000000000000000000e+01
1.652000000000000000e+03
2.500000000000000000e+03
2.171000000000000000e+03
4.011000000000000000e+03
3.586000000000000000e+03
1.323000000000000000e+03
3.364000000000000000e+03
3.291000000000000000e+03
1.049000000000000000e+03
2.915000000000000000e+03
3.317000000000000000e+03
4.999000000000000000e+03
6.750000000000000000e+02
1.941000000000000000e+03
4.768000000000000000e+03
4.510000000000000000e+03
1.171000000000000000e+03
1.864000000000000000e+03
1.709000000000000000e+03
3.166000000000000000e+03
4.593000000000000000e+03
1.715000000000000000e+03
2.125000000000000000e+03
3.244000000000000000e+03
3.010000000000000000e+02
3.447000000000000000e+03
2.519000000000000000e+03
3.505000000000000000e+03
1.524000000000000000e+03
7.040000000000000000e+02
4.739000000000000000e+03
4.390000000000000000e+03
4.956000000000000000e+03
4.227000000000000000e+03
3.390000000000000000e+02
2.667000000000000000e+03
3.313000000000000000e+03
1.505000000000000000e+03
3.017000000000000000e+03
1.231000000000000000e+03
2.926000000000000000e+03
4.563000000000000000e+03
2.835000000000000000e+03
3.055000000000000000e+03
2.470000000000000000e+02
4.240000000000000000e+03
4.973000000000000000e+03
1.465000000000000000e+03
1.090000000000000000e+03
1.095000000000000000e+03
2.054000000000000000e+03
7.360000000000000000e+02
2.464000000000000000e+03
1.201000000000000000e+03
1.450000000000000000e+02
2.231000000000000000e+03
1.659000000000000000e+03
1.743000000000000000e+03
3.521000000000000000e+03
4.953000000000000000e+03
1.115000000000000000e+03
2.436000000000000000e+03
1.359000000000000000e+03
2.750000000000000000e+02
4.558000000000000000e+03
4.228000000000000000e+03
6.810000000000000000e+02
3.780000000000000000e+03
1.270000000000000000e+02
3.600000000000000000e+02
7.910000000000000000e+02
3.243000000000000000e+03
4.478000000000000000e+03
4.041000000000000000e+03
2.566000000000000000e+03
3.711000000000000000e+03
2.294000000000000000e+03
4.713000000000000000e+03
9.490000000000000000e+02
2.598000000000000000e+03
4.399000000000000000e+03
2.680000000000000000e+03
1.155000000000000000e+03
4.200000000000000000e+03
2.998000000000000000e+03
3.324000000000000000e+03
1.969000000000000000e+03
2.413000000000000000e+03
3.078000000000000000e+03
2.700000000000000000e+03
2.858000000000000000e+03
2.713000000000000000e+03
2.119000000000000000e+03
2.514000000000000000e+03
2.273000000000000000e+03
4.230000000000000000e+02
3.936000000000000000e+03
4.900000000000000000e+02
2.040000000000000000e+02
1.287000000000000000e+03
2.278000000000000000e+03
1.181000000000000000e+03
4.058000000000000000e+03
3.001000000000000000e+03
3.740000000000000000e+03
3.452000000000000000e+03
4.828000000000000000e+03
1.140000000000000000e+03
1.277000000000000000e+03
3.778000000000000000e+03
2.286000000000000000e+03
4.736000000000000000e+03
1.603000000000000000e+03
3.857000000000000000e+03
4.556000000000000000e+03
1.187000000000000000e+03
4.074000000000000000e+03
5.300000000000000000e+02
9.410000000000000000e+02
4.470000000000000000e+02
1.530000000000000000e+02
3.075000000000000000e+03
4.822000000000000000e+03
1.124000000000000000e+03
2.910000000000000000e+02
1.003000000000000000e+03
8.090000000000000000e+02
3.037000000000000000e+03
8.000000000000000000e+02
3.687000000000000000e+03
1.233000000000000000e+03
2.552000000000000000e+03
1.727000000000000000e+03
2.457000000000000000e+03
4.145000000000000000e+03
4.691000000000000000e+03
3.192000000000000000e+03
1.587000000000000000e+03
3.007000000000000000e+03
2.313000000000000000e+03
4.100000000000000000e+03
2.480000000000000000e+02
7.560000000000000000e+02
1.828000000000000000e+03
1.574000000000000000e+03
2.771000000000000000e+03
6.050000000000000000e+02
3.641000000000000000e+03
4.291000000000000000e+03
4.151000000000000000e+03
2.014000000000000000e+03
2.314000000000000000e+03
4.745000000000000000e+03
1.479000000000000000e+03
4.850000000000000000e+03
4.411000000000000000e+03
1.442000000000000000e+03
4.984000000000000000e+03
3.512000000000000000e+03
2.884000000000000000e+03
2.108000000000000000e+03
2.902000000000000000e+03
2.189000000000000000e+03
4.682000000000000000e+03
3.568000000000000000e+03
1.982000000000000000e+03
2.918000000000000000e+03
6.880000000000000000e+02
3.910000000000000000e+02
1.401000000000000000e+03
5.370000000000000000e+02
2.187000000000000000e+03
4.579000000000000000e+03
2.535000000000000000e+03
4.951000000000000000e+03
2.215000000000000000e+03
3.236000000000000000e+03
3.190000000000000000e+02
