4.296000000000000000e+03
5.950000000000000000e+02
2.119000000000000000e+03
4.919000000000000000e+03
1.767000000000000000e+03
4.901000000000000000e+03
3.810000000000000000e+03
3.850000000000000000e+03
4.983000000000000000e+03
2.270000000000000000e+02
3.935000000000000000e+03
1.522000000000000000e+03
1.641000000000000000e+03
3.431000000000000000e+03
4.723000000000000000e+03
2.520000000000000000e+03
1.420000000000000000e+02
4.744000000000000000e+03
3.987000000000000000e+03
9.540000000000000000e+02
2.156000000000000000e+03
1.356000000000000000e+03
3.241000000000000000e+03
3.744000000000000000e+03
4.016000000000000000e+03
8.690000000000000000e+02
2.575000000000000000e+03
4.932000000000000000e+03
2.926000000000000000e+03
1.366000000000000000e+03
2.109000000000000000e+03
2.177000000000000000e+03
3.730000000000000000e+02
1.691000000000000000e+03
4.115000000000000000e+03
1.519000000000000000e+03
2.381000000000000000e+03
4.040000000000000000e+02
2.798000000000000000e+03
2.961000000000000000e+03
3.917000000000000000e+03
2.180000000000000000e+02
4.117000000000000000e+03
4.680000000000000000e+03
1.603000000000000000e+03
3.319000000000000000e+03
1.136000000000000000e+03
7.950000000000000000e+02
4.229000000000000000e+03
1.121000000000000000e+03
3.858000000000000000e+03
4.263000000000000000e+03
3.510000000000000000e+03
6.130000000000000000e+02
4.037000000000000000e+03
3.193000000000000000e+03
7.040000000000000000e+02
4.562000000000000000e+03
3.641000000000000000e+03
4.984000000000000000e+03
1.962000000000000000e+03
7.110000000000000000e+02
2.660000000000000000e+02
4.989000000000000000e+03
7.480000000000000000e+02
4.663000000000000000e+03
4.641000000000000000e+03
2.644000000000000000e+03
2.984000000000000000e+03
1.470000000000000000e+02
6.950000000000000000e+02
4.611000000000000000e+03
1.943000000000000000e+03
4.416000000000000000e+03
4.586000000000000000e+03
4.816000000000000000e+03
2.304000000000000000e+03
3.979000000000000000e+03
1.744000000000000000e+03
3.709000000000000000e+03
1.899000000000000000e+03
2.300000000000000000e+02
4.551000000000000000e+03
3.901000000000000000e+03
4.774000000000000000e+03
1.028000000000000000e+03
6.410000000000000000e+02
2.677000000000000000e+03
7.350000000000000000e+02
2.540000000000000000e+02
4.856000000000000000e+03
1.400000000000000000e+01
1.394000000000000000e+03
4.683000000000000000e+03
2.883000000000000000e+03
1.921000000000000000e+03
3.170000000000000000e+02
4.591000000000000000e+03
2.073000000000000000e+03
3.833000000000000000e+03
1.500000000000000000e+02
5.300000000000000000e+02
1.357000000000000000e+03
2.348000000000000000e+03
3.821000000000000000e+03
2.630000000000000000e+03
4.733000000000000000e+03
2.314000000000000000e+03
4.780000000000000000e+03
3.500000000000000000e+01
1.364000000000000000e+03
6.110000000000000000e+02
3.122000000000000000e+03
2.572000000000000000e+03
2.674000000000000000e+03
3.825000000000000000e+03
4.343000000000000000e+03
2.637000000000000000e+03
1.020000000000000000e+03
1.712000000000000000e+03
3.501000000000000000e+03
2.087000000000000000e+03
7.590000000000000000e+02
3.113000000000000000e+03
1.520000000000000000e+02
2.424000000000000000e+03
9.080000000000000000e+02
2.394000000000000000e+03
1.532000000000000000e+03
1.448000000000000000e+03
2.853000000000000000e+03
4.000000000000000000e+02
8.600000000000000000e+01
4.924000000000000000e+03
4.986000000000000000e+03
1.975000000000000000e+03
2.858000000000000000e+03
4.396000000000000000e+03
4.561000000000000000e+03
4.049000000000000000e+03
3.345000000000000000e+03
3.173000000000000000e+03
1.662000000000000000e+03
1.220000000000000000e+03
1.684000000000000000e+03
4.220000000000000000e+03
1.784000000000000000e+03
4.770000000000000000e+02
9.410000000000000000e+02
3.189000000000000000e+03
1.333000000000000000e+03
4.712000000000000000e+03
2.827000000000000000e+03
3.640000000000000000e+03
3.332000000000000000e+03
6.000000000000000000e+01
8.550000000000000000e+02
3.769000000000000000e+03
3.027000000000000000e+03
4.261000000000000000e+03
3.375000000000000000e+03
3.575000000000000000e+03
1.254000000000000000e+03
3.246000000000000000e+03
3.428000000000000000e+03
4.982000000000000000e+03
4.356000000000000000e+03
4.186000000000000000e+03
1.459000000000000000e+03
4.000000000000000000e+03
4.528000000000000000e+03
4.985000000000000000e+03
6.810000000000000000e+02
3.314000000000000000e+03
3.911000000000000000e+03
4.470000000000000000e+03
1.870000000000000000e+02
3.300000000000000000e+01
1.724000000000000000e+03
1.743000000000000000e+03
3.021000000000000000e+03
3.333000000000000000e+03
1.159000000000000000e+03
1.847000000000000000e+03
4.209000000000000000e+03
2.766000000000000000e+03
3.247000000000000000e+03
1.332000000000000000e+03
3.317000000000000000e+03
4.580000000000000000e+03
2.957000000000000000e+03
5.350000000000000000e+02
1.493000000000000000e+03
3.871000000000000000e+03
3.529000000000000000e+03
1.861000000000000000e+03
2.578000000000000000e+03
3.634000000000000000e+03
3.680000000000000000e+02
2.384000000000000000e+03
7.070000000000000000e+02
4.603000000000000000e+03
8.850000000000000000e+02
2.571000000000000000e+03
1.257000000000000000e+03
3.079000000000000000e+03
3.360000000000000000e+03
6.530000000000000000e+02
8.860000000000000000e+02
4.381000000000000000e+03
3.850000000000000000e+02
1.250000000000000000e+03
2.405000000000000000e+03
4.717000000000000000e+03
4.716000000000000000e+03
1.237000000000000000e+03
2.631000000000000000e+03
7.090000000000000000e+02
1.236000000000000000e+03
3.750000000000000000e+02
4.738000000000000000e+03
4.741000000000000000e+03
4.537000000000000000e+03
3.408000000000000000e+03
6.160000000000000000e+02
4.460000000000000000e+03
3.300000000000000000e+02
3.149000000000000000e+03
3.148000000000000000e+03
7.920000000000000000e+02
4.524000000000000000e+03
1.359000000000000000e+03
2.623000000000000000e+03
7.990000000000000000e+02
4.441000000000000000e+03
4.473000000000000000e+03
4.428000000000000000e+03
4.118000000000000000e+03
3.397000000000000000e+03
4.415000000000000000e+03
6.880000000000000000e+02
4.405000000000000000e+03
5.860000000000000000e+02
4.076000000000000000e+03
1.343000000000000000e+03
4.400000000000000000e+03
1.312000000000000000e+03
6.610000000000000000e+02
2.699000000000000000e+03
8.670000000000000000e+02
4.160000000000000000e+03
4.509000000000000000e+03
4.739000000000000000e+03
8.320000000000000000e+02
8.960000000000000000e+02
2.486000000000000000e+03
9.010000000000000000e+02
9.840000000000000000e+02
4.674000000000000000e+03
2.727000000000000000e+03
3.320000000000000000e+03
3.104000000000000000e+03
2.512000000000000000e+03
3.163000000000000000e+03
2.638000000000000000e+03
1.128000000000000000e+03
1.010000000000000000e+03
5.000000000000000000e+02
4.300000000000000000e+03
1.117000000000000000e+03
4.291000000000000000e+03
3.305000000000000000e+03
1.097000000000000000e+03
1.037000000000000000e+03
4.630000000000000000e+02
1.094000000000000000e+03
4.650000000000000000e+02
4.651000000000000000e+03
4.850000000000000000e+02
2.478000000000000000e+03
1.049000000000000000e+03
4.550000000000000000e+03
4.281000000000000000e+03
4.740000000000000000e+02
3.116000000000000000e+03
1.072000000000000000e+03
6.380000000000000000e+02
4.374000000000000000e+03
3.102000000000000000e+03
4.205000000000000000e+03
4.367000000000000000e+03
5.460000000000000000e+02
1.225000000000000000e+03
9.300000000000000000e+02
2.777000000000000000e+03
9.310000000000000000e+02
4.703000000000000000e+03
3.090000000000000000e+03
4.485000000000000000e+03
1.210000000000000000e+03
1.207000000000000000e+03
2.423000000000000000e+03
1.201000000000000000e+03
4.347000000000000000e+03
2.425000000000000000e+03
4.342000000000000000e+03
2.431000000000000000e+03
2.433000000000000000e+03
2.634000000000000000e+03
2.436000000000000000e+03
2.439000000000000000e+03
4.502000000000000000e+03
9.610000000000000000e+02
9.680000000000000000e+02
3.098000000000000000e+03
3.266000000000000000e+03
4.410000000000000000e+02
4.681000000000000000e+03
5.200000000000000000e+02
3.271000000000000000e+03
9.270000000000000000e+02
1.360000000000000000e+03
1.404000000000000000e+03
1.720000000000000000e+02
1.695000000000000000e+03
1.700000000000000000e+03
2.190000000000000000e+03
4.878000000000000000e+03
3.832000000000000000e+03
2.894000000000000000e+03
1.560000000000000000e+02
4.895000000000000000e+03
3.508000000000000000e+03
2.167000000000000000e+03
3.798000000000000000e+03
1.765000000000000000e+03
1.771000000000000000e+03
1.270000000000000000e+02
2.157000000000000000e+03
4.907000000000000000e+03
2.910000000000000000e+03
1.220000000000000000e+02
2.154000000000000000e+03
2.165000000000000000e+03
3.789000000000000000e+03
1.676000000000000000e+03
1.830000000000000000e+02
2.245000000000000000e+03
1.571000000000000000e+03
3.918000000000000000e+03
2.240000000000000000e+02
2.868000000000000000e+03
4.843000000000000000e+03
1.592000000000000000e+03
1.602000000000000000e+03
3.904000000000000000e+03
1.675000000000000000e+03
2.070000000000000000e+02
4.853000000000000000e+03
1.642000000000000000e+03
2.211000000000000000e+03
1.650000000000000000e+03
1.960000000000000000e+02
1.653000000000000000e+03
1.663000000000000000e+03
2.876000000000000000e+03
3.856000000000000000e+03
2.225000000000000000e+03
3.788000000000000000e+03
2.152000000000000000e+03
2.995000000000000000e+03
2.934000000000000000e+03
3.692000000000000000e+03
3.669000000000000000e+03
1.976000000000000000e+03
4.973000000000000000e+03
2.003000000000000000e+03
2.054000000000000000e+03
2.053000000000000000e+03
2.600000000000000000e+01
1.914000000000000000e+03
2.955000000000000000e+03
1.800000000000000000e+01
4.987000000000000000e+03
3.622000000000000000e+03
4.990000000000000000e+03
2.026000000000000000e+03
4.991000000000000000e+03
2.030000000000000000e+03
3.609000000000000000e+03
3.614000000000000000e+03
2.044000000000000000e+03
3.708000000000000000e+03
4.944000000000000000e+03
6.800000000000000000e+01
1.806000000000000000e+03
4.918000000000000000e+03
2.138000000000000000e+03
1.817000000000000000e+03
3.757000000000000000e+03
3.754000000000000000e+03
2.118000000000000000e+03
1.855000000000000000e+03
3.561000000000000000e+03
1.857000000000000000e+03
2.112000000000000000e+03
1.865000000000000000e+03
3.563000000000000000e+03
2.924000000000000000e+03
8.200000000000000000e+01
8.100000000000000000e+01
1.870000000000000000e+03
1.872000000000000000e+03
7.500000000000000000e+01
3.715000000000000000e+03
7.100000000000000000e+01
3.030000000000000000e+03
3.474000000000000000e+03
2.893000000000000000e+03
4.522000000000000000e+03
2.470000000000000000e+02
1.454000000000000000e+03
2.480000000000000000e+02
1.470000000000000000e+03
1.531000000000000000e+03
3.463000000000000000e+03
2.276000000000000000e+03
3.441000000000000000e+03
3.050000000000000000e+03
3.984000000000000000e+03
3.458000000000000000e+03
2.820000000000000000e+02
2.282000000000000000e+03
3.446000000000000000e+03
1.489000000000000000e+03
4.803000000000000000e+03
1.490000000000000000e+03
3.971000000000000000e+03
1.475000000000000000e+03
3.939000000000000000e+03
1.525000000000000000e+03
3.419000000000000000e+03
3.418000000000000000e+03
2.318000000000000000e+03
1.430000000000000000e+03
4.021000000000000000e+03
2.336000000000000000e+03
3.730000000000000000e+03
3.260000000000000000e+02
1.854000000000000000e+03
3.087000000000000000e+03
4.166000000000000000e+03
3.389000000000000000e+03
3.335000000000000000e+03
7.720000000000000000e+02
4.299000000000000000e+03
3.681000000000000000e+03
2.958000000000000000e+03
1.030000000000000000e+02
2.329000000000000000e+03
1.546000000000000000e+03
4.308000000000000000e+03
6.870000000000000000e+02
5.990000000000000000e+02
4.995000000000000000e+03
4.304000000000000000e+03
2.184000000000000000e+03
9.940000000000000000e+02
2.824000000000000000e+03
3.068000000000000000e+03
3.112000000000000000e+03
4.390000000000000000e+02
7.840000000000000000e+02
3.957000000000000000e+03
1.171000000000000000e+03
3.363000000000000000e+03
3.661000000000000000e+03
4.133000000000000000e+03
1.517000000000000000e+03
2.080000000000000000e+03
7.740000000000000000e+02
4.452000000000000000e+03
2.570000000000000000e+03
4.306000000000000000e+03
3.077000000000000000e+03
2.043000000000000000e+03
1.584000000000000000e+03
2.844000000000000000e+03
4.593000000000000000e+03
3.414000000000000000e+03
1.306000000000000000e+03
2.124000000000000000e+03
4.316000000000000000e+03
1.768000000000000000e+03
3.512000000000000000e+03
1.868000000000000000e+03
3.852000000000000000e+03
4.859000000000000000e+03
1.561000000000000000e+03
4.700000000000000000e+02
1.536000000000000000e+03
3.539000000000000000e+03
3.293000000000000000e+03
3.758000000000000000e+03
3.043000000000000000e+03
4.835000000000000000e+03
1.693000000000000000e+03
6.770000000000000000e+02
9.950000000000000000e+02
1.179000000000000000e+03
4.626000000000000000e+03
3.768000000000000000e+03
5.120000000000000000e+02
2.174000000000000000e+03
4.399000000000000000e+03
4.176000000000000000e+03
1.487000000000000000e+03
2.657000000000000000e+03
2.555000000000000000e+03
4.310000000000000000e+03
9.650000000000000000e+02
4.928000000000000000e+03
2.990000000000000000e+02
4.861000000000000000e+03
3.972000000000000000e+03
2.718000000000000000e+03
1.919000000000000000e+03
1.573000000000000000e+03
4.466000000000000000e+03
6.800000000000000000e+02
3.342000000000000000e+03
7.870000000000000000e+02
3.907000000000000000e+03
6.300000000000000000e+02
2.285000000000000000e+03
3.254000000000000000e+03
4.097000000000000000e+03
3.629000000000000000e+03
7.780000000000000000e+02
5.620000000000000000e+02
2.711000000000000000e+03
1.980000000000000000e+03
4.782000000000000000e+03
3.395000000000000000e+03
3.880000000000000000e+03
2.494000000000000000e+03
3.504000000000000000e+03
4.221000000000000000e+03
1.408000000000000000e+03
2.839000000000000000e+03
3.573000000000000000e+03
4.882000000000000000e+03
1.557000000000000000e+03
2.702000000000000000e+03
4.887000000000000000e+03
1.461000000000000000e+03
3.963000000000000000e+03
3.522000000000000000e+03
2.680000000000000000e+03
3.340000000000000000e+02
2.062000000000000000e+03
4.527000000000000000e+03
3.954000000000000000e+03
2.969000000000000000e+03
2.435000000000000000e+03
2.903000000000000000e+03
4.488000000000000000e+03
5.230000000000000000e+02
2.569000000000000000e+03
2.280000000000000000e+02
3.447000000000000000e+03
3.349000000000000000e+03
3.038000000000000000e+03
4.980000000000000000e+03
3.284000000000000000e+03
2.765000000000000000e+03
1.537000000000000000e+03
3.074000000000000000e+03
2.510000000000000000e+03
4.156000000000000000e+03
4.930000000000000000e+02
3.016000000000000000e+03
4.544000000000000000e+03
1.547000000000000000e+03
1.246000000000000000e+03
1.594000000000000000e+03
2.869000000000000000e+03
4.391000000000000000e+03
2.872000000000000000e+03
9.350000000000000000e+02
3.141000000000000000e+03
2.621000000000000000e+03
2.865000000000000000e+03
2.567000000000000000e+03
3.065000000000000000e+03
1.734000000000000000e+03
3.249000000000000000e+03
2.910000000000000000e+02
3.962000000000000000e+03
4.510000000000000000e+03
3.909000000000000000e+03
1.379000000000000000e+03
5.920000000000000000e+02
7.020000000000000000e+02
4.972000000000000000e+03
6.280000000000000000e+02
8.080000000000000000e+02
4.151000000000000000e+03
8.650000000000000000e+02
3.710000000000000000e+03
1.600000000000000000e+01
3.370000000000000000e+03
2.822000000000000000e+03
4.122000000000000000e+03
9.240000000000000000e+02
1.534000000000000000e+03
2.925000000000000000e+03
4.559000000000000000e+03
3.616000000000000000e+03
2.790000000000000000e+03
3.843000000000000000e+03
1.718000000000000000e+03
9.120000000000000000e+02
3.133000000000000000e+03
2.063000000000000000e+03
4.578000000000000000e+03
2.508000000000000000e+03
4.980000000000000000e+02
3.571000000000000000e+03
4.100000000000000000e+01
9.800000000000000000e+02
9.860000000000000000e+02
9.500000000000000000e+02
4.436000000000000000e+03
4.270000000000000000e+03
1.200000000000000000e+03
3.595000000000000000e+03
1.728000000000000000e+03
3.358000000000000000e+03
3.800000000000000000e+02
3.404000000000000000e+03
3.950000000000000000e+02
4.705000000000000000e+03
1.020000000000000000e+02
3.347000000000000000e+03
3.820000000000000000e+02
1.063000000000000000e+03
8.980000000000000000e+02
3.589000000000000000e+03
3.099000000000000000e+03
4.648000000000000000e+03
4.724000000000000000e+03
1.912000000000000000e+03
4.340000000000000000e+03
3.779000000000000000e+03
4.619000000000000000e+03
1.259000000000000000e+03
1.740000000000000000e+03
1.026000000000000000e+03
4.800000000000000000e+03
4.018000000000000000e+03
4.174000000000000000e+03
1.387000000000000000e+03
1.074000000000000000e+03
4.203000000000000000e+03
1.456000000000000000e+03
4.080000000000000000e+02
2.624000000000000000e+03
7.530000000000000000e+02
3.073000000000000000e+03
3.926000000000000000e+03
3.487000000000000000e+03
2.170000000000000000e+02
3.610000000000000000e+03
1.922000000000000000e+03
2.135000000000000000e+03
2.465000000000000000e+03
2.950000000000000000e+02
3.690000000000000000e+03
4.847000000000000000e+03
2.888000000000000000e+03
2.943000000000000000e+03
1.578000000000000000e+03
1.034000000000000000e+03
2.372000000000000000e+03
2.812000000000000000e+03
1.512000000000000000e+03
4.348000000000000000e+03
2.715000000000000000e+03
1.716000000000000000e+03
3.842000000000000000e+03
4.564000000000000000e+03
6.940000000000000000e+02
1.863000000000000000e+03
3.603000000000000000e+03
2.263000000000000000e+03
1.477000000000000000e+03
3.854000000000000000e+03
1.468000000000000000e+03
1.509000000000000000e+03
4.202000000000000000e+03
2.350000000000000000e+03
1.901000000000000000e+03
2.789000000000000000e+03
4.006000000000000000e+03
4.345000000000000000e+03
2.721000000000000000e+03
2.351000000000000000e+03
4.811000000000000000e+03
1.730000000000000000e+02
4.182000000000000000e+03
1.066000000000000000e+03
3.860000000000000000e+03
1.896000000000000000e+03
4.900000000000000000e+02
2.421000000000000000e+03
5.820000000000000000e+02
3.457000000000000000e+03
3.221000000000000000e+03
1.646000000000000000e+03
2.851000000000000000e+03
1.690000000000000000e+02
4.307000000000000000e+03
3.200000000000000000e+03
2.450000000000000000e+03
2.084000000000000000e+03
4.251000000000000000e+03
2.243000000000000000e+03
2.080000000000000000e+02
4.921000000000000000e+03
4.284000000000000000e+03
3.729000000000000000e+03
2.155000000000000000e+03
4.422000000000000000e+03
4.171000000000000000e+03
2.296000000000000000e+03
1.507000000000000000e+03
1.158000000000000000e+03
1.314000000000000000e+03
3.055000000000000000e+03
2.391000000000000000e+03
3.893000000000000000e+03
4.916000000000000000e+03
1.053000000000000000e+03
4.898000000000000000e+03
4.195000000000000000e+03
2.554000000000000000e+03
3.268000000000000000e+03
1.876000000000000000e+03
1.539000000000000000e+03
3.243000000000000000e+03
1.554000000000000000e+03
2.227000000000000000e+03
5.880000000000000000e+02
3.528000000000000000e+03
5.580000000000000000e+02
4.850000000000000000e+03
4.570000000000000000e+03
3.855000000000000000e+03
4.479000000000000000e+03
9.460000000000000000e+02
2.985000000000000000e+03
4.455000000000000000e+03
1.545000000000000000e+03
1.342000000000000000e+03
2.353000000000000000e+03
7.000000000000000000e+02
5.410000000000000000e+02
1.227000000000000000e+03
7.200000000000000000e+02
4.819000000000000000e+03
3.721000000000000000e+03
4.990000000000000000e+02
3.542000000000000000e+03
2.901000000000000000e+03
1.667000000000000000e+03
1.235000000000000000e+03
1.980000000000000000e+02
3.018000000000000000e+03
2.402000000000000000e+03
4.950000000000000000e+03
2.791000000000000000e+03
3.331000000000000000e+03
4.135000000000000000e+03
3.660000000000000000e+02
3.998000000000000000e+03
4.595000000000000000e+03
4.530000000000000000e+02
1.722000000000000000e+03
1.733000000000000000e+03
1.741000000000000000e+03
1.849000000000000000e+03
3.811000000000000000e+03
1.100000000000000000e+01
2.462000000000000000e+03
2.890000000000000000e+03
1.947000000000000000e+03
4.588000000000000000e+03
9.700000000000000000e+01
2.733000000000000000e+03
5.800000000000000000e+01
6.850000000000000000e+02
4.961000000000000000e+03
4.067000000000000000e+03
2.229000000000000000e+03
8.240000000000000000e+02
4.632000000000000000e+03
1.708000000000000000e+03
1.499000000000000000e+03
6.190000000000000000e+02
1.837000000000000000e+03
2.607000000000000000e+03
1.596000000000000000e+03
3.691000000000000000e+03
2.065000000000000000e+03
4.870000000000000000e+02
4.699000000000000000e+03
3.619000000000000000e+03
6.890000000000000000e+02
4.864000000000000000e+03
1.009000000000000000e+03
1.381000000000000000e+03
1.907000000000000000e+03
4.520000000000000000e+03
2.870000000000000000e+03
4.813000000000000000e+03
1.838000000000000000e+03
8.770000000000000000e+02
8.830000000000000000e+02
3.003000000000000000e+03
2.453000000000000000e+03
3.350000000000000000e+02
1.496000000000000000e+03
4.802000000000000000e+03
3.685000000000000000e+03
1.291000000000000000e+03
3.674000000000000000e+03
1.556000000000000000e+03
2.546000000000000000e+03
2.074000000000000000e+03
2.343000000000000000e+03
2.014000000000000000e+03
7.760000000000000000e+02
1.960000000000000000e+03
4.461000000000000000e+03
2.006000000000000000e+03
4.758000000000000000e+03
9.580000000000000000e+02
1.110000000000000000e+02
5.610000000000000000e+02
2.380000000000000000e+02
1.760000000000000000e+02
2.750000000000000000e+03
1.660000000000000000e+03
3.967000000000000000e+03
3.906000000000000000e+03
2.079000000000000000e+03
3.007000000000000000e+03
2.183000000000000000e+03
3.088000000000000000e+03
3.780000000000000000e+03
6.720000000000000000e+02
2.297000000000000000e+03
3.109000000000000000e+03
1.070000000000000000e+03
2.489000000000000000e+03
9.200000000000000000e+02
3.480000000000000000e+02
1.575000000000000000e+03
1.582000000000000000e+03
2.543000000000000000e+03
2.029000000000000000e+03
2.031000000000000000e+03
3.883000000000000000e+03
4.275000000000000000e+03
6.100000000000000000e+02
2.762000000000000000e+03
1.751000000000000000e+03
1.982000000000000000e+03
4.084000000000000000e+03
3.613000000000000000e+03
4.244000000000000000e+03
1.238000000000000000e+03
1.890000000000000000e+02
6.930000000000000000e+02
3.593000000000000000e+03
4.504000000000000000e+03
3.819000000000000000e+03
9.930000000000000000e+02
1.813000000000000000e+03
2.255000000000000000e+03
1.888000000000000000e+03
4.560000000000000000e+03
3.747000000000000000e+03
4.988000000000000000e+03
4.771000000000000000e+03
3.220000000000000000e+03
2.497000000000000000e+03
1.890000000000000000e+03
4.597000000000000000e+03
2.879000000000000000e+03
1.170000000000000000e+03
2.705000000000000000e+03
8.750000000000000000e+02
1.198000000000000000e+03
8.820000000000000000e+02
4.691000000000000000e+03
2.160000000000000000e+02
2.072000000000000000e+03
2.061000000000000000e+03
1.148000000000000000e+03
3.983000000000000000e+03
8.440000000000000000e+02
3.994000000000000000e+03
1.709000000000000000e+03
4.094000000000000000e+03
7.340000000000000000e+02
2.730000000000000000e+02
1.280000000000000000e+02
3.582000000000000000e+03
1.146000000000000000e+03
8.370000000000000000e+02
4.868000000000000000e+03
4.920000000000000000e+03
4.130000000000000000e+02
4.446000000000000000e+03
2.983000000000000000e+03
3.699000000000000000e+03
4.150000000000000000e+03
2.848000000000000000e+03
3.033000000000000000e+03
3.827000000000000000e+03
2.977000000000000000e+03
1.797000000000000000e+03
4.618000000000000000e+03
1.970000000000000000e+02
1.942000000000000000e+03
6.070000000000000000e+02
9.900000000000000000e+01
3.192000000000000000e+03
1.127000000000000000e+03
2.639000000000000000e+03
1.203000000000000000e+03
1.953000000000000000e+03
9.370000000000000000e+02
2.357000000000000000e+03
1.989000000000000000e+03
3.570000000000000000e+02
4.267000000000000000e+03
3.557000000000000000e+03
4.055000000000000000e+03
1.080000000000000000e+03
4.041000000000000000e+03
2.399000000000000000e+03
3.045000000000000000e+03
3.660000000000000000e+03
1.125000000000000000e+03
4.606000000000000000e+03
4.360000000000000000e+02
3.722000000000000000e+03
2.774000000000000000e+03
3.910000000000000000e+03
1.924000000000000000e+03
2.535000000000000000e+03
2.056000000000000000e+03
2.793000000000000000e+03
5.870000000000000000e+02
9.360000000000000000e+02
3.298000000000000000e+03
2.754000000000000000e+03
4.654000000000000000e+03
1.150000000000000000e+03
3.890000000000000000e+03
8.540000000000000000e+02
4.051000000000000000e+03
8.840000000000000000e+02
2.149000000000000000e+03
4.410000000000000000e+03
4.372000000000000000e+03
4.036000000000000000e+03
2.513000000000000000e+03
2.316000000000000000e+03
4.297000000000000000e+03
4.822000000000000000e+03
3.553000000000000000e+03
1.106000000000000000e+03
4.756000000000000000e+03
4.330000000000000000e+02
9.630000000000000000e+02
2.204000000000000000e+03
2.141000000000000000e+03
2.862000000000000000e+03
4.268000000000000000e+03
3.745000000000000000e+03
1.579000000000000000e+03
8.170000000000000000e+02
2.787000000000000000e+03
4.002000000000000000e+03
2.236000000000000000e+03
3.921000000000000000e+03
1.809000000000000000e+03
7.620000000000000000e+02
1.903000000000000000e+03
4.696000000000000000e+03
3.620000000000000000e+03
4.350000000000000000e+02
8.160000000000000000e+02
6.730000000000000000e+02
9.380000000000000000e+02
3.125000000000000000e+03
3.304000000000000000e+03
2.947000000000000000e+03
5.540000000000000000e+02
1.045000000000000000e+03
1.984000000000000000e+03
1.062000000000000000e+03
4.247000000000000000e+03
4.848000000000000000e+03
3.054000000000000000e+03
1.315000000000000000e+03
2.548000000000000000e+03
4.447000000000000000e+03
3.095000000000000000e+03
3.523000000000000000e+03
3.667000000000000000e+03
7.100000000000000000e+02
4.974000000000000000e+03
2.248000000000000000e+03
1.398000000000000000e+03
1.003000000000000000e+03
3.443000000000000000e+03
7.770000000000000000e+02
4.480000000000000000e+03
1.256000000000000000e+03
4.790000000000000000e+02
4.883000000000000000e+03
1.703000000000000000e+03
2.690000000000000000e+03
4.044000000000000000e+03
1.050000000000000000e+02
4.448000000000000000e+03
8.700000000000000000e+01
4.317000000000000000e+03
3.454000000000000000e+03
2.222000000000000000e+03
2.198000000000000000e+03
4.230000000000000000e+03
2.920000000000000000e+02
7.730000000000000000e+02
4.622000000000000000e+03
3.460000000000000000e+03
2.171000000000000000e+03
3.651000000000000000e+03
4.542000000000000000e+03
4.890000000000000000e+02
4.062000000000000000e+03
1.628000000000000000e+03
1.445000000000000000e+03
3.807000000000000000e+03
2.091000000000000000e+03
3.713000000000000000e+03
4.237000000000000000e+03
4.070000000000000000e+03
3.438000000000000000e+03
3.381000000000000000e+03
2.114000000000000000e+03
2.562000000000000000e+03
1.961000000000000000e+03
9.260000000000000000e+02
4.794000000000000000e+03
1.625000000000000000e+03
3.415000000000000000e+03
9.620000000000000000e+02
1.736000000000000000e+03
3.471000000000000000e+03
3.159000000000000000e+03
1.223000000000000000e+03
1.804000000000000000e+03
2.150000000000000000e+02
3.083000000000000000e+03
3.017000000000000000e+03
9.790000000000000000e+02
1.295000000000000000e+03
1.560000000000000000e+03
6.640000000000000000e+02
8.210000000000000000e+02
1.081000000000000000e+03
4.164000000000000000e+03
2.214000000000000000e+03
2.731000000000000000e+03
3.679000000000000000e+03
4.943000000000000000e+03
2.970000000000000000e+02
2.086000000000000000e+03
4.948000000000000000e+03
5.790000000000000000e+02
4.607000000000000000e+03
2.163000000000000000e+03
4.865000000000000000e+03
1.822000000000000000e+03
2.971000000000000000e+03
5.700000000000000000e+02
2.605000000000000000e+03
1.686000000000000000e+03
1.071000000000000000e+03
8.390000000000000000e+02
4.168000000000000000e+03
1.019000000000000000e+03
1.076000000000000000e+03
2.805000000000000000e+03
3.402000000000000000e+03
1.170000000000000000e+02
2.230000000000000000e+03
4.834000000000000000e+03
4.516000000000000000e+03
2.547000000000000000e+03
3.062000000000000000e+03
1.030000000000000000e+03
4.731000000000000000e+03
3.840000000000000000e+02
4.072000000000000000e+03
6.230000000000000000e+02
1.999000000000000000e+03
4.854000000000000000e+03
3.760000000000000000e+03
4.855000000000000000e+03
2.208000000000000000e+03
2.594000000000000000e+03
4.580000000000000000e+02
4.643000000000000000e+03
1.215000000000000000e+03
9.100000000000000000e+01
1.710000000000000000e+02
2.148000000000000000e+03
2.665000000000000000e+03
1.566000000000000000e+03
4.439000000000000000e+03
1.580000000000000000e+03
7.460000000000000000e+02
3.693000000000000000e+03
2.999000000000000000e+03
2.385000000000000000e+03
3.238000000000000000e+03
4.183000000000000000e+03
4.726000000000000000e+03
4.077000000000000000e+03
4.810000000000000000e+03
4.290000000000000000e+02
2.046000000000000000e+03
3.031000000000000000e+03
5.940000000000000000e+02
2.942000000000000000e+03
1.798000000000000000e+03
1.217000000000000000e+03
2.396000000000000000e+03
1.994000000000000000e+03
1.382000000000000000e+03
1.696000000000000000e+03
1.692000000000000000e+03
3.440000000000000000e+03
5.840000000000000000e+02
5.170000000000000000e+02
3.131000000000000000e+03
4.213000000000000000e+03
1.334000000000000000e+03
3.058000000000000000e+03
4.669000000000000000e+03
1.544000000000000000e+03
4.945000000000000000e+03
4.571000000000000000e+03
1.320000000000000000e+03
2.728000000000000000e+03
1.218000000000000000e+03
3.580000000000000000e+03
1.031000000000000000e+03
2.337000000000000000e+03
2.335000000000000000e+03
1.790000000000000000e+03
1.195000000000000000e+03
2.066000000000000000e+03
1.450000000000000000e+03
8.100000000000000000e+02
4.248000000000000000e+03
2.058000000000000000e+03
3.024000000000000000e+03
4.141000000000000000e+03
3.025000000000000000e+03
2.710000000000000000e+02
9.140000000000000000e+02
4.766000000000000000e+03
2.763000000000000000e+03
2.757000000000000000e+03
1.310000000000000000e+02
1.967000000000000000e+03
3.383000000000000000e+03
5.000000000000000000e+00
4.302000000000000000e+03
2.359000000000000000e+03
4.825000000000000000e+03
4.023000000000000000e+03
9.300000000000000000e+01
4.732000000000000000e+03
1.589000000000000000e+03
4.029000000000000000e+03
2.542000000000000000e+03
4.010000000000000000e+02
3.390000000000000000e+02
5.510000000000000000e+02
3.369000000000000000e+03
4.033000000000000000e+03
4.929000000000000000e+03
4.556000000000000000e+03
3.652000000000000000e+03
4.124000000000000000e+03
9.100000000000000000e+02
4.949000000000000000e+03
3.162000000000000000e+03
2.750000000000000000e+02
9.280000000000000000e+02
4.211000000000000000e+03
1.726000000000000000e+03
2.643000000000000000e+03
4.830000000000000000e+02
3.461000000000000000e+03
5.010000000000000000e+02
4.640000000000000000e+02
4.709000000000000000e+03
3.110000000000000000e+03
4.338000000000000000e+03
1.457000000000000000e+03
2.193000000000000000e+03
3.344000000000000000e+03
2.920000000000000000e+03
1.176000000000000000e+03
2.434000000000000000e+03
1.680000000000000000e+03
4.827000000000000000e+03
4.965000000000000000e+03
4.889000000000000000e+03
4.384000000000000000e+03
3.696000000000000000e+03
1.190000000000000000e+02
1.112000000000000000e+03
2.002000000000000000e+03
2.690000000000000000e+02
2.241000000000000000e+03
2.837000000000000000e+03
2.422000000000000000e+03
1.077000000000000000e+03
4.655000000000000000e+03
2.878000000000000000e+03
8.260000000000000000e+02
4.140000000000000000e+02
7.970000000000000000e+02
3.280000000000000000e+02
4.525000000000000000e+03
1.853000000000000000e+03
3.337000000000000000e+03
5.930000000000000000e+02
5.400000000000000000e+02
4.026000000000000000e+03
3.648000000000000000e+03
1.664000000000000000e+03
4.962000000000000000e+03
1.103000000000000000e+03
9.550000000000000000e+02
2.641000000000000000e+03
4.920000000000000000e+02
4.392000000000000000e+03
4.751000000000000000e+03
1.572000000000000000e+03
1.930000000000000000e+02
2.603000000000000000e+03
1.913000000000000000e+03
4.540000000000000000e+02
3.416000000000000000e+03
3.650000000000000000e+03
1.682000000000000000e+03
8.480000000000000000e+02
1.187000000000000000e+03
4.311000000000000000e+03
1.122000000000000000e+03
1.555000000000000000e+03
2.975000000000000000e+03
4.993000000000000000e+03
4.673000000000000000e+03
1.349000000000000000e+03
3.562000000000000000e+03
3.201000000000000000e+03
3.144000000000000000e+03
1.915000000000000000e+03
1.450000000000000000e+02
1.874000000000000000e+03
1.068000000000000000e+03
1.039000000000000000e+03
2.257000000000000000e+03
3.680000000000000000e+03
3.600000000000000000e+02
1.656000000000000000e+03
2.000000000000000000e+02
3.227000000000000000e+03
3.283000000000000000e+03
3.814000000000000000e+03
3.520000000000000000e+03
4.665000000000000000e+03
2.371000000000000000e+03
4.260000000000000000e+03
3.942000000000000000e+03
1.023000000000000000e+03
2.105000000000000000e+03
1.911000000000000000e+03
7.570000000000000000e+02
3.724000000000000000e+03
1.612000000000000000e+03
1.629000000000000000e+03
3.180000000000000000e+02
3.690000000000000000e+02
3.066000000000000000e+03
4.530000000000000000e+03
1.092000000000000000e+03
1.550000000000000000e+03
3.605000000000000000e+03
1.803000000000000000e+03
4.621000000000000000e+03
4.314000000000000000e+03
1.393000000000000000e+03
4.216000000000000000e+03
3.352000000000000000e+03
3.829000000000000000e+03
2.818000000000000000e+03
1.413000000000000000e+03
2.190000000000000000e+02
2.797000000000000000e+03
3.700000000000000000e+03
2.574000000000000000e+03
1.298000000000000000e+03
2.640000000000000000e+02
3.037000000000000000e+03
3.663000000000000000e+03
3.124000000000000000e+03
2.738000000000000000e+03
3.762000000000000000e+03
3.537000000000000000e+03
4.539000000000000000e+03
2.850000000000000000e+02
4.161000000000000000e+03
4.860000000000000000e+03
2.698000000000000000e+03
3.318000000000000000e+03
3.902000000000000000e+03
4.579000000000000000e+03
3.089000000000000000e+03
1.184000000000000000e+03
4.793000000000000000e+03
1.778000000000000000e+03
9.210000000000000000e+02
4.269000000000000000e+03
3.244000000000000000e+03
1.800000000000000000e+03
7.680000000000000000e+02
4.045000000000000000e+03
4.078000000000000000e+03
4.408000000000000000e+03
1.004000000000000000e+03
5.770000000000000000e+02
1.905000000000000000e+03
2.959000000000000000e+03
2.779000000000000000e+03
7.000000000000000000e+01
1.005000000000000000e+03
5.070000000000000000e+02
1.420000000000000000e+03
4.942000000000000000e+03
1.666000000000000000e+03
4.438000000000000000e+03
3.495000000000000000e+03
3.929000000000000000e+03
1.604000000000000000e+03
1.898000000000000000e+03
3.905000000000000000e+03
3.703000000000000000e+03
2.110000000000000000e+03
3.176000000000000000e+03
5.480000000000000000e+02
2.179000000000000000e+03
1.816000000000000000e+03
1.274000000000000000e+03
2.905000000000000000e+03
2.507000000000000000e+03
2.168000000000000000e+03
4.720000000000000000e+02
3.226000000000000000e+03
3.686000000000000000e+03
3.577000000000000000e+03
4.837000000000000000e+03
2.828000000000000000e+03
5.040000000000000000e+02
2.253000000000000000e+03
1.422000000000000000e+03
1.392000000000000000e+03
2.305000000000000000e+03
1.252000000000000000e+03
3.376000000000000000e+03
1.792000000000000000e+03
7.890000000000000000e+02
2.560000000000000000e+02
9.800000000000000000e+01
1.796000000000000000e+03
4.582000000000000000e+03
3.606000000000000000e+03
3.452000000000000000e+03
4.922000000000000000e+03
1.841000000000000000e+03
3.120000000000000000e+02
8.350000000000000000e+02
8.910000000000000000e+02
3.219000000000000000e+03
2.803000000000000000e+03
1.000000000000000000e+03
1.616000000000000000e+03
3.059000000000000000e+03
4.495000000000000000e+03
7.310000000000000000e+02
4.483000000000000000e+03
2.808000000000000000e+03
4.998000000000000000e+03
1.144000000000000000e+03
4.462000000000000000e+03
1.368000000000000000e+03
1.330000000000000000e+02
2.823000000000000000e+03
4.555000000000000000e+03
2.339000000000000000e+03
1.763000000000000000e+03
3.151000000000000000e+03
2.123000000000000000e+03
3.961000000000000000e+03
2.617000000000000000e+03
1.086000000000000000e+03
4.047000000000000000e+03
1.910000000000000000e+03
4.107000000000000000e+03
3.675000000000000000e+03
9.500000000000000000e+01
4.190000000000000000e+02
4.554000000000000000e+03
4.063000000000000000e+03
1.794000000000000000e+03
2.023000000000000000e+03
3.877000000000000000e+03
2.591000000000000000e+03
2.589000000000000000e+03
3.001000000000000000e+03
2.519000000000000000e+03
1.202000000000000000e+03
1.500000000000000000e+03
2.922000000000000000e+03
4.279000000000000000e+03
3.923000000000000000e+03
1.113000000000000000e+03
1.316000000000000000e+03
7.490000000000000000e+02
2.892000000000000000e+03
2.121000000000000000e+03
2.954000000000000000e+03
3.678000000000000000e+03
4.500000000000000000e+03
3.177000000000000000e+03
2.299000000000000000e+03
3.294000000000000000e+03
3.739000000000000000e+03
2.476000000000000000e+03
1.474000000000000000e+03
1.893000000000000000e+03
2.361000000000000000e+03
4.020000000000000000e+03
3.880000000000000000e+02
1.099000000000000000e+03
3.130000000000000000e+03
5.600000000000000000e+02
1.772000000000000000e+03
3.862000000000000000e+03
2.115000000000000000e+03
1.018000000000000000e+03
4.362000000000000000e+03
4.339000000000000000e+03
9.060000000000000000e+02
2.393000000000000000e+03
4.838000000000000000e+03
2.662000000000000000e+03
4.111000000000000000e+03
1.419000000000000000e+03
3.786000000000000000e+03
1.088000000000000000e+03
2.724000000000000000e+03
7.240000000000000000e+02
3.240000000000000000e+03
3.078000000000000000e+03
2.704000000000000000e+03
7.140000000000000000e+02
1.593000000000000000e+03
2.187000000000000000e+03
1.599000000000000000e+03
3.184000000000000000e+03
4.690000000000000000e+03
3.330000000000000000e+02
5.530000000000000000e+02
4.858000000000000000e+03
3.728000000000000000e+03
4.089000000000000000e+03
1.446000000000000000e+03
3.846000000000000000e+03
4.852000000000000000e+03
1.129000000000000000e+03
3.252000000000000000e+03
2.279000000000000000e+03
3.324000000000000000e+03
4.630000000000000000e+03
1.166000000000000000e+03
4.801000000000000000e+03
9.710000000000000000e+02
1.435000000000000000e+03
1.104000000000000000e+03
3.859000000000000000e+03
4.418000000000000000e+03
5.380000000000000000e+02
4.933000000000000000e+03
2.534000000000000000e+03
7.880000000000000000e+02
1.439000000000000000e+03
1.732000000000000000e+03
8.220000000000000000e+02
3.029000000000000000e+03
4.605000000000000000e+03
3.285000000000000000e+03
4.468000000000000000e+03
2.461000000000000000e+03
8.380000000000000000e+02
1.327000000000000000e+03
1.506000000000000000e+03
4.938000000000000000e+03
4.197000000000000000e+03
2.768000000000000000e+03
2.579000000000000000e+03
1.174000000000000000e+03
1.272000000000000000e+03
5.630000000000000000e+02
4.609000000000000000e+03
3.800000000000000000e+01
8.890000000000000000e+02
3.812000000000000000e+03
3.830000000000000000e+03
4.820000000000000000e+02
2.097000000000000000e+03
2.586000000000000000e+03
1.601000000000000000e+03
4.584000000000000000e+03
2.472000000000000000e+03
4.492000000000000000e+03
2.737000000000000000e+03
3.140000000000000000e+02
4.406000000000000000e+03
4.142000000000000000e+03
4.746000000000000000e+03
1.350000000000000000e+02
1.639000000000000000e+03
4.378000000000000000e+03
4.798000000000000000e+03
2.490000000000000000e+03
4.755000000000000000e+03
9.820000000000000000e+02
5.180000000000000000e+02
1.936000000000000000e+03
9.000000000000000000e+00
1.293000000000000000e+03
1.957000000000000000e+03
1.864000000000000000e+03
1.033000000000000000e+03
3.653000000000000000e+03
4.098000000000000000e+03
3.357000000000000000e+03
4.821000000000000000e+03
3.927000000000000000e+03
3.448000000000000000e+03
2.244000000000000000e+03
4.923000000000000000e+03
